$SPEC_ID:
No sample description was entered.
$SPEC_REM:
DET# 4
DETDESC# JLAB-20 MCB 131
AP# Maestro Version 7.01
$DATE_MEA:
10/07/2025 01:50:02
$MEAS_TIM:
579 599
$DATA:
0 2047
       0
       0
       0
       0
       0
       0
       0
       0
       0
       0
       0
       0
       0
       0
       0
       0
       0
       0
       0
       0
       0
       0
       0
       0
       0
       0
       0
       0
       0
       0
       0
       0
       0
       0
       0
       0
       0
       0
       0
       0
       0
       0
       0
       0
       0
       0
       0
       0
       0
       0
       0
       0
       0
       0
       0
       0
       0
       0
       0
       0
       0
       0
       0
       0
       0
       0
       0
       0
       0
      44
    1299
    1392
    1415
    1402
    1354
    1413
    1419
    1390
    1370
    1359
    1403
    1370
    1389
    1357
    1389
    1358
    1397
    1388
    1331
    1346
    1361
    1277
    1316
    1361
    1398
    1353
    1345
    1323
    1425
    1461
    1397
    1531
    1562
    1370
    1424
    1393
    1310
    1305
    1324
    1305
    1319
    1358
    1324
    1339
    1360
    1474
    1404
    1354
    1387
    1307
    1351
    1344
    1347
    1305
    1315
    1373
    1325
    1282
    1355
    1313
    1392
    1289
    1280
    1335
    1339
    1345
    1290
    1280
    1221
    1275
    1364
    1346
    1384
    1256
    1358
    1302
    1318
    1303
    1350
    1346
    1236
    1327
    1274
    1292
    1307
    1257
    1336
    1331
    1304
    1322
    1294
    1332
    1258
    1305
    1294
    1300
    1293
    1354
    1284
    1347
    1303
    1310
    1321
    1319
    1340
    1284
    1339
    1348
    1304
    1351
    1244
    1327
    1308
    1323
    1319
    1314
    1293
    1240
    1221
    1264
    1349
    1327
    1374
    1279
    1313
    1253
    1205
    1314
    1337
    1340
    1262
    1263
    1287
    1280
    1323
    1391
    1300
    1243
    1293
    1208
    1220
    1247
    1249
    1279
    1273
    1248
    1199
    1225
    1244
    1219
    1295
    1236
    1243
    1276
    1253
    1253
    1226
    1267
    1298
    1239
    1193
    1251
    1232
    1224
    1212
    1244
    1235
    1224
    1214
    1223
    1256
    1181
    1190
    1124
    1232
    1187
    1212
    1153
    1224
    1247
    1139
    1176
    1163
    1215
    1184
    1150
    1231
    1180
    1221
    1202
    1172
    1112
    1164
    1167
    1161
    1199
    1167
    1176
    1216
    1155
    1228
    1198
    1170
    1179
    1195
    1125
    1210
    1160
    1190
    1240
    1252
    1208
    1268
    1341
    1304
    1316
    1404
    1378
    1405
    1445
    1523
    1411
    1543
    1486
    1475
    1461
    1511
    1460
    1504
    1482
    1557
    1456
    1489
    1456
    1477
    1485
    1432
    1514
    1394
    1440
    1394
    1450
    1396
    1382
    1324
    1374
    1388
    1362
    1348
    1377
    1301
    1341
    1320
    1339
    1387
    1318
    1277
    1312
    1282
    1283
    1261
    1364
    1271
    1285
    1213
    1300
    1253
    1253
    1194
    1219
    1251
    1204
    1220
    1197
    1232
    1220
    1155
    1169
    1151
    1223
    1191
    1194
    1161
    1185
    1195
    1248
    1165
    1173
    1169
    1204
    1177
    1135
    1176
    1112
    1147
    1136
    1204
    1131
    1106
    1108
    1088
    1125
    1159
    1135
    1113
    1122
    1109
    1067
    1130
    1139
    1062
    1110
    1091
    1112
    1037
    1070
    1076
    1080
    1050
    1115
    1068
    1040
    1136
    1064
    1060
     993
    1065
    1005
    1039
    1015
    1029
    1026
    1049
    1008
     976
    1022
     997
     968
     993
    1044
     974
    1000
    1016
    1020
    1015
     973
    1020
     942
    1013
     961
     989
    1002
    1237
    1201
    1060
     950
     932
     958
     903
    1002
    1006
    1026
     918
     926
     943
     911
    1020
     971
    1005
     973
     974
     962
     875
     884
     954
     956
     929
     918
     926
     887
     917
     912
     961
     874
     909
     885
     883
     949
     938
     864
     844
     881
     973
     907
     863
     873
     885
     859
     935
     889
     880
     910
     885
     885
     787
     880
     903
     817
     892
     940
     926
     793
     827
     876
     839
     906
     841
     863
     885
     904
     843
     824
     843
     824
     842
     837
     877
     848
     815
     805
     890
     846
     865
     878
     831
     869
     854
     865
     866
     854
     778
     865
     810
     850
     824
     796
     827
     833
     835
     810
     820
     843
     816
     824
     803
     849
     876
     844
     819
     748
     785
     810
     774
     848
     846
     871
     820
     823
     815
     852
     842
     770
     831
     837
     756
     795
     800
     769
     836
     803
     789
     802
     818
     825
     773
     776
     754
     776
     816
     825
     765
     777
     804
     776
     794
     816
     803
     786
     834
     750
     766
     819
     745
     765
     781
     814
     750
     821
     761
     804
     774
     773
     794
     762
     774
     758
     826
     781
     777
     832
     787
     802
     760
     726
     806
     758
     738
     746
     788
     758
     784
     816
     750
     769
     684
     744
     762
     794
     789
     721
     747
     764
     784
     805
     742
     793
     783
     745
     770
     759
     720
     719
     765
     720
     752
     754
     717
     716
     765
     761
     770
     772
     768
     800
     760
     756
     719
     816
     747
     762
     779
     730
     720
     738
     750
     757
     748
     731
     747
     757
     770
     716
     729
     742
     777
     704
     737
     746
     751
     754
     768
     745
     755
     725
     752
     779
     772
     694
     738
     735
     720
     712
     752
     764
     778
     789
     725
     723
     692
     693
     754
     713
     743
     766
     766
     764
     726
     766
     722
     682
     730
     758
     779
     733
     817
     772
     798
     768
     723
     699
     751
     738
     736
     752
     718
     771
     788
     720
     743
     728
     714
     714
     734
     749
     753
     788
     742
     716
     785
     714
     697
     733
     734
     704
     745
     673
     724
     770
     726
     740
     726
     703
     731
     696
     770
     781
     685
     756
     774
     744
     715
     730
     723
     775
     683
     727
     741
     717
     770
     751
     713
     712
     679
     726
     761
     725
     723
     744
     726
     682
     730
     700
     688
     705
     718
     702
     675
     705
     723
     756
     738
     769
     766
     742
     743
     733
     753
     703
     726
     734
     689
     732
     698
     687
     692
     741
     758
     736
     750
     716
     723
     765
     778
     752
     745
     772
     726
     790
     736
     740
     756
     753
     714
     725
     738
     703
     748
     750
     705
     661
     727
     742
     714
     707
     712
     699
     702
     704
     757
     719
     686
     739
     713
     720
     703
     762
     722
     733
     748
     782
     775
     675
     730
     737
     778
     747
     713
     741
     716
     709
     713
     757
     702
     735
     678
     690
     716
     734
     738
     718
     706
     757
     757
     723
     743
     695
     758
     702
     760
     691
     711
     708
     706
     760
     693
     709
     776
     702
     730
     724
     740
     697
     743
     746
     759
     711
     773
     711
     746
     729
     788
     709
     742
     742
     698
     724
     744
     716
     772
     744
     719
     737
     738
     732
     713
     774
     726
     710
     734
     789
     734
     729
     703
     751
     755
     743
     715
     743
     702
     718
     786
     736
     708
     740
     716
     751
     718
     741
     722
     767
     687
     735
     749
     705
     769
     717
     747
     725
     820
     771
     760
     701
     765
     781
     757
     761
     712
     761
     727
     761
     762
     688
     767
     765
     753
     807
     724
     770
     731
     746
     762
     718
     808
     732
     709
     708
     763
     740
     768
     754
     755
     755
     722
     718
     805
     786
     790
     723
     713
     767
     747
     756
     764
     772
     760
     742
     760
     759
     751
     720
     735
     778
     750
     769
     770
     802
     776
     819
     783
     721
     746
     758
     788
     743
     776
     747
     755
     767
     804
     735
     749
     745
     822
     777
     778
     762
     785
     754
     787
     748
     792
     775
     779
     784
     746
     763
     787
     824
     780
     792
     773
     762
     812
     793
     783
     771
     808
     747
     760
     777
     784
     778
     763
     758
     785
     787
     822
     776
     780
     798
     823
     691
     773
     810
     778
     748
     745
     747
     836
     757
     801
     805
     762
     820
     809
     835
     725
     772
     813
     787
     803
     821
     776
     790
     803
     839
     775
     806
     804
     814
     806
     866
     798
     777
     839
     784
     777
     777
     778
     801
     835
     863
     843
     825
     858
     846
     843
     845
     813
     838
     845
     808
     840
     830
     810
     814
     795
     854
     853
     828
     890
     805
     825
     845
     857
     864
     802
     814
     842
     842
     830
     836
     842
     859
     824
     924
     862
     918
     910
     867
     915
     856
     857
     832
     848
     843
     854
     864
     825
     819
     823
     880
     855
     870
     870
     834
     819
     888
     889
     867
     878
     838
     837
     881
     895
     846
     844
     865
     896
     851
     900
     863
     818
     903
     858
     936
     927
     863
     891
     948
     911
     922
     991
     940
     888
     936
     870
     922
     904
     899
     971
     919
     917
     912
     905
     938
     886
     896
     953
     937
     936
     952
     924
     992
     935
     955
     921
     938
     971
     979
     972
    1011
     983
    1012
    1002
     988
    1000
     965
     995
    1008
     964
    1029
    1007
     994
     987
    1017
    1010
    1057
    1001
    1032
     979
     990
     992
    1055
    1057
    1035
     981
    1067
    1025
    1025
    1071
    1080
    1032
    1015
    1022
    1084
    1046
    1097
    1145
    1084
    1047
    1084
    1085
    1080
    1147
    1084
    1112
    1085
    1132
    1101
    1147
    1148
    1155
    1157
    1141
    1171
    1119
    1166
    1178
    1166
    1220
    1196
    1242
    1196
    1206
    1180
    1202
    1222
    1214
    1237
    1270
    1225
    1215
    1276
    1200
    1257
    1258
    1215
    1305
    1262
    1250
    1330
    1331
    1276
    1318
    1339
    1332
    1296
    1390
    1356
    1248
    1380
    1386
    1312
    1284
    1359
    1414
    1336
    1428
    1434
    1305
    1346
    1423
    1361
    1351
    1464
    1399
    1374
    1347
    1339
    1389
    1419
    1357
    1307
    1394
    1324
    1368
    1339
    1269
    1242
    1238
    1180
    1053
    1041
    1022
     979
    1029
    1060
     963
     994
     958
     958
     935
     949
     928
     901
     878
     937
     888
     922
     914
     882
     916
     924
     916
     854
     858
     880
     891
     850
     855
     859
     873
     866
     929
     857
     845
     870
     888
     818
     846
     928
     914
     891
     886
     884
     831
     891
     798
     848
     863
     782
     887
     841
     891
     821
     835
     804
     792
     822
     863
     829
     862
     829
     844
     801
     824
     836
     827
     923
     877
     848
     815
     827
     833
     856
     839
     826
     775
     812
     815
     827
     842
     835
     817
     781
     823
     807
     863
     832
     830
     802
     864
     849
     756
     789
     853
     810
     791
     775
     817
     745
     769
     741
     748
     769
     798
     765
     770
     823
     785
     771
     776
     747
     793
     766
     736
     745
     802
     800
     794
     802
     770
     717
     762
     776
     808
     781
     762
     769
     759
     774
     794
     758
     780
     722
     812
     728
     763
     746
     787
     861
     803
     727
     769
     754
     806
     777
     827
     767
     814
     749
     826
     789
     804
     807
     786
     788
     813
     835
     850
     812
     834
     800
     833
     846
     821
     888
     842
     859
     852
     849
     832
     817
     879
     910
     851
     840
     936
     901
     861
     874
     925
     866
     863
     901
     928
     880
     912
     872
     971
     925
     895
     856
     934
     883
     935
     945
     881
     880
     893
     894
     890
     912
     834
     908
     800
     847
     811
     800
     788
     774
     651
     651
     605
     606
     530
     570
     564
     508
     529
     515
     526
     526
     523
     501
     503
     512
     465
     479
     470
     481
     453
     448
     437
     472
     442
     451
     432
     450
     469
     479
     430
     422
     440
     437
     444
     412
     394
     411
     419
     401
     414
     421
     373
     423
     417
     394
     431
     426
     433
     407
     424
     387
     405
     361
     400
     372
     405
     406
     388
     412
     433
     502
     514
     602
     695
     784
     793
     871
     974
    1119
    1505
    2764
    8861
   22612
   29030
   16547
    4825
     963
     328
     334
     265
     277
     306
     277
     284
     293
     258
     296
     282
     268
     245
     273
     248
     268
     230
     243
     258
     240
     260
     246
     219
     232
     227
     233
     209
     207
     225
     229
     192
     200
     188
     226
     196
     216
     207
     184
     203
     198
     171
     146
     167
     159
     190
     174
     173
     175
     167
     140
     140
     179
     163
     161
     132
     137
     149
     136
     131
     120
     117
     123
     133
     112
     124
     110
     124
      97
     128
     114
     111
     134
     112
      96
     102
     131
     110
     114
     101
      95
     100
      94
      86
     100
      85
      96
      97
      84
      71
      75
      97
      90
     100
      88
      72
      91
      94
      70
      65
      94
      63
      62
      62
      60
      60
      58
      69
      55
      76
      55
      67
      79
      72
      66
      71
      68
      70
      62
      65
      70
      66
      59
      61
      56
      71
      67
      63
      76
      55
      56
      74
      68
      65
      62
      61
      50
      52
      63
      70
      52
      58
      48
      81
      56
      72
      48
      55
      63
      59
      65
      55
      56
      48
      74
      62
      59
      67
      56
      47
      64
      52
      63
      36
      49
      60
      47
      55
      57
      66
      60
      54
      52
      61
      54
      48
      61
      42
      46
      53
      38
      67
      62
      58
      43
      52
      58
      64
      54
      44
      53
      55
      55
      59
      65
      57
      82
      78
      74
     123
     121
     171
     212
     290
     358
     390
     476
     563
     662
     961
    1527
    4045
   12528
   22689
   20468
    9036
    2135
     351
      71
      31
      21
      35
      34
      30
      35
      34
      30
      36
      24
      24
      34
      38
      24
      27
      35
      24
      27
      26
      26
      27
      26
      29
      25
      19
      20
      17
      20
      30
      20
      29
      22
      26
      21
      29
      30
      25
      21
      28
      24
      18
      22
      30
      18
      29
      32
      26
      23
      31
      29
      20
      38
      33
      19
      30
      12
      22
      29
      23
      25
      29
      29
      27
      29
      24
      27
      21
      18
      18
      31
      23
      16
      24
      23
      27
      22
      24
      23
      16
      27
      21
      19
      34
      27
      28
      19
      27
      28
      21
      20
      24
      24
      20
      27
      15
      22
      26
      29
      23
      19
      18
      19
      24
      18
      20
      17
      22
      19
      21
      21
      23
      31
      27
      30
      25
      16
      12
      18
      19
      19
      19
      22
      20
      26
      21
      24
      17
      20
      14
      27
      20
      25
      23
      22
      31
      19
      22
      26
      20
      28
      16
      17
      12
      26
      18
      11
      22
      21
      20
      24
      26
      17
      28
      17
      18
      25
      11
      24
      25
      18
      27
      20
      19
      29
      13
      20
      29
      44
      64
      87
      54
      38
      25
      22
      20
      20
      18
      15
      17
      17
      22
      14
      28
      21
      16
      22
      24
      18
      23
      24
      25
      17
      25
      17
      13
      20
      17
      18
       0
       0
       0
       0
       0
       0
       0
       0
       0
       0
       0
       0
       0
       0
       0
       0
       0
       0
       0
       0
       0
       0
       0
       0
       0
       0
       0
       0
       0
       0
       0
       0
$ROI:
0
$PRESETS:
None
0
0
$ENER_FIT:
0.000000 0.731044
$MCA_CAL:
3
0.000000E+000 7.310444E-001 0.000000E+000 keV
$SHAPE_CAL:
3
0.000000E+000 0.000000E+000 0.000000E+000
