$SPEC_ID:
No sample description was entered.
$SPEC_REM:
DET# 4
DETDESC# JLAB-20 MCB 131
AP# Maestro Version 7.01
$DATE_MEA:
10/06/2025 15:50:02
$MEAS_TIM:
579 600
$DATA:
0 2047
       0
       0
       0
       0
       0
       0
       0
       0
       0
       0
       0
       0
       0
       0
       0
       0
       0
       0
       0
       0
       0
       0
       0
       0
       0
       0
       0
       0
       0
       0
       0
       0
       0
       0
       0
       0
       0
       0
       0
       0
       0
       0
       0
       0
       0
       0
       0
       0
       0
       0
       0
       0
       0
       0
       0
       0
       0
       0
       0
       0
       0
       0
       0
       0
       0
       0
       0
       0
       0
      38
    1343
    1358
    1399
    1491
    1381
    1386
    1389
    1390
    1413
    1327
    1410
    1376
    1372
    1358
    1356
    1361
    1375
    1361
    1372
    1395
    1305
    1399
    1365
    1343
    1339
    1314
    1337
    1342
    1482
    1453
    1407
    1525
    1612
    1417
    1389
    1413
    1367
    1372
    1285
    1350
    1333
    1305
    1334
    1348
    1297
    1399
    1316
    1322
    1369
    1294
    1343
    1371
    1331
    1325
    1374
    1305
    1390
    1320
    1337
    1339
    1387
    1296
    1337
    1313
    1246
    1355
    1340
    1390
    1365
    1323
    1293
    1332
    1376
    1291
    1284
    1300
    1316
    1320
    1333
    1311
    1339
    1324
    1291
    1250
    1294
    1328
    1278
    1258
    1265
    1275
    1347
    1273
    1304
    1293
    1345
    1325
    1326
    1348
    1312
    1282
    1308
    1334
    1346
    1323
    1301
    1303
    1328
    1227
    1231
    1279
    1350
    1355
    1329
    1328
    1294
    1361
    1269
    1316
    1367
    1341
    1284
    1268
    1306
    1340
    1323
    1382
    1335
    1307
    1266
    1318
    1331
    1302
    1288
    1315
    1281
    1386
    1389
    1309
    1260
    1252
    1330
    1186
    1296
    1302
    1342
    1246
    1282
    1231
    1231
    1262
    1233
    1217
    1243
    1275
    1250
    1232
    1282
    1200
    1216
    1246
    1202
    1240
    1149
    1245
    1218
    1205
    1273
    1200
    1195
    1149
    1188
    1262
    1209
    1150
    1207
    1233
    1219
    1140
    1207
    1228
    1179
    1159
    1259
    1168
    1204
    1178
    1231
    1154
    1194
    1251
    1176
    1182
    1214
    1086
    1156
    1201
    1172
    1159
    1177
    1186
    1152
    1242
    1160
    1147
    1202
    1206
    1182
    1151
    1166
    1178
    1231
    1263
    1183
    1250
    1256
    1267
    1348
    1360
    1422
    1402
    1481
    1425
    1375
    1498
    1517
    1521
    1460
    1445
    1458
    1463
    1448
    1444
    1432
    1439
    1413
    1433
    1391
    1400
    1419
    1466
    1365
    1392
    1354
    1376
    1375
    1394
    1272
    1404
    1355
    1319
    1357
    1365
    1357
    1342
    1325
    1317
    1363
    1251
    1346
    1365
    1286
    1275
    1304
    1314
    1220
    1268
    1293
    1324
    1223
    1208
    1240
    1289
    1284
    1214
    1194
    1208
    1179
    1181
    1205
    1207
    1173
    1158
    1143
    1138
    1176
    1191
    1130
    1145
    1180
    1144
    1140
    1135
    1154
    1183
    1167
    1143
    1170
    1189
    1120
    1110
    1049
    1059
    1176
    1133
    1115
    1047
    1106
    1075
    1163
    1110
    1117
    1058
    1082
     999
    1064
    1066
    1086
    1079
    1098
    1088
    1075
    1053
    1059
    1023
    1049
    1064
    1060
     986
     985
    1036
    1061
     979
    1052
    1078
     986
     992
     972
     996
    1049
    1026
    1000
    1014
    1023
     995
     995
    1012
     938
     951
     944
     950
     980
    1033
    1304
    1179
    1047
    1000
     964
     997
     954
     963
     929
     893
     954
     989
    1048
     991
     909
     929
     919
     957
     979
     932
     904
     922
     951
     970
     912
     900
     939
     912
     964
     935
     943
     958
     875
     910
     881
     876
     869
     910
     924
     926
     957
     871
     916
     870
     952
     927
     884
     910
     876
     908
     934
     847
     888
     846
     870
     854
     885
     896
     898
     856
     905
     859
     900
     911
     838
     839
     844
     854
     900
     924
     921
     872
     866
     842
     912
     790
     815
     798
     815
     838
     827
     822
     799
     820
     837
     852
     790
     858
     826
     869
     813
     797
     858
     857
     857
     810
     826
     840
     839
     858
     828
     812
     867
     860
     806
     786
     843
     823
     795
     776
     809
     791
     805
     770
     820
     816
     846
     807
     772
     794
     782
     834
     773
     796
     849
     810
     816
     761
     800
     820
     864
     745
     734
     800
     793
     772
     800
     774
     798
     788
     816
     745
     853
     845
     803
     802
     813
     829
     785
     771
     779
     787
     812
     752
     757
     806
     721
     775
     813
     758
     818
     774
     737
     780
     780
     779
     809
     791
     770
     778
     774
     725
     715
     779
     769
     790
     780
     762
     782
     744
     755
     796
     765
     785
     799
     796
     796
     730
     747
     765
     745
     775
     785
     761
     763
     760
     760
     795
     807
     760
     722
     698
     762
     753
     795
     725
     719
     776
     750
     773
     730
     748
     791
     742
     747
     796
     797
     740
     732
     799
     801
     766
     758
     790
     736
     799
     782
     735
     765
     776
     766
     789
     754
     690
     731
     771
     754
     762
     719
     822
     745
     772
     727
     784
     760
     729
     731
     764
     778
     692
     774
     797
     743
     780
     754
     714
     763
     770
     747
     760
     726
     766
     750
     738
     771
     746
     741
     750
     739
     728
     742
     757
     750
     783
     758
     764
     776
     748
     743
     729
     701
     738
     727
     716
     777
     703
     776
     744
     690
     753
     727
     724
     707
     783
     742
     741
     738
     743
     694
     715
     701
     743
     753
     729
     749
     778
     697
     728
     730
     740
     717
     727
     731
     737
     777
     697
     770
     730
     711
     764
     769
     736
     691
     703
     699
     755
     742
     722
     675
     726
     716
     766
     721
     790
     689
     745
     734
     755
     701
     709
     748
     785
     758
     787
     750
     763
     724
     760
     734
     699
     677
     700
     706
     731
     744
     738
     682
     700
     737
     733
     710
     778
     774
     723
     714
     810
     715
     740
     721
     742
     747
     736
     770
     735
     737
     734
     748
     767
     727
     732
     693
     750
     701
     727
     703
     701
     724
     753
     736
     692
     745
     723
     754
     730
     742
     708
     742
     776
     694
     720
     765
     714
     672
     734
     729
     718
     786
     824
     718
     735
     761
     726
     757
     799
     751
     685
     710
     752
     746
     735
     773
     748
     750
     741
     713
     745
     737
     713
     738
     767
     702
     727
     703
     737
     751
     695
     756
     683
     727
     733
     752
     802
     705
     720
     702
     766
     727
     737
     717
     754
     712
     778
     782
     752
     738
     703
     717
     745
     747
     749
     669
     738
     723
     720
     705
     731
     747
     762
     749
     735
     715
     746
     698
     757
     759
     712
     779
     787
     749
     757
     706
     717
     706
     760
     751
     751
     773
     711
     730
     766
     738
     729
     722
     719
     740
     723
     727
     721
     768
     712
     715
     762
     747
     756
     715
     725
     783
     755
     704
     752
     788
     747
     730
     727
     749
     716
     784
     745
     789
     753
     705
     765
     722
     779
     750
     758
     723
     798
     782
     730
     749
     752
     746
     753
     766
     791
     794
     770
     775
     770
     759
     749
     759
     762
     781
     784
     741
     810
     748
     769
     805
     774
     724
     717
     790
     742
     732
     669
     771
     751
     786
     721
     758
     795
     774
     758
     794
     749
     799
     783
     792
     816
     751
     818
     751
     748
     737
     801
     744
     748
     774
     819
     739
     781
     764
     790
     763
     787
     788
     766
     736
     788
     784
     788
     804
     801
     775
     738
     746
     789
     793
     786
     775
     805
     793
     813
     776
     751
     756
     734
     796
     804
     783
     815
     799
     773
     784
     791
     805
     782
     797
     774
     797
     808
     802
     804
     752
     826
     772
     780
     837
     799
     759
     790
     874
     744
     810
     803
     782
     831
     772
     845
     779
     857
     849
     843
     811
     774
     801
     783
     801
     795
     808
     818
     806
     799
     764
     811
     840
     837
     825
     856
     835
     773
     829
     832
     837
     849
     773
     858
     796
     850
     826
     820
     823
     794
     790
     867
     873
     852
     851
     807
     788
     839
     854
     839
     850
     818
     831
     889
     851
     817
     863
     889
     922
     819
     926
     872
     891
     899
     826
     878
     870
     850
     901
     920
     844
     868
     845
     875
     861
     868
     911
     866
     849
     886
     876
     870
     897
     857
     877
     932
     896
     999
     921
     873
     922
     930
     844
     893
     927
     826
     899
     908
     865
     880
     904
     967
     849
     964
     879
     847
     920
     913
     924
     944
     900
     927
     920
     932
     931
     916
     976
     954
     869
     957
     986
     908
     941
     947
     970
     885
     953
     971
    1010
     972
    1004
     991
    1026
     953
     991
    1028
     971
     911
     993
    1013
     993
     966
    1019
     982
    1060
     996
     989
     928
    1036
    1038
     982
    1017
    1053
    1087
    1028
    1021
    1039
    1066
    1072
    1100
    1045
    1101
    1037
    1024
    1095
    1131
    1063
    1061
    1109
    1077
    1117
    1052
    1101
    1083
    1104
    1093
    1105
    1091
    1153
    1094
    1074
    1194
    1135
    1105
    1114
    1140
    1153
    1147
    1159
    1135
    1181
    1154
    1200
    1236
    1156
    1196
    1162
    1202
    1226
    1186
    1190
    1246
    1209
    1253
    1254
    1229
    1290
    1198
    1253
    1250
    1301
    1228
    1289
    1285
    1311
    1307
    1295
    1350
    1307
    1294
    1375
    1384
    1395
    1321
    1402
    1300
    1379
    1316
    1385
    1339
    1394
    1387
    1334
    1401
    1363
    1345
    1360
    1384
    1394
    1401
    1320
    1366
    1373
    1374
    1351
    1329
    1276
    1344
    1330
    1309
    1262
    1247
    1225
    1129
    1167
    1093
    1034
    1050
    1066
    1005
    1035
     919
     944
     973
     917
     946
     916
     924
     917
     917
     979
     974
     909
     862
     898
     887
     884
     911
     863
     925
     964
     837
     847
     855
     846
     869
     939
     871
     917
     868
     818
     883
     899
     860
     859
     894
     909
     864
     855
     818
     823
     822
     834
     844
     912
     879
     835
     813
     808
     885
     817
     851
     802
     799
     831
     860
     849
     860
     830
     839
     828
     847
     797
     859
     826
     833
     800
     833
     865
     811
     799
     777
     822
     857
     814
     840
     823
     761
     781
     765
     818
     811
     809
     904
     793
     783
     782
     828
     799
     814
     816
     779
     753
     809
     825
     780
     785
     727
     775
     795
     783
     819
     816
     784
     758
     772
     784
     792
     804
     770
     781
     773
     801
     750
     761
     761
     784
     756
     794
     734
     819
     725
     788
     801
     751
     803
     728
     793
     810
     736
     741
     747
     772
     785
     804
     736
     767
     779
     758
     787
     803
     763
     752
     807
     802
     790
     736
     805
     778
     845
     775
     808
     806
     851
     779
     877
     831
     821
     808
     793
     808
     863
     851
     836
     839
     854
     876
     868
     874
     835
     864
     871
     883
     873
     895
     851
     908
     905
     878
     903
     899
     894
     936
     888
     926
     909
     930
     966
     914
     890
     879
     882
     892
     917
     887
     866
     864
     876
     899
     838
     775
     757
     712
     701
     668
     638
     623
     577
     618
     552
     534
     570
     516
     499
     549
     509
     493
     455
     461
     487
     483
     465
     445
     474
     461
     431
     489
     449
     435
     441
     484
     415
     463
     421
     449
     387
     455
     482
     435
     453
     416
     454
     400
     420
     414
     396
     429
     405
     383
     380
     403
     436
     378
     411
     389
     393
     338
     417
     371
     404
     412
     401
     383
     417
     438
     493
     525
     626
     725
     735
     829
     914
    1011
    1252
    1989
    4828
   15400
   28526
   23896
    9167
    2149
     515
     328
     274
     302
     320
     294
     296
     265
     253
     295
     284
     244
     278
     264
     249
     243
     253
     238
     266
     242
     229
     271
     230
     244
     235
     222
     213
     237
     220
     210
     220
     187
     199
     203
     181
     201
     188
     222
     185
     204
     178
     166
     164
     189
     190
     166
     163
     164
     143
     142
     163
     149
     140
     141
     156
     175
     137
     149
     131
     141
     146
     128
     111
     124
     128
     121
     123
     118
     132
     108
     106
     122
     121
     110
      88
      97
     103
      96
     123
     108
     106
      96
      93
      90
     112
     121
      85
      93
      78
      89
      84
      74
      84
      85
      86
      71
      86
      82
      66
      74
      84
      64
      82
      68
      80
      83
      54
      62
      63
      71
      60
      68
      67
      66
      61
      57
      71
      54
      60
      62
      64
      54
      72
      64
      55
      66
      63
      58
      59
      56
      61
      64
      78
      67
      73
      62
      57
      66
      70
      67
      63
      62
      55
      62
      77
      54
      55
      59
      68
      53
      53
      53
      68
      77
      51
      56
      50
      46
      69
      56
      57
      61
      47
      49
      53
      57
      58
      56
      50
      67
      54
      67
      53
      55
      60
      53
      51
      71
      72
      48
      68
      42
      51
      65
      70
      49
      53
      52
      56
      49
      55
      75
      61
      59
      64
      68
      87
      82
      91
     115
     164
     197
     256
     332
     377
     438
     536
     631
     769
    1216
    2671
    8227
   19554
   23843
   13865
    4144
     763
     119
      50
      43
      38
      41
      41
      25
      22
      32
      36
      29
      22
      36
      32
      26
      23
      28
      26
      24
      35
      39
      27
      32
      23
      24
      22
      24
      17
      25
      26
      25
      28
      31
      32
      21
      33
      19
      24
      22
      27
      33
      19
      21
      30
      22
      25
      22
      18
      24
      29
      26
      17
      21
      25
      32
      22
      18
      21
      25
      17
      24
      27
      19
      24
      23
      23
      26
      21
      26
      22
      21
      21
      25
      23
      27
      16
      22
      28
      22
      22
      16
      25
      25
      27
      28
      19
      16
      24
      25
      29
      18
      22
      15
      25
      20
      22
      30
      21
      31
      25
      17
      24
      15
      22
      22
      24
      32
      26
      19
      21
      29
      24
      16
      23
      16
      19
      13
      24
      24
      20
      28
      17
      18
      22
      23
      20
      24
      16
      18
      30
      24
      22
      22
      20
      17
      21
      18
      26
      14
      24
      29
      19
      23
      17
      18
      22
      29
      24
      18
      30
      19
      31
      26
      19
      20
      23
      20
      20
      17
      18
      17
      13
      20
      25
      20
      14
      30
      24
      38
      57
      70
      64
      27
      28
      27
      20
      17
      20
      19
      22
      21
      23
      20
      12
      16
      22
      22
      20
      23
      33
      25
      17
      21
      17
      27
      17
      11
      21
      18
      18
       0
       0
       0
       0
       0
       0
       0
       0
       0
       0
       0
       0
       0
       0
       0
       0
       0
       0
       0
       0
       0
       0
       0
       0
       0
       0
       0
       0
       0
       0
       0
       0
$ROI:
0
$PRESETS:
None
0
0
$ENER_FIT:
0.000000 0.731044
$MCA_CAL:
3
0.000000E+000 7.310444E-001 0.000000E+000 keV
$SHAPE_CAL:
3
0.000000E+000 0.000000E+000 0.000000E+000
