$SPEC_ID:
No sample description was entered.
$SPEC_REM:
DET# 4
DETDESC# JLAB-20 MCB 131
AP# Maestro Version 7.01
$DATE_MEA:
10/07/2025 23:50:02
$MEAS_TIM:
579 599
$DATA:
0 2047
       0
       0
       0
       0
       0
       0
       0
       0
       0
       0
       0
       0
       0
       0
       0
       0
       0
       0
       0
       0
       0
       0
       0
       0
       0
       0
       0
       0
       0
       0
       0
       0
       0
       0
       0
       0
       0
       0
       0
       0
       0
       0
       0
       0
       0
       0
       0
       0
       0
       0
       0
       0
       0
       0
       0
       0
       0
       0
       0
       0
       0
       0
       0
       0
       0
       0
       0
       0
       0
      30
    1365
    1404
    1358
    1433
    1397
    1396
    1401
    1412
    1429
    1386
    1365
    1403
    1331
    1324
    1320
    1428
    1347
    1290
    1323
    1323
    1372
    1366
    1395
    1354
    1345
    1363
    1354
    1382
    1417
    1392
    1409
    1571
    1639
    1349
    1374
    1388
    1345
    1276
    1305
    1343
    1339
    1236
    1343
    1369
    1377
    1383
    1350
    1321
    1297
    1364
    1369
    1361
    1296
    1303
    1218
    1298
    1322
    1296
    1372
    1375
    1294
    1366
    1302
    1394
    1375
    1380
    1341
    1355
    1320
    1298
    1286
    1297
    1364
    1313
    1315
    1327
    1281
    1313
    1326
    1291
    1337
    1339
    1267
    1271
    1332
    1269
    1289
    1336
    1315
    1314
    1223
    1305
    1289
    1284
    1258
    1366
    1294
    1357
    1303
    1262
    1304
    1312
    1310
    1331
    1300
    1324
    1310
    1293
    1370
    1286
    1369
    1311
    1314
    1291
    1342
    1294
    1300
    1296
    1330
    1313
    1288
    1248
    1307
    1292
    1268
    1317
    1288
    1285
    1327
    1284
    1323
    1286
    1326
    1308
    1309
    1295
    1311
    1305
    1362
    1271
    1254
    1244
    1270
    1253
    1309
    1269
    1247
    1210
    1245
    1296
    1342
    1263
    1283
    1243
    1252
    1246
    1232
    1184
    1197
    1260
    1215
    1197
    1240
    1207
    1246
    1254
    1252
    1169
    1205
    1179
    1228
    1248
    1267
    1291
    1181
    1201
    1192
    1232
    1259
    1170
    1175
    1238
    1233
    1192
    1198
    1216
    1187
    1165
    1208
    1172
    1126
    1209
    1204
    1124
    1166
    1164
    1199
    1166
    1172
    1196
    1201
    1073
    1197
    1181
    1185
    1241
    1171
    1142
    1242
    1197
    1226
    1221
    1168
    1258
    1297
    1332
    1341
    1356
    1432
    1451
    1375
    1470
    1474
    1531
    1568
    1558
    1449
    1407
    1502
    1437
    1414
    1504
    1453
    1488
    1463
    1371
    1371
    1467
    1436
    1412
    1407
    1355
    1399
    1344
    1358
    1343
    1410
    1344
    1366
    1327
    1308
    1345
    1303
    1297
    1400
    1348
    1303
    1245
    1293
    1327
    1268
    1317
    1288
    1235
    1255
    1272
    1258
    1266
    1271
    1164
    1263
    1332
    1242
    1182
    1218
    1253
    1262
    1255
    1190
    1204
    1204
    1202
    1159
    1115
    1196
    1207
    1238
    1145
    1161
    1158
    1179
    1085
    1189
    1176
    1146
    1129
    1111
    1080
    1130
    1111
    1145
    1178
    1163
    1095
    1153
    1082
    1086
    1117
    1089
    1076
    1117
    1051
    1125
    1076
    1089
    1121
    1083
    1048
    1004
    1117
    1097
    1020
    1099
    1096
    1075
    1092
    1020
    1104
    1087
    1015
    1062
    1063
    1060
    1023
     997
    1017
    1012
     965
     960
    1034
     964
     990
    1060
    1038
    1011
    1015
     962
     981
     985
     985
     977
    1036
    1308
    1235
     983
     941
    1035
     951
     968
     985
    1059
     936
     959
     954
     949
     975
     964
     904
     963
     951
     932
     986
     940
     916
     861
     923
     952
     939
     951
     903
     930
     926
     950
     906
     859
     917
     940
     908
     872
     882
     886
     923
     841
     919
     905
     927
     861
     940
     892
     889
     884
     858
     930
     902
     865
     866
     893
     797
     936
     876
     944
     878
     900
     897
     824
     835
     854
     850
     830
     901
     820
     799
     908
     839
     866
     832
     873
     819
     841
     888
     847
     845
     840
     870
     839
     865
     852
     856
     792
     849
     878
     841
     811
     851
     839
     825
     837
     800
     834
     848
     789
     844
     841
     805
     786
     789
     808
     834
     797
     843
     830
     769
     857
     784
     821
     795
     778
     801
     839
     792
     858
     827
     804
     807
     808
     760
     804
     774
     817
     770
     770
     766
     758
     813
     756
     779
     806
     744
     807
     759
     783
     787
     819
     785
     749
     810
     722
     817
     816
     805
     789
     789
     775
     763
     761
     760
     806
     786
     826
     793
     723
     720
     796
     744
     781
     745
     779
     787
     769
     812
     759
     740
     775
     784
     758
     778
     735
     776
     770
     757
     815
     757
     774
     732
     779
     782
     807
     757
     797
     721
     757
     747
     764
     768
     762
     737
     784
     778
     770
     801
     800
     709
     739
     740
     788
     767
     748
     762
     755
     757
     769
     730
     743
     772
     721
     782
     747
     703
     741
     776
     766
     688
     739
     776
     737
     750
     690
     769
     771
     729
     759
     753
     777
     730
     744
     760
     722
     753
     742
     717
     743
     735
     742
     759
     761
     728
     738
     754
     703
     779
     719
     746
     708
     744
     777
     735
     716
     726
     733
     772
     787
     786
     724
     743
     760
     728
     752
     767
     734
     770
     751
     753
     743
     786
     779
     796
     806
     778
     750
     766
     731
     749
     740
     748
     799
     733
     723
     704
     799
     769
     735
     762
     729
     712
     727
     743
     741
     732
     723
     744
     711
     715
     748
     710
     757
     719
     726
     683
     698
     727
     685
     749
     738
     705
     741
     739
     745
     767
     735
     744
     741
     722
     757
     688
     684
     780
     724
     732
     755
     772
     731
     746
     740
     724
     696
     743
     752
     784
     727
     731
     736
     727
     682
     692
     747
     716
     772
     710
     724
     694
     696
     748
     737
     713
     711
     712
     722
     735
     759
     695
     716
     740
     750
     740
     717
     779
     728
     692
     708
     712
     760
     689
     706
     775
     703
     704
     701
     714
     761
     780
     715
     748
     687
     749
     741
     669
     780
     753
     702
     723
     741
     707
     754
     724
     711
     765
     745
     756
     715
     755
     717
     714
     708
     714
     707
     742
     733
     736
     747
     798
     738
     719
     727
     728
     743
     758
     752
     689
     703
     735
     758
     728
     715
     710
     713
     716
     727
     701
     748
     721
     699
     709
     712
     708
     741
     729
     817
     748
     747
     760
     726
     690
     710
     741
     753
     706
     733
     725
     758
     726
     726
     726
     732
     724
     760
     729
     716
     650
     756
     718
     759
     704
     701
     765
     712
     763
     721
     727
     707
     738
     717
     722
     726
     718
     734
     730
     716
     735
     780
     721
     751
     783
     736
     763
     758
     730
     692
     715
     754
     749
     741
     720
     732
     727
     774
     723
     760
     715
     749
     756
     668
     747
     780
     745
     727
     770
     726
     698
     710
     705
     709
     761
     748
     730
     741
     764
     744
     756
     704
     716
     774
     796
     716
     741
     779
     720
     718
     768
     755
     694
     766
     786
     758
     800
     763
     728
     749
     721
     729
     795
     770
     764
     781
     740
     748
     752
     765
     723
     743
     778
     744
     776
     782
     767
     748
     760
     770
     720
     768
     729
     737
     757
     734
     770
     784
     769
     786
     782
     791
     767
     804
     740
     721
     724
     764
     767
     737
     771
     774
     726
     758
     789
     764
     768
     745
     781
     758
     769
     789
     816
     760
     779
     781
     812
     787
     773
     772
     780
     774
     703
     797
     767
     776
     751
     788
     773
     808
     811
     758
     743
     805
     778
     760
     784
     804
     794
     739
     835
     761
     750
     768
     753
     803
     795
     788
     768
     807
     800
     800
     799
     796
     816
     753
     770
     812
     790
     822
     752
     762
     783
     788
     817
     839
     825
     773
     792
     804
     824
     790
     774
     810
     815
     778
     842
     776
     799
     751
     813
     804
     820
     806
     794
     829
     785
     820
     804
     840
     835
     827
     783
     846
     859
     896
     846
     829
     823
     820
     801
     844
     852
     855
     842
     844
     809
     808
     873
     875
     820
     863
     853
     844
     858
     893
     841
     883
     863
     865
     930
     890
     867
     895
     830
     837
     868
     828
     873
     881
     865
     905
     892
     896
     865
     910
     877
     868
     869
     842
     880
     829
     869
     900
     874
     837
     827
     882
     892
     893
     838
     881
     923
     929
     848
     883
     900
     912
     917
     873
     943
     937
     958
     879
     946
     932
     913
     903
     878
     927
     940
     929
     914
     896
     940
     885
     883
     973
     994
     931
     972
     946
     949
     911
     941
     939
     891
     968
     985
     923
     935
     934
    1006
     920
     982
     954
     984
     999
     952
     979
     966
     931
     950
     911
    1006
     968
    1022
    1016
    1015
     966
     991
    1029
    1080
    1024
     992
    1074
    1039
    1064
    1081
    1024
    1017
     996
    1088
    1116
    1066
    1052
    1072
    1058
    1043
    1062
    1073
    1130
    1085
    1141
    1093
    1100
    1066
    1064
    1103
    1122
    1147
    1153
    1163
    1141
    1113
    1187
    1149
    1139
    1134
    1164
    1156
    1214
    1191
    1213
    1176
    1149
    1164
    1159
    1178
    1225
    1280
    1181
    1194
    1225
    1316
    1263
    1255
    1266
    1226
    1223
    1281
    1288
    1240
    1284
    1250
    1340
    1323
    1298
    1340
    1317
    1341
    1222
    1387
    1265
    1356
    1329
    1346
    1328
    1289
    1301
    1379
    1323
    1375
    1399
    1383
    1357
    1316
    1450
    1361
    1335
    1457
    1349
    1403
    1415
    1372
    1480
    1361
    1372
    1291
    1291
    1281
    1213
    1243
    1184
    1163
    1147
    1050
    1072
     998
    1032
    1032
    1014
     948
     941
     974
     894
     893
     927
     871
     899
     887
     885
     794
     923
     906
     875
     924
     905
     902
     904
     901
     871
     878
     863
     863
     897
     864
     867
     863
     897
     888
     916
     891
     881
     844
     809
     872
     917
     865
     843
     884
     876
     802
     822
     811
     790
     838
     871
     868
     820
     806
     853
     850
     801
     817
     843
     823
     860
     832
     803
     807
     825
     825
     785
     839
     845
     827
     837
     798
     775
     874
     810
     808
     811
     782
     815
     816
     815
     798
     833
     793
     784
     839
     852
     823
     789
     766
     825
     796
     776
     806
     780
     788
     772
     822
     825
     761
     778
     841
     823
     736
     771
     780
     741
     767
     739
     752
     798
     755
     776
     749
     838
     791
     808
     762
     787
     824
     804
     782
     761
     765
     762
     816
     777
     765
     784
     778
     775
     772
     745
     793
     792
     766
     785
     771
     782
     756
     765
     796
     806
     772
     790
     801
     783
     815
     802
     829
     787
     839
     768
     799
     813
     829
     841
     790
     803
     831
     841
     832
     837
     818
     871
     899
     816
     821
     865
     846
     864
     859
     803
     896
     872
     841
     893
     890
     874
     900
     862
     865
     870
     859
     989
     938
     927
     889
     912
     890
     885
     933
     942
     926
     918
     897
     888
     875
     908
     889
     838
     876
     822
     781
     825
     756
     802
     757
     664
     663
     602
     600
     636
     548
     577
     549
     519
     550
     515
     526
     496
     522
     521
     499
     442
     447
     428
     460
     451
     442
     447
     450
     448
     461
     408
     443
     474
     449
     414
     420
     447
     434
     445
     429
     388
     451
     412
     463
     396
     418
     419
     406
     424
     432
     400
     391
     442
     375
     363
     427
     365
     353
     367
     404
     366
     443
     408
     407
     462
     489
     551
     643
     654
     716
     763
     835
     951
    1100
    1422
    2637
    7933
   21230
   29002
   17879
    5393
    1093
     382
     301
     313
     317
     259
     293
     287
     285
     278
     263
     250
     259
     261
     254
     263
     245
     258
     259
     231
     262
     236
     253
     269
     219
     218
     219
     206
     206
     231
     211
     220
     203
     221
     173
     218
     190
     200
     185
     189
     199
     184
     173
     182
     207
     156
     197
     177
     147
     156
     179
     165
     174
     166
     157
     136
     132
     145
     130
     121
     141
     124
     135
     138
     120
     123
     135
     115
     130
     107
     126
     107
     116
     127
      91
     100
     113
      95
     100
      99
      89
      97
      91
      81
     108
      99
      79
      95
      85
      77
      79
      88
      78
      69
      73
      96
      75
      68
      69
      86
      78
      81
      72
      70
      63
      79
      74
      63
      84
      75
      72
      64
      59
      71
      71
      75
      73
      79
      72
      65
      61
      69
      62
      70
      48
      64
      64
      64
      67
      64
      50
      62
      55
      78
      64
      60
      44
      52
      54
      74
      45
      64
      52
      48
      62
      72
      75
      60
      71
      59
      53
      59
      78
      73
      52
      51
      51
      65
      45
      45
      55
      63
      59
      65
      55
      39
      52
      54
      52
      56
      63
      66
      38
      47
      49
      63
      63
      48
      49
      49
      47
      63
      45
      49
      50
      53
      59
      53
      53
      54
      55
      61
      56
      74
      65
      68
      67
      55
      89
      96
     142
     162
     231
     282
     332
     406
     476
     504
     618
     827
    1461
    3770
   11557
   22144
   21614
   10002
    2609
     435
      70
      32
      28
      23
      27
      23
      29
      33
      33
      26
      15
      40
      33
      32
      20
      22
      33
      21
      23
      30
      25
      25
      21
      28
      32
      19
      27
      25
      19
      25
      24
      33
      18
      25
      22
      32
      22
      24
      26
      23
      19
      28
      19
      18
      20
      22
      27
      16
      37
      32
      27
      24
      27
      16
      25
      23
      29
      28
      28
      31
      28
      18
      27
      24
      33
      25
      22
      28
      28
      21
      22
      24
      25
      19
      20
      18
      30
      18
      23
      19
      25
      22
      16
      25
      22
      28
      20
      16
      24
      32
      29
      24
      15
      18
      22
      29
      19
      16
      27
      19
      26
      22
      20
      26
      15
      22
      16
      20
      19
      26
      27
      21
      23
      25
      20
      21
      19
      18
      26
      21
      21
      16
      19
      24
      20
      14
      22
      17
      24
      20
      21
      15
      26
      20
      23
      22
      16
      21
      17
      27
      22
      24
      19
      15
      21
      24
      18
      20
      15
      15
      21
      16
      20
      18
      14
      16
      25
      23
      21
      23
      17
      18
      18
      31
      18
      17
      18
      25
      44
      54
      75
      55
      23
      20
      28
      29
      19
      18
      19
      23
      20
      24
      19
      30
      16
      18
      18
      23
      28
      16
      15
      14
      20
      25
      25
      23
      23
      18
      17
       0
       0
       0
       0
       0
       0
       0
       0
       0
       0
       0
       0
       0
       0
       0
       0
       0
       0
       0
       0
       0
       0
       0
       0
       0
       0
       0
       0
       0
       0
       0
       0
$ROI:
0
$PRESETS:
None
0
0
$ENER_FIT:
0.000000 0.731044
$MCA_CAL:
3
0.000000E+000 7.310444E-001 0.000000E+000 keV
$SHAPE_CAL:
3
0.000000E+000 0.000000E+000 0.000000E+000
