$SPEC_ID:
No sample description was entered.
$SPEC_REM:
DET# 4
DETDESC# JLAB-20 MCB 131
AP# Maestro Version 7.01
$DATE_MEA:
10/07/2025 14:00:02
$MEAS_TIM:
579 599
$DATA:
0 2047
       0
       0
       0
       0
       0
       0
       0
       0
       0
       0
       0
       0
       0
       0
       0
       0
       0
       0
       0
       0
       0
       0
       0
       0
       0
       0
       0
       0
       0
       0
       0
       0
       0
       0
       0
       0
       0
       0
       0
       0
       0
       0
       0
       0
       0
       0
       0
       0
       0
       0
       0
       0
       0
       0
       0
       0
       0
       0
       0
       0
       0
       0
       0
       0
       0
       0
       0
       0
       0
      32
    1292
    1334
    1318
    1426
    1329
    1358
    1358
    1376
    1324
    1311
    1383
    1318
    1329
    1367
    1343
    1373
    1378
    1351
    1364
    1387
    1350
    1335
    1329
    1362
    1348
    1294
    1286
    1397
    1489
    1422
    1317
    1531
    1562
    1356
    1404
    1405
    1346
    1321
    1325
    1372
    1309
    1302
    1314
    1309
    1340
    1462
    1329
    1319
    1355
    1362
    1287
    1275
    1378
    1350
    1301
    1290
    1300
    1374
    1327
    1324
    1340
    1375
    1374
    1382
    1273
    1324
    1368
    1311
    1309
    1319
    1316
    1307
    1295
    1306
    1344
    1333
    1303
    1318
    1305
    1344
    1271
    1264
    1349
    1262
    1280
    1333
    1328
    1283
    1233
    1286
    1342
    1342
    1323
    1335
    1370
    1326
    1332
    1254
    1372
    1299
    1287
    1374
    1286
    1368
    1268
    1328
    1313
    1357
    1312
    1352
    1285
    1284
    1326
    1309
    1342
    1388
    1310
    1348
    1308
    1295
    1190
    1304
    1340
    1312
    1362
    1330
    1366
    1292
    1314
    1254
    1252
    1262
    1259
    1222
    1300
    1355
    1376
    1277
    1232
    1273
    1268
    1258
    1302
    1257
    1228
    1332
    1339
    1239
    1309
    1303
    1243
    1247
    1238
    1262
    1293
    1230
    1231
    1184
    1251
    1260
    1175
    1170
    1150
    1174
    1274
    1231
    1251
    1158
    1187
    1199
    1183
    1226
    1231
    1210
    1300
    1181
    1146
    1212
    1193
    1206
    1200
    1215
    1200
    1193
    1236
    1196
    1191
    1154
    1208
    1146
    1172
    1161
    1159
    1247
    1202
    1155
    1123
    1159
    1136
    1183
    1178
    1221
    1187
    1184
    1189
    1177
    1194
    1186
    1218
    1241
    1224
    1253
    1238
    1225
    1289
    1336
    1330
    1355
    1369
    1426
    1465
    1453
    1537
    1478
    1481
    1540
    1563
    1434
    1473
    1430
    1531
    1451
    1485
    1480
    1390
    1478
    1486
    1452
    1486
    1419
    1389
    1384
    1356
    1392
    1408
    1458
    1322
    1389
    1340
    1393
    1343
    1372
    1296
    1260
    1356
    1329
    1415
    1305
    1268
    1238
    1351
    1236
    1263
    1267
    1263
    1249
    1257
    1288
    1216
    1223
    1267
    1228
    1188
    1189
    1218
    1223
    1191
    1216
    1255
    1212
    1176
    1146
    1233
    1152
    1190
    1135
    1171
    1127
    1203
    1181
    1167
    1227
    1196
    1137
    1181
    1110
    1136
    1221
    1124
    1126
    1115
    1115
    1114
    1117
    1160
    1133
    1108
    1065
    1069
    1050
    1107
    1132
    1083
    1073
    1046
    1030
    1155
    1099
    1045
    1077
    1087
    1094
    1012
    1041
    1067
    1050
    1054
    1070
    1032
    1066
    1009
     998
     955
    1059
     984
    1052
    1052
    1001
     965
     940
     955
    1000
    1032
    1000
    1004
     976
     918
     964
     966
     983
    1004
    1001
    1217
    1268
     994
     966
     949
     961
     975
    1013
     994
     891
     986
     950
     942
     889
     986
     971
     973
     897
     985
     933
     961
     923
     950
     938
     899
     906
     942
     907
     920
     896
     903
     927
     903
     940
     918
     890
     899
     880
     892
     955
     911
     850
     933
     884
     903
     846
     899
     853
     870
     873
     875
     879
     879
     848
     834
     887
     873
     951
     933
     856
     914
     885
     842
     853
     860
     861
     806
     854
     856
     909
     857
     824
     873
     834
     860
     890
     875
     899
     823
     859
     869
     832
     849
     796
     847
     898
     830
     805
     842
     833
     810
     847
     869
     797
     792
     864
     803
     790
     858
     855
     835
     828
     811
     779
     791
     836
     835
     841
     786
     778
     813
     788
     827
     798
     789
     813
     814
     801
     801
     797
     848
     823
     812
     882
     800
     747
     818
     805
     801
     761
     772
     778
     788
     786
     792
     829
     752
     783
     835
     823
     747
     807
     826
     780
     772
     800
     762
     786
     799
     787
     804
     783
     738
     740
     788
     778
     811
     713
     722
     750
     802
     805
     803
     746
     717
     828
     801
     743
     815
     763
     776
     759
     799
     756
     772
     727
     771
     798
     762
     776
     757
     770
     826
     730
     775
     817
     784
     726
     786
     773
     752
     715
     780
     763
     761
     765
     737
     756
     767
     755
     772
     758
     734
     763
     812
     765
     804
     799
     725
     725
     750
     756
     763
     770
     783
     749
     752
     775
     763
     766
     732
     782
     729
     730
     797
     732
     782
     746
     739
     784
     759
     730
     713
     781
     730
     760
     754
     699
     786
     768
     713
     761
     724
     739
     775
     710
     697
     758
     747
     766
     737
     791
     781
     735
     717
     726
     756
     748
     726
     739
     797
     756
     782
     758
     711
     698
     740
     744
     698
     770
     752
     759
     807
     796
     759
     762
     718
     724
     810
     689
     774
     749
     728
     684
     760
     699
     713
     703
     719
     745
     757
     745
     747
     736
     759
     734
     734
     728
     746
     739
     718
     750
     702
     753
     730
     707
     768
     719
     737
     762
     688
     718
     725
     719
     799
     722
     718
     698
     708
     718
     748
     700
     719
     742
     758
     704
     687
     728
     769
     769
     751
     721
     721
     740
     696
     718
     742
     763
     740
     737
     744
     701
     699
     731
     805
     705
     726
     732
     672
     692
     740
     728
     788
     742
     691
     718
     744
     767
     701
     730
     721
     740
     714
     704
     690
     719
     758
     739
     724
     737
     722
     717
     772
     674
     726
     749
     709
     751
     735
     771
     730
     718
     745
     744
     754
     747
     723
     758
     734
     765
     754
     747
     750
     729
     727
     776
     757
     733
     718
     732
     737
     672
     773
     738
     748
     667
     711
     747
     810
     713
     742
     762
     741
     758
     713
     765
     729
     741
     747
     744
     735
     706
     688
     723
     722
     818
     742
     685
     739
     723
     737
     741
     731
     720
     711
     713
     753
     811
     701
     736
     716
     740
     721
     776
     779
     685
     716
     746
     699
     769
     759
     701
     739
     692
     773
     712
     729
     773
     742
     702
     735
     752
     722
     710
     733
     780
     753
     724
     752
     704
     739
     781
     721
     735
     716
     754
     713
     692
     770
     770
     736
     734
     700
     673
     707
     698
     773
     724
     732
     735
     755
     742
     765
     727
     759
     733
     717
     747
     702
     744
     755
     767
     735
     727
     778
     710
     757
     737
     753
     805
     756
     758
     772
     745
     722
     779
     732
     789
     740
     726
     726
     763
     747
     746
     753
     732
     753
     778
     781
     757
     752
     780
     771
     744
     744
     742
     757
     759
     776
     751
     780
     700
     765
     709
     739
     736
     767
     793
     810
     740
     708
     765
     760
     750
     731
     755
     791
     699
     786
     699
     766
     763
     732
     788
     746
     794
     747
     793
     774
     752
     781
     716
     699
     792
     778
     788
     794
     768
     719
     758
     733
     805
     793
     753
     781
     765
     792
     828
     793
     754
     802
     751
     752
     793
     756
     783
     798
     764
     786
     810
     742
     745
     772
     792
     743
     819
     856
     742
     786
     775
     801
     824
     780
     756
     809
     770
     742
     781
     748
     752
     783
     785
     779
     783
     761
     771
     756
     813
     764
     815
     763
     808
     853
     837
     846
     767
     790
     802
     776
     806
     855
     835
     748
     815
     803
     784
     854
     811
     787
     780
     778
     848
     846
     809
     783
     782
     756
     833
     789
     759
     834
     786
     764
     808
     772
     781
     860
     800
     836
     782
     807
     819
     793
     835
     793
     850
     821
     835
     771
     845
     825
     807
     814
     866
     832
     923
     827
     810
     840
     841
     896
     874
     868
     907
     868
     910
     845
     882
     875
     852
     867
     828
     842
     876
     890
     866
     849
     841
     879
     857
     888
     914
     865
     861
     872
     859
     887
     857
     862
     941
     939
     853
     909
     866
     898
     820
     888
     913
     894
     856
     869
     923
     823
     936
     950
     861
     895
     884
     912
     949
     867
     905
     895
     905
     934
     920
     925
     892
     916
     947
     934
     943
     879
     957
     965
     981
     949
     911
     989
     930
     938
     979
     993
     961
     957
     946
     981
     960
     973
     952
     981
     963
     956
    1018
    1012
    1016
     974
    1006
    1016
    1008
     940
    1009
    1012
     973
    1001
    1043
    1054
    1014
     975
    1012
    1075
     970
     968
    1017
    1044
    1044
    1019
    1002
    1113
    1106
     995
    1017
    1091
    1034
    1095
    1067
    1067
    1076
    1141
    1111
    1078
    1116
    1127
    1110
    1093
    1034
    1128
    1148
    1143
    1144
    1185
    1176
    1118
    1178
    1221
    1123
    1192
    1194
    1168
    1217
    1174
    1182
    1166
    1123
    1229
    1163
    1206
    1261
    1186
    1204
    1207
    1238
    1243
    1265
    1226
    1246
    1243
    1260
    1290
    1245
    1306
    1361
    1330
    1312
    1344
    1342
    1279
    1343
    1314
    1364
    1275
    1372
    1296
    1282
    1464
    1314
    1419
    1350
    1401
    1438
    1381
    1419
    1382
    1392
    1324
    1400
    1422
    1373
    1443
    1359
    1415
    1419
    1402
    1341
    1290
    1280
    1300
    1249
    1198
    1197
    1119
    1100
    1067
    1051
     997
     959
     956
    1014
    1025
     969
     945
     935
     902
     951
     925
     941
     916
     913
     897
     863
     942
     872
     900
     925
     871
     947
     909
     910
     881
     901
     876
     870
     882
     857
     846
     903
     874
     899
     844
     892
     851
     891
     880
     838
     859
     868
     861
     900
     823
     822
     796
     807
     860
     831
     863
     875
     838
     840
     828
     832
     818
     870
     833
     801
     840
     804
     790
     856
     828
     824
     886
     824
     827
     749
     778
     801
     815
     826
     826
     818
     812
     807
     799
     838
     809
     764
     832
     840
     818
     809
     823
     775
     790
     825
     828
     785
     777
     821
     765
     786
     802
     735
     784
     782
     771
     756
     745
     790
     825
     760
     759
     738
     774
     765
     831
     810
     772
     780
     720
     741
     740
     778
     777
     803
     753
     801
     762
     779
     777
     730
     770
     776
     774
     804
     768
     819
     780
     768
     759
     785
     779
     761
     754
     787
     766
     804
     800
     803
     813
     809
     803
     808
     821
     809
     810
     799
     849
     779
     874
     821
     867
     848
     805
     828
     817
     813
     858
     863
     787
     844
     849
     824
     892
     859
     870
     858
     822
     878
     851
     866
     893
     832
     901
     911
     922
     912
     870
     908
     876
     879
     939
     920
     890
     882
     985
     880
     880
     883
     879
     933
     855
     943
     876
     897
     843
     792
     842
     785
     744
     694
     685
     639
     645
     617
     595
     582
     533
     530
     518
     512
     510
     510
     470
     518
     445
     491
     487
     486
     509
     501
     486
     487
     435
     459
     493
     437
     434
     408
     452
     400
     417
     416
     432
     406
     458
     383
     380
     383
     386
     404
     410
     441
     382
     418
     439
     416
     402
     411
     400
     405
     413
     404
     394
     407
     428
     383
     420
     396
     409
     419
     442
     464
     549
     610
     697
     670
     732
     860
     920
    1153
    1377
    2395
    7060
   19713
   29200
   19391
    6177
    1284
     380
     306
     313
     293
     269
     264
     270
     277
     271
     278
     294
     284
     288
     265
     231
     266
     256
     256
     255
     261
     243
     228
     251
     246
     199
     256
     226
     233
     195
     191
     198
     200
     238
     195
     196
     204
     207
     199
     187
     188
     177
     183
     206
     212
     163
     168
     156
     181
     148
     176
     168
     145
     145
     146
     163
     136
     158
     123
     133
     131
     142
     117
     114
     158
     135
     118
     122
     123
      93
     128
     111
     123
      99
     130
      98
     107
     117
      99
     107
      98
     111
      99
      83
      96
      93
      77
      93
      93
      76
     103
      87
      88
      72
      80
      81
      68
      74
      68
      62
      86
      75
      74
      81
      83
      68
      77
      66
      81
      55
      70
      56
      65
      55
      67
      81
      89
      66
      51
      70
      61
      78
      61
      58
      64
      62
      77
      75
      61
      62
      58
      63
      70
      61
      56
      57
      67
      59
      64
      54
      68
      66
      54
      59
      65
      56
      65
      57
      55
      58
      63
      48
      59
      65
      57
      64
      61
      50
      66
      61
      64
      46
      53
      66
      63
      65
      56
      45
      63
      54
      49
      59
      41
      53
      52
      42
      59
      63
      54
      60
      51
      44
      55
      55
      39
      52
      51
      52
      44
      60
      43
      53
      65
      62
      53
      71
      63
      82
      83
     114
     128
     188
     220
     277
     324
     412
     490
     533
     648
     814
    1332
    3261
   10312
   21457
   22393
   11398
    3164
     516
      77
      42
      35
      31
      37
      32
      31
      25
      27
      34
      29
      22
      30
      32
      28
      30
      28
      18
      30
      25
      27
      24
      26
      20
      18
      29
      27
      32
      15
      22
      21
      23
      19
      25
      23
      24
      28
      18
      26
      25
      29
      28
      22
      16
      22
      20
      23
      22
      21
      29
      18
      15
      26
      21
      26
      20
      32
      29
      27
      26
      37
      22
      18
      23
      19
      29
      18
      24
      19
      18
      28
      29
      16
      30
      15
      19
      24
      19
      25
      21
      18
      24
      26
      24
      29
      29
      22
      19
      26
      31
      18
      25
      13
      24
      27
      19
      20
      25
      22
      31
      17
      23
      16
      29
      22
      18
      24
      13
      18
      27
      25
      21
      18
      16
      21
      18
      29
      21
      22
      23
      29
      32
      17
      25
      28
      24
      22
      29
      13
      22
      15
      25
      25
      26
      23
      31
      19
      21
      23
      24
      21
      19
      20
      25
      18
      19
      18
      26
      22
      17
      16
      17
      24
      25
      27
      18
      18
      15
      14
      27
      13
      13
      26
      13
      20
      23
      21
      25
      29
      65
      75
      68
      30
      26
      19
      26
      20
      12
      13
      21
      18
      18
      22
      19
      19
      12
      21
      15
      12
      22
      22
      10
      20
      20
      20
      23
      17
      14
      14
       0
       0
       0
       0
       0
       0
       0
       0
       0
       0
       0
       0
       0
       0
       0
       0
       0
       0
       0
       0
       0
       0
       0
       0
       0
       0
       0
       0
       0
       0
       0
       0
$ROI:
0
$PRESETS:
None
0
0
$ENER_FIT:
0.000000 0.731044
$MCA_CAL:
3
0.000000E+000 7.310444E-001 0.000000E+000 keV
$SHAPE_CAL:
3
0.000000E+000 0.000000E+000 0.000000E+000
