$SPEC_ID:
No sample description was entered.
$SPEC_REM:
DET# 4
DETDESC# JLAB-20 MCB 131
AP# Maestro Version 7.01
$DATE_MEA:
10/06/2025 14:50:02
$MEAS_TIM:
579 599
$DATA:
0 2047
       0
       0
       0
       0
       0
       0
       0
       0
       0
       0
       0
       0
       0
       0
       0
       0
       0
       0
       0
       0
       0
       0
       0
       0
       0
       0
       0
       0
       0
       0
       0
       0
       0
       0
       0
       0
       0
       0
       0
       0
       0
       0
       0
       0
       0
       0
       0
       0
       0
       0
       0
       0
       0
       0
       0
       0
       0
       0
       0
       0
       0
       0
       0
       0
       0
       0
       0
       0
       0
      36
    1274
    1416
    1384
    1373
    1337
    1381
    1395
    1380
    1352
    1431
    1374
    1361
    1300
    1387
    1318
    1334
    1316
    1302
    1351
    1391
    1320
    1384
    1339
    1363
    1362
    1362
    1340
    1334
    1409
    1587
    1388
    1492
    1549
    1368
    1399
    1363
    1272
    1348
    1317
    1293
    1320
    1382
    1343
    1377
    1412
    1362
    1348
    1331
    1390
    1349
    1321
    1324
    1319
    1268
    1308
    1327
    1320
    1227
    1296
    1351
    1252
    1311
    1279
    1314
    1263
    1374
    1320
    1275
    1358
    1268
    1352
    1382
    1262
    1286
    1252
    1342
    1302
    1309
    1309
    1338
    1342
    1278
    1286
    1322
    1350
    1334
    1289
    1377
    1315
    1316
    1273
    1305
    1279
    1330
    1323
    1321
    1314
    1349
    1410
    1363
    1406
    1330
    1294
    1309
    1319
    1297
    1248
    1290
    1296
    1277
    1376
    1329
    1315
    1398
    1297
    1299
    1308
    1298
    1280
    1289
    1331
    1307
    1301
    1300
    1271
    1305
    1280
    1370
    1288
    1257
    1339
    1308
    1251
    1311
    1307
    1366
    1372
    1304
    1257
    1281
    1193
    1236
    1237
    1269
    1321
    1307
    1343
    1229
    1205
    1236
    1258
    1298
    1251
    1273
    1249
    1243
    1320
    1265
    1174
    1171
    1221
    1263
    1202
    1202
    1220
    1257
    1279
    1231
    1196
    1204
    1211
    1227
    1206
    1152
    1249
    1216
    1248
    1207
    1221
    1237
    1170
    1246
    1170
    1216
    1250
    1117
    1138
    1195
    1233
    1179
    1178
    1163
    1194
    1217
    1227
    1194
    1171
    1188
    1152
    1184
    1183
    1209
    1212
    1156
    1190
    1174
    1143
    1158
    1161
    1176
    1203
    1212
    1231
    1281
    1233
    1375
    1395
    1379
    1411
    1474
    1505
    1553
    1410
    1459
    1550
    1541
    1484
    1507
    1468
    1518
    1450
    1448
    1396
    1473
    1408
    1482
    1462
    1461
    1421
    1456
    1454
    1374
    1339
    1374
    1330
    1386
    1358
    1357
    1368
    1252
    1332
    1326
    1307
    1408
    1332
    1387
    1358
    1294
    1265
    1307
    1222
    1261
    1259
    1284
    1324
    1215
    1243
    1268
    1188
    1305
    1215
    1252
    1194
    1193
    1235
    1238
    1241
    1239
    1147
    1147
    1196
    1166
    1240
    1212
    1193
    1258
    1209
    1159
    1156
    1140
    1206
    1164
    1194
    1176
    1154
    1216
    1118
    1104
    1167
    1108
    1120
    1050
    1137
    1092
    1114
    1092
    1093
    1089
    1099
    1075
    1071
    1066
    1068
    1079
    1078
    1096
    1083
    1087
    1033
    1075
    1049
    1096
    1027
    1019
     995
    1057
    1083
    1062
    1063
    1011
    1111
    1041
    1067
    1052
    1048
     998
    1048
    1074
    1038
    1050
    1018
     956
     949
    1012
    1005
    1011
    1008
    1017
     990
     934
     965
    1044
    1335
    1167
    1000
     983
    1007
     969
     937
     977
     976
     912
     979
     973
     927
     976
     928
     917
     963
     931
     934
     968
     965
     968
     917
     922
     869
     896
     895
     960
     945
     958
     901
     928
     947
     936
     935
     892
     899
     876
     873
     905
     915
     886
     918
     841
     910
     858
     899
     847
     899
     851
     899
     964
     868
     898
     884
     881
     928
     880
     859
     856
     861
     885
     863
     877
     913
     845
     894
     899
     843
     886
     861
     859
     840
     787
     879
     843
     792
     885
     882
     855
     829
     921
     852
     879
     859
     877
     863
     786
     834
     838
     842
     818
     853
     793
     852
     896
     805
     810
     796
     797
     869
     841
     814
     810
     847
     824
     843
     787
     825
     839
     813
     814
     787
     781
     865
     803
     807
     798
     822
     798
     765
     745
     852
     754
     832
     784
     831
     805
     864
     806
     849
     759
     847
     798
     825
     788
     762
     773
     797
     761
     813
     775
     801
     718
     838
     748
     794
     799
     769
     811
     776
     729
     772
     763
     747
     835
     811
     799
     781
     752
     804
     767
     779
     765
     777
     760
     799
     819
     790
     793
     755
     794
     824
     774
     802
     799
     795
     775
     755
     766
     775
     792
     766
     792
     803
     727
     784
     737
     785
     762
     776
     744
     743
     778
     781
     798
     774
     703
     743
     762
     788
     797
     757
     760
     740
     776
     792
     759
     725
     778
     781
     748
     777
     745
     767
     758
     758
     711
     798
     769
     779
     782
     764
     737
     779
     757
     748
     723
     777
     755
     759
     779
     740
     759
     722
     752
     726
     746
     723
     739
     747
     728
     767
     758
     735
     770
     737
     751
     798
     767
     683
     788
     727
     748
     689
     726
     727
     712
     733
     729
     809
     752
     705
     719
     707
     733
     704
     815
     805
     760
     732
     743
     794
     792
     791
     797
     750
     775
     705
     765
     740
     723
     756
     720
     740
     765
     748
     747
     731
     722
     757
     742
     796
     768
     753
     727
     717
     745
     730
     743
     765
     700
     746
     755
     725
     757
     721
     766
     748
     709
     770
     731
     736
     731
     716
     774
     721
     703
     692
     743
     735
     747
     746
     737
     768
     727
     774
     761
     714
     750
     699
     757
     724
     698
     769
     752
     741
     730
     727
     727
     754
     759
     679
     732
     771
     823
     690
     728
     743
     739
     749
     775
     737
     778
     715
     725
     736
     724
     785
     731
     740
     756
     710
     752
     727
     712
     720
     785
     735
     752
     742
     740
     767
     734
     709
     734
     694
     725
     757
     711
     784
     719
     684
     723
     746
     753
     761
     744
     738
     765
     737
     787
     691
     761
     728
     734
     738
     730
     740
     731
     731
     710
     747
     745
     705
     740
     746
     762
     782
     750
     722
     720
     729
     732
     707
     763
     756
     752
     713
     776
     733
     740
     688
     711
     735
     747
     763
     690
     685
     731
     780
     729
     804
     725
     725
     694
     705
     735
     708
     709
     740
     745
     746
     712
     718
     703
     717
     743
     685
     743
     778
     765
     711
     783
     717
     720
     697
     767
     755
     726
     722
     774
     725
     775
     715
     735
     741
     677
     716
     695
     729
     741
     790
     729
     728
     699
     714
     725
     738
     723
     754
     750
     722
     755
     719
     679
     765
     722
     695
     760
     734
     735
     754
     727
     693
     760
     756
     768
     718
     734
     727
     747
     771
     738
     762
     736
     773
     750
     731
     739
     793
     725
     750
     727
     742
     709
     769
     734
     766
     781
     793
     737
     807
     723
     713
     759
     741
     750
     744
     711
     754
     727
     758
     757
     756
     745
     724
     772
     773
     751
     749
     713
     728
     725
     779
     751
     751
     784
     745
     773
     754
     719
     715
     719
     764
     834
     722
     765
     807
     792
     770
     786
     700
     702
     791
     746
     761
     773
     734
     781
     815
     806
     798
     787
     736
     819
     733
     771
     746
     781
     785
     829
     739
     768
     792
     734
     770
     772
     757
     775
     717
     732
     761
     832
     748
     769
     805
     810
     782
     799
     750
     746
     771
     776
     771
     740
     776
     763
     772
     771
     847
     781
     778
     773
     761
     793
     794
     817
     773
     819
     784
     786
     830
     720
     750
     790
     799
     802
     788
     842
     783
     812
     769
     783
     781
     849
     775
     762
     754
     814
     806
     784
     771
     802
     808
     839
     872
     847
     784
     754
     813
     836
     813
     772
     870
     807
     782
     875
     805
     829
     851
     788
     866
     778
     845
     787
     838
     803
     814
     855
     812
     850
     802
     802
     818
     777
     853
     833
     849
     884
     870
     825
     830
     841
     856
     855
     861
     840
     854
     843
     831
     857
     936
     864
     948
     842
     897
     874
     903
     805
     891
     884
     846
     880
     849
     851
     836
     871
     914
     932
     891
     817
     871
     889
     853
     908
     836
     885
     877
     870
     870
     911
     905
     850
     899
     883
     873
     898
     895
     823
     927
     875
     906
     894
     877
     860
     900
     906
     926
     895
     878
     899
     921
     942
     909
     932
     913
     895
     889
     957
     920
     952
     983
     941
     945
     966
     907
     926
     973
     942
    1000
     984
     942
     962
     968
     947
     994
     976
     995
     982
     971
     997
     976
     987
     964
     967
     998
    1031
    1008
    1004
     986
    1039
     999
     974
    1050
    1111
    1015
    1036
    1037
     987
    1046
    1060
    1012
    1031
    1011
    1070
    1027
    1019
    1030
    1027
    1027
    1040
    1090
    1076
    1061
    1106
    1115
    1133
    1130
    1072
    1054
    1140
    1134
    1162
    1100
    1115
    1104
    1112
    1133
    1192
    1177
    1094
    1169
    1227
    1146
    1198
    1166
    1206
    1174
    1142
    1195
    1188
    1154
    1242
    1214
    1262
    1249
    1297
    1233
    1212
    1207
    1241
    1243
    1189
    1233
    1288
    1254
    1241
    1299
    1259
    1224
    1268
    1318
    1352
    1372
    1244
    1281
    1325
    1322
    1305
    1316
    1311
    1374
    1347
    1408
    1405
    1308
    1405
    1347
    1379
    1342
    1358
    1426
    1413
    1420
    1399
    1413
    1358
    1399
    1411
    1381
    1397
    1391
    1382
    1305
    1310
    1170
    1215
    1249
    1153
    1112
    1102
    1056
    1049
    1008
    1070
     979
     964
     999
     953
     893
     896
     932
     964
     934
     958
     905
     972
     895
     912
     926
     873
     890
     876
     898
     900
     880
     887
     875
     920
     890
     895
     864
     953
     863
     932
     863
     853
     816
     839
     871
     786
     858
     857
     908
     881
     846
     864
     857
     845
     857
     840
     861
     862
     885
     824
     855
     827
     857
     865
     860
     798
     802
     860
     827
     824
     829
     846
     830
     805
     865
     843
     831
     837
     777
     863
     819
     803
     813
     812
     824
     800
     811
     770
     844
     777
     867
     760
     803
     784
     746
     752
     800
     863
     824
     798
     805
     825
     802
     783
     806
     781
     745
     786
     823
     786
     773
     798
     756
     763
     788
     757
     806
     793
     761
     758
     797
     822
     875
     837
     727
     785
     769
     757
     781
     745
     783
     744
     782
     834
     782
     719
     703
     754
     830
     788
     815
     801
     811
     833
     740
     737
     762
     775
     795
     772
     761
     788
     789
     798
     798
     805
     802
     788
     820
     801
     820
     834
     840
     823
     799
     822
     853
     824
     842
     824
     864
     886
     829
     809
     889
     861
     800
     836
     831
     842
     846
     849
     884
     908
     898
     879
     889
     854
     902
     938
     958
     878
     893
     882
     924
     980
     968
     895
     891
     894
     933
     906
     950
     915
     926
     872
     936
     841
     849
     857
     793
     741
     727
     700
     684
     671
     658
     598
     618
     570
     561
     575
     529
     528
     476
     509
     510
     464
     493
     472
     513
     462
     440
     430
     462
     462
     469
     475
     418
     410
     446
     436
     445
     421
     423
     410
     404
     400
     450
     385
     409
     445
     416
     428
     401
     433
     386
     413
     431
     408
     394
     375
     397
     396
     420
     389
     420
     445
     355
     408
     384
     405
     418
     397
     448
     524
     574
     563
     689
     750
     794
     902
     974
    1244
    1753
    3885
   12393
   26723
   26269
   11519
    2831
     599
     318
     289
     277
     285
     289
     285
     310
     276
     241
     252
     266
     260
     280
     264
     236
     255
     246
     257
     242
     223
     269
     226
     235
     225
     219
     227
     197
     232
     225
     217
     208
     218
     200
     186
     200
     181
     186
     190
     175
     177
     186
     160
     173
     151
     181
     191
     153
     159
     150
     164
     158
     153
     163
     144
     138
     146
     150
     145
     133
     128
     130
     119
     121
     131
     146
     108
     135
     106
     110
     101
      93
     119
     124
     124
     111
      99
     110
     108
     103
      82
     101
      92
      81
      90
      79
     101
      85
      66
      88
      81
      80
      75
      77
      91
      55
      70
      61
      91
      82
      72
      86
      64
      64
      76
      72
      66
      74
      67
      68
      79
      70
      77
      74
      71
      82
      62
      73
      56
      78
      56
      66
      64
      64
      56
      65
      66
      73
      63
      63
      64
      68
      68
      63
      64
      74
      60
      57
      66
      61
      62
      68
      62
      75
      58
      61
      60
      56
      68
      68
      81
      62
      74
      50
      51
      51
      58
      54
      55
      52
      52
      60
      53
      52
      58
      46
      67
      64
      69
      60
      64
      48
      51
      57
      60
      47
      58
      67
      60
      48
      60
      60
      56
      39
      46
      62
      53
      57
      48
      59
      62
      60
      72
      70
      79
      78
      59
      87
      75
      99
     148
     181
     242
     299
     345
     449
     534
     609
     745
    1111
    2086
    6280
   16641
   24083
   16650
    5829
    1201
     166
      56
      39
      34
      34
      26
      28
      39
      28
      33
      32
      30
      18
      25
      26
      26
      20
      36
      20
      18
      33
      31
      33
      23
      30
      22
      15
      27
      31
      18
      26
      23
      15
      17
      28
      27
      16
      27
      30
      22
      26
      26
      26
      28
      16
      23
      11
      31
      23
      21
      25
      20
      19
      35
      23
      28
      29
      31
      27
      15
      19
      16
      25
      25
      24
      29
      14
      23
      17
      22
      22
      19
      28
      27
      25
      24
      23
      15
      29
      35
      22
      20
      23
      22
      23
      23
      15
      28
      29
      29
      26
      20
      23
      21
      21
      28
      22
      40
      25
      26
      22
      17
      18
      21
      23
      23
      32
      19
      20
      21
      16
      24
      22
      23
      22
      21
      21
      24
      20
      16
      10
      16
      26
      31
      26
      22
      21
      18
      26
      17
      26
      25
      18
      16
      27
      17
      21
      20
      17
      29
      22
      23
      23
      18
      17
      21
      27
      20
      21
      22
      16
      19
      24
      20
      21
      25
      25
      19
      14
      21
      20
      23
      17
      19
      18
      17
      18
      33
      31
      51
      88
      75
      50
      26
      17
      22
      17
      14
      18
      20
      12
      16
      23
      19
      20
      15
      24
      18
      21
      15
      26
      15
      18
      14
      18
      12
      26
      16
      23
      23
       0
       0
       0
       0
       0
       0
       0
       0
       0
       0
       0
       0
       0
       0
       0
       0
       0
       0
       0
       0
       0
       0
       0
       0
       0
       0
       0
       0
       0
       0
       0
       0
$ROI:
0
$PRESETS:
None
0
0
$ENER_FIT:
0.000000 0.731044
$MCA_CAL:
3
0.000000E+000 7.310444E-001 0.000000E+000 keV
$SHAPE_CAL:
3
0.000000E+000 0.000000E+000 0.000000E+000
