$SPEC_ID:
No sample description was entered.
$SPEC_REM:
DET# 4
DETDESC# JLAB-20 MCB 131
AP# Maestro Version 7.01
$DATE_MEA:
10/07/2025 05:00:02
$MEAS_TIM:
579 599
$DATA:
0 2047
       0
       0
       0
       0
       0
       0
       0
       0
       0
       0
       0
       0
       0
       0
       0
       0
       0
       0
       0
       0
       0
       0
       0
       0
       0
       0
       0
       0
       0
       0
       0
       0
       0
       0
       0
       0
       0
       0
       0
       0
       0
       0
       0
       0
       0
       0
       0
       0
       0
       0
       0
       0
       0
       0
       0
       0
       0
       0
       0
       0
       0
       0
       0
       0
       0
       0
       0
       0
       0
      36
    1312
    1369
    1382
    1399
    1392
    1301
    1402
    1383
    1343
    1369
    1449
    1343
    1305
    1334
    1298
    1380
    1335
    1412
    1348
    1327
    1369
    1288
    1365
    1283
    1313
    1375
    1382
    1341
    1410
    1468
    1335
    1526
    1557
    1341
    1396
    1346
    1327
    1378
    1388
    1313
    1337
    1340
    1332
    1343
    1385
    1484
    1395
    1308
    1392
    1361
    1404
    1320
    1342
    1262
    1355
    1344
    1315
    1374
    1283
    1340
    1300
    1270
    1287
    1334
    1340
    1357
    1363
    1341
    1294
    1351
    1338
    1316
    1372
    1321
    1276
    1350
    1327
    1328
    1329
    1298
    1337
    1295
    1297
    1336
    1282
    1380
    1309
    1295
    1265
    1304
    1322
    1264
    1319
    1315
    1321
    1244
    1286
    1305
    1307
    1356
    1342
    1303
    1270
    1337
    1353
    1330
    1300
    1364
    1310
    1303
    1302
    1310
    1300
    1351
    1297
    1296
    1359
    1289
    1307
    1303
    1355
    1336
    1260
    1369
    1336
    1268
    1216
    1354
    1285
    1290
    1213
    1273
    1329
    1283
    1304
    1332
    1339
    1287
    1298
    1266
    1272
    1274
    1302
    1317
    1270
    1266
    1313
    1197
    1266
    1233
    1258
    1270
    1203
    1248
    1294
    1257
    1213
    1231
    1255
    1271
    1226
    1231
    1267
    1258
    1247
    1267
    1178
    1228
    1257
    1200
    1253
    1165
    1197
    1188
    1264
    1217
    1207
    1229
    1234
    1172
    1177
    1173
    1185
    1216
    1224
    1205
    1191
    1184
    1189
    1215
    1184
    1153
    1185
    1195
    1136
    1150
    1136
    1138
    1230
    1177
    1139
    1189
    1128
    1159
    1205
    1174
    1155
    1196
    1159
    1169
    1270
    1250
    1236
    1250
    1289
    1402
    1372
    1389
    1364
    1464
    1494
    1452
    1444
    1485
    1455
    1445
    1489
    1585
    1509
    1447
    1525
    1547
    1419
    1434
    1411
    1387
    1397
    1440
    1432
    1409
    1420
    1417
    1431
    1368
    1390
    1357
    1327
    1355
    1436
    1319
    1346
    1358
    1338
    1351
    1311
    1310
    1310
    1326
    1318
    1311
    1313
    1373
    1255
    1226
    1328
    1265
    1198
    1249
    1267
    1297
    1222
    1235
    1293
    1243
    1166
    1177
    1191
    1165
    1182
    1179
    1227
    1155
    1165
    1165
    1257
    1175
    1234
    1197
    1162
    1201
    1096
    1204
    1157
    1170
    1186
    1162
    1122
    1156
    1119
    1064
    1109
    1119
    1155
    1090
    1117
    1118
    1128
    1036
    1026
    1096
    1070
    1061
    1125
    1063
    1100
    1082
    1083
    1101
    1045
    1036
    1043
    1055
    1042
    1110
    1049
    1014
    1028
    1032
    1006
    1049
    1015
    1065
    1098
    1019
     983
     983
    1009
     973
    1015
    1022
    1014
     983
    1025
    1068
    1010
    1006
     975
     949
     935
     981
     994
    1005
    1219
    1182
     988
     958
     976
     982
     941
     948
     945
     919
     921
     946
     937
    1000
     928
     963
     961
     944
    1004
     977
     992
     943
     892
     945
     939
     890
     908
     935
     885
     888
     897
     945
     945
     874
     892
     949
     868
     863
     930
     870
     860
     900
     896
     940
     867
     952
     864
     960
     895
     938
     932
     859
     861
     888
     864
     869
     925
     937
     898
     845
     889
     879
     846
     870
     858
     808
     895
     860
     881
     876
     817
     859
     881
     850
     786
     865
     849
     840
     808
     853
     868
     828
     822
     842
     849
     803
     853
     790
     772
     786
     868
     879
     799
     796
     857
     787
     813
     898
     811
     826
     785
     819
     815
     897
     852
     815
     817
     829
     850
     850
     831
     809
     822
     790
     844
     757
     819
     794
     794
     793
     828
     814
     817
     797
     749
     820
     783
     791
     792
     783
     855
     790
     819
     799
     802
     753
     773
     813
     809
     750
     808
     814
     760
     852
     784
     797
     777
     810
     762
     803
     761
     807
     803
     827
     779
     761
     829
     784
     810
     754
     777
     752
     792
     794
     837
     750
     753
     732
     758
     742
     749
     780
     759
     837
     752
     802
     756
     771
     745
     749
     799
     784
     713
     783
     767
     779
     756
     822
     762
     737
     810
     779
     740
     751
     735
     756
     764
     790
     793
     772
     754
     723
     742
     781
     783
     750
     734
     781
     787
     761
     747
     782
     765
     749
     788
     738
     694
     768
     774
     740
     702
     807
     778
     747
     704
     720
     742
     792
     734
     735
     762
     721
     744
     746
     743
     716
     772
     723
     768
     742
     761
     697
     790
     734
     714
     738
     741
     733
     764
     762
     734
     747
     744
     796
     691
     791
     735
     752
     756
     742
     758
     748
     768
     771
     711
     743
     754
     758
     725
     745
     727
     728
     827
     763
     780
     763
     767
     794
     718
     793
     748
     772
     764
     771
     758
     753
     690
     711
     745
     742
     748
     699
     710
     731
     738
     736
     754
     770
     685
     763
     689
     701
     725
     767
     696
     707
     759
     730
     750
     712
     713
     735
     773
     725
     666
     747
     729
     694
     726
     735
     717
     721
     673
     743
     731
     736
     679
     749
     758
     740
     724
     704
     784
     712
     706
     704
     794
     722
     708
     732
     786
     714
     792
     733
     719
     777
     729
     728
     754
     692
     736
     783
     698
     707
     705
     756
     750
     741
     714
     752
     730
     748
     754
     711
     731
     778
     744
     738
     731
     768
     750
     758
     754
     712
     699
     727
     696
     722
     722
     698
     725
     712
     741
     690
     736
     747
     728
     733
     751
     731
     742
     695
     751
     722
     696
     705
     707
     738
     721
     731
     700
     666
     715
     711
     714
     761
     733
     727
     763
     736
     762
     746
     702
     740
     676
     722
     690
     765
     699
     685
     740
     733
     733
     778
     797
     748
     742
     717
     776
     692
     763
     742
     710
     664
     736
     738
     742
     747
     703
     702
     732
     721
     741
     736
     655
     715
     785
     746
     785
     736
     721
     713
     744
     710
     711
     769
     677
     755
     745
     757
     772
     759
     751
     719
     741
     747
     717
     743
     729
     757
     713
     705
     755
     727
     768
     722
     740
     742
     702
     797
     742
     780
     684
     745
     759
     708
     772
     751
     796
     728
     798
     744
     782
     688
     730
     714
     736
     756
     745
     730
     738
     698
     724
     744
     711
     803
     714
     753
     775
     793
     709
     765
     778
     715
     740
     721
     731
     760
     752
     739
     734
     776
     738
     771
     776
     715
     744
     713
     745
     764
     734
     777
     737
     777
     732
     719
     749
     707
     782
     741
     790
     803
     739
     758
     764
     749
     780
     721
     729
     784
     730
     739
     795
     714
     747
     797
     779
     785
     772
     782
     774
     788
     769
     786
     766
     759
     759
     748
     766
     778
     777
     781
     740
     757
     858
     757
     779
     791
     795
     772
     739
     733
     781
     778
     807
     746
     740
     739
     755
     780
     789
     773
     800
     762
     733
     819
     765
     767
     776
     779
     744
     813
     756
     749
     751
     792
     797
     810
     762
     801
     765
     743
     787
     787
     783
     813
     760
     795
     764
     823
     777
     853
     808
     772
     787
     779
     744
     836
     823
     822
     750
     769
     832
     793
     786
     794
     727
     769
     812
     756
     824
     780
     832
     816
     827
     836
     777
     776
     827
     838
     817
     829
     826
     819
     839
     822
     811
     831
     792
     826
     786
     821
     825
     791
     861
     815
     871
     760
     849
     870
     801
     875
     793
     830
     808
     795
     795
     841
     842
     867
     826
     874
     803
     858
     852
     840
     827
     857
     904
     836
     840
     883
     864
     860
     913
     903
     924
     883
     852
     856
     870
     876
     854
     886
     910
     813
     840
     803
     872
     868
     918
     875
     882
     871
     879
     843
     907
     886
     880
     863
     857
     902
     885
     869
     922
     865
     839
     857
     922
     856
     944
     918
     868
     896
     937
     907
     927
     914
     886
     904
     962
     896
     887
     946
     903
     923
     928
     886
     912
     918
     934
     959
     909
     975
     952
     938
     904
     936
     973
     962
     934
     898
     946
     975
     946
     935
     949
    1022
     968
    1017
     949
     966
     984
     932
     964
     975
     969
     983
     942
    1002
    1021
     958
     985
     988
     994
    1022
     961
    1011
    1043
    1016
     969
     993
    1024
    1048
    1062
    1045
    1046
    1069
    1107
    1053
    1025
    1117
    1030
    1031
    1097
    1119
    1088
    1136
    1074
    1061
    1103
    1079
    1131
    1092
    1151
    1082
    1150
    1140
    1102
    1255
    1079
    1173
    1143
    1130
    1149
    1121
    1205
    1199
    1209
    1184
    1207
    1247
    1175
    1186
    1220
    1177
    1224
    1195
    1285
    1247
    1211
    1229
    1244
    1245
    1198
    1269
    1267
    1246
    1230
    1299
    1247
    1323
    1261
    1419
    1266
    1371
    1308
    1284
    1334
    1291
    1403
    1295
    1374
    1411
    1338
    1326
    1390
    1384
    1341
    1359
    1305
    1466
    1398
    1413
    1322
    1367
    1394
    1395
    1372
    1459
    1335
    1383
    1351
    1408
    1412
    1290
    1242
    1215
    1237
    1146
    1145
    1119
    1086
    1045
     946
    1044
     997
     984
     963
     992
     958
     973
     925
     907
     896
     979
     957
     919
     930
     933
     854
     836
     899
     889
     905
     889
     891
     898
     892
     884
     882
     876
     882
     870
     838
     837
     902
     860
     872
     886
     864
     863
     895
     885
     885
     892
     872
     780
     833
     824
     908
     846
     849
     863
     856
     832
     841
     822
     844
     838
     784
     814
     875
     859
     830
     791
     824
     796
     800
     832
     800
     831
     769
     779
     774
     795
     783
     816
     808
     813
     781
     844
     794
     808
     808
     841
     756
     769
     833
     877
     811
     853
     826
     786
     792
     789
     770
     782
     787
     800
     838
     832
     742
     796
     794
     826
     790
     765
     787
     814
     800
     784
     771
     747
     776
     790
     764
     724
     746
     793
     774
     825
     743
     791
     802
     763
     797
     728
     744
     791
     731
     821
     789
     788
     740
     784
     777
     765
     785
     769
     776
     744
     811
     776
     818
     776
     758
     793
     811
     801
     793
     778
     783
     794
     830
     807
     809
     858
     829
     741
     827
     874
     821
     806
     801
     847
     828
     803
     832
     819
     836
     809
     840
     840
     862
     850
     859
     834
     828
     866
     821
     825
     865
     893
     903
     859
     871
     934
     902
     907
     893
     947
     907
     932
     937
     962
     891
     990
     913
     895
     921
     851
     878
     892
     820
     836
     810
     827
     762
     677
     656
     658
     621
     582
     615
     545
     578
     546
     477
     550
     499
     502
     440
     469
     496
     475
     513
     493
     516
     464
     420
     439
     469
     469
     422
     411
     442
     436
     404
     415
     410
     414
     453
     418
     442
     400
     424
     429
     422
     407
     406
     437
     388
     383
     375
     402
     395
     384
     413
     393
     409
     355
     375
     388
     391
     374
     438
     432
     414
     397
     475
     482
     533
     601
     652
     694
     828
     887
    1022
    1163
    1584
    3443
   10416
   24678
   27655
   14014
    3701
     826
     319
     306
     312
     256
     285
     295
     278
     285
     315
     297
     277
     270
     264
     242
     231
     239
     267
     264
     250
     247
     223
     245
     214
     254
     252
     200
     216
     206
     232
     227
     209
     195
     185
     191
     212
     206
     198
     160
     181
     230
     180
     158
     190
     167
     201
     184
     153
     173
     159
     159
     160
     161
     155
     154
     151
     130
     146
     142
     140
     145
     119
     149
     148
     140
     138
     108
     115
     109
     100
     106
     114
     108
     118
      94
      90
      98
     102
      84
     107
     128
     128
     101
     100
      87
     106
      75
      87
      94
      76
      76
      71
      88
      77
      97
      76
      68
      93
      83
      93
      81
      66
      61
      76
      63
      79
      75
      68
      64
      66
      78
      74
      78
      61
      73
      73
      58
      70
      62
      73
      60
      69
      51
      67
      56
      62
      69
      63
      47
      66
      58
      63
      69
      83
      54
      74
      57
      72
      60
      52
      50
      57
      56
      69
      63
      50
      66
      71
      54
      62
      60
      71
      62
      56
      54
      51
      45
      73
      63
      44
      59
      68
      60
      68
      47
      57
      62
      59
      62
      64
      55
      68
      55
      55
      62
      55
      48
      62
      66
      74
      61
      54
      54
      53
      55
      48
      58
      47
      55
      58
      61
      56
      64
      64
      54
      69
      66
      80
      99
     115
     155
     158
     264
     290
     371
     421
     496
     545
     681
    1025
    1762
    5001
   14480
   23621
   19085
    7570
    1678
     276
      62
      42
      41
      35
      29
      30
      20
      25
      25
      33
      31
      21
      25
      19
      25
      24
      22
      22
      26
      16
      29
      26
      15
      28
      25
      17
      20
      25
      29
      31
      18
      21
      26
      22
      17
      32
      25
      24
      22
      11
      20
      27
      28
      25
      25
      23
      13
      24
      23
      19
      20
      31
      23
      24
      25
      19
      17
      28
      20
      19
      25
      28
      27
      29
      21
      31
      24
      23
      21
      23
      29
      21
      24
      28
      28
      25
      22
      16
      19
      23
      15
      27
      24
      22
      18
      27
      17
      23
      23
      24
      22
      24
      20
      25
      27
      21
      27
      25
      30
      14
      19
      20
      21
      16
      16
      27
      18
      25
      26
      22
      17
      27
      20
      17
      24
      20
      18
      26
      32
      17
      24
      23
      21
      24
      21
      27
      17
      31
      25
      16
      23
      11
      19
      24
      20
      18
      18
      22
      23
      31
      25
      20
      21
      28
      15
      16
      25
      23
      20
      15
      30
      20
      22
      19
      13
      21
      23
      18
      19
      16
      21
      28
      16
      17
      25
      28
      21
      35
      34
      79
      89
      64
      28
      16
      20
      21
      14
      27
      16
      16
      31
      15
      19
      21
      10
      13
      21
      16
      17
      15
      19
      20
      14
      16
      21
      21
      24
      20
      23
       0
       0
       0
       0
       0
       0
       0
       0
       0
       0
       0
       0
       0
       0
       0
       0
       0
       0
       0
       0
       0
       0
       0
       0
       0
       0
       0
       0
       0
       0
       0
       0
$ROI:
0
$PRESETS:
None
0
0
$ENER_FIT:
0.000000 0.731044
$MCA_CAL:
3
0.000000E+000 7.310444E-001 0.000000E+000 keV
$SHAPE_CAL:
3
0.000000E+000 0.000000E+000 0.000000E+000
