$SPEC_ID:
No sample description was entered.
$SPEC_REM:
DET# 4
DETDESC# JLAB-20 MCB 131
AP# Maestro Version 7.01
$DATE_MEA:
10/07/2025 00:50:02
$MEAS_TIM:
579 599
$DATA:
0 2047
       0
       0
       0
       0
       0
       0
       0
       0
       0
       0
       0
       0
       0
       0
       0
       0
       0
       0
       0
       0
       0
       0
       0
       0
       0
       0
       0
       0
       0
       0
       0
       0
       0
       0
       0
       0
       0
       0
       0
       0
       0
       0
       0
       0
       0
       0
       0
       0
       0
       0
       0
       0
       0
       0
       0
       0
       0
       0
       0
       0
       0
       0
       0
       0
       0
       0
       0
       0
       0
      33
    1228
    1435
    1418
    1363
    1380
    1471
    1397
    1414
    1362
    1379
    1369
    1340
    1398
    1336
    1308
    1387
    1359
    1316
    1296
    1376
    1346
    1354
    1316
    1360
    1331
    1366
    1409
    1330
    1428
    1530
    1360
    1480
    1556
    1347
    1375
    1337
    1298
    1332
    1281
    1344
    1323
    1367
    1366
    1364
    1328
    1403
    1324
    1326
    1355
    1404
    1339
    1222
    1322
    1347
    1295
    1346
    1282
    1335
    1320
    1393
    1349
    1379
    1363
    1276
    1371
    1333
    1271
    1316
    1277
    1329
    1328
    1366
    1252
    1276
    1322
    1276
    1307
    1296
    1294
    1275
    1261
    1299
    1287
    1349
    1296
    1315
    1274
    1300
    1277
    1299
    1355
    1310
    1286
    1360
    1290
    1296
    1306
    1347
    1283
    1358
    1368
    1376
    1286
    1371
    1341
    1321
    1320
    1289
    1251
    1306
    1339
    1341
    1306
    1345
    1302
    1339
    1269
    1295
    1254
    1273
    1306
    1336
    1266
    1269
    1337
    1374
    1341
    1365
    1308
    1318
    1290
    1255
    1246
    1274
    1256
    1367
    1398
    1235
    1299
    1267
    1305
    1277
    1266
    1239
    1286
    1255
    1305
    1303
    1296
    1206
    1195
    1266
    1267
    1274
    1261
    1241
    1226
    1279
    1254
    1279
    1202
    1232
    1179
    1257
    1279
    1198
    1198
    1226
    1250
    1183
    1230
    1200
    1142
    1263
    1244
    1199
    1160
    1170
    1231
    1249
    1218
    1189
    1206
    1174
    1182
    1175
    1192
    1184
    1175
    1112
    1246
    1244
    1150
    1188
    1119
    1155
    1173
    1146
    1230
    1182
    1180
    1190
    1184
    1200
    1169
    1212
    1206
    1181
    1179
    1244
    1304
    1166
    1215
    1279
    1332
    1310
    1331
    1418
    1369
    1424
    1485
    1469
    1426
    1579
    1509
    1544
    1497
    1480
    1440
    1450
    1468
    1506
    1428
    1555
    1487
    1427
    1460
    1432
    1391
    1357
    1377
    1339
    1410
    1405
    1360
    1361
    1394
    1337
    1301
    1322
    1357
    1376
    1389
    1326
    1367
    1402
    1291
    1326
    1345
    1338
    1288
    1230
    1187
    1316
    1300
    1210
    1301
    1157
    1246
    1274
    1256
    1311
    1210
    1219
    1232
    1203
    1229
    1207
    1268
    1208
    1197
    1212
    1164
    1219
    1224
    1253
    1196
    1165
    1211
    1174
    1227
    1191
    1142
    1116
    1138
    1154
    1135
    1098
    1192
    1113
    1175
    1115
    1068
    1122
    1221
    1120
    1095
    1182
    1117
    1089
    1065
    1019
    1141
    1127
    1060
    1114
    1044
    1093
    1021
    1022
    1125
    1068
    1010
    1003
    1022
    1029
    1065
    1029
    1050
    1028
    1096
    1027
    1039
    1072
    1017
    1036
    1043
    1039
    1032
    1034
    1052
     969
    1057
     943
    1006
    1013
     957
     993
     985
     962
     960
    1013
    1265
    1207
     992
     978
     987
     978
     967
     985
     970
     934
     976
     963
    1001
     882
     946
     960
     931
     951
     935
     993
     960
    1053
     930
     969
     907
     950
     929
     945
     939
     894
     964
     868
     930
     924
     883
     909
     921
     933
     893
     960
     900
     860
     876
     873
     885
     918
     893
     976
     903
     873
     871
     871
     851
     898
     885
     840
     902
     884
     846
     879
     848
     857
     846
     893
     886
     899
     822
     838
     882
     843
     790
     831
     918
     906
     843
     814
     874
     857
     841
     849
     817
     824
     823
     830
     791
     810
     840
     764
     793
     808
     824
     866
     832
     807
     821
     869
     792
     797
     826
     838
     849
     835
     808
     804
     832
     758
     895
     796
     759
     782
     842
     829
     796
     796
     806
     820
     798
     807
     791
     800
     781
     838
     821
     785
     810
     776
     754
     838
     764
     730
     774
     803
     798
     802
     806
     748
     820
     799
     763
     831
     787
     831
     838
     789
     806
     766
     775
     798
     737
     823
     826
     771
     818
     777
     767
     784
     846
     735
     784
     729
     750
     772
     764
     794
     817
     759
     807
     745
     796
     792
     792
     764
     789
     743
     761
     759
     754
     771
     758
     754
     743
     805
     695
     774
     764
     766
     761
     774
     751
     787
     793
     759
     741
     786
     792
     789
     764
     767
     796
     753
     818
     784
     735
     744
     729
     763
     699
     752
     809
     780
     745
     768
     775
     760
     772
     734
     706
     752
     742
     754
     771
     749
     770
     777
     776
     755
     775
     710
     750
     718
     739
     736
     738
     758
     767
     780
     764
     691
     696
     728
     758
     789
     740
     732
     748
     756
     678
     753
     715
     726
     781
     764
     727
     723
     688
     771
     753
     699
     737
     748
     728
     725
     788
     683
     749
     714
     755
     702
     732
     737
     755
     760
     757
     768
     807
     766
     730
     722
     689
     707
     791
     752
     753
     750
     697
     703
     731
     746
     730
     726
     752
     717
     799
     748
     720
     735
     746
     735
     787
     757
     754
     731
     759
     660
     750
     731
     702
     723
     727
     697
     687
     709
     767
     710
     718
     760
     720
     755
     711
     713
     749
     743
     776
     748
     748
     740
     722
     667
     742
     765
     714
     703
     734
     710
     748
     728
     737
     735
     711
     734
     707
     694
     707
     745
     720
     754
     762
     756
     769
     771
     731
     713
     738
     761
     727
     696
     712
     676
     711
     741
     720
     770
     716
     729
     742
     729
     734
     692
     702
     765
     770
     761
     703
     705
     720
     715
     769
     711
     735
     717
     714
     710
     729
     718
     722
     762
     702
     740
     718
     719
     749
     702
     744
     754
     669
     679
     773
     761
     747
     676
     749
     753
     751
     699
     720
     731
     748
     777
     732
     686
     685
     729
     731
     740
     724
     681
     728
     783
     795
     692
     698
     758
     756
     735
     765
     734
     744
     745
     698
     711
     734
     722
     740
     764
     750
     676
     708
     686
     760
     743
     763
     763
     709
     703
     716
     758
     748
     695
     766
     736
     732
     671
     705
     739
     716
     713
     779
     759
     754
     697
     729
     702
     698
     713
     755
     727
     747
     703
     776
     731
     740
     691
     725
     695
     714
     766
     794
     756
     752
     749
     751
     729
     711
     816
     792
     766
     686
     723
     728
     740
     758
     715
     727
     753
     733
     745
     764
     742
     753
     788
     706
     708
     721
     732
     727
     774
     737
     773
     789
     740
     730
     789
     792
     692
     782
     785
     771
     745
     737
     725
     769
     740
     716
     756
     759
     774
     816
     758
     747
     785
     776
     790
     721
     810
     750
     708
     748
     748
     769
     747
     750
     704
     776
     775
     750
     770
     672
     735
     789
     725
     713
     771
     725
     774
     751
     749
     744
     688
     765
     714
     745
     781
     779
     756
     772
     791
     765
     774
     732
     751
     754
     765
     774
     789
     795
     751
     797
     752
     749
     767
     781
     776
     814
     822
     766
     809
     746
     750
     754
     725
     818
     806
     832
     744
     736
     726
     728
     749
     744
     823
     753
     816
     772
     791
     801
     728
     802
     800
     756
     790
     759
     811
     771
     810
     722
     836
     780
     765
     734
     738
     757
     826
     760
     842
     800
     820
     793
     706
     750
     788
     758
     795
     775
     806
     818
     797
     791
     787
     772
     766
     708
     768
     776
     800
     773
     791
     816
     821
     846
     858
     796
     758
     797
     847
     838
     790
     792
     849
     839
     808
     804
     838
     914
     813
     806
     789
     792
     870
     772
     839
     859
     838
     828
     862
     834
     837
     784
     829
     832
     826
     833
     862
     800
     892
     823
     862
     807
     846
     800
     843
     827
     831
     835
     822
     909
     907
     902
     958
     920
     869
     905
     893
     832
     856
     866
     837
     863
     916
     849
     843
     827
     874
     864
     874
     899
     906
     858
     883
     876
     856
     886
     865
     895
     892
     858
     948
     948
     921
     893
     854
     910
     927
     904
     846
     906
     920
     867
     904
     923
     874
     884
     909
     891
     905
     856
     958
     945
     940
     891
     947
     928
     909
     965
     942
     903
     933
     973
     986
     904
     983
     955
     922
     960
     910
     979
     916
     942
    1009
     935
     878
    1006
     992
    1002
    1016
     933
     969
    1025
    1014
    1023
    1044
    1011
     969
    1001
    1009
     964
    1004
     989
    1048
    1016
    1045
     988
     975
    1056
     986
    1055
    1069
    1079
    1030
    1045
    1094
    1097
    1032
    1140
    1135
    1066
    1074
    1089
    1090
    1062
    1138
    1084
    1109
    1102
    1098
    1125
    1107
    1155
    1181
    1094
    1168
    1139
    1153
    1138
    1138
    1166
    1141
    1128
    1168
    1201
    1200
    1231
    1119
    1175
    1215
    1264
    1124
    1186
    1201
    1164
    1238
    1266
    1228
    1265
    1202
    1270
    1242
    1234
    1240
    1261
    1287
    1332
    1288
    1318
    1311
    1359
    1359
    1244
    1298
    1317
    1338
    1312
    1318
    1303
    1358
    1383
    1330
    1340
    1366
    1347
    1349
    1380
    1399
    1392
    1408
    1349
    1396
    1362
    1338
    1392
    1346
    1371
    1301
    1374
    1307
    1367
    1337
    1298
    1261
    1195
    1109
    1142
    1083
    1017
    1051
    1009
    1036
    1007
    1017
     912
     947
     988
     981
     945
     910
     926
     928
     930
     948
     862
     937
     870
     883
     915
     882
     886
     832
     907
     923
     872
     885
     872
     882
     890
     877
     909
     879
     874
     873
     910
     852
     884
     842
     826
     858
     953
     888
     852
     858
     850
     876
     852
     850
     867
     887
     828
     841
     841
     788
     863
     830
     880
     815
     875
     841
     879
     849
     839
     818
     770
     821
     812
     798
     833
     821
     832
     756
     802
     846
     869
     816
     745
     786
     827
     797
     829
     811
     842
     813
     853
     760
     829
     796
     741
     844
     829
     802
     776
     784
     729
     777
     767
     795
     754
     785
     776
     773
     748
     796
     756
     770
     780
     762
     754
     739
     795
     814
     769
     809
     812
     691
     745
     776
     748
     782
     824
     776
     791
     837
     818
     797
     767
     772
     780
     784
     798
     810
     742
     763
     803
     750
     735
     772
     835
     747
     796
     809
     768
     777
     755
     833
     793
     772
     839
     793
     826
     793
     806
     844
     825
     876
     799
     814
     834
     921
     845
     811
     837
     850
     837
     859
     857
     876
     799
     821
     833
     893
     865
     848
     882
     885
     887
     870
     873
     860
     933
     907
     902
     893
     830
     940
     871
     957
     883
     923
     924
     937
     833
     925
     839
     879
     902
     856
     876
     847
     854
     874
     838
     800
     787
     750
     683
     658
     632
     610
     566
     602
     560
     563
     513
     491
     511
     466
     513
     472
     478
     485
     475
     460
     448
     467
     516
     474
     444
     469
     436
     489
     443
     443
     465
     424
     373
     418
     424
     456
     375
     419
     398
     433
     405
     427
     395
     409
     378
     357
     402
     395
     415
     377
     385
     410
     413
     407
     367
     404
     430
     403
     408
     385
     408
     431
     454
     481
     543
     591
     668
     739
     793
     854
     979
    1042
    1534
    3039
    9506
   23193
   28474
   15655
    4299
     935
     377
     315
     283
     306
     306
     310
     274
     262
     265
     253
     270
     235
     263
     251
     282
     269
     247
     224
     260
     245
     228
     241
     232
     267
     203
     240
     226
     224
     210
     212
     212
     223
     231
     160
     220
     226
     211
     184
     195
     183
     208
     211
     160
     155
     172
     181
     162
     170
     190
     162
     153
     156
     155
     148
     141
     156
     136
     146
     139
     123
     139
     129
     129
     129
     129
     141
     123
     119
     106
     103
     111
     124
     122
     112
     104
     130
     104
     101
      93
     103
      92
     102
     112
      87
     116
      92
      88
      81
      84
      85
      80
      88
      81
      83
      90
      84
      78
      74
      77
      70
      74
      76
      75
      74
      80
      78
      94
      75
      58
      74
      67
      84
      66
      68
      75
      67
      63
      57
      66
      61
      61
      69
      52
      50
      56
      75
      65
      69
      66
      61
      73
      54
      69
      72
      60
      60
      75
      75
      62
      55
      63
      60
      67
      55
      57
      64
      64
      56
      64
      62
      53
      59
      57
      51
      53
      60
      62
      52
      65
      70
      50
      64
      56
      50
      65
      46
      52
      54
      64
      47
      43
      51
      72
      57
      50
      63
      53
      61
      55
      67
      48
      54
      58
      65
      38
      54
      55
      51
      48
      62
      50
      52
      59
      65
      66
      61
      81
      80
     116
     132
     179
     223
     309
     363
     441
     465
     557
     696
     957
    1622
    4552
   13243
   23311
   20026
    8343
    2038
     296
      60
      37
      47
      32
      34
      25
      28
      24
      33
      24
      26
      34
      25
      25
      22
      34
      30
      27
      20
      21
      26
      26
      34
      21
      25
      36
      31
      21
      24
      33
      29
      19
      26
      21
      25
      19
      22
      18
      28
      23
      27
      22
      26
      27
      19
      24
      22
      26
      25
      27
      20
      23
      23
      23
      26
      17
      29
      28
      28
      22
      23
      23
      34
      22
      18
      20
      23
      29
      13
      25
      15
      21
      23
      32
      21
      22
      29
      26
      19
      22
      27
      22
      16
      18
      18
      24
      25
      35
      22
      18
      22
      22
      22
      32
      24
      18
      23
      20
      15
      16
      25
      18
      19
      29
      20
      28
      20
      22
      21
      23
      22
      24
      15
      16
      21
      17
      18
      25
      26
      23
      18
      19
      18
      25
      16
      27
      23
      22
      13
      16
      24
      20
      24
      21
      11
      23
      17
      22
      14
      20
      26
      16
      23
      25
      13
      21
      26
      22
      17
      25
      17
      23
      18
      17
      23
      18
      17
      23
      14
      24
      23
      17
      22
      25
      21
      21
      27
      29
      49
      67
      76
      62
      24
      13
      18
      18
      20
      24
      24
      21
      21
      22
      23
      23
      20
      23
      13
      22
      15
      21
      23
      18
      21
      23
      24
      23
      16
      23
      18
       0
       0
       0
       0
       0
       0
       0
       0
       0
       0
       0
       0
       0
       0
       0
       0
       0
       0
       0
       0
       0
       0
       0
       0
       0
       0
       0
       0
       0
       0
       0
       0
$ROI:
0
$PRESETS:
None
0
0
$ENER_FIT:
0.000000 0.731044
$MCA_CAL:
3
0.000000E+000 7.310444E-001 0.000000E+000 keV
$SHAPE_CAL:
3
0.000000E+000 0.000000E+000 0.000000E+000
