$SPEC_ID:
No sample description was entered.
$SPEC_REM:
DET# 4
DETDESC# JLAB-20 MCB 131
AP# Maestro Version 7.01
$DATE_MEA:
10/06/2025 19:10:02
$MEAS_TIM:
579 600
$DATA:
0 2047
       0
       0
       0
       0
       0
       0
       0
       0
       0
       0
       0
       0
       0
       0
       0
       0
       0
       0
       0
       0
       0
       0
       0
       0
       0
       0
       0
       0
       0
       0
       0
       0
       0
       0
       0
       0
       0
       0
       0
       0
       0
       0
       0
       0
       0
       0
       0
       0
       0
       0
       0
       0
       0
       0
       0
       0
       0
       0
       0
       0
       0
       0
       0
       0
       0
       0
       0
       0
       0
      50
    1311
    1417
    1460
    1423
    1414
    1409
    1388
    1430
    1333
    1408
    1418
    1339
    1390
    1298
    1327
    1371
    1357
    1378
    1340
    1328
    1310
    1389
    1367
    1380
    1320
    1373
    1368
    1363
    1448
    1454
    1343
    1602
    1567
    1373
    1378
    1347
    1284
    1403
    1322
    1236
    1330
    1299
    1299
    1354
    1346
    1433
    1390
    1294
    1375
    1328
    1330
    1346
    1276
    1281
    1317
    1278
    1293
    1308
    1349
    1271
    1308
    1244
    1276
    1310
    1340
    1324
    1321
    1295
    1287
    1333
    1333
    1320
    1331
    1291
    1308
    1289
    1313
    1307
    1318
    1259
    1332
    1303
    1257
    1363
    1323
    1284
    1301
    1353
    1282
    1303
    1302
    1331
    1304
    1331
    1258
    1318
    1332
    1318
    1376
    1354
    1395
    1357
    1348
    1357
    1338
    1324
    1298
    1321
    1296
    1308
    1349
    1303
    1258
    1359
    1337
    1270
    1330
    1296
    1327
    1337
    1339
    1300
    1291
    1303
    1311
    1318
    1299
    1261
    1355
    1314
    1290
    1319
    1276
    1274
    1285
    1397
    1289
    1311
    1253
    1244
    1265
    1206
    1292
    1218
    1298
    1230
    1267
    1211
    1313
    1239
    1274
    1276
    1262
    1207
    1265
    1259
    1293
    1261
    1240
    1253
    1197
    1292
    1253
    1193
    1253
    1214
    1213
    1250
    1197
    1260
    1253
    1190
    1279
    1194
    1162
    1241
    1220
    1261
    1227
    1203
    1164
    1196
    1210
    1200
    1209
    1179
    1194
    1210
    1184
    1209
    1190
    1177
    1157
    1168
    1225
    1161
    1229
    1135
    1108
    1206
    1117
    1128
    1183
    1101
    1189
    1202
    1161
    1177
    1204
    1306
    1218
    1258
    1304
    1239
    1354
    1346
    1408
    1402
    1377
    1387
    1425
    1450
    1424
    1458
    1559
    1457
    1458
    1529
    1554
    1467
    1468
    1456
    1486
    1489
    1437
    1466
    1400
    1344
    1400
    1412
    1374
    1362
    1366
    1422
    1370
    1418
    1405
    1381
    1397
    1339
    1269
    1317
    1307
    1350
    1367
    1315
    1286
    1300
    1344
    1303
    1322
    1303
    1266
    1231
    1217
    1276
    1297
    1267
    1246
    1170
    1249
    1245
    1233
    1232
    1216
    1219
    1178
    1189
    1197
    1189
    1243
    1175
    1238
    1203
    1142
    1225
    1188
    1153
    1194
    1163
    1188
    1200
    1155
    1171
    1124
    1080
    1163
    1132
    1124
    1114
    1133
    1107
    1142
    1051
    1167
    1128
    1135
    1086
    1078
    1074
    1104
    1085
    1084
    1092
    1089
    1016
    1063
    1010
    1061
    1046
    1058
    1044
    1083
    1070
    1036
    1006
    1003
    1044
    1032
    1047
    1111
     984
    1038
    1066
    1016
     992
     957
     982
     934
    1038
     980
    1019
     983
     983
     971
     981
     972
     928
     971
    1019
    1006
    1024
    1279
    1214
    1022
     979
     990
     991
     948
     991
     965
     940
     985
     934
     960
    1009
     946
     961
     955
     898
     923
     991
     910
     961
     936
     928
     965
     968
     897
     915
     942
     943
     957
     906
     889
     908
     932
     925
     950
     907
     904
     931
     933
     936
     905
     893
     913
     865
     882
     925
     835
     892
     884
     876
     932
     882
     932
     909
     886
     925
     872
     891
     904
     865
     904
     877
     854
     844
     870
     818
     911
     875
     837
     849
     837
     867
     828
     822
     851
     854
     901
     899
     818
     900
     817
     808
     820
     859
     888
     830
     867
     842
     842
     796
     812
     871
     830
     807
     828
     857
     838
     817
     819
     776
     777
     837
     854
     853
     827
     834
     808
     795
     792
     805
     839
     813
     824
     835
     808
     770
     795
     830
     798
     822
     800
     791
     805
     785
     823
     770
     797
     776
     860
     849
     788
     763
     761
     825
     760
     791
     786
     798
     779
     815
     788
     764
     780
     802
     812
     759
     784
     811
     807
     785
     760
     809
     820
     810
     796
     800
     765
     814
     773
     816
     745
     826
     785
     740
     801
     758
     793
     764
     795
     837
     756
     779
     775
     754
     715
     831
     765
     795
     743
     809
     758
     742
     737
     726
     758
     756
     760
     746
     726
     720
     757
     739
     769
     751
     780
     801
     818
     734
     776
     782
     795
     765
     774
     758
     779
     719
     727
     716
     730
     751
     794
     784
     713
     758
     739
     782
     786
     741
     754
     764
     719
     776
     763
     742
     735
     741
     739
     783
     724
     754
     746
     732
     785
     752
     737
     715
     706
     731
     720
     748
     737
     744
     779
     746
     738
     777
     736
     716
     768
     718
     762
     772
     737
     742
     789
     762
     756
     717
     770
     800
     710
     747
     748
     760
     716
     765
     696
     767
     717
     747
     752
     736
     751
     785
     730
     696
     720
     744
     744
     765
     735
     770
     730
     766
     767
     743
     684
     723
     732
     687
     753
     745
     715
     744
     714
     770
     699
     736
     707
     720
     741
     740
     785
     731
     718
     723
     748
     786
     732
     734
     737
     725
     751
     680
     732
     752
     703
     724
     716
     711
     707
     739
     775
     740
     725
     748
     726
     737
     675
     741
     705
     737
     735
     731
     737
     735
     744
     753
     735
     717
     785
     724
     782
     718
     747
     749
     731
     703
     717
     669
     739
     739
     689
     710
     757
     704
     749
     712
     748
     793
     752
     691
     703
     709
     710
     742
     710
     729
     731
     771
     729
     749
     728
     682
     777
     735
     729
     750
     782
     715
     742
     768
     699
     773
     728
     760
     728
     727
     749
     794
     796
     718
     728
     730
     744
     701
     800
     753
     734
     777
     733
     746
     759
     784
     718
     730
     731
     781
     705
     745
     701
     724
     711
     711
     689
     693
     716
     721
     750
     738
     797
     697
     718
     712
     745
     695
     737
     659
     724
     763
     715
     771
     706
     737
     750
     720
     801
     742
     767
     716
     716
     751
     752
     674
     737
     743
     692
     780
     750
     694
     657
     742
     712
     656
     738
     709
     726
     728
     693
     714
     728
     759
     762
     744
     738
     752
     758
     758
     782
     777
     720
     718
     767
     734
     692
     709
     757
     765
     724
     742
     743
     744
     772
     805
     754
     704
     719
     705
     728
     692
     727
     769
     712
     733
     775
     803
     752
     809
     721
     775
     755
     751
     771
     722
     740
     791
     750
     682
     739
     735
     736
     725
     773
     737
     734
     735
     756
     783
     687
     702
     762
     761
     728
     713
     730
     741
     761
     796
     758
     761
     739
     794
     714
     758
     775
     707
     763
     761
     747
     693
     754
     769
     778
     829
     718
     773
     734
     761
     708
     745
     784
     755
     822
     769
     749
     735
     712
     773
     771
     745
     711
     758
     765
     753
     772
     771
     764
     755
     776
     730
     773
     777
     800
     739
     778
     775
     761
     759
     762
     784
     763
     765
     851
     810
     848
     773
     805
     769
     776
     725
     772
     808
     762
     740
     748
     759
     762
     768
     842
     735
     832
     773
     795
     789
     793
     761
     757
     817
     737
     761
     790
     765
     796
     786
     789
     746
     803
     807
     779
     790
     780
     823
     803
     801
     790
     792
     782
     763
     788
     790
     772
     804
     784
     778
     742
     846
     774
     802
     853
     786
     817
     786
     802
     800
     841
     800
     793
     845
     804
     770
     861
     879
     857
     859
     843
     776
     849
     806
     815
     852
     749
     835
     832
     784
     843
     833
     811
     799
     808
     837
     846
     798
     877
     771
     901
     863
     842
     767
     815
     805
     850
     802
     877
     828
     860
     850
     836
     871
     826
     847
     875
     895
     917
     956
     918
     918
     894
     837
     894
     872
     829
     856
     893
     857
     889
     885
     872
     872
     857
     834
     855
     914
     846
     904
     890
     853
     829
     864
     876
     828
     895
     898
     921
     967
     899
     871
     857
     909
     906
     896
     858
     911
     871
     888
     927
     926
     882
     932
     874
     869
     946
     868
     892
     886
     920
     936
     929
     862
     922
     909
     902
     946
     979
    1002
     964
     936
     933
     918
     969
     976
     925
     964
     987
     915
     935
     974
     964
     982
    1020
     997
     975
    1071
    1050
    1033
     965
     979
    1033
     964
     968
     997
    1022
     974
    1008
     998
    1041
    1008
    1029
    1066
    1013
    1020
    1043
    1052
    1073
    1053
    1018
    1085
    1043
    1081
    1109
    1032
    1105
    1167
    1121
    1070
    1121
    1121
    1096
    1071
    1105
    1143
    1105
    1165
    1088
    1130
    1105
    1106
    1114
    1160
    1180
    1137
    1147
    1167
    1113
    1138
    1147
    1185
    1271
    1188
    1209
    1180
    1149
    1199
    1224
    1163
    1245
    1235
    1203
    1186
    1253
    1232
    1246
    1281
    1267
    1267
    1262
    1251
    1324
    1337
    1262
    1271
    1254
    1262
    1378
    1370
    1256
    1283
    1255
    1392
    1272
    1356
    1436
    1352
    1346
    1349
    1384
    1326
    1367
    1359
    1355
    1438
    1405
    1349
    1363
    1387
    1375
    1356
    1436
    1373
    1350
    1344
    1289
    1311
    1302
    1256
    1247
    1148
    1275
    1195
    1072
    1045
    1117
    1031
     993
    1029
     940
     941
     972
     980
     940
     938
     918
     887
     920
     866
     924
     930
     896
     930
     891
     909
     913
     890
     896
     901
     877
     846
     824
     905
     857
     820
     889
     865
     869
     886
     848
     860
     840
     851
     888
     823
     880
     852
     880
     882
     832
     813
     871
     803
     821
     864
     866
     843
     844
     862
     806
     868
     845
     852
     863
     876
     813
     784
     872
     784
     812
     792
     846
     808
     826
     851
     831
     835
     844
     806
     825
     823
     802
     769
     745
     816
     791
     799
     796
     805
     800
     744
     815
     832
     730
     794
     828
     843
     781
     803
     772
     771
     775
     782
     774
     808
     842
     785
     780
     782
     763
     794
     809
     796
     790
     768
     779
     779
     760
     806
     777
     784
     786
     795
     789
     830
     760
     781
     792
     800
     779
     763
     755
     784
     809
     743
     769
     753
     767
     781
     785
     763
     865
     759
     777
     771
     727
     790
     805
     763
     822
     787
     779
     762
     749
     778
     820
     834
     780
     796
     856
     807
     857
     839
     834
     839
     867
     860
     844
     810
     848
     885
     844
     883
     881
     870
     854
     847
     871
     877
     876
     905
     847
     914
     902
     900
     920
     849
     928
     873
     939
     913
     842
     919
     931
     927
     848
     912
     951
     907
     925
     924
     890
     903
     872
     850
     898
     837
     855
     813
     831
     809
     743
     703
     724
     612
     622
     577
     576
     614
     575
     510
     512
     525
     518
     503
     495
     490
     460
     497
     508
     481
     467
     461
     435
     481
     467
     425
     467
     465
     445
     423
     431
     435
     458
     433
     432
     472
     410
     439
     429
     387
     376
     391
     389
     442
     421
     416
     386
     394
     412
     390
     388
     378
     397
     395
     410
     380
     366
     393
     399
     407
     414
     459
     454
     495
     532
     664
     644
     789
     776
     870
     988
    1227
    1751
    4041
   13099
   27021
   26225
   11430
    2591
     601
     378
     279
     328
     315
     304
     301
     280
     271
     285
     255
     285
     260
     262
     286
     248
     269
     220
     264
     252
     241
     229
     241
     228
     242
     234
     233
     222
     233
     226
     204
     198
     211
     232
     229
     200
     209
     216
     186
     180
     210
     216
     172
     174
     185
     185
     173
     177
     141
     139
     155
     158
     168
     149
     158
     142
     137
     136
     159
     117
     126
     131
     131
     129
     111
     102
     105
     132
     128
     119
     114
     120
     114
     115
      98
     113
     103
      97
      91
      89
     105
      89
      95
      98
      86
     102
      93
      67
      88
      89
      85
      70
      80
      91
      70
      68
      83
      78
      64
      76
      72
      64
      70
      69
      86
      72
      67
      91
      72
      67
      67
      57
      61
      65
      75
      77
      61
      63
      74
      53
      60
      62
      74
      56
      61
      71
      88
      61
      59
      56
      57
      49
      75
      62
      77
      65
      52
      61
      63
      64
      65
      68
      64
      52
      66
      59
      66
      60
      64
      48
      60
      57
      52
      62
      54
      53
      59
      49
      58
      59
      59
      64
      53
      64
      52
      40
      60
      57
      50
      57
      49
      62
      63
      49
      58
      61
      50
      59
      46
      56
      40
      46
      49
      59
      55
      41
      59
      53
      61
      50
      59
      55
      63
      57
      64
      81
      69
      67
      95
     102
     163
     182
     228
     301
     375
     424
     478
     563
     735
    1092
    2234
    6584
   17257
   24034
   16237
    5362
    1111
     163
      37
      35
      30
      24
      36
      32
      27
      29
      28
      24
      35
      30
      29
      36
      30
      23
      22
      23
      45
      35
      26
      26
      32
      20
      24
      24
      18
      25
      34
      26
      39
      30
      27
      27
      28
      19
      18
      21
      27
      26
      29
      25
      34
      19
      20
      25
      24
      25
      27
      20
      25
      23
      23
      16
      21
      26
      30
      16
      26
      26
      24
      21
      17
      18
      31
      26
      29
      32
      19
      22
      21
      26
      29
      32
      24
      16
      21
      24
      37
      27
      25
      27
      24
      25
      28
      24
      26
      32
      18
      27
      27
      26
      18
      25
      24
      18
      27
      29
      19
      22
      21
      21
      17
      19
      35
      20
      31
      23
      31
      16
      20
      14
      20
      17
      23
      25
      26
       9
      20
      24
      18
      27
      24
      18
      26
      25
      13
      22
      19
      19
      23
      19
      25
      16
      26
      22
      24
      12
      26
      24
      24
      20
       9
      17
      22
      23
      21
      16
      17
      25
      18
      16
      23
      17
      19
      16
      19
      21
      20
      22
      23
      15
      28
      13
      25
      32
      20
      24
      51
      79
      64
      30
      32
      24
      25
      15
      18
      14
      21
      20
      22
      15
      27
      15
      16
      18
      20
      22
      12
      20
      20
      20
      26
      24
      15
      24
      18
      20
      21
       0
       0
       0
       0
       0
       0
       0
       0
       0
       0
       0
       0
       0
       0
       0
       0
       0
       0
       0
       0
       0
       0
       0
       0
       0
       0
       0
       0
       0
       0
       0
       0
$ROI:
0
$PRESETS:
None
0
0
$ENER_FIT:
0.000000 0.731044
$MCA_CAL:
3
0.000000E+000 7.310444E-001 0.000000E+000 keV
$SHAPE_CAL:
3
0.000000E+000 0.000000E+000 0.000000E+000
