$SPEC_ID:
No sample description was entered.
$SPEC_REM:
DET# 4
DETDESC# JLAB-20 MCB 131
AP# Maestro Version 7.01
$DATE_MEA:
10/07/2025 22:20:02
$MEAS_TIM:
579 599
$DATA:
0 2047
       0
       0
       0
       0
       0
       0
       0
       0
       0
       0
       0
       0
       0
       0
       0
       0
       0
       0
       0
       0
       0
       0
       0
       0
       0
       0
       0
       0
       0
       0
       0
       0
       0
       0
       0
       0
       0
       0
       0
       0
       0
       0
       0
       0
       0
       0
       0
       0
       0
       0
       0
       0
       0
       0
       0
       0
       0
       0
       0
       0
       0
       0
       0
       0
       0
       0
       0
       0
       0
      40
    1318
    1353
    1397
    1370
    1429
    1397
    1290
    1352
    1380
    1324
    1303
    1360
    1364
    1368
    1331
    1304
    1387
    1362
    1415
    1369
    1381
    1347
    1309
    1380
    1395
    1366
    1384
    1310
    1414
    1482
    1396
    1533
    1461
    1416
    1402
    1425
    1295
    1283
    1288
    1307
    1350
    1324
    1381
    1355
    1363
    1337
    1394
    1316
    1379
    1331
    1291
    1346
    1303
    1282
    1356
    1312
    1325
    1326
    1331
    1335
    1301
    1324
    1305
    1216
    1356
    1415
    1398
    1352
    1399
    1264
    1257
    1329
    1260
    1360
    1354
    1389
    1303
    1304
    1338
    1291
    1333
    1329
    1309
    1272
    1274
    1334
    1302
    1231
    1248
    1241
    1329
    1262
    1313
    1245
    1303
    1259
    1272
    1320
    1373
    1328
    1328
    1395
    1302
    1300
    1356
    1298
    1282
    1331
    1362
    1365
    1337
    1294
    1273
    1264
    1263
    1311
    1367
    1370
    1272
    1281
    1285
    1309
    1293
    1338
    1248
    1362
    1294
    1291
    1312
    1293
    1260
    1306
    1290
    1294
    1375
    1336
    1345
    1344
    1302
    1205
    1257
    1196
    1209
    1295
    1263
    1288
    1293
    1278
    1222
    1219
    1192
    1219
    1244
    1214
    1278
    1259
    1204
    1174
    1280
    1245
    1227
    1205
    1293
    1166
    1215
    1233
    1195
    1194
    1237
    1259
    1169
    1236
    1233
    1182
    1211
    1219
    1161
    1200
    1201
    1110
    1214
    1202
    1201
    1173
    1203
    1153
    1172
    1194
    1163
    1156
    1134
    1114
    1191
    1188
    1190
    1149
    1198
    1204
    1160
    1156
    1199
    1163
    1194
    1134
    1159
    1199
    1203
    1229
    1214
    1158
    1206
    1195
    1143
    1274
    1275
    1313
    1385
    1348
    1372
    1366
    1385
    1388
    1450
    1558
    1543
    1488
    1503
    1473
    1428
    1543
    1461
    1445
    1515
    1471
    1403
    1472
    1431
    1379
    1394
    1460
    1339
    1389
    1357
    1391
    1361
    1393
    1336
    1388
    1319
    1360
    1369
    1329
    1299
    1333
    1383
    1328
    1314
    1328
    1298
    1282
    1307
    1345
    1220
    1297
    1280
    1259
    1239
    1214
    1255
    1218
    1227
    1209
    1241
    1268
    1196
    1158
    1192
    1205
    1243
    1188
    1198
    1219
    1195
    1156
    1195
    1142
    1180
    1165
    1187
    1118
    1198
    1121
    1213
    1112
    1085
    1134
    1088
    1123
    1146
    1153
    1093
    1126
    1078
    1088
    1120
    1067
    1072
    1190
    1103
    1103
    1013
    1061
    1058
    1088
    1111
    1127
    1023
    1083
    1095
    1086
     978
    1046
    1031
    1050
    1000
    1043
    1048
    1062
    1029
    1029
    1031
     982
    1119
    1053
    1001
    1016
    1064
     959
     892
     974
     962
    1055
     985
    1007
     994
     990
     989
     937
     947
    1003
     949
     964
    1211
    1322
    1059
     967
     984
     953
     982
     929
     936
     950
     959
     955
     983
     942
     907
     964
     945
     992
     912
     957
     946
    1013
     909
     991
     899
     876
     944
     955
     929
     920
     910
     847
     891
     945
     977
     940
     915
     908
     898
     878
     900
     947
     889
     981
     900
     882
     928
     916
     862
     843
     843
     871
     869
     890
     840
     830
     890
     956
     887
     867
     844
     879
     909
     887
     880
     919
     861
     833
     896
     854
     849
     841
     913
     873
     895
     881
     879
     864
     812
     816
     895
     856
     850
     794
     822
     812
     834
     839
     842
     849
     865
     829
     814
     854
     799
     894
     790
     840
     876
     868
     849
     816
     831
     794
     806
     793
     831
     823
     803
     807
     814
     855
     833
     808
     774
     799
     832
     770
     804
     768
     768
     801
     850
     867
     872
     771
     757
     751
     802
     803
     761
     808
     790
     780
     774
     805
     782
     765
     809
     795
     752
     756
     818
     779
     800
     792
     780
     801
     810
     805
     823
     792
     801
     781
     742
     811
     774
     762
     785
     821
     807
     793
     747
     783
     786
     769
     782
     838
     735
     769
     759
     776
     764
     772
     737
     756
     811
     752
     785
     733
     751
     771
     752
     788
     778
     708
     797
     750
     786
     772
     754
     770
     760
     742
     733
     769
     791
     766
     790
     780
     739
     769
     756
     739
     771
     750
     772
     759
     742
     766
     789
     767
     731
     761
     768
     746
     718
     740
     788
     764
     680
     808
     744
     762
     761
     730
     757
     715
     796
     731
     694
     692
     745
     752
     713
     718
     803
     754
     767
     802
     742
     757
     744
     755
     743
     766
     759
     774
     717
     779
     730
     768
     785
     715
     727
     730
     755
     703
     764
     751
     751
     759
     703
     758
     774
     728
     697
     733
     735
     738
     745
     769
     787
     786
     752
     768
     798
     736
     700
     729
     708
     765
     711
     706
     749
     731
     739
     732
     728
     708
     702
     698
     720
     716
     804
     770
     773
     710
     716
     791
     735
     760
     758
     709
     698
     733
     657
     725
     746
     749
     762
     685
     754
     730
     727
     729
     729
     719
     701
     738
     766
     719
     738
     736
     713
     711
     754
     736
     736
     711
     759
     701
     677
     729
     742
     772
     756
     709
     767
     683
     722
     701
     757
     753
     696
     699
     749
     752
     760
     713
     754
     750
     778
     735
     709
     716
     791
     711
     703
     727
     724
     735
     766
     707
     709
     719
     739
     722
     711
     688
     713
     767
     752
     746
     746
     763
     741
     717
     709
     754
     732
     747
     784
     706
     732
     727
     741
     733
     746
     719
     708
     709
     729
     753
     796
     719
     734
     771
     695
     706
     706
     700
     655
     736
     744
     715
     725
     726
     708
     721
     712
     754
     746
     733
     712
     812
     699
     747
     770
     701
     764
     734
     758
     720
     717
     689
     717
     726
     681
     720
     716
     695
     698
     753
     719
     749
     736
     773
     733
     729
     697
     729
     730
     694
     777
     680
     738
     740
     725
     729
     728
     707
     696
     760
     734
     774
     706
     687
     781
     758
     723
     721
     736
     741
     721
     753
     754
     733
     775
     766
     708
     716
     743
     707
     707
     750
     705
     726
     718
     758
     710
     722
     718
     700
     723
     791
     785
     741
     744
     792
     721
     737
     803
     740
     752
     780
     754
     702
     672
     759
     745
     745
     775
     755
     713
     757
     739
     752
     810
     738
     709
     785
     761
     753
     753
     731
     792
     733
     753
     784
     736
     720
     735
     740
     739
     740
     761
     730
     752
     726
     756
     769
     753
     766
     756
     768
     693
     741
     741
     760
     773
     759
     721
     786
     735
     731
     739
     771
     757
     734
     752
     751
     766
     728
     771
     757
     800
     718
     768
     728
     772
     752
     725
     767
     786
     774
     789
     720
     777
     767
     749
     733
     750
     789
     787
     811
     783
     717
     710
     770
     791
     748
     784
     773
     746
     788
     813
     785
     782
     781
     770
     751
     770
     783
     753
     803
     782
     782
     782
     814
     776
     808
     752
     789
     738
     776
     767
     779
     769
     776
     752
     759
     811
     751
     747
     823
     826
     817
     790
     773
     779
     768
     783
     763
     736
     784
     780
     749
     763
     783
     767
     807
     792
     809
     770
     791
     821
     785
     821
     769
     771
     786
     808
     783
     844
     823
     746
     772
     843
     820
     797
     787
     823
     761
     788
     807
     810
     792
     743
     780
     818
     811
     855
     826
     793
     796
     834
     834
     893
     781
     814
     799
     791
     804
     796
     825
     858
     802
     818
     877
     841
     836
     828
     852
     817
     898
     899
     884
     957
     803
     877
     779
     859
     884
     912
     947
     926
     862
     839
     841
     876
     839
     875
     853
     869
     889
     849
     862
     823
     880
     862
     891
     850
     876
     828
     897
     846
     887
     908
     894
     858
     896
     860
     925
     858
     920
     928
     876
     862
     930
     893
     897
     902
     903
     899
     893
     906
     897
     887
     901
     917
     938
     884
     957
     873
     910
     934
     901
     919
     930
     998
     954
     950
     959
     971
     955
     932
     994
     940
     939
     930
     963
     915
     947
     943
     997
    1004
     929
    1011
     969
     981
     971
     986
    1011
    1003
     973
     956
     952
    1034
    1054
     998
     993
     976
     997
     971
    1027
     999
     998
     968
    1007
     953
    1049
    1030
    1012
    1027
    1014
    1107
    1020
    1046
    1085
    1051
    1069
    1045
    1117
    1102
    1072
    1028
    1076
    1144
    1076
    1049
    1073
    1143
    1171
    1112
    1098
    1081
    1155
    1110
    1109
    1122
    1165
    1188
    1135
    1168
    1126
    1127
    1204
    1177
    1213
    1152
    1220
    1126
    1149
    1141
    1160
    1233
    1173
    1224
    1269
    1253
    1317
    1279
    1249
    1253
    1304
    1289
    1300
    1265
    1298
    1291
    1294
    1352
    1344
    1293
    1313
    1304
    1300
    1345
    1363
    1310
    1353
    1383
    1329
    1353
    1361
    1368
    1321
    1362
    1396
    1328
    1327
    1345
    1362
    1376
    1403
    1412
    1376
    1379
    1384
    1367
    1380
    1353
    1392
    1302
    1300
    1308
    1245
    1180
    1184
    1103
    1085
    1077
     984
     987
    1018
    1019
     969
     985
     922
     938
     934
     918
     913
     935
     929
     899
     990
     926
     888
     880
     986
     956
     906
     882
     907
     865
     925
     882
     909
     890
     934
     904
     881
     879
     835
     943
     862
     878
     835
     855
     853
     824
     843
     844
     798
     812
     835
     821
     812
     850
     842
     839
     873
     816
     806
     821
     828
     782
     853
     842
     816
     826
     856
     848
     821
     851
     846
     855
     847
     802
     800
     840
     806
     828
     803
     757
     842
     828
     827
     867
     799
     802
     824
     838
     784
     826
     783
     808
     790
     812
     799
     774
     802
     784
     783
     765
     802
     838
     772
     790
     804
     744
     789
     753
     765
     794
     744
     775
     754
     763
     775
     744
     765
     834
     779
     718
     801
     847
     744
     771
     784
     782
     826
     712
     727
     828
     843
     731
     784
     790
     776
     792
     758
     841
     809
     762
     770
     767
     707
     814
     800
     785
     808
     764
     814
     785
     759
     776
     761
     803
     776
     789
     791
     809
     783
     812
     844
     824
     855
     820
     818
     841
     823
     858
     878
     807
     863
     822
     844
     870
     832
     840
     867
     885
     841
     829
     880
     905
     882
     893
     896
     888
     811
     893
     877
     958
     914
     885
     900
     888
     851
     928
     885
     872
     885
     902
     895
     905
     928
     846
     877
     862
     834
     855
     826
     834
     788
     803
     726
     735
     643
     601
     571
     597
     549
     529
     571
     504
     550
     502
     480
     484
     500
     496
     507
     492
     473
     458
     449
     433
     455
     465
     470
     478
     479
     448
     450
     463
     469
     416
     410
     388
     443
     421
     384
     409
     409
     398
     441
     405
     407
     384
     444
     367
     410
     409
     380
     387
     392
     399
     386
     392
     376
     394
     390
     380
     361
     395
     405
     435
     497
     529
     595
     669
     735
     809
     885
     897
    1114
    1601
    3054
    9358
   23199
   28532
   15725
    4445
     945
     379
     303
     284
     304
     268
     272
     283
     265
     276
     279
     283
     275
     290
     285
     274
     232
     272
     260
     236
     255
     244
     237
     212
     231
     226
     251
     244
     202
     234
     202
     205
     174
     191
     189
     208
     199
     180
     197
     208
     196
     193
     176
     181
     169
     175
     179
     170
     171
     151
     174
     151
     138
     144
     147
     158
     143
     126
     144
     128
     125
     125
     145
     122
     124
     133
     137
     100
     114
     119
     113
     131
     108
     109
     119
     104
     115
      94
      87
      76
      95
      88
      85
      98
     116
      90
      87
      84
      82
      73
      89
      68
      71
      72
      72
      64
      90
      79
      61
      67
      70
      74
      62
      63
      70
      67
      80
      70
      69
      81
      64
      78
      70
      70
      64
      77
      60
      61
      62
      63
      58
      70
      53
      59
      58
      66
      54
      71
      77
      57
      49
      76
      73
      71
      61
      60
      61
      65
      64
      66
      68
      58
      66
      53
      47
      48
      68
      58
      70
      45
      59
      54
      56
      59
      51
      60
      61
      62
      44
      54
      63
      48
      61
      49
      61
      55
      59
      49
      60
      58
      67
      59
      58
      62
      48
      53
      37
      51
      51
      51
      51
      56
      70
      56
      53
      52
      46
      52
      44
      65
      54
      53
      57
      78
      56
      59
      80
      80
      85
      91
     140
     175
     235
     283
     339
     439
     459
     583
     715
     890
    1552
    4360
   12942
   23197
   20266
    8686
    2028
     345
      63
      26
      36
      27
      32
      33
      31
      33
      27
      23
      28
      18
      27
      35
      30
      21
      25
      27
      19
      29
      23
      18
      28
      26
      16
      22
      34
      28
      21
      26
      26
      27
      23
      27
      22
      30
      39
      30
      30
      29
      20
      21
      21
      38
      25
      24
      19
      41
      18
      28
      19
      17
      19
      23
      26
      22
      35
      24
      30
      20
      18
      26
      22
      17
      26
      26
      20
      26
      20
      19
      27
      18
      18
      31
      27
      22
      18
      26
      24
      21
      25
      21
      23
      23
      15
      19
      25
      28
      28
      20
      25
      15
      19
      19
      34
      28
      21
      25
      22
      21
      21
      19
      15
      28
      22
      28
      25
      16
      21
      26
      24
      24
      26
      21
      22
      35
      23
      25
      17
      14
      24
      23
      24
      20
      25
      27
      20
      18
      24
      21
      23
      25
      19
      22
      30
      25
      17
      25
      21
      24
      24
      27
      22
      23
      23
      22
      16
      26
      22
      17
      25
      30
      15
      17
      22
      17
      18
      18
      19
      22
      20
      25
      23
      16
      21
      26
      27
      27
      40
      78
      74
      60
      30
      17
      23
      17
      21
      21
      13
      22
      24
      20
      22
      21
      23
      13
      10
      15
      23
      17
      22
      24
      12
      28
      29
      18
      14
      14
      14
       0
       0
       0
       0
       0
       0
       0
       0
       0
       0
       0
       0
       0
       0
       0
       0
       0
       0
       0
       0
       0
       0
       0
       0
       0
       0
       0
       0
       0
       0
       0
       0
$ROI:
0
$PRESETS:
None
0
0
$ENER_FIT:
0.000000 0.731044
$MCA_CAL:
3
0.000000E+000 7.310444E-001 0.000000E+000 keV
$SHAPE_CAL:
3
0.000000E+000 0.000000E+000 0.000000E+000
