$SPEC_ID:
No sample description was entered.
$SPEC_REM:
DET# 4
DETDESC# JLAB-20 MCB 131
AP# Maestro Version 7.01
$DATE_MEA:
10/07/2025 09:00:02
$MEAS_TIM:
579 599
$DATA:
0 2047
       0
       0
       0
       0
       0
       0
       0
       0
       0
       0
       0
       0
       0
       0
       0
       0
       0
       0
       0
       0
       0
       0
       0
       0
       0
       0
       0
       0
       0
       0
       0
       0
       0
       0
       0
       0
       0
       0
       0
       0
       0
       0
       0
       0
       0
       0
       0
       0
       0
       0
       0
       0
       0
       0
       0
       0
       0
       0
       0
       0
       0
       0
       0
       0
       0
       0
       0
       0
       0
      38
    1346
    1416
    1360
    1378
    1424
    1362
    1332
    1370
    1407
    1426
    1363
    1338
    1398
    1275
    1413
    1384
    1433
    1296
    1347
    1342
    1355
    1386
    1361
    1328
    1348
    1254
    1375
    1370
    1453
    1463
    1380
    1522
    1541
    1389
    1361
    1285
    1325
    1289
    1392
    1273
    1294
    1343
    1377
    1246
    1377
    1428
    1333
    1369
    1347
    1394
    1374
    1283
    1315
    1324
    1344
    1311
    1272
    1334
    1328
    1304
    1305
    1281
    1319
    1288
    1352
    1328
    1285
    1286
    1275
    1335
    1286
    1314
    1336
    1279
    1286
    1239
    1321
    1351
    1237
    1276
    1336
    1274
    1285
    1303
    1327
    1267
    1308
    1388
    1384
    1320
    1320
    1323
    1307
    1288
    1360
    1255
    1321
    1272
    1293
    1294
    1300
    1322
    1344
    1309
    1342
    1276
    1360
    1329
    1274
    1424
    1301
    1277
    1301
    1293
    1287
    1309
    1283
    1334
    1271
    1309
    1275
    1370
    1361
    1308
    1339
    1313
    1310
    1287
    1273
    1297
    1320
    1285
    1249
    1285
    1350
    1294
    1362
    1321
    1211
    1312
    1301
    1318
    1299
    1286
    1267
    1264
    1258
    1274
    1270
    1233
    1301
    1268
    1285
    1274
    1295
    1189
    1282
    1231
    1211
    1218
    1261
    1250
    1239
    1258
    1204
    1211
    1191
    1261
    1232
    1254
    1209
    1217
    1258
    1222
    1251
    1196
    1198
    1226
    1210
    1194
    1176
    1227
    1169
    1239
    1209
    1203
    1143
    1227
    1179
    1205
    1101
    1199
    1147
    1182
    1169
    1180
    1109
    1236
    1233
    1189
    1161
    1166
    1159
    1123
    1166
    1260
    1210
    1186
    1205
    1175
    1222
    1240
    1171
    1322
    1295
    1339
    1380
    1364
    1406
    1483
    1401
    1461
    1493
    1484
    1540
    1487
    1508
    1574
    1530
    1480
    1530
    1519
    1455
    1437
    1492
    1446
    1369
    1418
    1421
    1409
    1388
    1331
    1402
    1384
    1387
    1391
    1382
    1430
    1397
    1311
    1327
    1308
    1295
    1366
    1335
    1300
    1236
    1312
    1314
    1224
    1350
    1246
    1354
    1315
    1287
    1255
    1260
    1298
    1235
    1239
    1213
    1204
    1250
    1209
    1193
    1220
    1206
    1162
    1285
    1244
    1207
    1186
    1180
    1186
    1185
    1232
    1137
    1187
    1188
    1161
    1213
    1163
    1131
    1118
    1172
    1149
    1122
    1126
    1090
    1157
    1122
    1111
    1150
    1096
    1132
    1070
    1087
    1104
    1057
    1104
    1076
    1119
    1032
    1070
    1121
    1124
    1073
    1062
    1013
    1090
    1065
    1046
    1057
     998
    1050
    1036
    1033
    1056
    1000
    1003
    1040
    1037
    1056
    1029
     957
    1023
    1053
    1013
    1020
     980
    1060
     997
    1016
     980
    1001
     980
    1024
     979
    1031
     983
     955
     941
    1198
    1198
     971
     968
    1009
     971
     975
     976
     984
     918
     961
    1027
     901
     912
     984
    1022
     977
     921
     904
     937
     880
     903
     951
     933
     915
     925
     877
     862
     860
     897
     875
     933
     901
     923
     909
     932
     849
     899
     917
     880
     910
     876
     902
     884
     942
     890
     901
     924
     912
     933
     896
     854
     877
     830
     890
     832
     883
     843
     852
     887
     861
     858
     896
     848
     808
     865
     870
     880
     842
     844
     841
     825
     848
     816
     850
     835
     866
     881
     795
     872
     864
     853
     770
     861
     842
     828
     859
     795
     870
     830
     874
     873
     811
     791
     820
     839
     818
     849
     841
     826
     838
     814
     829
     758
     814
     818
     801
     837
     841
     861
     842
     825
     769
     791
     764
     850
     812
     804
     824
     809
     810
     777
     783
     812
     836
     823
     768
     785
     832
     862
     831
     831
     782
     779
     758
     812
     818
     785
     782
     791
     816
     847
     791
     814
     800
     737
     793
     764
     821
     795
     764
     822
     777
     785
     789
     791
     767
     777
     795
     803
     832
     782
     730
     844
     807
     769
     764
     753
     743
     776
     706
     819
     816
     746
     790
     758
     793
     735
     741
     787
     773
     817
     797
     751
     796
     745
     736
     690
     760
     697
     739
     751
     774
     754
     750
     730
     811
     790
     766
     744
     743
     791
     798
     787
     737
     781
     797
     723
     776
     760
     766
     713
     769
     732
     790
     778
     775
     746
     785
     744
     708
     750
     773
     769
     801
     700
     780
     793
     783
     734
     759
     732
     748
     701
     740
     718
     765
     738
     739
     740
     755
     719
     739
     728
     815
     747
     732
     797
     740
     740
     728
     758
     734
     766
     720
     728
     803
     765
     724
     742
     748
     727
     731
     766
     779
     760
     766
     754
     728
     735
     767
     751
     814
     796
     799
     744
     745
     737
     710
     738
     742
     760
     713
     727
     724
     728
     749
     739
     767
     698
     707
     723
     739
     731
     783
     741
     693
     736
     714
     759
     731
     726
     759
     740
     736
     707
     779
     727
     749
     729
     704
     748
     737
     734
     772
     706
     679
     730
     718
     719
     758
     733
     681
     748
     708
     720
     759
     761
     743
     739
     686
     746
     759
     717
     730
     755
     743
     711
     710
     721
     696
     755
     728
     732
     664
     697
     764
     713
     705
     696
     720
     770
     732
     671
     671
     739
     719
     770
     742
     709
     776
     734
     754
     706
     732
     728
     730
     691
     775
     692
     665
     799
     737
     739
     728
     715
     728
     759
     721
     723
     750
     702
     725
     711
     717
     722
     724
     777
     732
     729
     698
     724
     690
     777
     685
     788
     708
     779
     728
     777
     761
     730
     742
     750
     754
     700
     763
     796
     776
     667
     711
     737
     748
     723
     760
     729
     725
     716
     756
     752
     746
     766
     708
     718
     720
     696
     727
     729
     753
     767
     726
     760
     749
     775
     732
     723
     713
     732
     685
     749
     756
     718
     726
     712
     676
     743
     741
     747
     739
     746
     743
     706
     755
     784
     697
     796
     770
     790
     744
     734
     800
     770
     742
     742
     767
     706
     740
     799
     785
     751
     718
     673
     773
     795
     761
     704
     734
     733
     761
     808
     789
     766
     791
     786
     757
     770
     714
     757
     729
     708
     732
     736
     712
     714
     723
     766
     748
     695
     727
     732
     704
     749
     754
     729
     720
     748
     731
     746
     697
     758
     710
     699
     767
     751
     763
     767
     737
     781
     734
     756
     736
     778
     701
     692
     758
     740
     722
     729
     762
     751
     745
     756
     758
     727
     738
     777
     732
     722
     762
     776
     804
     750
     817
     765
     758
     799
     738
     787
     767
     733
     730
     774
     763
     760
     745
     770
     772
     768
     798
     741
     747
     724
     804
     753
     758
     799
     752
     775
     771
     752
     753
     732
     756
     794
     776
     777
     761
     767
     765
     766
     776
     800
     775
     742
     793
     770
     770
     811
     770
     724
     775
     711
     737
     771
     762
     777
     759
     832
     780
     712
     812
     805
     771
     800
     836
     786
     808
     769
     767
     787
     742
     758
     847
     771
     805
     771
     761
     760
     800
     785
     758
     714
     802
     804
     794
     739
     786
     803
     744
     721
     811
     809
     786
     812
     770
     804
     797
     785
     811
     822
     801
     824
     794
     813
     810
     799
     796
     801
     814
     807
     823
     815
     860
     756
     825
     779
     818
     849
     821
     764
     820
     811
     845
     818
     792
     816
     836
     778
     826
     833
     851
     900
     869
     746
     841
     755
     815
     822
     798
     803
     832
     810
     871
     859
     877
     854
     828
     791
     843
     825
     802
     881
     819
     892
     836
     920
     922
     889
     861
     824
     829
     860
     904
     823
     844
     882
     930
     863
     855
     873
     932
     864
     862
     897
     879
     869
     882
     870
     918
     877
     865
     899
     886
     884
     876
     854
     927
     877
     918
     879
     901
     888
     901
     900
     897
     959
     949
     858
     937
     942
     888
     887
     923
     980
     894
     906
     941
     912
     969
     937
     936
     939
     927
     925
     930
     898
     959
     920
     930
     957
     868
     967
     967
     919
     947
     951
     967
     949
     941
     992
     986
     948
     966
     991
    1018
     943
     990
    1030
     938
     970
    1042
    1035
     954
     964
     989
     943
    1025
    1058
    1027
     981
    1049
     991
    1069
    1037
    1038
    1002
    1058
    1065
    1030
    1024
    1076
    1051
    1071
    1064
    1020
    1081
    1135
    1100
    1032
    1092
    1103
    1074
    1097
    1159
    1159
    1129
    1177
    1147
    1184
    1183
    1196
    1146
    1092
    1155
    1089
    1170
    1174
    1198
    1177
    1176
    1220
    1158
    1196
    1168
    1244
    1213
    1191
    1241
    1301
    1252
    1213
    1190
    1249
    1203
    1254
    1258
    1183
    1256
    1252
    1266
    1323
    1370
    1270
    1305
    1247
    1350
    1330
    1283
    1269
    1361
    1349
    1404
    1367
    1312
    1329
    1314
    1374
    1382
    1370
    1385
    1425
    1406
    1333
    1451
    1460
    1459
    1412
    1402
    1349
    1402
    1353
    1418
    1344
    1336
    1354
    1348
    1310
    1242
    1225
    1129
    1144
    1035
    1113
     977
    1065
     988
    1040
    1018
     961
     891
     994
     927
     995
     907
     908
     948
     919
     903
     922
     920
     912
     849
     957
     910
     917
     916
     860
     825
     927
     888
     846
     928
     895
     850
     846
     868
     828
     898
     819
     904
     817
     896
     891
     839
     868
     838
     862
     850
     858
     877
     870
     888
     812
     854
     825
     912
     861
     815
     868
     860
     825
     815
     851
     840
     820
     772
     869
     854
     791
     793
     833
     829
     829
     869
     783
     772
     802
     773
     779
     789
     822
     813
     778
     823
     825
     787
     828
     848
     801
     783
     739
     767
     832
     786
     776
     756
     785
     763
     769
     700
     806
     844
     777
     764
     767
     795
     770
     768
     762
     791
     784
     806
     751
     743
     772
     791
     759
     811
     776
     765
     740
     789
     796
     746
     750
     799
     807
     743
     763
     787
     779
     795
     742
     789
     769
     791
     790
     801
     766
     764
     773
     778
     783
     772
     795
     753
     775
     773
     790
     823
     785
     771
     783
     815
     793
     782
     838
     790
     803
     804
     842
     849
     830
     786
     844
     844
     860
     875
     832
     798
     826
     869
     866
     866
     858
     840
     823
     859
     858
     868
     850
     852
     930
     865
     902
     890
     887
     879
     865
     920
     909
     898
     904
     890
     959
     889
     913
     888
     941
     954
     898
     854
     840
     856
     898
     820
     791
     809
     741
     708
     664
     663
     624
     634
     592
     587
     601
     553
     480
     546
     531
     506
     527
     495
     514
     469
     477
     465
     500
     473
     473
     471
     460
     437
     434
     426
     422
     458
     438
     437
     444
     462
     451
     411
     415
     435
     439
     443
     438
     377
     380
     413
     426
     403
     396
     415
     378
     374
     401
     366
     405
     412
     353
     368
     376
     378
     391
     390
     394
     445
     450
     491
     524
     590
     674
     690
     845
     807
     980
    1064
    1427
    2469
    7401
   20268
   29604
   18755
    5868
    1213
     426
     292
     309
     300
     301
     279
     303
     262
     312
     262
     255
     248
     255
     257
     267
     245
     214
     239
     255
     252
     226
     234
     257
     231
     204
     237
     221
     244
     217
     226
     237
     190
     183
     204
     194
     182
     172
     180
     172
     186
     172
     193
     171
     189
     167
     175
     184
     172
     178
     158
     167
     158
     142
     157
     151
     128
     164
     151
     137
     122
     125
     146
     127
     125
     148
     135
     129
     123
     107
     121
     117
     104
     120
     104
     107
     104
      91
     109
      81
     114
     110
      95
      73
      81
      91
     109
      88
      75
      95
      93
      78
      81
      89
      88
     108
      73
      74
      73
      89
      78
      70
      66
      69
      55
      67
      90
      61
      63
      80
      83
      67
      75
      63
      59
      64
      66
      66
      59
      61
      76
      81
      65
      56
      53
      73
      51
      58
      68
      54
      65
      70
      65
      60
      65
      53
      60
      69
      57
      58
      55
      59
      57
      56
      58
      51
      53
      53
      50
      60
      49
      61
      69
      56
      60
      53
      71
      55
      59
      58
      47
      62
      57
      59
      55
      54
      60
      55
      59
      47
      54
      51
      62
      48
      57
      56
      71
      51
      54
      53
      64
      57
      61
      54
      60
      75
      46
      49
      53
      60
      46
      52
      72
      47
      63
      85
      73
      66
      76
     112
     129
     174
     210
     284
     310
     405
     458
     505
     585
     797
    1410
    3466
   10515
   21627
   22035
   10791
    3000
     516
      94
      39
      27
      39
      33
      26
      36
      31
      22
      27
      26
      23
      31
      20
      36
      23
      23
      22
      31
      32
      26
      27
      22
      31
      25
      34
      23
      22
      22
      29
      28
      27
      15
      17
      20
      26
      21
      20
      15
      30
      28
      23
      25
      24
      25
      29
      19
      23
      18
      22
      27
      19
      20
      22
      34
      28
      22
      21
      23
      17
      24
      28
      33
      14
      15
      20
      30
      18
      24
      21
      24
      20
      12
      21
      28
      17
      27
      18
      21
      31
      16
      21
      18
      27
      30
      17
      13
      32
      19
      28
      23
      21
      30
      25
      26
      26
      21
      23
      29
      20
      16
      19
      21
      22
      27
      15
      26
      23
      27
      23
      23
      21
      20
      19
      31
      17
      24
      24
      26
      25
      17
      26
      13
      24
      26
      20
      19
      20
      30
      22
      19
      19
      16
      25
      19
      24
      28
      18
      29
      16
      19
      14
      27
      15
      18
      23
      18
      25
      31
      21
      25
      23
      26
      24
      19
      22
      22
      20
      21
      23
      17
      22
      19
      15
      24
      30
      16
      22
      38
      53
      72
      58
      37
      32
      21
      17
      21
      14
      28
      23
      16
      30
      19
      31
      17
      20
      21
      17
      20
      19
      13
      22
      19
      11
      26
      24
      18
      16
      24
       0
       0
       0
       0
       0
       0
       0
       0
       0
       0
       0
       0
       0
       0
       0
       0
       0
       0
       0
       0
       0
       0
       0
       0
       0
       0
       0
       0
       0
       0
       0
       0
$ROI:
0
$PRESETS:
None
0
0
$ENER_FIT:
0.000000 0.731044
$MCA_CAL:
3
0.000000E+000 7.310444E-001 0.000000E+000 keV
$SHAPE_CAL:
3
0.000000E+000 0.000000E+000 0.000000E+000
