$SPEC_ID:
No sample description was entered.
$SPEC_REM:
DET# 4
DETDESC# JLAB-20 MCB 131
AP# Maestro Version 7.01
$DATE_MEA:
10/07/2025 16:40:02
$MEAS_TIM:
579 599
$DATA:
0 2047
       0
       0
       0
       0
       0
       0
       0
       0
       0
       0
       0
       0
       0
       0
       0
       0
       0
       0
       0
       0
       0
       0
       0
       0
       0
       0
       0
       0
       0
       0
       0
       0
       0
       0
       0
       0
       0
       0
       0
       0
       0
       0
       0
       0
       0
       0
       0
       0
       0
       0
       0
       0
       0
       0
       0
       0
       0
       0
       0
       0
       0
       0
       0
       0
       0
       0
       0
       0
       0
      30
    1301
    1379
    1372
    1405
    1323
    1397
    1330
    1320
    1342
    1372
    1375
    1353
    1370
    1361
    1383
    1432
    1320
    1392
    1417
    1440
    1395
    1379
    1305
    1284
    1388
    1362
    1373
    1381
    1381
    1463
    1393
    1476
    1598
    1361
    1435
    1427
    1285
    1323
    1271
    1314
    1282
    1344
    1390
    1346
    1353
    1407
    1378
    1329
    1433
    1376
    1377
    1330
    1354
    1323
    1338
    1329
    1291
    1293
    1336
    1355
    1284
    1276
    1314
    1329
    1371
    1292
    1265
    1335
    1329
    1275
    1305
    1323
    1291
    1317
    1223
    1417
    1373
    1278
    1322
    1300
    1306
    1310
    1340
    1263
    1282
    1345
    1244
    1275
    1327
    1311
    1290
    1310
    1342
    1316
    1276
    1373
    1304
    1306
    1297
    1354
    1298
    1334
    1276
    1303
    1328
    1252
    1306
    1348
    1330
    1291
    1280
    1289
    1355
    1299
    1350
    1327
    1370
    1226
    1336
    1287
    1270
    1306
    1290
    1354
    1273
    1284
    1329
    1326
    1353
    1312
    1346
    1311
    1246
    1293
    1322
    1321
    1302
    1297
    1253
    1280
    1272
    1355
    1237
    1259
    1251
    1331
    1320
    1311
    1210
    1240
    1317
    1191
    1157
    1299
    1188
    1257
    1300
    1236
    1282
    1215
    1258
    1246
    1215
    1250
    1168
    1211
    1158
    1267
    1228
    1166
    1193
    1229
    1239
    1192
    1211
    1224
    1196
    1228
    1195
    1219
    1196
    1214
    1116
    1238
    1159
    1140
    1192
    1233
    1211
    1187
    1197
    1202
    1146
    1201
    1197
    1223
    1145
    1170
    1165
    1102
    1177
    1198
    1273
    1196
    1207
    1186
    1220
    1232
    1265
    1206
    1135
    1279
    1198
    1281
    1298
    1336
    1343
    1364
    1449
    1482
    1432
    1432
    1485
    1468
    1567
    1532
    1541
    1440
    1467
    1523
    1477
    1427
    1518
    1477
    1476
    1467
    1400
    1384
    1422
    1382
    1424
    1408
    1359
    1332
    1401
    1360
    1414
    1345
    1320
    1286
    1349
    1315
    1335
    1332
    1309
    1341
    1279
    1278
    1328
    1374
    1269
    1329
    1304
    1243
    1227
    1275
    1203
    1211
    1190
    1184
    1267
    1288
    1197
    1229
    1217
    1253
    1207
    1171
    1245
    1197
    1206
    1181
    1189
    1203
    1132
    1157
    1183
    1138
    1192
    1157
    1189
    1165
    1197
    1104
    1111
    1093
    1145
    1199
    1137
    1180
    1069
    1142
    1142
    1133
    1092
    1130
    1152
    1110
    1065
    1058
    1022
    1080
    1044
    1080
    1054
    1066
    1068
    1055
    1078
    1103
    1079
    1026
    1015
    1052
    1060
    1040
     965
    1038
    1070
    1015
    1020
    1032
     969
    1060
    1025
    1000
    1033
     967
    1033
    1064
     987
     955
     982
     982
    1002
     959
    1014
    1030
    1008
     968
    1074
    1030
    1250
    1188
    1012
     995
     919
    1026
     967
     892
     954
     953
     970
     970
     951
     977
     940
     921
     934
     973
     910
     921
     899
     933
     887
     948
     963
     915
     947
     984
     877
     959
     931
     909
     898
     926
     912
     939
     885
     920
     902
     923
     900
     930
     855
     904
     861
     892
     881
     836
     870
     936
     894
     863
     918
     879
     856
     875
     905
     934
     882
     864
     833
     851
     800
     907
     881
     844
     829
     855
     833
     857
     813
     851
     808
     869
     828
     829
     799
     805
     849
     848
     834
     826
     840
     823
     824
     811
     805
     805
     868
     817
     831
     793
     789
     865
     851
     786
     834
     794
     819
     787
     822
     789
     803
     824
     806
     825
     836
     815
     818
     786
     835
     798
     813
     827
     831
     791
     785
     819
     807
     836
     819
     798
     807
     816
     803
     834
     814
     756
     847
     783
     807
     781
     772
     856
     784
     804
     763
     801
     809
     848
     761
     789
     785
     810
     786
     849
     756
     838
     805
     760
     817
     813
     807
     753
     742
     820
     803
     799
     795
     772
     828
     792
     836
     759
     804
     819
     783
     802
     758
     748
     777
     790
     785
     731
     826
     721
     780
     739
     788
     772
     801
     775
     735
     778
     723
     767
     794
     778
     803
     779
     768
     731
     756
     745
     716
     797
     696
     794
     761
     729
     760
     779
     761
     744
     799
     725
     753
     721
     739
     771
     746
     755
     820
     777
     755
     750
     765
     799
     761
     747
     719
     714
     776
     740
     739
     687
     812
     762
     780
     739
     774
     754
     784
     736
     736
     775
     753
     760
     757
     757
     739
     755
     720
     758
     746
     707
     757
     737
     737
     688
     735
     756
     722
     792
     814
     752
     772
     749
     755
     734
     713
     685
     794
     760
     691
     751
     773
     736
     751
     738
     789
     748
     767
     818
     757
     734
     717
     755
     710
     704
     714
     728
     762
     728
     748
     719
     739
     721
     753
     758
     729
     689
     796
     697
     688
     734
     707
     747
     672
     714
     802
     719
     772
     732
     777
     694
     762
     763
     729
     772
     667
     742
     758
     752
     702
     699
     721
     723
     694
     719
     739
     675
     714
     754
     797
     709
     732
     712
     713
     774
     769
     732
     743
     738
     713
     771
     723
     766
     724
     748
     707
     723
     738
     761
     749
     739
     736
     702
     779
     805
     730
     765
     769
     738
     733
     707
     734
     715
     771
     716
     763
     732
     679
     684
     742
     691
     752
     697
     726
     708
     740
     725
     743
     714
     757
     754
     732
     738
     723
     705
     724
     712
     679
     733
     711
     693
     708
     699
     689
     733
     687
     767
     712
     692
     756
     709
     667
     747
     718
     734
     730
     758
     658
     735
     753
     732
     724
     776
     768
     732
     716
     765
     719
     723
     732
     723
     704
     691
     720
     741
     730
     755
     726
     708
     761
     760
     695
     762
     725
     750
     696
     729
     717
     718
     725
     704
     746
     751
     717
     711
     722
     721
     728
     763
     738
     756
     727
     734
     750
     733
     762
     719
     686
     745
     740
     713
     702
     701
     727
     712
     757
     745
     776
     734
     709
     744
     677
     689
     745
     693
     766
     694
     695
     703
     749
     763
     777
     752
     773
     727
     742
     780
     766
     741
     735
     763
     730
     744
     758
     726
     738
     758
     766
     699
     773
     776
     752
     753
     686
     764
     778
     716
     704
     784
     739
     759
     715
     701
     739
     723
     686
     732
     747
     738
     746
     756
     735
     738
     773
     751
     723
     816
     700
     760
     711
     771
     747
     709
     737
     730
     736
     740
     771
     810
     804
     745
     760
     719
     750
     766
     729
     754
     803
     723
     795
     746
     706
     798
     728
     778
     727
     746
     739
     714
     723
     732
     757
     759
     774
     756
     683
     781
     739
     742
     780
     764
     744
     738
     740
     780
     796
     739
     722
     747
     780
     750
     762
     787
     776
     792
     744
     747
     754
     772
     787
     757
     717
     787
     806
     765
     760
     757
     759
     742
     738
     765
     696
     791
     777
     747
     775
     774
     775
     814
     755
     792
     739
     807
     753
     767
     787
     740
     825
     753
     775
     804
     822
     800
     778
     806
     798
     841
     810
     760
     790
     801
     776
     786
     803
     797
     769
     767
     835
     782
     804
     761
     832
     767
     767
     861
     822
     788
     806
     790
     766
     837
     854
     809
     793
     809
     832
     841
     790
     786
     830
     764
     819
     820
     812
     852
     755
     810
     854
     821
     848
     820
     839
     861
     842
     853
     806
     798
     853
     851
     813
     821
     796
     795
     828
     838
     794
     848
     834
     890
     835
     811
     902
     874
     852
     846
     859
     847
     903
     890
     897
     902
     940
     932
     837
     874
     842
     882
     849
     833
     837
     861
     910
     812
     872
     849
     866
     876
     879
     801
     850
     842
     864
     858
     924
     929
     899
     908
     868
     890
     898
     890
     899
     892
     900
     940
     956
     869
     900
     896
     924
     906
     842
     876
     889
     939
     931
     878
     909
     892
     900
     940
     913
     928
     928
     923
     949
     882
     915
    1003
     946
     881
     963
     948
     975
     897
     926
     937
     961
     948
     957
     967
     948
    1009
     949
     911
     926
    1065
     948
     990
    1018
    1027
    1055
     979
     968
    1004
    1033
    1005
    1026
     998
    1035
    1039
    1014
    1000
     964
    1060
    1015
    1059
    1058
    1027
    1057
    1089
    1048
    1047
    1117
    1097
    1020
    1072
    1043
    1085
    1043
    1066
    1107
    1043
    1073
    1084
    1153
    1098
    1114
    1102
    1141
    1132
    1150
    1124
    1128
    1182
    1153
    1107
    1172
    1153
    1141
    1203
    1147
    1134
    1157
    1193
    1162
    1180
    1118
    1214
    1214
    1206
    1225
    1199
    1199
    1212
    1249
    1309
    1228
    1249
    1317
    1285
    1295
    1338
    1288
    1282
    1329
    1296
    1319
    1310
    1270
    1359
    1356
    1292
    1263
    1436
    1338
    1335
    1288
    1355
    1302
    1380
    1322
    1394
    1324
    1433
    1395
    1385
    1422
    1385
    1393
    1341
    1369
    1354
    1391
    1426
    1333
    1318
    1312
    1373
    1335
    1294
    1300
    1250
    1190
    1213
    1160
    1124
    1119
    1032
     985
    1049
    1010
     979
     971
     960
     948
     958
     930
     966
     913
     883
     892
     883
     869
     864
     881
     922
     872
     820
     921
     879
     864
     830
     877
     842
     856
     825
     894
     808
     885
     831
     924
     876
     878
     843
     848
     896
     819
     892
     904
     824
     933
     854
     855
     832
     816
     823
     839
     888
     841
     827
     893
     819
     856
     865
     883
     808
     900
     820
     850
     824
     840
     853
     796
     827
     822
     863
     807
     836
     846
     857
     836
     816
     797
     815
     779
     791
     817
     854
     820
     814
     838
     818
     829
     798
     749
     786
     792
     782
     877
     793
     738
     809
     786
     752
     788
     756
     764
     771
     753
     812
     794
     792
     781
     722
     825
     795
     785
     812
     709
     777
     744
     748
     733
     771
     760
     790
     786
     723
     754
     831
     774
     740
     759
     781
     799
     773
     758
     756
     744
     779
     748
     811
     792
     728
     806
     728
     816
     795
     802
     723
     840
     773
     821
     810
     733
     821
     757
     820
     806
     815
     843
     792
     821
     802
     781
     837
     836
     814
     855
     821
     815
     805
     878
     817
     836
     848
     835
     915
     825
     853
     921
     866
     851
     878
     835
     883
     836
     886
     864
     927
     884
     886
     938
     905
     910
     894
     880
     961
     924
     934
     918
     958
     863
     959
     907
     890
     893
     874
     853
     804
     823
     817
     827
     710
     701
     641
     665
     593
     585
     530
     578
     541
     560
     514
     506
     504
     461
     484
     483
     451
     446
     461
     464
     491
     445
     422
     468
     463
     435
     444
     433
     432
     441
     426
     472
     421
     417
     439
     412
     424
     443
     388
     415
     402
     411
     386
     416
     376
     386
     393
     376
     386
     394
     373
     388
     406
     370
     363
     376
     397
     401
     383
     376
     441
     447
     486
     509
     606
     646
     694
     801
     847
     977
    1168
    1546
    3136
    9528
   23721
   28452
   15296
    4058
     897
     334
     308
     309
     281
     308
     284
     287
     262
     269
     306
     259
     273
     265
     253
     242
     286
     258
     261
     214
     237
     261
     223
     233
     254
     210
     212
     187
     217
     251
     239
     191
     213
     191
     186
     210
     209
     217
     207
     190
     188
     196
     166
     164
     161
     151
     179
     173
     176
     166
     154
     151
     170
     150
     144
     134
     113
     130
     164
     160
     149
     119
     128
     121
     132
     100
     125
     124
     119
     122
     111
     125
     122
     100
     106
     122
     118
      92
      97
      90
     102
      89
      86
      88
      97
     107
      90
      86
      99
      87
      91
      83
      86
      69
      72
      62
      76
      74
      91
      69
      75
      75
      76
      82
      71
      77
      71
      65
      65
      81
      67
      69
      60
      56
      55
      68
      66
      64
      68
      59
      73
      68
      87
      70
      74
      73
      69
      54
      77
      52
      80
      60
      67
      66
      66
      75
      67
      54
      65
      48
      61
      63
      57
      68
      67
      51
      55
      49
      72
      63
      51
      53
      55
      63
      59
      55
      60
      59
      46
      69
      54
      49
      55
      48
      46
      64
      62
      47
      57
      49
      35
      49
      48
      57
      43
      49
      56
      65
      50
      48
      43
      51
      68
      44
      62
      56
      45
      50
      64
      53
      62
      51
      59
      57
      48
      75
      68
      80
      91
     106
     150
     185
     235
     325
     335
     442
     479
     530
     697
     923
    1690
    4619
   13453
   23549
   19458
    8164
    1815
     294
      69
      43
      34
      22
      37
      30
      22
      26
      33
      27
      25
      25
      18
      29
      30
      23
      23
      28
      20
      21
      34
      24
      26
      31
      34
      14
      25
      29
      30
      31
      19
      25
      33
      23
      26
      23
      28
      24
      30
      28
      30
      20
      23
      29
      21
      21
      28
      18
      24
      16
      22
      18
      24
      30
      19
      34
      22
      33
      20
      28
      20
      22
      21
      32
      32
      26
      32
      18
      17
      32
      27
      20
      23
      16
      25
      28
      26
      21
      24
      20
      22
      23
      28
      19
      13
      24
      25
      21
      25
      22
      23
      28
      18
      23
      15
      22
      25
      27
      25
      24
      25
      18
      14
      20
      10
      25
      24
      25
      20
      23
      15
      21
      27
      21
      17
      20
      21
      14
      18
      19
      13
      17
      32
      16
      22
      17
      20
      22
      26
      28
      20
      28
      26
      18
      14
      27
      17
      21
      20
      17
      21
      24
      17
      26
      20
      19
      23
      35
      19
      24
      24
      25
      18
      20
      13
      19
      22
      19
      23
      16
      26
      23
      21
      24
      14
      15
      26
      30
      56
      60
      81
      55
      37
      27
      18
      25
      21
      22
      11
      26
      19
      17
      21
      15
      20
      15
      18
      16
      20
      23
      17
      19
      17
      21
      19
      24
      18
      29
      17
       0
       0
       0
       0
       0
       0
       0
       0
       0
       0
       0
       0
       0
       0
       0
       0
       0
       0
       0
       0
       0
       0
       0
       0
       0
       0
       0
       0
       0
       0
       0
       0
$ROI:
0
$PRESETS:
None
0
0
$ENER_FIT:
0.000000 0.731044
$MCA_CAL:
3
0.000000E+000 7.310444E-001 0.000000E+000 keV
$SHAPE_CAL:
3
0.000000E+000 0.000000E+000 0.000000E+000
