$SPEC_ID:
No sample description was entered.
$SPEC_REM:
DET# 4
DETDESC# JLAB-20 MCB 131
AP# Maestro Version 7.01
$DATE_MEA:
10/08/2025 02:50:02
$MEAS_TIM:
579 599
$DATA:
0 2047
       0
       0
       0
       0
       0
       0
       0
       0
       0
       0
       0
       0
       0
       0
       0
       0
       0
       0
       0
       0
       0
       0
       0
       0
       0
       0
       0
       0
       0
       0
       0
       0
       0
       0
       0
       0
       0
       0
       0
       0
       0
       0
       0
       0
       0
       0
       0
       0
       0
       0
       0
       0
       0
       0
       0
       0
       0
       0
       0
       0
       0
       0
       0
       0
       0
       0
       0
       0
       0
      36
    1284
    1439
    1449
    1425
    1469
    1358
    1318
    1350
    1402
    1382
    1375
    1414
    1486
    1352
    1288
    1370
    1363
    1351
    1344
    1383
    1416
    1364
    1331
    1358
    1307
    1320
    1443
    1442
    1427
    1492
    1368
    1525
    1634
    1400
    1413
    1414
    1351
    1322
    1327
    1287
    1267
    1368
    1338
    1342
    1352
    1490
    1350
    1364
    1401
    1327
    1295
    1284
    1342
    1236
    1267
    1256
    1305
    1339
    1296
    1328
    1322
    1286
    1302
    1303
    1319
    1270
    1316
    1329
    1325
    1274
    1350
    1274
    1244
    1268
    1321
    1329
    1293
    1328
    1332
    1324
    1332
    1317
    1311
    1294
    1297
    1214
    1268
    1312
    1248
    1253
    1316
    1358
    1304
    1348
    1325
    1312
    1285
    1298
    1227
    1285
    1307
    1390
    1317
    1367
    1312
    1341
    1254
    1328
    1278
    1251
    1306
    1345
    1309
    1325
    1276
    1310
    1283
    1309
    1327
    1372
    1277
    1256
    1305
    1244
    1298
    1273
    1308
    1272
    1301
    1231
    1270
    1337
    1250
    1331
    1311
    1425
    1292
    1310
    1313
    1283
    1222
    1290
    1258
    1293
    1208
    1218
    1260
    1263
    1268
    1322
    1248
    1211
    1166
    1147
    1253
    1225
    1218
    1230
    1206
    1230
    1170
    1240
    1175
    1230
    1223
    1217
    1260
    1227
    1234
    1231
    1236
    1265
    1222
    1179
    1172
    1258
    1193
    1164
    1159
    1186
    1160
    1242
    1170
    1222
    1180
    1167
    1191
    1172
    1256
    1171
    1222
    1169
    1170
    1225
    1174
    1132
    1207
    1233
    1177
    1129
    1176
    1161
    1203
    1169
    1202
    1190
    1182
    1154
    1226
    1202
    1160
    1273
    1205
    1280
    1368
    1344
    1331
    1371
    1373
    1457
    1448
    1510
    1513
    1487
    1520
    1481
    1432
    1443
    1424
    1489
    1474
    1445
    1510
    1512
    1395
    1393
    1373
    1385
    1467
    1444
    1356
    1369
    1454
    1357
    1271
    1376
    1339
    1391
    1381
    1340
    1241
    1294
    1313
    1270
    1356
    1323
    1342
    1265
    1253
    1327
    1319
    1246
    1288
    1284
    1263
    1256
    1275
    1269
    1251
    1207
    1270
    1225
    1200
    1254
    1248
    1220
    1200
    1189
    1231
    1229
    1207
    1201
    1136
    1152
    1174
    1211
    1254
    1178
    1169
    1068
    1185
    1190
    1150
    1152
    1117
    1102
    1162
    1117
    1128
    1152
    1075
    1136
    1126
    1149
    1062
    1011
    1065
    1146
    1083
    1148
    1088
    1111
    1075
    1074
    1093
    1043
    1113
    1051
    1029
    1029
    1014
    1066
    1011
    1055
    1010
    1087
    1073
    1017
    1028
    1056
    1045
    1013
    1040
    1042
    1020
    1002
     974
     981
     978
    1031
     997
    1023
     980
    1008
     934
     942
    1029
     984
    1024
     987
    1042
    1020
    1205
    1271
    1037
     987
    1009
     948
     942
     963
    1012
     963
     905
     933
     979
     888
     971
     940
     903
     879
     954
     955
     911
     943
     979
     969
     925
     940
     921
     924
     892
     928
     916
     905
     899
     934
     962
     884
     884
     886
     941
     929
     880
     932
     904
     883
     861
     880
     897
     881
     891
     911
     892
     907
     871
     878
     857
     920
     887
     897
     842
     848
     827
     850
     824
     828
     850
     836
     862
     908
     873
     842
     835
     833
     904
     872
     892
     865
     803
     835
     853
     833
     810
     815
     805
     864
     887
     823
     819
     807
     823
     835
     839
     850
     798
     787
     811
     798
     808
     810
     871
     829
     798
     832
     818
     807
     826
     779
     835
     809
     764
     777
     754
     815
     774
     826
     800
     844
     816
     847
     848
     819
     797
     801
     806
     832
     824
     816
     856
     806
     789
     788
     795
     814
     816
     813
     763
     782
     769
     724
     797
     773
     832
     776
     754
     823
     798
     789
     827
     751
     837
     756
     758
     789
     770
     746
     750
     769
     779
     754
     780
     829
     774
     765
     789
     799
     751
     818
     733
     804
     798
     805
     774
     767
     829
     761
     781
     785
     763
     735
     760
     773
     786
     771
     778
     777
     737
     756
     774
     789
     758
     748
     783
     743
     765
     761
     712
     740
     780
     734
     768
     791
     769
     737
     748
     802
     776
     780
     724
     785
     769
     740
     746
     778
     780
     748
     781
     775
     799
     704
     770
     712
     737
     698
     752
     723
     731
     796
     770
     805
     755
     754
     730
     739
     725
     783
     739
     719
     727
     787
     744
     719
     708
     771
     751
     737
     690
     712
     780
     708
     734
     808
     731
     727
     734
     763
     712
     738
     751
     725
     768
     722
     786
     717
     709
     759
     744
     736
     784
     724
     754
     727
     743
     737
     764
     760
     794
     766
     746
     724
     753
     714
     759
     687
     689
     699
     729
     734
     754
     721
     728
     706
     788
     730
     726
     747
     752
     735
     757
     737
     744
     701
     727
     704
     666
     723
     686
     745
     754
     734
     730
     773
     762
     693
     745
     765
     723
     692
     697
     663
     734
     725
     700
     746
     721
     723
     696
     712
     782
     706
     700
     739
     695
     719
     709
     745
     762
     711
     673
     789
     754
     727
     715
     724
     698
     711
     731
     727
     722
     819
     776
     710
     723
     775
     707
     758
     683
     764
     733
     729
     717
     705
     712
     741
     701
     640
     705
     703
     731
     765
     713
     769
     715
     777
     764
     762
     699
     701
     768
     751
     697
     723
     729
     755
     713
     706
     743
     708
     719
     735
     779
     743
     683
     711
     700
     717
     736
     731
     747
     722
     740
     678
     723
     714
     730
     730
     697
     711
     717
     774
     773
     722
     750
     730
     712
     703
     711
     751
     721
     699
     730
     746
     732
     730
     714
     716
     711
     751
     755
     717
     667
     697
     677
     747
     740
     705
     720
     704
     727
     704
     740
     710
     718
     784
     735
     729
     728
     711
     741
     729
     773
     763
     749
     737
     749
     704
     754
     735
     728
     720
     703
     758
     745
     752
     694
     719
     750
     711
     703
     712
     736
     723
     725
     733
     726
     737
     730
     677
     771
     747
     745
     755
     786
     743
     766
     725
     757
     723
     671
     716
     748
     721
     718
     758
     748
     704
     733
     725
     737
     746
     766
     758
     734
     776
     787
     738
     739
     712
     772
     743
     776
     744
     710
     789
     707
     763
     729
     749
     664
     723
     740
     729
     779
     737
     770
     745
     704
     735
     738
     707
     782
     719
     768
     730
     763
     763
     741
     780
     688
     730
     748
     713
     739
     730
     781
     707
     763
     747
     742
     707
     758
     730
     781
     731
     791
     770
     754
     743
     707
     727
     777
     760
     761
     717
     761
     763
     777
     757
     722
     774
     808
     793
     759
     798
     759
     794
     749
     739
     751
     737
     735
     809
     709
     735
     771
     716
     777
     761
     766
     699
     783
     774
     777
     753
     790
     734
     746
     800
     746
     786
     745
     776
     732
     757
     790
     836
     742
     726
     850
     776
     787
     740
     736
     760
     747
     752
     848
     766
     756
     757
     781
     813
     830
     791
     827
     814
     799
     820
     747
     806
     778
     766
     786
     765
     804
     829
     797
     821
     774
     779
     752
     755
     778
     822
     822
     801
     787
     817
     792
     846
     785
     791
     833
     823
     804
     752
     790
     831
     863
     800
     799
     789
     809
     827
     806
     807
     855
     862
     794
     827
     817
     809
     825
     843
     834
     796
     852
     847
     842
     832
     811
     825
     864
     860
     818
     860
     859
     886
     831
     803
     852
     885
     922
     820
     840
     902
     947
     871
     939
     895
     876
     832
     849
     870
     800
     839
     847
     858
     886
     896
     878
     892
     825
     875
     871
     849
     856
     867
     888
     865
     868
     907
     856
     926
     855
     909
     933
     906
     918
     852
     931
     980
     902
     872
     892
     921
     848
     862
     868
     908
     892
     911
     877
     957
     912
     945
     903
     930
     942
     926
     856
     938
     910
     947
     941
    1000
     908
     941
     924
     956
    1006
     941
     922
     939
     949
     942
     969
     974
    1002
    1020
     906
     951
    1012
     975
     979
    1039
     961
     971
     933
     980
     908
     959
    1004
     978
    1028
     998
     979
    1024
    1025
    1027
    1007
    1006
     952
    1022
    1051
    1029
    1001
    1044
     973
    1002
    1043
    1029
    1098
    1109
    1113
    1090
    1080
    1035
    1071
    1056
    1155
    1111
    1096
    1088
    1144
    1140
    1083
    1102
    1067
    1072
    1170
    1145
    1107
    1180
    1146
    1134
    1136
    1194
    1227
    1165
    1187
    1207
    1197
    1216
    1184
    1184
    1204
    1215
    1212
    1225
    1185
    1240
    1208
    1233
    1277
    1300
    1347
    1223
    1252
    1290
    1252
    1272
    1244
    1285
    1311
    1338
    1317
    1350
    1325
    1303
    1336
    1327
    1312
    1348
    1386
    1301
    1340
    1396
    1418
    1315
    1326
    1336
    1318
    1342
    1390
    1324
    1362
    1389
    1404
    1395
    1372
    1375
    1285
    1345
    1420
    1380
    1291
    1279
    1270
    1229
    1224
    1182
    1163
    1119
    1088
    1058
    1006
     955
     985
     984
     966
     939
     999
     967
     952
     917
     929
     921
     856
     909
     945
     845
     887
     958
     933
     929
     879
     883
     903
     882
     859
     889
     861
     906
     837
     846
     905
     913
     880
     891
     839
     856
     813
     876
     875
     864
     847
     881
     818
     938
     869
     806
     884
     832
     810
     864
     829
     805
     800
     863
     886
     850
     833
     863
     845
     789
     869
     805
     839
     874
     850
     809
     823
     805
     857
     814
     794
     825
     827
     755
     822
     791
     815
     788
     837
     761
     799
     778
     812
     751
     811
     753
     796
     818
     801
     806
     781
     839
     762
     761
     742
     764
     802
     730
     817
     809
     781
     757
     832
     771
     825
     795
     729
     744
     748
     768
     738
     755
     762
     765
     738
     778
     762
     808
     831
     751
     790
     767
     739
     825
     786
     770
     762
     773
     821
     684
     785
     774
     743
     809
     764
     771
     800
     773
     777
     738
     773
     783
     830
     785
     771
     838
     807
     798
     841
     834
     803
     770
     803
     845
     820
     800
     802
     821
     790
     790
     815
     855
     803
     841
     853
     856
     907
     891
     856
     841
     854
     870
     861
     837
     846
     863
     892
     928
     879
     893
     883
     848
     916
     852
     889
     852
     874
     890
     946
     902
     865
     916
     878
     910
     896
     918
     911
     872
     915
     835
     895
     807
     859
     792
     815
     709
     728
     660
     631
     568
     557
     585
     520
     559
     513
     575
     580
     552
     488
     493
     511
     480
     489
     446
     444
     444
     492
     479
     434
     454
     449
     426
     432
     458
     442
     448
     407
     428
     437
     429
     435
     442
     414
     438
     442
     398
     410
     397
     411
     416
     407
     414
     423
     391
     391
     380
     412
     371
     384
     396
     391
     373
     420
     397
     392
     400
     449
     438
     511
     532
     650
     658
     756
     883
     866
    1063
    1378
    2363
    6546
   19030
   29345
   20203
    6757
    1420
     437
     286
     306
     282
     245
     283
     272
     278
     300
     256
     259
     272
     248
     220
     233
     242
     227
     257
     247
     225
     253
     232
     237
     243
     238
     235
     238
     214
     212
     221
     206
     198
     214
     184
     193
     206
     185
     186
     191
     209
     175
     190
     184
     176
     161
     156
     154
     158
     134
     167
     163
     154
     168
     152
     160
     150
     142
     120
     119
     121
     136
     133
     141
     121
     133
     117
     106
     130
     109
     114
     112
     101
     125
     104
     105
     102
     102
     104
     110
      97
     102
      84
      98
      91
      88
      96
      76
      85
      87
      90
      81
      68
      86
      84
      77
      87
      75
      66
      77
      78
      89
      59
      71
      63
      79
      62
      66
      53
      69
      63
      62
      64
      72
      55
      59
      68
      68
      79
      60
      63
      56
      84
      64
      53
      52
      60
      54
      73
      43
      53
      56
      72
      59
      64
      47
      62
      64
      57
      59
      57
      61
      54
      51
      58
      52
      60
      52
      68
      63
      63
      59
      60
      55
      65
      58
      61
      65
      63
      43
      61
      57
      58
      71
      51
      49
      66
      73
      46
      61
      58
      60
      55
      58
      52
      66
      64
      46
      70
      64
      50
      57
      57
      49
      66
      52
      45
      47
      59
      56
      55
      63
      53
      56
      65
      57
      50
      84
      64
      89
     114
     182
     205
     258
     308
     358
     457
     516
     606
     783
    1314
    3013
    9515
   20591
   22929
   12254
    3521
     625
     108
      40
      35
      32
      33
      25
      36
      35
      27
      25
      34
      25
      29
      32
      41
      33
      24
      28
      29
      26
      20
      42
      33
      13
      33
      24
      21
      21
      27
      26
      23
      21
      26
      22
      18
      22
      13
      19
      26
      28
      30
      28
      32
      34
      19
      23
      33
      22
      26
      33
      21
      18
      28
      35
      27
      36
      22
      23
      16
      30
      25
      13
      14
      30
      26
      19
      29
      21
      29
      18
      22
      29
      20
      23
      26
      13
      23
      19
      30
      22
      20
      17
      16
      20
      23
      23
      21
      19
      15
      27
      20
      17
      15
      22
      23
      28
      27
      26
      25
      20
      18
      21
      14
      23
      21
      24
      22
      28
      29
      27
      23
      23
      25
      19
      22
      21
      20
      17
      20
      22
      18
      25
      19
      18
      18
      24
      21
      19
      25
      11
      18
      24
      21
      19
      18
      19
      17
      26
      15
      21
      20
      17
      18
      24
      15
      27
      24
      23
      19
      24
      17
      28
      25
      18
      15
      18
      18
      15
      23
      19
      25
      22
      17
      20
      19
      23
      30
      18
      41
      55
      66
      65
      37
      20
      26
      18
      19
      19
      25
      17
      18
      23
      13
      20
      18
      24
      18
      18
      14
      16
      21
      25
      24
      17
      22
      19
      15
      22
      20
       0
       0
       0
       0
       0
       0
       0
       0
       0
       0
       0
       0
       0
       0
       0
       0
       0
       0
       0
       0
       0
       0
       0
       0
       0
       0
       0
       0
       0
       0
       0
       0
$ROI:
0
$PRESETS:
None
0
0
$ENER_FIT:
0.000000 0.731044
$MCA_CAL:
3
0.000000E+000 7.310444E-001 0.000000E+000 keV
$SHAPE_CAL:
3
0.000000E+000 0.000000E+000 0.000000E+000
