$SPEC_ID:
No sample description was entered.
$SPEC_REM:
DET# 4
DETDESC# JLAB-20 MCB 131
AP# Maestro Version 7.01
$DATE_MEA:
10/07/2025 10:20:02
$MEAS_TIM:
579 599
$DATA:
0 2047
       0
       0
       0
       0
       0
       0
       0
       0
       0
       0
       0
       0
       0
       0
       0
       0
       0
       0
       0
       0
       0
       0
       0
       0
       0
       0
       0
       0
       0
       0
       0
       0
       0
       0
       0
       0
       0
       0
       0
       0
       0
       0
       0
       0
       0
       0
       0
       0
       0
       0
       0
       0
       0
       0
       0
       0
       0
       0
       0
       0
       0
       0
       0
       0
       0
       0
       0
       0
       0
      31
    1283
    1408
    1429
    1412
    1384
    1344
    1424
    1409
    1362
    1473
    1330
    1339
    1390
    1376
    1370
    1346
    1304
    1309
    1382
    1355
    1344
    1333
    1380
    1329
    1366
    1308
    1351
    1367
    1450
    1453
    1390
    1521
    1576
    1392
    1436
    1384
    1417
    1326
    1339
    1290
    1342
    1327
    1298
    1330
    1320
    1418
    1402
    1397
    1358
    1375
    1342
    1307
    1358
    1263
    1285
    1242
    1309
    1292
    1333
    1375
    1275
    1286
    1305
    1337
    1319
    1276
    1294
    1314
    1343
    1362
    1289
    1287
    1234
    1298
    1249
    1329
    1265
    1278
    1287
    1328
    1254
    1323
    1294
    1275
    1306
    1276
    1312
    1319
    1331
    1256
    1264
    1337
    1235
    1321
    1299
    1335
    1327
    1298
    1278
    1333
    1346
    1264
    1271
    1380
    1297
    1272
    1297
    1368
    1316
    1311
    1334
    1280
    1335
    1261
    1273
    1374
    1275
    1354
    1324
    1306
    1293
    1320
    1355
    1270
    1280
    1314
    1293
    1314
    1296
    1298
    1270
    1323
    1311
    1271
    1283
    1335
    1404
    1256
    1300
    1242
    1277
    1319
    1263
    1277
    1317
    1246
    1242
    1280
    1316
    1281
    1215
    1248
    1208
    1215
    1227
    1257
    1255
    1273
    1271
    1196
    1178
    1211
    1210
    1214
    1197
    1245
    1244
    1210
    1263
    1231
    1294
    1164
    1195
    1240
    1208
    1277
    1253
    1259
    1213
    1244
    1196
    1236
    1178
    1243
    1206
    1189
    1099
    1237
    1159
    1139
    1229
    1143
    1155
    1230
    1183
    1199
    1261
    1192
    1136
    1155
    1242
    1215
    1227
    1218
    1196
    1187
    1191
    1188
    1204
    1197
    1219
    1205
    1160
    1246
    1274
    1313
    1347
    1402
    1396
    1409
    1412
    1493
    1544
    1474
    1511
    1541
    1478
    1503
    1452
    1439
    1472
    1486
    1489
    1460
    1446
    1454
    1385
    1373
    1426
    1409
    1504
    1348
    1388
    1376
    1389
    1317
    1340
    1332
    1325
    1344
    1333
    1357
    1318
    1293
    1352
    1303
    1386
    1330
    1255
    1281
    1264
    1263
    1288
    1283
    1180
    1265
    1251
    1244
    1285
    1223
    1253
    1209
    1286
    1219
    1184
    1182
    1260
    1198
    1219
    1225
    1180
    1217
    1132
    1176
    1166
    1218
    1104
    1186
    1208
    1132
    1241
    1122
    1190
    1135
    1160
    1094
    1158
    1112
    1162
    1117
    1074
    1106
    1096
    1159
    1124
    1110
    1140
    1155
    1102
    1124
    1100
    1075
    1041
    1084
    1094
    1136
    1050
    1028
    1065
    1110
    1030
    1079
    1051
    1030
    1052
    1083
     980
    1021
    1033
    1042
    1061
    1026
    1026
    1099
    1027
    1037
     988
    1094
    1081
    1061
    1106
    1075
     965
     970
    1005
     981
     980
     979
    1003
    1015
    1024
    1002
    1194
    1271
    1066
     986
     959
     986
     963
    1006
     982
     991
     950
     964
     976
     923
     936
     919
     932
     842
     957
     916
     968
     977
     868
     948
     909
     908
     938
     930
     921
     934
     903
     937
     902
     960
     941
     894
     924
     864
     901
     892
     857
     909
     919
     865
     878
     872
     835
     847
     853
     845
     877
     844
     926
     794
     895
     905
     909
     883
     896
     862
     835
     817
     872
     854
     866
     809
     874
     889
     847
     893
     842
     819
     869
     857
     853
     885
     819
     833
     823
     856
     837
     825
     849
     839
     841
     841
     843
     855
     869
     802
     835
     865
     844
     847
     833
     857
     779
     834
     824
     752
     855
     788
     783
     828
     862
     819
     831
     799
     827
     797
     823
     805
     854
     840
     810
     855
     747
     791
     784
     814
     807
     816
     826
     783
     805
     797
     791
     785
     841
     763
     764
     835
     819
     758
     810
     779
     800
     771
     793
     854
     729
     791
     782
     804
     781
     838
     801
     780
     767
     769
     806
     808
     769
     750
     788
     770
     867
     741
     755
     808
     760
     788
     769
     770
     762
     742
     761
     759
     785
     811
     720
     750
     765
     803
     760
     769
     818
     761
     772
     837
     719
     816
     771
     751
     759
     746
     799
     756
     778
     793
     799
     781
     768
     732
     743
     754
     788
     754
     768
     763
     734
     763
     778
     729
     768
     743
     712
     766
     733
     730
     740
     720
     805
     693
     793
     773
     762
     747
     752
     773
     757
     744
     727
     756
     782
     730
     720
     736
     733
     746
     757
     749
     825
     765
     744
     731
     730
     754
     701
     787
     692
     719
     762
     757
     763
     752
     692
     716
     740
     713
     791
     776
     772
     751
     785
     772
     717
     730
     764
     756
     716
     709
     765
     746
     813
     724
     714
     750
     695
     748
     763
     758
     768
     771
     775
     763
     747
     718
     743
     746
     734
     727
     727
     766
     699
     745
     780
     710
     774
     710
     745
     711
     783
     778
     727
     747
     724
     735
     691
     718
     715
     768
     722
     725
     676
     721
     735
     708
     748
     714
     713
     734
     732
     719
     748
     769
     767
     719
     748
     724
     757
     714
     757
     732
     769
     712
     725
     693
     731
     724
     730
     741
     793
     688
     700
     708
     730
     744
     728
     748
     674
     740
     752
     745
     739
     722
     704
     630
     726
     733
     737
     719
     739
     764
     718
     746
     748
     740
     700
     712
     715
     744
     765
     730
     725
     770
     687
     737
     689
     716
     767
     754
     742
     707
     732
     715
     749
     706
     715
     742
     703
     730
     770
     696
     723
     754
     716
     744
     718
     712
     742
     722
     754
     703
     725
     723
     696
     698
     732
     683
     743
     768
     742
     741
     689
     730
     749
     813
     757
     748
     713
     709
     727
     752
     712
     745
     729
     719
     699
     713
     741
     739
     700
     691
     740
     741
     740
     743
     794
     755
     713
     709
     709
     776
     707
     731
     708
     735
     730
     740
     697
     733
     748
     740
     749
     720
     749
     747
     735
     748
     721
     691
     773
     700
     753
     739
     737
     739
     702
     737
     731
     710
     707
     737
     714
     720
     773
     740
     737
     743
     702
     734
     731
     695
     773
     795
     701
     696
     765
     745
     742
     724
     732
     713
     744
     718
     744
     710
     753
     757
     709
     726
     752
     659
     755
     767
     726
     718
     718
     751
     726
     713
     745
     739
     745
     689
     764
     719
     745
     748
     776
     739
     733
     740
     735
     740
     745
     705
     722
     735
     717
     754
     760
     801
     731
     754
     734
     720
     730
     729
     758
     734
     729
     733
     772
     780
     713
     719
     740
     750
     752
     784
     723
     727
     708
     772
     769
     773
     744
     814
     764
     781
     775
     700
     824
     755
     761
     768
     740
     761
     758
     759
     836
     805
     741
     794
     795
     725
     773
     783
     761
     780
     740
     759
     710
     777
     762
     779
     760
     785
     773
     745
     758
     776
     724
     769
     739
     784
     777
     804
     822
     745
     785
     785
     807
     810
     774
     770
     778
     788
     796
     753
     756
     773
     787
     776
     779
     749
     768
     811
     791
     796
     799
     785
     747
     815
     780
     805
     834
     772
     778
     772
     774
     820
     783
     764
     786
     761
     794
     822
     793
     781
     780
     830
     812
     818
     791
     790
     758
     795
     755
     812
     785
     808
     827
     800
     789
     812
     795
     800
     799
     844
     837
     833
     837
     821
     776
     765
     828
     784
     814
     760
     791
     850
     828
     836
     800
     797
     822
     768
     822
     783
     792
     811
     800
     799
     806
     841
     856
     840
     807
     821
     803
     819
     850
     808
     785
     853
     764
     877
     852
     857
     861
     866
     893
     907
     898
     895
     907
     837
     851
     846
     861
     870
     777
     865
     877
     869
     849
     840
     848
     850
     903
     850
     911
     874
     903
     917
     892
     854
     850
     862
     917
     899
     915
     888
     861
     921
     903
     875
     895
     919
     931
     896
     916
     878
     885
     897
     875
     951
     915
     895
     907
     948
     865
     923
     898
     935
     958
     919
     921
     955
     961
     900
     914
     910
     953
     951
     942
     989
     955
     957
     958
     973
     913
     945
    1011
     967
     946
     946
     950
     982
     991
     931
     996
     955
    1016
    1000
     994
     986
    1011
    1018
     954
     951
     994
    1050
    1005
     993
    1059
    1040
     930
    1034
    1033
     987
    1071
    1059
    1067
    1011
    1010
    1092
    1065
    1010
    1057
    1059
    1112
    1039
    1163
    1064
    1135
    1132
    1114
    1086
    1212
    1058
    1090
    1110
    1137
    1136
    1177
    1115
    1143
    1218
    1155
    1096
    1117
    1145
    1146
    1186
    1242
    1232
    1145
    1170
    1215
    1239
    1263
    1241
    1215
    1137
    1259
    1216
    1204
    1298
    1233
    1286
    1271
    1270
    1256
    1302
    1238
    1270
    1281
    1291
    1261
    1332
    1332
    1284
    1261
    1282
    1309
    1415
    1292
    1353
    1377
    1285
    1313
    1364
    1363
    1335
    1370
    1317
    1402
    1391
    1351
    1408
    1405
    1357
    1395
    1413
    1358
    1353
    1400
    1372
    1396
    1342
    1347
    1294
    1289
    1318
    1260
    1189
    1172
    1128
    1110
    1079
    1004
    1022
    1050
     950
    1010
     993
     967
     967
     966
     965
     959
     952
     963
     915
     925
     917
     896
     912
     890
     976
     872
     908
     900
     913
     890
     862
     885
     868
     885
     911
     891
     862
     846
     787
     874
     831
     854
     875
     868
     898
     864
     871
     850
     819
     908
     823
     870
     884
     841
     884
     822
     839
     860
     812
     898
     875
     844
     806
     833
     807
     823
     877
     847
     851
     810
     831
     765
     754
     809
     837
     847
     795
     823
     777
     813
     817
     782
     849
     882
     838
     787
     811
     801
     836
     782
     813
     769
     808
     798
     824
     774
     803
     786
     791
     811
     833
     800
     816
     801
     796
     762
     773
     777
     809
     744
     802
     772
     768
     778
     766
     795
     761
     789
     708
     746
     722
     778
     691
     781
     760
     756
     807
     753
     720
     797
     756
     791
     691
     776
     776
     709
     742
     739
     787
     762
     795
     776
     755
     805
     772
     786
     844
     776
     790
     802
     834
     825
     771
     792
     793
     818
     781
     835
     775
     772
     810
     830
     809
     843
     839
     815
     809
     820
     833
     838
     798
     898
     898
     869
     858
     884
     843
     864
     872
     848
     850
     843
     885
     887
     891
     903
     919
     909
     964
     861
     876
     887
     913
     915
     962
     891
     898
     899
     925
     951
     927
     905
     936
     928
     843
     884
     856
     809
     809
     798
     723
     684
     645
     638
     623
     591
     603
     551
     554
     531
     512
     524
     527
     485
     484
     510
     557
     442
     482
     461
     466
     440
     438
     461
     458
     468
     482
     476
     452
     431
     419
     456
     458
     401
     385
     443
     442
     437
     442
     401
     441
     422
     395
     385
     418
     397
     398
     395
     387
     404
     405
     418
     379
     394
     403
     413
     364
     376
     408
     429
     389
     421
     470
     505
     545
     588
     661
     783
     826
     961
    1093
    1318
    2122
    5811
   17392
   29261
   22021
    7738
    1653
     447
     325
     306
     300
     330
     263
     324
     287
     281
     308
     299
     288
     264
     274
     230
     250
     267
     227
     260
     248
     265
     224
     243
     240
     217
     243
     238
     205
     223
     235
     184
     199
     204
     199
     201
     190
     198
     182
     176
     198
     181
     192
     179
     182
     196
     178
     158
     169
     144
     165
     152
     176
     178
     139
     152
     161
     152
     145
     150
     112
     121
     146
     121
     121
     126
     134
     133
     126
     116
     125
     140
     110
      99
     128
     110
     105
      98
     111
     103
     106
     106
     100
      86
      88
      93
      89
      87
      98
     101
      84
      91
      82
      78
      73
      69
      92
      68
      81
      70
     102
      62
      77
      77
      64
      86
      71
      68
      48
      66
      77
      72
      65
      68
      69
      80
      80
      62
      61
      70
      70
      77
      55
      59
      61
      53
      67
      58
      67
      66
      59
      68
      71
      64
      69
      57
      62
      75
      55
      52
      64
      67
      71
      57
      63
      50
      54
      61
      61
      47
      56
      50
      65
      64
      45
      61
      59
      57
      53
      61
      59
      59
      48
      52
      64
      38
      58
      56
      56
      54
      58
      65
      62
      62
      56
      36
      58
      54
      46
      61
      50
      62
      61
      51
      65
      55
      57
      50
      44
      56
      55
      58
      65
      58
      70
      72
      69
      84
     100
      90
     116
     164
     196
     259
     341
     400
     491
     518
     652
     778
    1164
    2661
    8357
   19335
   23174
   13721
    4075
     741
     102
      40
      47
      35
      34
      27
      32
      20
      32
      24
      26
      26
      25
      24
      26
      38
      31
      27
      44
      25
      28
      26
      33
      32
      27
      15
      23
      20
      21
      32
      26
      24
      22
      25
      22
      18
      21
      22
      20
      26
      29
      19
      23
      23
      25
      32
      30
      21
      32
      29
      22
      21
      14
      20
      27
      27
      29
      25
      23
      23
      14
      23
      19
      21
      14
      15
      34
      26
      15
      19
      25
      25
      23
      25
      23
      27
      34
      20
      35
      27
      21
      28
      19
      19
      20
      24
      21
      24
      18
      34
      22
      22
      29
      12
      22
      24
      36
      21
      19
      26
      26
      20
      22
      16
      16
      27
      26
      17
      28
      14
      21
      15
      22
      22
      25
      20
      24
      20
      22
      28
      18
      35
      16
      19
      24
      21
      20
      24
      24
      17
      24
      22
      23
      12
      14
      18
      23
      21
      22
      14
      25
      12
      21
      17
      31
      27
      21
      19
      20
      25
      20
      16
      22
      18
      13
      10
      22
      17
      25
      18
      22
      18
      13
      22
      21
      37
      27
      28
      28
      62
      75
      50
      36
      24
      24
      23
      21
      24
      28
      20
      18
      28
      21
      25
      21
      19
      16
      18
      20
      20
      12
      17
      33
      21
      21
      13
      17
      24
      22
       0
       0
       0
       0
       0
       0
       0
       0
       0
       0
       0
       0
       0
       0
       0
       0
       0
       0
       0
       0
       0
       0
       0
       0
       0
       0
       0
       0
       0
       0
       0
       0
$ROI:
0
$PRESETS:
None
0
0
$ENER_FIT:
0.000000 0.731044
$MCA_CAL:
3
0.000000E+000 7.310444E-001 0.000000E+000 keV
$SHAPE_CAL:
3
0.000000E+000 0.000000E+000 0.000000E+000
