$SPEC_ID:
No sample description was entered.
$SPEC_REM:
DET# 4
DETDESC# JLAB-20 MCB 131
AP# Maestro Version 7.01
$DATE_MEA:
10/07/2025 12:20:02
$MEAS_TIM:
579 599
$DATA:
0 2047
       0
       0
       0
       0
       0
       0
       0
       0
       0
       0
       0
       0
       0
       0
       0
       0
       0
       0
       0
       0
       0
       0
       0
       0
       0
       0
       0
       0
       0
       0
       0
       0
       0
       0
       0
       0
       0
       0
       0
       0
       0
       0
       0
       0
       0
       0
       0
       0
       0
       0
       0
       0
       0
       0
       0
       0
       0
       0
       0
       0
       0
       0
       0
       0
       0
       0
       0
       0
       0
      20
    1338
    1391
    1434
    1400
    1380
    1391
    1357
    1422
    1355
    1464
    1388
    1431
    1330
    1396
    1363
    1315
    1409
    1459
    1389
    1330
    1304
    1341
    1338
    1326
    1360
    1369
    1345
    1353
    1311
    1456
    1377
    1511
    1617
    1331
    1367
    1350
    1409
    1331
    1307
    1325
    1328
    1310
    1301
    1371
    1423
    1400
    1343
    1440
    1344
    1360
    1329
    1283
    1360
    1304
    1270
    1376
    1376
    1348
    1284
    1277
    1288
    1293
    1269
    1299
    1301
    1252
    1332
    1352
    1300
    1366
    1278
    1371
    1384
    1356
    1282
    1307
    1320
    1347
    1339
    1249
    1265
    1262
    1336
    1342
    1210
    1295
    1284
    1334
    1334
    1280
    1321
    1339
    1285
    1237
    1364
    1312
    1314
    1282
    1422
    1311
    1275
    1318
    1267
    1320
    1423
    1290
    1280
    1393
    1343
    1281
    1261
    1298
    1291
    1250
    1279
    1343
    1377
    1328
    1264
    1315
    1372
    1361
    1339
    1292
    1290
    1282
    1349
    1252
    1288
    1314
    1222
    1254
    1309
    1288
    1313
    1326
    1313
    1199
    1319
    1320
    1347
    1306
    1242
    1298
    1275
    1293
    1223
    1197
    1273
    1193
    1195
    1259
    1255
    1257
    1139
    1220
    1276
    1263
    1262
    1254
    1190
    1219
    1288
    1219
    1275
    1226
    1231
    1233
    1228
    1244
    1287
    1213
    1257
    1191
    1275
    1240
    1221
    1206
    1177
    1213
    1213
    1233
    1220
    1179
    1215
    1188
    1149
    1155
    1205
    1134
    1175
    1192
    1158
    1159
    1165
    1128
    1153
    1139
    1186
    1207
    1132
    1136
    1164
    1207
    1197
    1195
    1194
    1236
    1167
    1236
    1162
    1246
    1227
    1271
    1305
    1312
    1328
    1322
    1458
    1468
    1475
    1497
    1486
    1506
    1545
    1434
    1518
    1467
    1489
    1472
    1534
    1450
    1542
    1402
    1464
    1424
    1436
    1435
    1356
    1393
    1400
    1352
    1410
    1318
    1338
    1365
    1421
    1354
    1361
    1338
    1385
    1335
    1355
    1361
    1324
    1397
    1293
    1286
    1272
    1255
    1273
    1206
    1271
    1321
    1259
    1293
    1287
    1232
    1274
    1230
    1323
    1259
    1161
    1259
    1241
    1248
    1177
    1233
    1212
    1200
    1208
    1222
    1219
    1193
    1119
    1183
    1275
    1192
    1168
    1205
    1155
    1137
    1162
    1138
    1112
    1086
    1169
    1149
    1161
    1153
    1121
    1174
    1120
    1129
    1059
    1152
    1129
    1171
    1146
    1121
    1121
    1077
    1123
    1040
    1074
    1029
    1158
    1063
    1093
    1116
    1026
    1056
    1035
    1111
    1045
    1021
    1036
    1005
    1069
    1016
    1025
    1028
    1043
    1036
    1007
     994
    1033
    1024
     969
    1008
    1047
     978
     996
     991
     988
    1056
    1053
    1024
    1011
     946
     925
    1023
    1213
    1179
     985
    1010
     984
     959
     965
     949
     991
     929
     948
     921
     958
     878
     934
     916
     916
     952
     921
     963
     922
     926
     908
     927
     923
     897
     923
     888
     945
     890
     904
     903
     901
     850
     910
     952
     861
     893
     895
     877
     934
     904
     952
     843
     915
     840
     898
     880
     852
     861
     917
     853
     907
     892
     890
     861
     911
     949
     861
     826
     899
     857
     860
     857
     829
     834
     856
     852
     864
     814
     887
     822
     880
     840
     878
     860
     869
     822
     795
     857
     848
     850
     823
     853
     842
     803
     854
     796
     808
     846
     793
     889
     856
     851
     816
     866
     796
     821
     806
     828
     811
     818
     838
     832
     862
     787
     828
     858
     856
     797
     812
     811
     814
     787
     803
     828
     840
     780
     839
     754
     795
     806
     796
     817
     827
     780
     796
     794
     859
     787
     788
     815
     778
     780
     801
     816
     836
     779
     816
     765
     792
     783
     779
     731
     769
     752
     815
     786
     814
     805
     759
     744
     782
     834
     769
     810
     790
     773
     747
     797
     754
     785
     794
     748
     739
     763
     785
     767
     742
     793
     750
     797
     780
     817
     739
     789
     823
     824
     774
     761
     784
     764
     759
     791
     745
     763
     800
     763
     717
     778
     751
     744
     721
     783
     765
     752
     718
     773
     778
     743
     754
     724
     742
     762
     759
     748
     786
     777
     761
     785
     794
     789
     721
     725
     774
     774
     751
     742
     735
     785
     787
     771
     765
     725
     689
     743
     733
     740
     770
     741
     780
     715
     739
     770
     746
     719
     777
     750
     717
     748
     761
     758
     789
     727
     758
     728
     724
     739
     728
     739
     713
     707
     753
     748
     714
     764
     733
     720
     729
     775
     766
     733
     789
     735
     774
     786
     735
     672
     770
     708
     751
     746
     793
     812
     766
     736
     744
     759
     735
     749
     754
     745
     749
     767
     758
     780
     760
     774
     772
     750
     702
     746
     710
     726
     721
     695
     721
     729
     704
     776
     722
     740
     726
     707
     766
     754
     758
     733
     660
     735
     710
     722
     767
     782
     757
     738
     719
     716
     770
     692
     736
     750
     762
     818
     766
     736
     728
     738
     762
     741
     684
     756
     719
     721
     689
     727
     711
     746
     706
     734
     726
     702
     737
     679
     712
     782
     771
     700
     729
     692
     713
     760
     742
     761
     743
     685
     689
     710
     739
     693
     729
     756
     772
     734
     756
     737
     790
     770
     719
     733
     714
     689
     737
     744
     709
     773
     766
     754
     720
     730
     704
     703
     746
     699
     738
     810
     723
     735
     693
     755
     732
     705
     758
     757
     719
     666
     733
     755
     711
     757
     725
     710
     706
     769
     730
     720
     695
     769
     777
     749
     786
     748
     727
     733
     684
     746
     719
     737
     687
     774
     741
     717
     719
     709
     738
     688
     733
     705
     681
     720
     756
     724
     751
     794
     713
     743
     735
     738
     747
     741
     715
     722
     725
     731
     747
     683
     648
     741
     763
     757
     738
     766
     731
     746
     766
     754
     687
     766
     780
     705
     700
     696
     750
     760
     778
     759
     735
     683
     780
     679
     742
     753
     740
     754
     741
     736
     761
     734
     730
     761
     754
     752
     767
     697
     757
     758
     751
     732
     722
     724
     771
     732
     750
     772
     669
     750
     760
     731
     717
     716
     715
     779
     701
     772
     741
     743
     725
     772
     794
     759
     743
     740
     759
     752
     730
     793
     748
     761
     721
     729
     832
     724
     710
     718
     760
     776
     704
     745
     755
     698
     769
     801
     770
     711
     754
     782
     751
     751
     750
     674
     760
     741
     743
     742
     785
     711
     788
     775
     721
     715
     740
     744
     704
     774
     768
     790
     773
     727
     787
     781
     731
     792
     728
     738
     759
     731
     807
     795
     793
     754
     771
     834
     722
     828
     718
     766
     735
     747
     765
     755
     741
     851
     701
     760
     713
     707
     768
     759
     813
     749
     774
     762
     778
     762
     744
     763
     740
     785
     837
     749
     745
     781
     784
     771
     795
     808
     776
     748
     781
     812
     777
     762
     746
     785
     758
     782
     730
     793
     758
     817
     764
     771
     838
     803
     813
     752
     761
     783
     816
     794
     815
     723
     785
     850
     803
     795
     813
     801
     820
     840
     757
     799
     820
     833
     799
     769
     754
     835
     805
     799
     828
     834
     832
     802
     744
     820
     846
     815
     854
     775
     792
     811
     768
     873
     802
     827
     803
     815
     810
     863
     845
     836
     809
     823
     796
     848
     807
     828
     773
     817
     786
     802
     821
     842
     837
     822
     840
     895
     770
     866
     885
     831
     884
     837
     947
     924
     928
     913
     858
     870
     890
     874
     883
     889
     812
     882
     865
     832
     883
     897
     885
     858
     902
     841
     932
     891
     869
     875
     868
     913
     910
     892
     886
     895
     904
     888
     924
     889
     872
     910
     862
     877
     872
     939
     949
     878
     914
     900
     861
     955
     926
     937
    1003
     938
     933
     986
     937
     937
     936
     935
     904
     982
     913
     950
     922
     951
     990
     950
     972
     942
     913
     965
     921
    1011
     962
     983
     979
    1000
     947
     972
     947
     943
    1031
     961
     961
     993
     972
     935
     991
     971
     995
     959
    1034
    1059
    1014
    1016
    1051
     987
    1014
    1034
    1005
    1035
     957
    1026
    1065
    1092
    1059
    1017
    1054
    1022
    1075
    1077
    1030
     975
    1056
    1045
    1061
    1095
    1075
    1082
    1122
    1123
    1103
    1115
    1139
    1090
    1131
    1156
    1121
    1131
    1103
    1129
    1140
    1159
    1134
    1195
    1120
    1155
    1205
    1169
    1178
    1204
    1194
    1173
    1213
    1227
    1185
    1166
    1256
    1291
    1258
    1219
    1231
    1284
    1308
    1206
    1313
    1271
    1323
    1204
    1339
    1300
    1276
    1303
    1363
    1314
    1334
    1270
    1379
    1372
    1337
    1302
    1295
    1298
    1316
    1366
    1381
    1376
    1407
    1348
    1381
    1416
    1346
    1423
    1400
    1373
    1430
    1406
    1343
    1331
    1355
    1372
    1403
    1326
    1338
    1287
    1272
    1235
    1221
    1152
    1134
    1088
    1064
    1027
    1072
    1019
     939
     932
     929
     924
     940
     986
     961
     933
     902
     950
     919
     930
     921
     866
     894
     931
     910
     848
     886
     953
     884
     883
     877
     912
     881
     880
     865
     883
     883
     869
     859
     876
     881
     857
     850
     828
     843
     846
     864
     901
     819
     850
     874
     856
     831
     913
     869
     843
     876
     837
     840
     878
     853
     845
     873
     832
     848
     855
     865
     859
     796
     794
     816
     797
     777
     814
     779
     797
     803
     810
     850
     818
     838
     830
     844
     825
     797
     786
     771
     762
     820
     777
     783
     788
     825
     847
     829
     821
     852
     773
     810
     812
     822
     761
     735
     756
     816
     796
     797
     824
     836
     786
     762
     822
     773
     833
     788
     779
     820
     787
     788
     776
     769
     782
     796
     783
     760
     785
     802
     743
     792
     726
     816
     788
     761
     800
     730
     786
     791
     792
     769
     810
     732
     766
     758
     828
     737
     755
     747
     815
     801
     785
     809
     819
     819
     726
     812
     797
     846
     803
     853
     835
     838
     864
     850
     837
     801
     817
     821
     822
     826
     872
     854
     848
     862
     858
     863
     833
     857
     905
     845
     848
     871
     914
     881
     884
     856
     918
     913
     949
     855
     937
     872
     888
     924
     881
     874
     921
     945
     948
     872
     910
     899
     936
     946
     894
     878
     899
     802
     837
     882
     821
     743
     720
     666
     656
     616
     602
     604
     597
     586
     535
     498
     579
     523
     517
     487
     494
     463
     485
     469
     467
     465
     433
     472
     488
     494
     391
     459
     427
     427
     449
     418
     457
     425
     443
     451
     404
     437
     446
     447
     441
     391
     396
     396
     391
     444
     381
     372
     406
     418
     396
     377
     421
     353
     423
     369
     376
     366
     384
     400
     359
     383
     400
     429
     433
     512
     557
     663
     663
     789
     871
     957
    1077
    1326
    2216
    5968
   17963
   28717
   21436
    7548
    1586
     451
     337
     323
     288
     281
     337
     268
     279
     301
     295
     286
     269
     270
     270
     261
     284
     264
     252
     261
     232
     224
     241
     216
     235
     214
     245
     225
     211
     207
     212
     209
     208
     211
     200
     194
     179
     217
     172
     201
     171
     189
     204
     182
     168
     172
     151
     175
     154
     161
     177
     168
     166
     163
     125
     144
     138
     141
     128
     131
     129
     132
     112
     119
     130
     143
     137
     115
     115
      99
     108
     126
     115
     106
     111
     108
     108
      90
     113
      88
     100
      97
      94
      91
      96
      85
     111
      99
      78
      95
      79
      93
      91
      88
      89
      86
      74
      70
      76
      73
      65
      77
      68
      63
      75
      74
      63
      66
      75
      78
      75
      55
      64
      66
      72
      74
      59
      68
      62
      67
      72
      59
      67
      72
      72
      64
      64
      61
      75
      75
      60
      65
      62
      69
      70
      50
      63
      67
      61
      57
      60
      53
      65
      55
      59
      73
      49
      58
      60
      62
      42
      62
      48
      57
      61
      64
      68
      50
      52
      52
      58
      57
      67
      49
      62
      57
      58
      50
      49
      60
      67
      52
      63
      57
      49
      62
      43
      56
      57
      43
      56
      62
      55
      57
      45
      55
      58
      52
      47
      50
      48
      51
      60
      68
      70
      65
      70
      72
      78
      78
     115
     196
     228
     283
     351
     411
     445
     540
     585
     749
    1196
    2728
    8652
   19770
   23058
   13243
    3939
     738
     110
      38
      44
      30
      28
      25
      21
      19
      37
      22
      28
      28
      26
      36
      26
      33
      36
      30
      22
      27
      21
      23
      29
      27
      21
      28
      31
      25
      20
      18
      32
      22
      29
      24
      16
      22
      23
      18
      26
      27
      25
      25
      21
      26
      21
      19
      24
      24
      27
      20
      24
      25
      21
      20
      29
      24
      19
      22
      25
      22
      15
      23
      23
      24
      26
      27
      26
      31
      21
      28
      21
      32
      23
      22
      21
      28
      25
      27
      17
      18
      22
      24
      27
      29
      23
      19
      30
      29
      18
      19
      14
      25
      24
      19
      20
      29
      27
      31
      30
      22
      23
      24
      25
      25
      25
      27
      21
      16
      22
      18
      20
      30
      30
      25
      17
      21
      18
      14
      23
      16
      36
      17
      19
      20
      22
      25
      12
      22
      20
      18
      25
      28
      23
      16
      18
      19
      23
      21
      19
      21
      23
      23
      24
      16
      21
      17
      16
      23
      22
      17
      24
      22
      24
      21
      18
      19
      24
      22
      19
      25
      23
      14
      24
      22
      20
      23
      27
      23
      29
      53
      74
      62
      36
      30
      21
      19
      17
      20
      25
      19
      25
      25
      20
      15
      26
      13
      20
      12
      20
      21
      18
      14
      26
      22
      17
      21
      19
      11
      19
       0
       0
       0
       0
       0
       0
       0
       0
       0
       0
       0
       0
       0
       0
       0
       0
       0
       0
       0
       0
       0
       0
       0
       0
       0
       0
       0
       0
       0
       0
       0
       0
$ROI:
0
$PRESETS:
None
0
0
$ENER_FIT:
0.000000 0.731044
$MCA_CAL:
3
0.000000E+000 7.310444E-001 0.000000E+000 keV
$SHAPE_CAL:
3
0.000000E+000 0.000000E+000 0.000000E+000
