$SPEC_ID:
No sample description was entered.
$SPEC_REM:
DET# 4
DETDESC# JLAB-20 MCB 131
AP# Maestro Version 7.01
$DATE_MEA:
10/07/2025 11:40:02
$MEAS_TIM:
579 599
$DATA:
0 2047
       0
       0
       0
       0
       0
       0
       0
       0
       0
       0
       0
       0
       0
       0
       0
       0
       0
       0
       0
       0
       0
       0
       0
       0
       0
       0
       0
       0
       0
       0
       0
       0
       0
       0
       0
       0
       0
       0
       0
       0
       0
       0
       0
       0
       0
       0
       0
       0
       0
       0
       0
       0
       0
       0
       0
       0
       0
       0
       0
       0
       0
       0
       0
       0
       0
       0
       0
       0
       0
      40
    1280
    1390
    1413
    1316
    1421
    1366
    1308
    1410
    1360
    1365
    1380
    1319
    1338
    1339
    1421
    1354
    1311
    1247
    1304
    1288
    1327
    1389
    1348
    1374
    1335
    1372
    1348
    1316
    1374
    1475
    1346
    1506
    1588
    1380
    1398
    1365
    1288
    1303
    1374
    1354
    1331
    1361
    1407
    1309
    1368
    1348
    1346
    1261
    1365
    1308
    1315
    1349
    1278
    1261
    1334
    1359
    1321
    1339
    1385
    1317
    1410
    1266
    1349
    1364
    1320
    1336
    1387
    1345
    1301
    1237
    1299
    1222
    1330
    1371
    1336
    1282
    1260
    1311
    1274
    1216
    1241
    1327
    1357
    1336
    1325
    1305
    1270
    1275
    1344
    1315
    1310
    1260
    1296
    1349
    1333
    1287
    1334
    1315
    1366
    1348
    1386
    1268
    1338
    1272
    1327
    1276
    1328
    1346
    1279
    1293
    1363
    1251
    1299
    1278
    1256
    1342
    1356
    1318
    1328
    1328
    1272
    1271
    1223
    1292
    1291
    1270
    1286
    1328
    1364
    1364
    1317
    1304
    1277
    1320
    1278
    1335
    1307
    1258
    1241
    1303
    1248
    1269
    1228
    1229
    1270
    1337
    1316
    1273
    1243
    1207
    1338
    1216
    1285
    1261
    1230
    1262
    1221
    1252
    1151
    1205
    1243
    1253
    1192
    1210
    1277
    1220
    1169
    1216
    1205
    1205
    1188
    1189
    1267
    1168
    1178
    1206
    1191
    1179
    1178
    1191
    1138
    1161
    1204
    1196
    1160
    1166
    1134
    1166
    1160
    1229
    1182
    1173
    1242
    1164
    1187
    1189
    1191
    1176
    1114
    1219
    1233
    1186
    1205
    1185
    1105
    1230
    1230
    1199
    1216
    1209
    1225
    1193
    1240
    1240
    1237
    1347
    1402
    1347
    1390
    1463
    1488
    1529
    1531
    1492
    1520
    1530
    1546
    1529
    1524
    1509
    1470
    1464
    1435
    1441
    1431
    1428
    1442
    1446
    1483
    1421
    1363
    1391
    1424
    1381
    1332
    1344
    1367
    1334
    1330
    1389
    1327
    1368
    1313
    1317
    1364
    1421
    1319
    1305
    1287
    1324
    1312
    1252
    1282
    1284
    1270
    1245
    1292
    1150
    1290
    1195
    1219
    1214
    1176
    1188
    1249
    1236
    1143
    1218
    1226
    1270
    1205
    1220
    1175
    1185
    1145
    1210
    1161
    1196
    1226
    1222
    1150
    1194
    1197
    1116
    1176
    1106
    1192
    1107
    1089
    1164
    1149
    1091
    1086
    1078
    1087
    1064
    1108
    1153
    1066
    1083
    1123
    1120
    1141
    1100
    1021
    1135
    1014
    1051
    1030
    1081
    1021
    1067
    1086
    1017
    1018
    1040
    1110
    1002
    1046
    1055
     988
     994
    1047
    1092
    1060
    1011
    1066
    1044
    1061
    1060
    1027
    1040
     969
     992
    1018
    1014
     983
     962
     995
     986
     987
    1054
    1195
    1290
    1021
     940
     932
     959
    1011
     948
     964
     893
     948
     971
     989
     914
     999
     945
     936
     970
     953
     915
     916
     928
     914
     968
     935
     884
     973
     817
     883
     936
     937
     881
     927
     932
     943
     882
     866
     919
     929
     923
     902
     911
     907
     838
     884
     933
     865
     904
     875
     899
     956
     862
     805
     965
     887
     859
     841
     932
     828
     842
     862
     862
     891
     860
     893
     883
     860
     856
     866
     830
     836
     783
     836
     852
     878
     873
     870
     882
     794
     858
     844
     834
     829
     852
     873
     824
     788
     814
     855
     828
     835
     796
     805
     732
     819
     782
     787
     825
     801
     815
     785
     818
     822
     809
     796
     792
     789
     849
     864
     826
     859
     813
     862
     748
     857
     860
     858
     812
     796
     858
     810
     800
     828
     767
     822
     847
     851
     771
     777
     745
     819
     747
     786
     799
     736
     830
     788
     781
     804
     824
     775
     816
     784
     735
     761
     752
     807
     793
     817
     771
     790
     776
     788
     807
     764
     837
     759
     779
     816
     802
     791
     766
     789
     792
     779
     734
     785
     806
     776
     767
     781
     773
     746
     791
     787
     756
     764
     828
     737
     773
     773
     788
     768
     814
     744
     762
     797
     761
     763
     740
     755
     725
     795
     774
     808
     789
     730
     740
     773
     738
     794
     758
     769
     758
     812
     736
     735
     713
     802
     760
     767
     751
     750
     742
     728
     727
     778
     749
     771
     736
     789
     751
     782
     709
     732
     779
     778
     768
     729
     731
     736
     755
     719
     730
     725
     739
     728
     761
     751
     713
     742
     746
     735
     732
     738
     719
     742
     759
     782
     760
     755
     763
     747
     766
     753
     795
     737
     710
     759
     788
     689
     716
     783
     728
     776
     778
     733
     719
     747
     826
     814
     721
     802
     774
     802
     747
     794
     779
     773
     718
     757
     741
     717
     729
     735
     724
     747
     740
     729
     711
     734
     743
     706
     711
     754
     740
     726
     710
     694
     747
     756
     700
     688
     736
     725
     758
     743
     753
     761
     689
     764
     696
     752
     678
     747
     751
     737
     738
     730
     765
     737
     713
     747
     733
     702
     710
     781
     715
     720
     721
     733
     706
     747
     761
     806
     712
     707
     741
     691
     752
     710
     717
     733
     705
     766
     715
     721
     773
     696
     733
     736
     681
     707
     760
     745
     764
     710
     729
     694
     729
     699
     699
     728
     742
     727
     717
     713
     804
     724
     757
     725
     774
     765
     749
     695
     692
     731
     748
     717
     730
     793
     769
     657
     733
     755
     684
     707
     685
     709
     820
     702
     695
     743
     686
     779
     702
     740
     696
     710
     679
     711
     736
     656
     778
     765
     739
     723
     712
     711
     756
     719
     760
     758
     750
     728
     758
     713
     697
     721
     710
     754
     725
     700
     697
     693
     711
     752
     703
     711
     745
     690
     729
     696
     751
     735
     691
     727
     731
     718
     736
     730
     681
     716
     726
     746
     721
     750
     746
     745
     656
     743
     763
     729
     706
     749
     691
     715
     745
     713
     780
     773
     698
     756
     695
     738
     727
     706
     754
     717
     714
     705
     695
     745
     737
     723
     741
     755
     762
     733
     749
     728
     803
     752
     719
     723
     750
     751
     738
     748
     741
     749
     712
     737
     723
     731
     726
     713
     750
     760
     726
     768
     751
     728
     756
     746
     692
     718
     695
     715
     721
     699
     770
     767
     781
     782
     738
     748
     721
     705
     758
     716
     715
     786
     762
     718
     737
     757
     699
     722
     760
     757
     688
     773
     747
     743
     731
     778
     745
     713
     747
     767
     750
     742
     749
     694
     779
     763
     791
     754
     756
     758
     759
     765
     804
     751
     783
     762
     757
     705
     753
     754
     741
     776
     763
     757
     739
     776
     783
     745
     721
     751
     751
     813
     752
     733
     784
     786
     789
     736
     801
     778
     728
     733
     771
     768
     771
     699
     824
     843
     758
     739
     785
     802
     778
     820
     779
     741
     789
     772
     706
     736
     749
     785
     733
     779
     714
     749
     779
     814
     749
     736
     795
     756
     775
     762
     835
     786
     777
     871
     769
     815
     764
     766
     801
     802
     797
     792
     786
     811
     791
     737
     785
     746
     797
     740
     803
     788
     804
     748
     810
     835
     830
     782
     799
     771
     746
     805
     853
     787
     793
     822
     783
     804
     845
     847
     815
     791
     803
     841
     798
     840
     793
     816
     806
     814
     790
     804
     790
     819
     828
     810
     748
     826
     853
     828
     822
     804
     840
     823
     817
     785
     902
     794
     873
     825
     850
     883
     833
     828
     834
     861
     800
     868
     925
     901
     928
     890
     957
     868
     907
     892
     898
     818
     895
     885
     879
     847
     851
     840
     861
     881
     899
     876
     889
     934
     851
     866
     853
     853
     873
     860
     893
     858
     911
     907
     859
     852
     880
     943
     836
     895
     885
     876
     909
     850
     897
     912
     915
     943
     948
     881
     908
     894
     912
     909
     919
     880
     958
     934
     944
     953
     870
     991
     915
     950
     941
     958
     953
     981
     945
     924
     941
     996
     938
     960
     923
     917
     961
     997
    1017
     920
     943
    1002
     923
    1002
    1027
    1045
     998
     982
    1008
    1022
     983
    1002
     983
    1008
     972
     959
     936
    1060
     995
     992
    1016
    1040
    1043
    1050
    1023
    1082
    1108
    1079
    1068
    1063
    1074
    1043
    1045
    1055
    1106
    1072
    1091
    1144
    1090
    1126
    1109
    1120
    1091
    1126
    1084
    1107
    1131
    1166
    1152
    1144
    1182
    1149
    1178
    1186
    1106
    1237
    1113
    1138
    1233
    1212
    1198
    1252
    1165
    1252
    1247
    1204
    1202
    1197
    1279
    1266
    1246
    1249
    1290
    1316
    1283
    1279
    1261
    1298
    1283
    1284
    1261
    1346
    1342
    1340
    1318
    1351
    1299
    1394
    1368
    1296
    1317
    1292
    1387
    1313
    1379
    1400
    1426
    1383
    1389
    1428
    1420
    1379
    1404
    1334
    1423
    1370
    1395
    1398
    1382
    1312
    1325
    1430
    1414
    1346
    1303
    1242
    1265
    1204
    1235
    1164
    1114
    1018
    1061
    1034
    1004
    1013
     980
     974
     914
     967
     957
     935
     976
     854
     961
     920
     866
     901
     927
     913
     884
     878
     886
     903
     929
     862
     940
     858
     897
     864
     902
     905
     828
     902
     943
     869
     890
     868
     875
     796
     885
     853
     847
     830
     866
     812
     856
     787
     834
     865
     839
     817
     812
     908
     880
     873
     899
     875
     861
     815
     864
     850
     794
     831
     842
     798
     846
     806
     875
     800
     789
     830
     823
     809
     798
     824
     838
     762
     932
     853
     817
     756
     801
     807
     825
     789
     793
     801
     780
     808
     770
     800
     787
     756
     811
     792
     788
     815
     776
     765
     788
     772
     761
     814
     785
     776
     761
     763
     805
     793
     785
     828
     760
     814
     770
     771
     715
     787
     758
     761
     731
     738
     767
     758
     781
     743
     791
     782
     771
     728
     791
     802
     722
     747
     791
     777
     755
     767
     732
     768
     759
     798
     795
     790
     764
     800
     815
     844
     773
     857
     841
     834
     766
     814
     813
     825
     820
     829
     865
     824
     832
     802
     850
     867
     861
     832
     841
     828
     869
     811
     897
     829
     826
     879
     875
     839
     867
     875
     867
     868
     863
     893
     924
     928
     925
     870
     884
     912
     890
     918
     914
     921
     888
     943
     943
     899
     952
     882
     947
     877
     820
     874
     861
     884
     871
     846
     877
     734
     755
     758
     705
     651
     572
     567
     511
     566
     535
     512
     513
     497
     478
     508
     511
     469
     466
     452
     499
     468
     449
     481
     460
     397
     416
     438
     428
     450
     428
     471
     448
     451
     456
     388
     447
     397
     416
     383
     384
     431
     404
     395
     380
     414
     391
     430
     417
     399
     370
     365
     334
     394
     382
     360
     370
     388
     394
     378
     364
     426
     402
     419
     446
     464
     556
     669
     722
     803
     847
     902
     995
    1359
    2200
    6164
   18215
   29157
   20984
    7319
    1646
     426
     304
     295
     307
     288
     275
     280
     298
     282
     258
     282
     236
     244
     268
     284
     276
     275
     266
     213
     256
     234
     251
     238
     241
     246
     251
     233
     247
     224
     195
     213
     179
     191
     214
     202
     193
     170
     195
     186
     185
     190
     182
     195
     153
     159
     159
     156
     165
     149
     186
     128
     159
     142
     130
     143
     140
     144
     138
     137
     121
     132
     131
     129
     113
     131
     113
     110
     135
     117
     125
     111
     119
     116
     121
     116
     109
      90
      93
     103
     108
      84
     107
      89
      81
     110
     107
     100
      80
      92
      88
      87
      99
      87
      79
      90
      61
      82
      69
      82
      66
      73
      74
      67
      66
      54
      67
      65
      65
      69
      64
      81
      49
      61
      59
      80
      61
      64
      66
      69
      64
      56
      80
      53
      66
      59
      71
      61
      59
      53
      61
      69
      50
      69
      61
      71
      66
      70
      47
      63
      60
      68
      64
      62
      79
      63
      64
      65
      59
      55
      59
      64
      58
      60
      66
      51
      68
      56
      62
      55
      70
      58
      63
      54
      53
      62
      58
      53
      56
      52
      46
      53
      48
      55
      49
      62
      55
      43
      57
      60
      60
      61
      58
      59
      57
      47
      54
      56
      42
      51
      57
      54
      53
      56
      65
      69
      73
      74
      85
     110
     134
     191
     209
     306
     307
     398
     465
     524
     624
     840
    1278
    2850
    8924
   20108
   23235
   12917
    3851
     670
     117
      41
      35
      22
      36
      28
      34
      33
      24
      32
      23
      18
      27
      23
      30
      14
      31
      23
      27
      21
      28
      31
      25
      29
      25
      33
      30
      25
      14
      35
      24
      20
      21
      31
      23
      26
      34
      24
      20
      33
      20
      22
      27
      22
      25
      21
      33
      23
      26
      28
      26
      20
      30
      24
      21
      25
      20
      28
      30
      29
      24
      29
      20
      20
      17
      19
      20
      31
       9
      21
      32
      18
      27
      41
      32
      22
      30
      23
      23
      28
      23
      16
      22
      29
      30
      22
      18
      21
      24
      15
      21
      27
      25
      25
      17
      26
      21
      27
      21
      31
      22
      13
      22
      23
      22
      18
      29
      21
      27
      18
      24
      20
      17
      15
      16
      16
      25
      25
      24
      16
      20
      20
      16
      24
      18
      10
      13
      23
      18
      19
      16
      27
      20
      26
      21
      18
      18
      25
      19
      18
      12
      16
      17
      16
      20
      24
      18
      18
      36
      21
      18
      23
      27
      18
      12
      15
      20
      27
      26
      22
      22
      22
      19
      25
      23
      24
      20
      30
      45
      63
      71
      54
      35
      39
      19
      19
      17
      26
      18
      20
      20
      20
      14
      30
      22
      20
      18
      25
      18
      22
      22
      15
      15
      21
      18
      17
      19
      18
      16
       0
       0
       0
       0
       0
       0
       0
       0
       0
       0
       0
       0
       0
       0
       0
       0
       0
       0
       0
       0
       0
       0
       0
       0
       0
       0
       0
       0
       0
       0
       0
       0
$ROI:
0
$PRESETS:
None
0
0
$ENER_FIT:
0.000000 0.731044
$MCA_CAL:
3
0.000000E+000 7.310444E-001 0.000000E+000 keV
$SHAPE_CAL:
3
0.000000E+000 0.000000E+000 0.000000E+000
