$SPEC_ID:
No sample description was entered.
$SPEC_REM:
DET# 4
DETDESC# JLAB-20 MCB 131
AP# Maestro Version 7.01
$DATE_MEA:
10/06/2025 18:20:02
$MEAS_TIM:
579 599
$DATA:
0 2047
       0
       0
       0
       0
       0
       0
       0
       0
       0
       0
       0
       0
       0
       0
       0
       0
       0
       0
       0
       0
       0
       0
       0
       0
       0
       0
       0
       0
       0
       0
       0
       0
       0
       0
       0
       0
       0
       0
       0
       0
       0
       0
       0
       0
       0
       0
       0
       0
       0
       0
       0
       0
       0
       0
       0
       0
       0
       0
       0
       0
       0
       0
       0
       0
       0
       0
       0
       0
       0
      57
    1308
    1354
    1401
    1388
    1369
    1328
    1343
    1366
    1372
    1368
    1398
    1395
    1402
    1348
    1372
    1372
    1340
    1370
    1328
    1362
    1424
    1362
    1351
    1303
    1377
    1284
    1355
    1358
    1439
    1489
    1346
    1514
    1563
    1360
    1378
    1387
    1313
    1350
    1377
    1295
    1387
    1325
    1315
    1389
    1357
    1386
    1331
    1308
    1371
    1367
    1346
    1346
    1287
    1270
    1297
    1277
    1319
    1327
    1340
    1281
    1365
    1369
    1263
    1257
    1361
    1236
    1344
    1349
    1314
    1321
    1330
    1363
    1320
    1352
    1292
    1357
    1323
    1406
    1310
    1347
    1271
    1358
    1247
    1333
    1285
    1277
    1332
    1426
    1255
    1369
    1302
    1295
    1306
    1305
    1324
    1274
    1261
    1348
    1330
    1301
    1312
    1328
    1365
    1307
    1327
    1265
    1348
    1366
    1339
    1303
    1307
    1346
    1330
    1343
    1306
    1296
    1272
    1283
    1364
    1320
    1357
    1310
    1275
    1298
    1285
    1289
    1410
    1270
    1316
    1304
    1295
    1295
    1297
    1266
    1291
    1362
    1350
    1279
    1262
    1232
    1251
    1296
    1313
    1294
    1308
    1278
    1262
    1251
    1292
    1243
    1254
    1220
    1235
    1214
    1298
    1266
    1183
    1303
    1176
    1222
    1256
    1326
    1254
    1226
    1210
    1241
    1204
    1183
    1196
    1229
    1177
    1268
    1246
    1186
    1186
    1209
    1185
    1191
    1214
    1258
    1124
    1205
    1214
    1137
    1179
    1202
    1120
    1161
    1212
    1167
    1202
    1271
    1168
    1168
    1216
    1210
    1182
    1174
    1138
    1187
    1194
    1203
    1161
    1228
    1223
    1242
    1228
    1184
    1155
    1209
    1275
    1240
    1233
    1286
    1303
    1371
    1336
    1450
    1431
    1365
    1441
    1532
    1444
    1525
    1530
    1508
    1474
    1481
    1531
    1440
    1507
    1478
    1499
    1390
    1474
    1458
    1484
    1457
    1367
    1362
    1357
    1409
    1362
    1413
    1314
    1289
    1406
    1437
    1379
    1356
    1371
    1290
    1354
    1335
    1334
    1304
    1290
    1300
    1274
    1294
    1268
    1326
    1290
    1284
    1250
    1223
    1234
    1241
    1230
    1263
    1236
    1221
    1267
    1211
    1216
    1194
    1209
    1166
    1255
    1176
    1246
    1178
    1176
    1195
    1156
    1174
    1131
    1156
    1181
    1146
    1185
    1186
    1155
    1217
    1122
    1099
    1140
    1150
    1095
    1153
    1141
    1162
    1113
    1135
    1133
    1150
    1091
    1091
    1089
    1100
    1108
    1121
    1150
    1121
    1054
    1070
    1095
    1112
    1115
    1045
    1004
    1096
     979
    1046
    1071
    1041
    1033
    1039
    1001
    1032
    1035
    1102
    1050
     991
    1022
    1030
    1010
    1054
    1056
    1052
     963
    1007
    1001
    1053
    1010
     985
     968
    1025
     975
    1063
     953
    1013
    1271
    1225
     925
     933
     966
     963
     983
     891
     954
     952
     945
     873
     989
     915
     880
     961
     954
     933
     958
     937
     911
     900
     990
     951
     913
     905
     939
     938
     951
     977
     954
     882
     944
     914
     877
     864
     935
     822
     944
     935
     862
     919
     895
     883
     920
     906
     849
     859
     844
     895
     933
     912
     841
     879
     868
     868
     907
     881
     891
     824
     916
     883
     845
     849
     876
     865
     836
     911
     899
     834
     847
     807
     820
     882
     829
     882
     804
     841
     819
     885
     804
     764
     881
     840
     805
     797
     882
     856
     881
     863
     855
     843
     834
     805
     823
     838
     806
     816
     878
     870
     823
     789
     757
     849
     789
     818
     807
     794
     814
     843
     877
     841
     778
     812
     793
     784
     819
     804
     807
     847
     836
     819
     820
     765
     824
     771
     788
     803
     829
     795
     793
     785
     793
     858
     720
     831
     774
     775
     796
     826
     784
     777
     837
     806
     816
     832
     797
     800
     800
     740
     796
     741
     708
     784
     818
     760
     765
     769
     739
     742
     772
     802
     770
     824
     761
     779
     789
     800
     775
     734
     825
     771
     759
     792
     773
     774
     789
     746
     792
     790
     788
     736
     738
     793
     778
     737
     765
     776
     785
     789
     750
     728
     779
     776
     775
     762
     781
     781
     783
     737
     709
     741
     757
     766
     764
     746
     746
     794
     751
     710
     764
     740
     808
     768
     763
     732
     747
     786
     780
     761
     770
     787
     739
     722
     776
     739
     768
     809
     752
     792
     704
     721
     759
     769
     712
     743
     738
     777
     750
     743
     737
     690
     761
     777
     723
     749
     716
     713
     717
     762
     708
     760
     734
     751
     713
     753
     792
     731
     774
     762
     782
     713
     732
     717
     755
     779
     797
     702
     722
     703
     756
     767
     739
     826
     751
     770
     709
     756
     767
     720
     802
     753
     721
     756
     753
     723
     690
     701
     725
     747
     804
     741
     729
     726
     759
     765
     717
     773
     738
     681
     715
     721
     698
     693
     756
     694
     750
     725
     748
     736
     776
     712
     772
     726
     692
     708
     728
     748
     753
     734
     767
     723
     743
     736
     716
     709
     722
     719
     699
     689
     727
     730
     747
     764
     712
     669
     704
     667
     710
     762
     697
     704
     756
     773
     727
     723
     756
     727
     743
     764
     727
     711
     704
     771
     748
     743
     726
     766
     679
     720
     733
     742
     730
     686
     756
     700
     709
     738
     703
     780
     772
     756
     739
     785
     712
     720
     724
     726
     795
     779
     773
     716
     703
     764
     704
     733
     742
     700
     703
     721
     759
     742
     688
     714
     705
     699
     723
     753
     711
     744
     729
     757
     793
     724
     744
     734
     732
     728
     727
     792
     699
     703
     776
     764
     756
     753
     733
     714
     699
     725
     685
     763
     751
     776
     746
     747
     664
     762
     717
     737
     724
     753
     741
     722
     716
     751
     720
     738
     724
     719
     705
     763
     752
     716
     694
     689
     776
     726
     725
     725
     738
     736
     716
     726
     701
     722
     674
     774
     711
     718
     749
     756
     709
     724
     729
     755
     739
     727
     720
     761
     742
     750
     735
     744
     736
     722
     751
     766
     821
     774
     764
     766
     713
     669
     747
     737
     727
     758
     763
     772
     722
     707
     753
     738
     744
     732
     786
     718
     745
     741
     776
     732
     796
     728
     730
     779
     766
     740
     746
     733
     771
     767
     720
     720
     718
     761
     720
     753
     752
     788
     758
     734
     763
     684
     745
     797
     774
     760
     764
     747
     783
     731
     730
     726
     763
     747
     761
     740
     733
     742
     738
     773
     719
     745
     673
     758
     727
     749
     719
     753
     732
     802
     787
     748
     744
     759
     846
     785
     754
     791
     785
     762
     782
     740
     742
     736
     779
     791
     812
     785
     768
     755
     752
     786
     782
     762
     747
     789
     757
     757
     770
     763
     773
     792
     806
     824
     717
     777
     772
     750
     769
     783
     797
     754
     747
     797
     803
     721
     769
     816
     782
     819
     787
     829
     769
     708
     768
     832
     754
     868
     726
     817
     785
     771
     742
     777
     817
     805
     804
     836
     778
     812
     866
     781
     784
     835
     734
     807
     812
     823
     774
     868
     796
     779
     809
     831
     768
     781
     791
     849
     833
     843
     814
     802
     785
     822
     722
     806
     822
     811
     786
     789
     776
     805
     814
     797
     785
     793
     841
     803
     846
     818
     809
     853
     792
     855
     805
     817
     846
     839
     831
     845
     789
     761
     840
     807
     801
     876
     823
     803
     852
     797
     841
     808
     822
     861
     824
     801
     796
     812
     862
     850
     883
     897
     915
     877
     875
     875
     903
     879
     841
     887
     888
     884
     895
     893
     927
     829
     890
     840
     845
     932
     893
     828
     869
     905
     874
     885
     895
     937
     854
     904
     901
     919
     862
     910
     895
     917
     937
     910
     893
     950
     875
     959
     876
     899
     896
     862
     895
     867
     936
     954
     887
     940
     961
     919
     931
     974
     970
     924
     973
     918
     915
     936
     916
     923
     948
    1013
     929
     977
     923
     963
     944
     897
     937
     970
     974
     954
     991
     931
     961
     967
     983
     987
     988
    1012
     981
     992
    1002
    1028
    1032
    1036
    1030
    1021
    1013
     973
     996
    1006
     972
    1033
    1053
    1027
    1027
    1061
    1091
    1063
    1057
    1077
    1108
    1135
    1070
    1081
    1090
    1016
    1085
    1108
    1117
    1071
    1094
    1162
    1103
    1114
    1130
    1088
    1147
    1171
    1049
    1106
    1076
    1108
    1139
    1164
    1194
    1143
    1175
    1202
    1141
    1170
    1153
    1197
    1159
    1214
    1200
    1222
    1261
    1185
    1156
    1227
    1288
    1259
    1206
    1238
    1224
    1267
    1186
    1298
    1298
    1267
    1282
    1309
    1263
    1338
    1225
    1256
    1300
    1300
    1310
    1248
    1350
    1342
    1327
    1370
    1370
    1406
    1336
    1390
    1419
    1396
    1358
    1403
    1381
    1373
    1367
    1460
    1410
    1428
    1379
    1391
    1371
    1419
    1350
    1389
    1339
    1337
    1326
    1323
    1249
    1220
    1252
    1164
    1115
    1132
    1032
    1010
    1034
     966
     996
     935
     962
     965
     955
     956
     899
     949
     918
     853
     969
     954
     925
     858
     885
     933
     849
     868
     845
     957
     905
     843
     872
     852
     832
     824
     861
     856
     859
     855
     875
     872
     882
     860
     846
     877
     800
     894
     867
     890
     878
     849
     849
     857
     863
     791
     792
     889
     791
     814
     883
     815
     817
     815
     839
     817
     847
     781
     809
     867
     829
     816
     856
     835
     857
     801
     813
     804
     788
     828
     796
     801
     781
     782
     767
     813
     835
     777
     803
     775
     771
     792
     768
     778
     800
     817
     855
     814
     817
     756
     822
     818
     789
     771
     754
     753
     784
     785
     796
     766
     747
     777
     762
     818
     842
     785
     790
     727
     805
     754
     825
     804
     794
     776
     731
     772
     806
     770
     810
     739
     744
     789
     789
     802
     799
     771
     807
     752
     771
     755
     744
     813
     807
     737
     765
     843
     843
     799
     788
     750
     767
     795
     791
     789
     840
     863
     804
     876
     843
     774
     805
     806
     873
     813
     860
     768
     839
     828
     823
     818
     851
     861
     896
     848
     877
     856
     905
     832
     835
     866
     861
     869
     879
     917
     867
     892
     890
     944
     872
     899
     880
     937
     874
     897
     880
     875
     947
     930
     903
     867
     904
     904
     942
     893
     894
     861
     851
     914
     800
     815
     811
     782
     712
     709
     656
     589
     597
     591
     597
     574
     540
     523
     504
     487
     505
     484
     504
     499
     510
     490
     466
     476
     464
     473
     456
     448
     475
     483
     405
     434
     411
     412
     451
     443
     442
     415
     442
     426
     433
     406
     421
     411
     393
     413
     396
     403
     390
     458
     416
     402
     427
     444
     408
     416
     387
     406
     426
     370
     404
     366
     408
     421
     362
     415
     462
     469
     575
     630
     671
     773
     799
     909
     960
    1258
    1874
    4787
   14576
   27971
   24616
    9643
    2296
     521
     336
     278
     303
     297
     297
     297
     292
     307
     288
     264
     274
     269
     285
     265
     254
     273
     262
     238
     238
     236
     271
     222
     211
     242
     233
     238
     248
     218
     207
     203
     203
     210
     217
     208
     186
     214
     198
     215
     201
     182
     193
     193
     186
     178
     168
     158
     159
     152
     147
     153
     157
     137
     156
     154
     152
     144
     129
     153
     131
     163
     137
     132
     115
     143
     123
     121
     115
     116
     110
     122
     110
     132
      99
     111
     116
      93
     100
     102
     105
     122
      92
      90
     105
      97
      84
      94
      76
      97
      83
      93
      76
      99
      77
      91
      97
      95
      70
      86
      59
      76
      87
      63
      62
      84
      62
      80
      67
      77
      66
      63
      63
      65
      76
      64
      66
      66
      64
      60
      67
      66
      70
      75
      67
      55
      73
      71
      63
      67
      64
      69
      71
      65
      68
      64
      71
      63
      61
      63
      54
      50
      57
      71
      55
      62
      52
      57
      58
      64
      69
      63
      55
      68
      72
      48
      73
      48
      58
      46
      48
      56
      45
      74
      47
      49
      55
      56
      54
      48
      61
      61
      49
      47
      61
      59
      45
      40
      53
      57
      56
      62
      53
      63
      53
      50
      47
      50
      56
      47
      51
      50
      68
      53
      63
      70
      65
      75
      78
      91
     118
     153
     195
     257
     324
     404
     437
     523
     573
     760
    1138
    2410
    7772
   18719
   23533
   14497
    4630
     873
     103
      46
      39
      26
      25
      21
      26
      27
      31
      25
      28
      32
      26
      27
      40
      28
      35
      28
      25
      28
      29
      23
      23
      19
      28
      17
      29
      31
      23
      21
      38
      37
      38
      31
      18
      19
      19
      25
      31
      24
      16
      28
      27
      22
      24
      21
      29
      21
      33
      23
      29
      26
      26
      30
      34
      30
      25
      16
      14
      21
      25
      28
      20
      24
      30
      18
      23
      20
      24
      27
      26
      27
      19
      25
      17
      20
      20
      36
      24
      21
      26
      24
      21
      18
      19
      27
      23
      31
      22
      25
      26
      34
      23
      29
      13
      23
      17
      30
      21
      22
      26
      19
      28
      19
      30
      24
      21
      18
      22
      19
      24
      20
      24
      18
      15
      21
      17
      21
      20
      17
      15
      22
      17
      20
      20
      14
      19
      15
      16
      22
      14
      22
      23
      21
      21
      21
      27
      21
      13
      14
      16
      15
      18
      19
      18
      18
      24
      17
      23
      11
      17
      26
      15
      26
      21
      20
      15
      18
      20
      20
      22
      21
      26
      25
      24
      21
      16
      18
      37
      39
      65
      61
      39
      26
      25
      22
      19
      15
      15
      14
      25
      25
      17
      15
      18
      24
      20
      23
      15
      19
      23
      29
      20
      18
      21
      17
      22
      23
      14
      18
       0
       0
       0
       0
       0
       0
       0
       0
       0
       0
       0
       0
       0
       0
       0
       0
       0
       0
       0
       0
       0
       0
       0
       0
       0
       0
       0
       0
       0
       0
       0
       0
$ROI:
0
$PRESETS:
None
0
0
$ENER_FIT:
0.000000 0.731044
$MCA_CAL:
3
0.000000E+000 7.310444E-001 0.000000E+000 keV
$SHAPE_CAL:
3
0.000000E+000 0.000000E+000 0.000000E+000
