$SPEC_ID:
No sample description was entered.
$SPEC_REM:
DET# 4
DETDESC# JLAB-20 MCB 131
AP# Maestro Version 7.01
$DATE_MEA:
10/06/2025 23:20:02
$MEAS_TIM:
579 599
$DATA:
0 2047
       0
       0
       0
       0
       0
       0
       0
       0
       0
       0
       0
       0
       0
       0
       0
       0
       0
       0
       0
       0
       0
       0
       0
       0
       0
       0
       0
       0
       0
       0
       0
       0
       0
       0
       0
       0
       0
       0
       0
       0
       0
       0
       0
       0
       0
       0
       0
       0
       0
       0
       0
       0
       0
       0
       0
       0
       0
       0
       0
       0
       0
       0
       0
       0
       0
       0
       0
       0
       0
      46
    1364
    1371
    1441
    1434
    1477
    1456
    1384
    1412
    1380
    1325
    1368
    1369
    1388
    1369
    1358
    1403
    1358
    1366
    1297
    1373
    1381
    1392
    1318
    1370
    1324
    1252
    1328
    1373
    1444
    1478
    1306
    1552
    1542
    1417
    1373
    1334
    1251
    1338
    1345
    1311
    1375
    1332
    1282
    1366
    1397
    1469
    1371
    1285
    1342
    1351
    1305
    1330
    1317
    1265
    1322
    1340
    1310
    1296
    1369
    1331
    1310
    1305
    1323
    1302
    1313
    1267
    1358
    1322
    1321
    1329
    1257
    1339
    1335
    1365
    1321
    1275
    1337
    1278
    1342
    1260
    1270
    1315
    1393
    1259
    1342
    1326
    1258
    1297
    1316
    1268
    1319
    1348
    1288
    1363
    1304
    1328
    1366
    1312
    1281
    1224
    1318
    1288
    1253
    1261
    1300
    1296
    1326
    1338
    1356
    1276
    1323
    1268
    1287
    1281
    1282
    1224
    1294
    1356
    1321
    1308
    1280
    1287
    1280
    1314
    1305
    1254
    1325
    1291
    1332
    1285
    1339
    1290
    1245
    1236
    1223
    1327
    1377
    1301
    1262
    1238
    1310
    1288
    1232
    1237
    1253
    1276
    1315
    1311
    1244
    1259
    1150
    1255
    1290
    1225
    1259
    1254
    1239
    1226
    1271
    1239
    1220
    1192
    1323
    1187
    1131
    1237
    1195
    1193
    1290
    1182
    1197
    1205
    1216
    1237
    1230
    1200
    1273
    1206
    1222
    1208
    1240
    1149
    1223
    1207
    1224
    1235
    1216
    1180
    1205
    1148
    1172
    1205
    1161
    1190
    1170
    1130
    1232
    1205
    1203
    1173
    1222
    1161
    1232
    1122
    1151
    1171
    1168
    1215
    1148
    1156
    1222
    1228
    1201
    1247
    1233
    1280
    1382
    1348
    1386
    1424
    1391
    1477
    1472
    1462
    1500
    1461
    1556
    1575
    1513
    1471
    1508
    1584
    1497
    1481
    1491
    1407
    1449
    1433
    1416
    1369
    1381
    1364
    1359
    1382
    1319
    1379
    1315
    1417
    1371
    1272
    1311
    1391
    1239
    1311
    1320
    1357
    1350
    1247
    1289
    1383
    1197
    1259
    1326
    1298
    1292
    1299
    1258
    1292
    1252
    1219
    1268
    1261
    1177
    1262
    1221
    1258
    1232
    1191
    1168
    1214
    1211
    1216
    1107
    1189
    1182
    1137
    1172
    1141
    1162
    1142
    1175
    1181
    1140
    1196
    1109
    1205
    1111
    1096
    1121
    1142
    1121
    1138
    1097
    1112
    1103
    1152
    1154
    1097
    1107
    1104
    1113
    1108
    1090
    1014
    1059
    1083
    1107
    1083
    1031
    1062
    1111
    1065
    1081
    1043
    1102
    1039
    1058
    1093
    1107
    1073
     985
    1028
    1023
     982
    1035
     997
     982
    1054
     979
     991
     997
     945
     960
    1020
    1010
    1043
     989
     946
     975
     969
     954
    1043
    1314
    1228
    1025
    1009
     965
     911
     975
    1014
    1017
     936
     942
     968
    1013
     939
     999
     905
     997
     937
     989
     954
     935
     980
     955
     959
     952
     896
     877
     900
     825
     942
     915
     927
     882
     926
     902
     927
     943
     895
     903
     909
     866
     888
     938
     850
     884
     842
     875
     889
     883
     913
     914
     930
     877
     889
     833
     908
     892
     875
     885
     820
     935
     844
     856
     820
     883
     840
     849
     844
     855
     870
     855
     827
     846
     843
     821
     852
     842
     875
     899
     828
     859
     858
     935
     823
     828
     831
     836
     844
     814
     775
     814
     752
     837
     879
     894
     836
     831
     807
     830
     833
     824
     847
     845
     772
     846
     786
     817
     798
     808
     829
     832
     823
     823
     798
     809
     787
     801
     836
     847
     815
     829
     861
     818
     811
     800
     792
     831
     808
     808
     817
     739
     772
     834
     841
     788
     835
     782
     843
     808
     812
     777
     805
     795
     818
     790
     772
     757
     776
     764
     773
     729
     801
     776
     767
     815
     726
     825
     780
     730
     773
     721
     787
     742
     766
     808
     799
     795
     822
     800
     769
     766
     760
     762
     835
     817
     741
     789
     790
     789
     726
     784
     765
     805
     735
     777
     735
     800
     781
     777
     774
     738
     731
     819
     766
     750
     823
     721
     763
     771
     773
     720
     746
     775
     756
     728
     739
     784
     749
     800
     747
     753
     803
     726
     760
     777
     779
     706
     778
     746
     732
     766
     745
     766
     742
     746
     712
     748
     717
     758
     749
     763
     783
     704
     729
     770
     744
     744
     740
     734
     707
     738
     763
     728
     768
     661
     745
     760
     753
     740
     722
     729
     805
     763
     745
     701
     715
     736
     703
     766
     749
     764
     750
     747
     712
     768
     736
     721
     723
     744
     775
     744
     768
     699
     802
     750
     759
     706
     770
     776
     726
     715
     762
     721
     710
     744
     731
     744
     686
     756
     712
     732
     771
     745
     646
     718
     766
     717
     695
     730
     752
     708
     712
     767
     671
     752
     737
     763
     719
     743
     732
     727
     698
     691
     728
     771
     713
     702
     710
     750
     761
     735
     735
     709
     753
     726
     692
     712
     734
     714
     758
     738
     759
     725
     709
     712
     735
     753
     709
     688
     732
     728
     709
     712
     730
     770
     726
     733
     724
     742
     716
     684
     701
     746
     736
     753
     735
     737
     741
     735
     719
     663
     785
     757
     757
     762
     673
     739
     780
     766
     732
     741
     753
     750
     697
     705
     732
     750
     734
     736
     729
     726
     732
     730
     757
     707
     706
     753
     761
     713
     710
     768
     704
     761
     700
     690
     715
     765
     722
     734
     728
     702
     766
     703
     740
     690
     734
     765
     758
     783
     747
     735
     762
     766
     737
     748
     729
     706
     756
     722
     743
     731
     745
     746
     753
     731
     703
     708
     711
     696
     670
     717
     729
     731
     699
     722
     756
     758
     771
     753
     711
     693
     752
     758
     786
     667
     694
     759
     772
     741
     734
     698
     723
     737
     677
     734
     739
     736
     714
     765
     728
     767
     708
     758
     741
     754
     752
     737
     731
     759
     724
     695
     755
     739
     700
     752
     724
     754
     768
     763
     750
     753
     746
     726
     700
     722
     772
     769
     735
     783
     740
     711
     715
     675
     771
     712
     723
     741
     722
     775
     716
     738
     719
     701
     723
     739
     797
     765
     744
     749
     807
     717
     756
     712
     739
     728
     736
     754
     741
     744
     705
     717
     752
     756
     784
     782
     758
     751
     793
     792
     754
     745
     720
     715
     710
     780
     713
     747
     741
     755
     783
     741
     695
     750
     729
     768
     760
     792
     737
     722
     682
     746
     725
     712
     735
     732
     777
     752
     750
     710
     760
     755
     737
     745
     774
     724
     709
     720
     801
     715
     736
     732
     712
     805
     723
     745
     768
     734
     804
     734
     773
     761
     812
     808
     781
     692
     784
     749
     742
     773
     743
     764
     764
     804
     801
     754
     776
     789
     784
     770
     807
     801
     734
     806
     755
     825
     735
     774
     810
     725
     815
     792
     817
     785
     795
     777
     788
     771
     821
     827
     782
     773
     786
     787
     771
     844
     766
     769
     755
     809
     801
     741
     772
     805
     791
     823
     817
     820
     782
     793
     805
     838
     815
     795
     795
     783
     831
     805
     761
     880
     816
     807
     852
     775
     815
     840
     838
     799
     765
     766
     796
     807
     839
     797
     860
     850
     778
     799
     842
     852
     800
     878
     754
     858
     810
     773
     836
     822
     779
     832
     820
     811
     818
     864
     854
     859
     861
     862
     926
     842
     837
     849
     852
     838
     865
     897
     942
     929
     898
     829
     868
     816
     875
     886
     904
     835
     873
     911
     863
     863
     872
     798
     857
     880
     909
     907
     893
     904
     859
     856
     944
     888
     849
     855
     870
     901
     860
     873
     926
     895
     904
     817
     932
     887
     890
     897
     913
     879
     888
     913
     913
     852
     902
     929
     931
     928
     885
     933
     957
     914
     966
     985
     945
     913
     935
     901
     924
     971
     943
     958
     939
     964
     960
     938
     939
     974
     949
     931
    1013
     992
     941
     975
     904
     983
    1029
     919
     998
     977
     972
     970
     985
    1015
     976
     992
     980
     993
    1025
    1061
    1047
    1046
    1047
    1012
    1041
    1039
    1079
    1087
    1042
    1055
    1060
    1072
    1094
    1059
    1056
    1040
    1138
    1073
    1066
    1071
    1096
    1108
    1056
    1098
    1097
    1088
    1071
    1117
    1144
    1117
    1168
    1116
    1103
    1159
    1112
    1123
    1175
    1150
    1162
    1186
    1166
    1184
    1174
    1231
    1280
    1235
    1222
    1209
    1193
    1217
    1191
    1265
    1259
    1211
    1237
    1215
    1204
    1301
    1239
    1315
    1217
    1325
    1257
    1306
    1307
    1295
    1283
    1294
    1277
    1397
    1316
    1288
    1375
    1337
    1342
    1363
    1359
    1332
    1333
    1345
    1433
    1346
    1440
    1385
    1359
    1341
    1382
    1392
    1363
    1390
    1413
    1337
    1384
    1411
    1304
    1339
    1335
    1319
    1306
    1292
    1245
    1316
    1160
    1088
    1095
    1055
    1023
     983
    1022
     948
     970
     918
     960
     957
     947
     953
     975
     865
     927
     880
     929
     906
     864
     888
     905
     865
     927
     891
     862
     935
     951
     820
     878
     900
     865
     907
     903
     865
     869
     859
     818
     902
     868
     861
     842
     830
     828
     821
     822
     874
     811
     867
     857
     871
     859
     874
     812
     861
     850
     854
     812
     843
     842
     815
     825
     863
     843
     813
     829
     898
     780
     813
     802
     823
     786
     804
     811
     841
     841
     863
     822
     835
     774
     797
     794
     780
     826
     769
     763
     818
     761
     786
     824
     760
     824
     790
     798
     796
     796
     757
     776
     844
     816
     787
     858
     812
     830
     791
     788
     772
     777
     777
     785
     804
     768
     811
     746
     780
     802
     736
     741
     849
     760
     751
     771
     805
     803
     756
     781
     803
     759
     814
     764
     772
     713
     807
     806
     717
     786
     809
     787
     770
     734
     770
     768
     766
     794
     814
     777
     769
     828
     825
     739
     788
     779
     795
     800
     790
     832
     838
     817
     785
     871
     808
     854
     813
     823
     816
     868
     884
     834
     830
     819
     795
     825
     855
     907
     886
     852
     878
     901
     824
     879
     918
     857
     935
     881
     896
     907
     910
     909
     912
     849
     903
     944
     917
     943
     939
     926
     868
     853
     860
     901
     881
     880
     890
     907
     865
     823
     808
     799
     727
     708
     706
     697
     652
     618
     596
     544
     542
     552
     533
     464
     523
     498
     479
     510
     480
     488
     464
     474
     510
     453
     453
     465
     475
     451
     483
     456
     405
     440
     404
     418
     441
     413
     438
     424
     419
     433
     425
     393
     385
     391
     418
     421
     396
     377
     409
     411
     425
     423
     412
     393
     405
     377
     409
     406
     407
     364
     418
     391
     383
     419
     437
     484
     535
     626
     711
     763
     778
     860
     968
    1177
    1544
    3093
    9787
   23701
   28712
   15273
    3999
     855
     339
     305
     264
     311
     281
     274
     304
     289
     249
     320
     270
     227
     286
     223
     251
     264
     258
     260
     267
     261
     246
     245
     226
     230
     240
     243
     215
     210
     223
     233
     250
     232
     211
     218
     198
     185
     182
     213
     186
     214
     204
     184
     177
     188
     178
     145
     170
     162
     153
     158
     172
     173
     153
     143
     146
     130
     141
     133
     130
     124
     111
     123
     116
     113
     147
     142
     125
     128
     112
     134
     109
     122
     101
     103
     115
     115
      84
      92
      99
      95
      69
     122
      89
     112
      94
      91
      78
      71
     103
      77
      92
      79
      79
      73
      77
      82
      86
      78
      89
      84
      66
      59
      72
      82
      77
      69
      78
      52
      75
      71
      68
      70
      65
      62
      72
      73
      61
      79
      53
      70
      68
      67
      82
      72
      64
      47
      65
      61
      54
      64
      57
      75
      73
      60
      73
      62
      53
      55
      69
      63
      53
      61
      54
      61
      54
      43
      66
      65
      48
      59
      50
      60
      46
      58
      69
      51
      66
      69
      46
      65
      68
      48
      48
      53
      60
      58
      57
      69
      44
      49
      58
      69
      59
      53
      55
      47
      59
      56
      50
      67
      68
      49
      46
      54
      70
      57
      54
      56
      51
      51
      57
      70
      60
      73
      66
      89
      94
      85
     105
     130
     166
     210
     293
     327
     412
     440
     565
     661
     942
    1661
    4742
   13576
   23500
   19621
    8097
    1824
     256
      53
      38
      31
      32
      38
      26
      31
      32
      34
      22
      25
      35
      27
      27
      33
      23
      33
      24
      20
      30
      20
      28
      21
      21
      26
      26
      24
      26
      26
      23
      20
      26
      29
      25
      19
      21
      27
      22
      30
      31
      35
      28
      23
      25
      22
      21
      23
      19
      26
      25
      23
      21
      29
      36
      26
      21
      27
      24
      28
      21
      18
      19
      21
      26
      22
      30
      30
      19
      20
      22
      36
      26
      19
      19
      24
      18
      32
      28
      14
      25
      18
      32
      30
      30
      25
      25
      33
      25
      32
      35
      27
      21
      27
      20
      23
      27
      31
      24
      29
      19
      23
      24
      21
      19
      21
      20
      20
      22
      22
      30
      15
      22
      16
      21
      17
      20
      21
      26
      19
      16
      13
      17
      13
      19
      21
      18
      22
      14
      16
      18
      22
      21
      22
      35
      20
      28
      18
      23
      17
      30
      19
      26
      21
      28
      16
      23
      15
      22
      20
      19
      13
      20
      16
      18
      19
      16
      20
      15
      14
      22
      21
      26
      20
      14
      25
      25
      23
      34
      39
      70
      64
      41
      21
      26
      20
      21
      29
      24
      12
      21
      18
      14
      21
      25
      22
      18
      25
      22
      19
      25
      14
      17
      20
      24
      21
      19
      22
      19
      26
       0
       0
       0
       0
       0
       0
       0
       0
       0
       0
       0
       0
       0
       0
       0
       0
       0
       0
       0
       0
       0
       0
       0
       0
       0
       0
       0
       0
       0
       0
       0
       0
$ROI:
0
$PRESETS:
None
0
0
$ENER_FIT:
0.000000 0.731044
$MCA_CAL:
3
0.000000E+000 7.310444E-001 0.000000E+000 keV
$SHAPE_CAL:
3
0.000000E+000 0.000000E+000 0.000000E+000
