$SPEC_ID:
No sample description was entered.
$SPEC_REM:
DET# 4
DETDESC# JLAB-20 MCB 131
AP# Maestro Version 7.01
$DATE_MEA:
10/08/2025 07:30:02
$MEAS_TIM:
579 600
$DATA:
0 2047
       0
       0
       0
       0
       0
       0
       0
       0
       0
       0
       0
       0
       0
       0
       0
       0
       0
       0
       0
       0
       0
       0
       0
       0
       0
       0
       0
       0
       0
       0
       0
       0
       0
       0
       0
       0
       0
       0
       0
       0
       0
       0
       0
       0
       0
       0
       0
       0
       0
       0
       0
       0
       0
       0
       0
       0
       0
       0
       0
       0
       0
       0
       0
       0
       0
       0
       0
       0
       0
      52
    1328
    1390
    1427
    1306
    1391
    1417
    1314
    1363
    1419
    1348
    1379
    1343
    1382
    1359
    1382
    1392
    1341
    1318
    1401
    1384
    1362
    1364
    1348
    1377
    1281
    1347
    1330
    1313
    1488
    1454
    1365
    1516
    1595
    1396
    1424
    1439
    1317
    1325
    1331
    1340
    1340
    1316
    1321
    1350
    1345
    1456
    1392
    1355
    1368
    1376
    1299
    1291
    1319
    1311
    1295
    1330
    1333
    1325
    1361
    1334
    1301
    1382
    1395
    1263
    1345
    1379
    1339
    1292
    1306
    1295
    1283
    1321
    1290
    1346
    1349
    1314
    1366
    1303
    1310
    1356
    1302
    1288
    1325
    1289
    1219
    1319
    1319
    1287
    1280
    1376
    1309
    1293
    1372
    1255
    1220
    1304
    1334
    1296
    1373
    1263
    1226
    1268
    1328
    1311
    1326
    1263
    1293
    1383
    1317
    1299
    1353
    1304
    1301
    1307
    1321
    1310
    1303
    1309
    1325
    1299
    1300
    1285
    1370
    1300
    1358
    1289
    1240
    1334
    1308
    1285
    1261
    1298
    1311
    1337
    1242
    1263
    1420
    1293
    1307
    1297
    1270
    1282
    1264
    1243
    1279
    1220
    1262
    1228
    1227
    1236
    1260
    1276
    1276
    1264
    1288
    1253
    1240
    1228
    1265
    1182
    1189
    1217
    1214
    1232
    1184
    1231
    1209
    1277
    1179
    1199
    1283
    1201
    1213
    1169
    1206
    1213
    1267
    1244
    1196
    1264
    1145
    1194
    1174
    1171
    1231
    1200
    1207
    1227
    1225
    1162
    1176
    1126
    1236
    1196
    1170
    1212
    1153
    1159
    1152
    1153
    1196
    1230
    1153
    1225
    1203
    1196
    1136
    1160
    1236
    1135
    1206
    1257
    1242
    1314
    1330
    1315
    1327
    1419
    1434
    1330
    1440
    1526
    1445
    1504
    1459
    1512
    1467
    1572
    1480
    1416
    1481
    1419
    1484
    1486
    1448
    1504
    1379
    1385
    1480
    1433
    1461
    1386
    1338
    1389
    1340
    1349
    1279
    1329
    1354
    1352
    1340
    1325
    1376
    1281
    1272
    1376
    1325
    1273
    1314
    1291
    1253
    1318
    1259
    1238
    1267
    1255
    1235
    1197
    1224
    1234
    1268
    1200
    1246
    1291
    1153
    1220
    1207
    1198
    1165
    1282
    1206
    1144
    1219
    1207
    1126
    1189
    1202
    1222
    1133
    1191
    1192
    1151
    1177
    1180
    1196
    1134
    1179
    1125
    1113
    1079
    1186
    1144
    1126
    1085
    1118
    1123
    1131
    1164
    1085
    1114
    1095
    1093
    1102
    1119
    1081
    1013
    1056
    1128
    1032
    1038
    1020
    1097
    1072
    1039
    1018
    1028
    1041
    1026
     999
     993
    1005
    1069
    1020
    1094
     985
     986
    1006
     994
    1008
     992
    1035
    1018
     940
    1015
     959
    1007
    1002
     988
     992
    1006
     961
    1008
    1181
    1248
    1048
     931
     895
     964
     985
     981
     960
     967
     969
     963
     974
     938
     958
     930
     943
     949
     945
     943
     940
     977
     899
     931
     963
     916
     898
     911
     964
     925
     945
     942
     939
     897
     882
     927
     956
     875
     871
     878
     921
     865
     914
     826
     916
     829
     875
     887
     842
     945
     919
     848
     895
     870
     822
     857
     916
     966
     852
     890
     879
     810
     882
     793
     904
     817
     870
     837
     871
     817
     792
     842
     886
     893
     867
     860
     873
     812
     824
     832
     834
     810
     781
     854
     833
     855
     847
     863
     845
     840
     837
     860
     819
     822
     820
     842
     827
     809
     842
     811
     817
     862
     828
     824
     822
     843
     842
     848
     810
     834
     804
     877
     794
     842
     877
     841
     843
     763
     815
     776
     776
     793
     819
     812
     763
     805
     758
     816
     864
     793
     765
     771
     772
     772
     849
     769
     788
     761
     771
     800
     728
     771
     773
     858
     775
     799
     780
     826
     775
     833
     797
     760
     805
     748
     792
     842
     793
     751
     800
     792
     757
     773
     798
     785
     798
     762
     789
     772
     742
     752
     765
     809
     781
     794
     780
     772
     784
     751
     768
     801
     790
     777
     742
     749
     708
     766
     855
     798
     783
     739
     730
     692
     752
     842
     781
     774
     726
     745
     764
     844
     703
     773
     718
     720
     801
     741
     770
     728
     750
     756
     747
     689
     768
     798
     731
     782
     779
     731
     789
     760
     809
     701
     744
     745
     777
     781
     745
     776
     746
     814
     686
     718
     752
     739
     752
     801
     761
     742
     708
     760
     750
     740
     752
     738
     722
     708
     767
     738
     754
     737
     747
     758
     747
     786
     781
     769
     721
     765
     763
     702
     716
     716
     738
     753
     715
     710
     770
     667
     727
     727
     766
     766
     764
     751
     790
     710
     759
     779
     756
     711
     751
     750
     749
     767
     721
     760
     741
     733
     738
     729
     779
     707
     718
     702
     733
     704
     731
     702
     730
     734
     676
     745
     708
     729
     744
     764
     752
     713
     713
     734
     678
     729
     772
     723
     715
     749
     748
     712
     755
     779
     781
     708
     708
     766
     732
     756
     768
     720
     681
     767
     737
     760
     741
     750
     742
     742
     704
     699
     794
     672
     748
     704
     746
     746
     689
     741
     737
     743
     754
     736
     742
     700
     707
     707
     730
     701
     722
     743
     743
     710
     707
     653
     718
     708
     752
     788
     738
     719
     722
     689
     730
     725
     737
     750
     701
     705
     763
     729
     744
     714
     751
     716
     729
     729
     704
     763
     718
     730
     736
     695
     752
     722
     707
     726
     728
     742
     759
     713
     750
     680
     711
     702
     696
     760
     741
     792
     763
     774
     795
     750
     719
     712
     718
     701
     732
     702
     752
     744
     808
     712
     727
     727
     725
     688
     767
     791
     727
     747
     709
     739
     722
     762
     663
     732
     774
     734
     714
     716
     703
     715
     713
     705
     711
     740
     759
     752
     740
     750
     799
     716
     728
     785
     728
     757
     763
     792
     766
     704
     753
     715
     758
     714
     699
     798
     740
     733
     722
     740
     739
     740
     723
     744
     737
     719
     726
     779
     732
     726
     743
     778
     744
     771
     717
     713
     742
     782
     740
     753
     751
     727
     713
     765
     751
     731
     748
     750
     702
     765
     752
     764
     732
     726
     749
     780
     757
     734
     804
     679
     722
     772
     815
     773
     709
     774
     739
     757
     750
     740
     772
     751
     731
     771
     763
     756
     735
     739
     672
     807
     737
     714
     733
     747
     737
     755
     727
     737
     742
     720
     770
     755
     761
     707
     727
     764
     724
     740
     748
     747
     688
     749
     740
     752
     714
     723
     795
     751
     790
     741
     768
     776
     735
     764
     763
     788
     750
     763
     764
     796
     739
     824
     773
     782
     739
     807
     734
     764
     758
     751
     799
     769
     765
     735
     815
     786
     770
     783
     784
     726
     760
     771
     781
     755
     773
     765
     728
     801
     761
     772
     762
     801
     798
     811
     763
     770
     781
     786
     813
     730
     768
     753
     805
     786
     787
     823
     771
     753
     812
     804
     786
     794
     762
     757
     759
     793
     771
     810
     848
     832
     779
     763
     823
     808
     806
     828
     796
     773
     724
     798
     807
     846
     790
     747
     783
     823
     816
     778
     838
     791
     822
     828
     796
     854
     821
     784
     792
     723
     836
     810
     825
     826
     817
     791
     775
     855
     848
     805
     841
     861
     845
     863
     822
     837
     842
     818
     794
     794
     808
     863
     860
     814
     860
     847
     819
     839
     806
     854
     877
     848
     787
     857
     845
     902
     905
     870
     930
     880
     902
     949
     855
     875
     867
     870
     830
     859
     904
     886
     865
     855
     852
     888
     803
     862
     901
     842
     895
     909
     944
     927
     851
     884
     837
     890
     879
     835
     878
     876
     844
     891
     932
     861
     951
     950
     856
     918
     909
     921
     854
     889
     884
    1012
     937
     895
     879
     882
     934
     931
     915
     922
     886
     936
     998
     920
     917
     869
     992
     929
     925
     927
     934
     976
     963
     966
     916
     959
     969
     966
     956
     931
     988
     955
     976
     930
     977
     978
     959
     993
     953
     974
     973
     947
     973
     973
    1052
     981
     976
    1056
    1013
     985
    1007
    1054
    1021
    1042
    1027
    1042
     996
    1012
    1057
    1084
    1044
    1044
    1081
    1040
    1086
    1061
    1123
    1041
    1148
    1102
    1121
    1073
    1136
    1084
    1124
    1110
    1167
    1142
    1144
    1171
    1149
    1089
    1119
    1135
    1150
    1173
    1178
    1156
    1121
    1219
    1164
    1143
    1203
    1202
    1206
    1220
    1239
    1204
    1206
    1193
    1271
    1184
    1262
    1240
    1271
    1239
    1272
    1236
    1233
    1266
    1265
    1237
    1298
    1270
    1318
    1340
    1261
    1350
    1298
    1289
    1337
    1331
    1401
    1350
    1326
    1326
    1325
    1313
    1364
    1376
    1401
    1427
    1433
    1431
    1369
    1403
    1371
    1351
    1427
    1313
    1394
    1347
    1365
    1321
    1403
    1322
    1320
    1294
    1282
    1301
    1286
    1128
    1101
    1097
    1044
    1064
     986
    1051
     982
     955
     963
     966
     894
     897
     910
     983
     900
     957
     891
     896
     921
     917
     957
     885
     848
     918
     887
     837
     946
     854
     840
     871
     905
     867
     916
     851
     888
     862
     783
     871
     841
     873
     883
     791
     882
     856
     843
     848
     840
     841
     794
     885
     864
     827
     791
     831
     862
     910
     844
     872
     878
     856
     844
     836
     933
     796
     871
     847
     819
     826
     784
     869
     827
     814
     865
     811
     792
     843
     775
     793
     828
     771
     807
     844
     844
     834
     793
     821
     835
     786
     821
     745
     766
     759
     801
     793
     758
     756
     845
     813
     833
     824
     763
     790
     754
     755
     772
     766
     784
     731
     807
     739
     724
     772
     777
     769
     792
     801
     782
     744
     799
     796
     825
     788
     785
     784
     774
     773
     781
     746
     759
     770
     717
     744
     761
     737
     812
     808
     771
     784
     818
     779
     768
     784
     755
     775
     781
     820
     825
     817
     835
     767
     813
     808
     784
     861
     824
     833
     841
     806
     802
     858
     779
     777
     847
     818
     806
     837
     801
     809
     838
     890
     831
     841
     853
     850
     873
     875
     906
     854
     851
     912
     861
     919
     926
     883
     870
     882
     847
     891
     878
     896
     929
     990
     906
     890
     917
     903
     913
     901
     913
     940
     852
     886
     859
     836
     837
     818
     853
     743
     753
     680
     682
     697
     632
     610
     610
     535
     493
     551
     505
     537
     481
     512
     471
     507
     477
     463
     529
     482
     441
     459
     488
     449
     470
     463
     467
     449
     452
     451
     417
     458
     413
     413
     425
     421
     397
     437
     432
     388
     416
     408
     417
     424
     414
     451
     420
     384
     390
     377
     386
     408
     413
     351
     399
     399
     405
     392
     409
     363
     403
     426
     416
     486
     549
     597
     644
     759
     814
     945
     926
    1115
    1496
    2804
    8833
   22478
   28596
   16289
    4741
    1041
     390
     294
     288
     311
     297
     287
     290
     290
     295
     258
     276
     261
     264
     259
     256
     232
     255
     254
     257
     254
     219
     233
     225
     244
     259
     241
     225
     224
     240
     235
     195
     224
     184
     222
     223
     188
     190
     171
     214
     170
     183
     181
     158
     163
     181
     177
     180
     154
     159
     172
     167
     173
     143
     139
     167
     136
     130
     139
     130
     141
     123
     117
     121
     125
     129
     105
     132
     114
      96
     111
     109
     107
     107
     129
      88
     102
     116
     110
     104
      83
     119
     104
      98
      88
      93
      94
     100
      85
      99
      79
      90
      84
      90
      71
      87
      68
      64
      75
      75
      91
      82
      75
      81
      64
      58
      65
      80
      68
      57
      81
      71
      74
      64
      67
      60
      59
      56
      69
      64
      74
      70
      54
      59
      56
      60
      63
      58
      56
      67
      70
      65
      59
      67
      70
      68
      71
      60
      59
      66
      52
      65
      72
      53
      55
      65
      53
      67
      61
      60
      51
      51
      64
      61
      68
      69
      53
      44
      65
      49
      63
      47
      69
      57
      69
      63
      52
      49
      60
      59
      72
      49
      43
      50
      47
      44
      51
      58
      53
      62
      53
      52
      57
      47
      52
      68
      41
      43
      53
      60
      58
      66
      53
      52
      57
      65
      56
     100
      81
     110
     152
     183
     237
     303
     369
     402
     460
     540
     650
     873
    1558
    4074
   12418
   22915
   20714
    9279
    2253
     351
      65
      44
      26
      38
      27
      33
      20
      30
      34
      31
      36
      28
      28
      28
      22
      26
      24
      26
      24
      26
      29
      34
      34
      26
      31
      35
      22
      19
      25
      29
      36
      22
      16
      30
      22
      33
      27
      22
      24
      24
      20
      17
      21
      23
      23
      24
      11
      25
      21
      39
      18
      22
      21
      24
      26
      32
      23
      28
      21
      20
      29
      26
      22
      36
      20
      17
      31
      27
      34
      32
      19
      27
      22
      18
      17
      23
      29
      21
      23
      23
      25
      25
      27
      27
      17
      20
      20
      27
      15
      16
      24
      21
      19
      21
      32
      27
      26
      18
      20
      24
      19
      24
      16
      26
      20
      25
      17
      25
      25
      21
      18
      23
      16
      19
      22
      27
      23
      24
      22
      25
      15
      27
      21
      23
      23
      21
      17
      17
      24
      19
      15
      21
      28
      23
      17
      12
      15
      22
      18
      14
      26
      25
      14
      21
      13
      18
      18
      18
      32
      21
      26
      23
      25
      17
      16
      16
      22
      16
      22
      20
      19
      11
      17
      21
      32
      15
      26
      27
      43
      48
      75
      46
      34
      23
      17
      18
      15
      23
      25
      18
      22
      15
      34
      18
      10
      16
      19
      20
      22
      27
      21
      18
      13
      20
      24
      18
      19
      22
      11
       0
       0
       0
       0
       0
       0
       0
       0
       0
       0
       0
       0
       0
       0
       0
       0
       0
       0
       0
       0
       0
       0
       0
       0
       0
       0
       0
       0
       0
       0
       0
       0
$ROI:
0
$PRESETS:
None
0
0
$ENER_FIT:
0.000000 0.731044
$MCA_CAL:
3
0.000000E+000 7.310444E-001 0.000000E+000 keV
$SHAPE_CAL:
3
0.000000E+000 0.000000E+000 0.000000E+000
