$SPEC_ID:
No sample description was entered.
$SPEC_REM:
DET# 4
DETDESC# JLAB-20 MCB 131
AP# Maestro Version 7.01
$DATE_MEA:
10/06/2025 15:30:02
$MEAS_TIM:
579 599
$DATA:
0 2047
       0
       0
       0
       0
       0
       0
       0
       0
       0
       0
       0
       0
       0
       0
       0
       0
       0
       0
       0
       0
       0
       0
       0
       0
       0
       0
       0
       0
       0
       0
       0
       0
       0
       0
       0
       0
       0
       0
       0
       0
       0
       0
       0
       0
       0
       0
       0
       0
       0
       0
       0
       0
       0
       0
       0
       0
       0
       0
       0
       0
       0
       0
       0
       0
       0
       0
       0
       0
       0
      55
    1276
    1433
    1399
    1397
    1434
    1402
    1379
    1406
    1385
    1367
    1439
    1408
    1399
    1387
    1378
    1374
    1376
    1345
    1330
    1339
    1397
    1370
    1363
    1376
    1354
    1327
    1332
    1323
    1411
    1497
    1356
    1562
    1546
    1357
    1398
    1348
    1254
    1375
    1283
    1389
    1297
    1364
    1348
    1394
    1374
    1399
    1331
    1327
    1410
    1374
    1340
    1376
    1368
    1370
    1324
    1351
    1346
    1298
    1363
    1352
    1361
    1301
    1312
    1235
    1285
    1323
    1361
    1283
    1276
    1343
    1350
    1391
    1310
    1337
    1297
    1352
    1309
    1274
    1247
    1291
    1338
    1299
    1304
    1313
    1327
    1357
    1364
    1257
    1324
    1353
    1276
    1242
    1340
    1363
    1268
    1273
    1286
    1284
    1354
    1310
    1328
    1308
    1283
    1305
    1286
    1327
    1260
    1294
    1320
    1316
    1382
    1339
    1347
    1275
    1303
    1323
    1293
    1303
    1263
    1303
    1284
    1306
    1320
    1296
    1263
    1246
    1310
    1313
    1358
    1292
    1317
    1327
    1294
    1312
    1288
    1427
    1368
    1291
    1295
    1287
    1194
    1233
    1264
    1318
    1338
    1225
    1224
    1230
    1288
    1206
    1261
    1224
    1295
    1252
    1209
    1274
    1261
    1221
    1272
    1221
    1201
    1189
    1262
    1252
    1220
    1264
    1254
    1200
    1206
    1254
    1271
    1255
    1206
    1228
    1216
    1202
    1168
    1262
    1145
    1192
    1268
    1183
    1241
    1236
    1148
    1211
    1184
    1181
    1217
    1194
    1191
    1160
    1128
    1146
    1146
    1144
    1197
    1147
    1201
    1178
    1232
    1134
    1260
    1198
    1189
    1180
    1130
    1135
    1215
    1173
    1241
    1245
    1275
    1317
    1292
    1272
    1326
    1366
    1406
    1381
    1439
    1525
    1419
    1517
    1439
    1501
    1444
    1469
    1443
    1484
    1487
    1497
    1502
    1405
    1456
    1444
    1390
    1448
    1448
    1421
    1376
    1435
    1376
    1413
    1362
    1323
    1332
    1375
    1293
    1365
    1318
    1357
    1400
    1342
    1366
    1332
    1330
    1279
    1300
    1301
    1299
    1312
    1325
    1264
    1302
    1318
    1335
    1196
    1205
    1232
    1221
    1278
    1241
    1248
    1212
    1205
    1211
    1193
    1225
    1265
    1233
    1149
    1223
    1135
    1191
    1217
    1168
    1169
    1174
    1187
    1183
    1099
    1153
    1130
    1109
    1156
    1184
    1118
    1168
    1132
    1142
    1056
    1216
    1166
    1058
    1056
    1108
    1130
    1070
    1051
    1098
    1030
    1136
    1152
    1030
    1075
    1048
    1032
    1001
    1070
    1125
    1086
    1067
    1176
    1101
    1007
    1093
    1026
    1080
    1021
     959
    1074
    1052
    1067
    1064
     961
    1017
    1030
    1081
    1029
     966
    1049
    1030
    1037
    1049
    1008
    1001
     973
     970
    1035
     953
    1050
    1360
    1172
    1041
     960
     934
     957
     959
     958
     962
     992
     960
     986
     921
     961
     942
     980
     926
     924
     872
     917
     915
     928
     966
     929
     927
     937
     927
     890
     913
     967
     887
     924
     941
     936
     926
     900
     923
     903
     926
     920
     945
     883
     887
     901
     889
     875
     854
     897
     921
     874
     934
     932
     925
     927
     897
     905
     878
     921
     875
     860
     847
     852
     844
     875
     884
     813
     850
     844
     891
     856
     807
     851
     796
     831
     891
     879
     829
     836
     845
     817
     821
     855
     811
     835
     844
     840
     807
     791
     852
     830
     811
     859
     810
     807
     843
     860
     793
     834
     819
     848
     797
     807
     794
     841
     808
     863
     791
     839
     841
     830
     836
     829
     829
     805
     809
     826
     815
     788
     804
     815
     784
     786
     796
     791
     822
     768
     821
     804
     802
     810
     786
     838
     808
     795
     782
     751
     833
     774
     762
     759
     780
     814
     842
     777
     728
     820
     795
     755
     753
     843
     761
     787
     768
     802
     795
     802
     747
     791
     713
     775
     780
     792
     733
     767
     788
     766
     787
     766
     782
     774
     744
     789
     784
     788
     778
     744
     798
     825
     756
     772
     758
     791
     728
     776
     741
     726
     810
     793
     726
     758
     768
     788
     752
     769
     773
     786
     748
     708
     753
     777
     784
     782
     715
     789
     757
     776
     787
     692
     729
     751
     781
     757
     770
     755
     720
     779
     716
     752
     773
     740
     713
     746
     786
     735
     797
     742
     709
     768
     758
     698
     748
     807
     760
     761
     766
     750
     770
     754
     753
     764
     717
     774
     734
     716
     728
     754
     746
     737
     680
     792
     707
     753
     719
     735
     771
     747
     686
     724
     783
     798
     788
     759
     734
     745
     751
     752
     767
     757
     711
     743
     743
     754
     719
     792
     776
     790
     755
     756
     725
     741
     734
     768
     739
     733
     741
     756
     748
     813
     764
     695
     733
     750
     753
     739
     740
     720
     751
     718
     716
     707
     737
     761
     725
     738
     744
     709
     722
     767
     730
     750
     724
     733
     734
     760
     716
     747
     747
     776
     727
     699
     716
     731
     716
     691
     729
     712
     718
     753
     718
     721
     732
     745
     699
     767
     719
     744
     683
     751
     703
     744
     712
     712
     715
     690
     709
     675
     716
     681
     704
     756
     739
     720
     721
     722
     727
     716
     760
     666
     743
     763
     707
     735
     758
     722
     746
     716
     726
     757
     708
     754
     746
     730
     714
     684
     692
     738
     752
     719
     708
     715
     755
     721
     756
     738
     727
     734
     773
     753
     790
     663
     711
     735
     770
     704
     744
     707
     750
     694
     711
     705
     729
     713
     746
     756
     692
     705
     758
     736
     695
     740
     706
     737
     735
     740
     711
     794
     764
     762
     726
     733
     743
     713
     683
     749
     716
     744
     728
     728
     768
     763
     707
     752
     693
     747
     725
     740
     738
     748
     730
     748
     716
     734
     814
     731
     746
     766
     715
     697
     714
     743
     704
     777
     750
     741
     752
     749
     792
     704
     806
     735
     734
     717
     749
     737
     707
     783
     722
     733
     759
     770
     779
     729
     711
     735
     716
     716
     695
     756
     769
     713
     740
     730
     749
     820
     714
     740
     767
     765
     703
     699
     771
     725
     744
     756
     763
     707
     781
     712
     767
     683
     759
     769
     735
     743
     740
     733
     739
     768
     755
     732
     763
     748
     730
     808
     721
     712
     749
     794
     752
     775
     724
     751
     748
     766
     759
     744
     742
     726
     754
     761
     793
     744
     735
     770
     728
     789
     757
     704
     821
     781
     755
     763
     788
     739
     786
     813
     771
     730
     731
     708
     733
     766
     739
     787
     768
     731
     745
     805
     748
     728
     787
     747
     758
     718
     740
     757
     722
     782
     804
     823
     781
     794
     783
     783
     727
     738
     773
     760
     775
     804
     790
     751
     755
     733
     746
     771
     788
     780
     796
     768
     796
     752
     775
     783
     750
     786
     748
     804
     784
     794
     765
     789
     795
     757
     785
     790
     751
     806
     813
     766
     815
     787
     778
     850
     734
     782
     810
     796
     771
     772
     766
     825
     802
     813
     806
     828
     814
     763
     798
     757
     812
     811
     852
     784
     837
     771
     792
     770
     770
     793
     889
     807
     804
     787
     760
     874
     834
     840
     805
     863
     832
     788
     858
     860
     855
     841
     804
     814
     837
     808
     808
     892
     788
     800
     832
     777
     843
     809
     816
     808
     807
     829
     820
     823
     842
     836
     777
     819
     774
     853
     820
     791
     806
     882
     793
     843
     864
     883
     831
     883
     835
     839
     842
     804
     910
     935
     886
     857
     887
     851
     839
     877
     863
     832
     844
     859
     903
     898
     857
     843
     875
     846
     792
     875
     885
     900
     871
     876
     936
     855
     872
     885
     872
     856
     891
     896
     900
     919
     907
     897
     839
     913
     936
     916
     923
     946
     894
     931
     861
     890
     930
     889
     960
     911
     962
     900
     890
     962
     944
     924
     916
     910
     915
     927
     888
     902
     934
     941
     949
     953
     972
     970
     927
     990
     969
     958
     901
     929
     970
    1004
    1001
     982
     905
    1011
     998
     988
    1077
    1022
    1025
     981
    1042
     947
    1008
    1071
     943
     971
    1028
    1057
    1072
    1006
    1047
    1029
    1046
    1012
    1044
    1030
    1060
    1095
    1112
    1089
    1012
    1029
    1093
    1069
    1055
    1162
    1088
    1151
    1080
    1107
    1120
    1112
    1089
    1084
    1021
    1164
    1197
    1097
    1108
    1067
    1120
    1145
    1192
    1120
    1128
    1211
    1096
    1122
    1172
    1145
    1225
    1209
    1151
    1166
    1247
    1173
    1185
    1272
    1236
    1235
    1265
    1236
    1257
    1246
    1253
    1317
    1259
    1210
    1277
    1265
    1281
    1343
    1336
    1351
    1292
    1333
    1321
    1360
    1330
    1312
    1316
    1375
    1274
    1370
    1310
    1290
    1378
    1366
    1329
    1305
    1377
    1419
    1340
    1402
    1369
    1448
    1365
    1392
    1357
    1369
    1322
    1411
    1340
    1262
    1268
    1320
    1303
    1230
    1180
    1182
    1128
    1022
    1080
     979
     997
     999
     930
    1024
     947
     956
     877
     932
     944
     902
     932
     969
     909
     921
     912
     899
     954
     887
     937
     918
     932
     897
     889
     871
     864
     853
     866
     855
     884
     818
     927
     818
     877
     858
     851
     899
     852
     876
     816
     798
     841
     849
     867
     898
     844
     854
     855
     862
     855
     832
     869
     793
     848
     840
     809
     838
     821
     799
     835
     794
     781
     810
     853
     833
     872
     835
     852
     810
     782
     854
     842
     799
     744
     798
     872
     842
     800
     805
     816
     851
     857
     809
     777
     842
     759
     796
     814
     840
     723
     792
     765
     801
     810
     841
     805
     797
     840
     791
     775
     778
     784
     783
     844
     758
     765
     755
     770
     766
     744
     822
     802
     794
     754
     782
     789
     750
     761
     774
     763
     775
     769
     802
     784
     823
     766
     777
     769
     738
     756
     724
     753
     803
     746
     826
     809
     758
     779
     811
     754
     807
     776
     800
     808
     794
     766
     796
     806
     818
     829
     779
     789
     805
     875
     824
     871
     822
     822
     859
     806
     838
     811
     787
     811
     870
     831
     890
     842
     862
     896
     878
     838
     838
     861
     871
     906
     840
     857
     946
     884
     866
     853
     920
     903
     911
     896
     932
     940
     952
     942
     914
     940
     906
     930
     903
     872
     905
     871
     877
     901
     887
     830
     849
     800
     787
     736
     709
     649
     676
     633
     589
     554
     528
     531
     515
     548
     489
     488
     518
     515
     501
     474
     478
     493
     483
     464
     468
     443
     501
     410
     445
     450
     450
     457
     431
     427
     420
     384
     437
     432
     446
     406
     446
     429
     389
     440
     404
     396
     440
     421
     378
     419
     413
     388
     401
     374
     392
     389
     410
     383
     341
     370
     407
     394
     383
     415
     444
     424
     512
     558
     635
     728
     761
     851
     913
    1034
    1261
    1917
    4715
   14973
   28354
   24455
    9602
    2197
     536
     353
     305
     296
     296
     268
     287
     266
     270
     288
     276
     250
     290
     263
     297
     275
     234
     277
     246
     258
     263
     268
     213
     235
     240
     199
     218
     199
     205
     193
     236
     205
     209
     219
     202
     205
     207
     189
     196
     198
     188
     175
     201
     194
     163
     188
     197
     170
     149
     164
     161
     171
     169
     144
     145
     145
     139
     134
     131
     120
     131
     129
     115
     119
     107
     106
     122
     125
     120
     127
     135
     115
      99
     113
     123
     112
      93
      95
     111
     105
     103
     103
      62
     112
      90
      96
      90
      81
      73
      89
      93
      83
      83
      69
      83
      87
      70
      84
      66
      85
      70
      65
      63
      60
      68
      65
      72
      69
      63
      66
      66
      83
      79
      63
      74
      54
      60
      72
      59
      65
      60
      61
      71
      59
      71
      73
      67
      55
      68
      76
      47
      59
      67
      56
      76
      58
      65
      65
      69
      56
      66
      66
      57
      66
      64
      63
      56
      63
      68
      44
      53
      59
      65
      64
      66
      64
      66
      58
      63
      66
      44
      63
      67
      59
      56
      37
      55
      56
      48
      49
      48
      60
      73
      71
      48
      47
      41
      42
      44
      48
      46
      56
      70
      52
      54
      48
      44
      61
      65
      48
      59
      67
      61
      74
      72
      64
      72
      82
      87
     117
     152
     200
     273
     333
     368
     431
     535
     611
     748
    1219
    2646
    8002
   19191
   23556
   14331
    4342
     806
     126
      51
      36
      40
      29
      30
      28
      26
      27
      26
      26
      28
      32
      31
      35
      25
      25
      23
      25
      33
      18
      24
      26
      27
      24
      26
      18
      25
      14
      23
      29
      21
      29
      22
      23
      21
      19
      25
      28
      26
      26
      32
      21
      31
      32
      23
      24
      16
      25
      20
      21
      20
      23
      20
      10
      24
      32
      21
      22
      17
      30
      25
      21
      34
      17
      32
      25
      13
      20
      24
      19
      27
      29
      20
      25
      27
      23
      25
      25
      25
      28
      14
      30
      26
      31
      18
      15
      25
      19
      29
      12
      30
      20
      20
      26
      25
      29
      18
      24
      14
      22
      26
      16
      17
      19
      22
      24
      21
      16
      30
      18
      17
      23
      21
      21
      24
      19
      21
      28
      17
      29
      19
      18
      26
      21
      25
      18
      24
      25
      25
      17
      30
      18
      23
      15
      24
      19
      23
      17
      17
      17
      16
      16
      14
      25
      21
      21
      15
      25
      19
      19
      17
      17
      18
      27
      15
      27
      14
      21
      22
      23
      26
      14
      24
      23
      19
      19
      22
      39
      55
      69
      54
      33
      26
      28
      18
      18
      26
      19
      23
      25
      19
      13
      16
      19
      18
      13
      12
      12
      14
      17
      19
      25
      24
      13
      17
      20
      23
      21
      23
       0
       0
       0
       0
       0
       0
       0
       0
       0
       0
       0
       0
       0
       0
       0
       0
       0
       0
       0
       0
       0
       0
       0
       0
       0
       0
       0
       0
       0
       0
       0
       0
$ROI:
0
$PRESETS:
None
0
0
$ENER_FIT:
0.000000 0.731044
$MCA_CAL:
3
0.000000E+000 7.310444E-001 0.000000E+000 keV
$SHAPE_CAL:
3
0.000000E+000 0.000000E+000 0.000000E+000
