$SPEC_ID:
No sample description was entered.
$SPEC_REM:
DET# 4
DETDESC# JLAB-20 MCB 131
AP# Maestro Version 7.01
$DATE_MEA:
10/07/2025 10:00:02
$MEAS_TIM:
579 599
$DATA:
0 2047
       0
       0
       0
       0
       0
       0
       0
       0
       0
       0
       0
       0
       0
       0
       0
       0
       0
       0
       0
       0
       0
       0
       0
       0
       0
       0
       0
       0
       0
       0
       0
       0
       0
       0
       0
       0
       0
       0
       0
       0
       0
       0
       0
       0
       0
       0
       0
       0
       0
       0
       0
       0
       0
       0
       0
       0
       0
       0
       0
       0
       0
       0
       0
       0
       0
       0
       0
       0
       0
      31
    1270
    1460
    1391
    1437
    1365
    1365
    1404
    1377
    1410
    1350
    1407
    1422
    1364
    1349
    1401
    1348
    1300
    1288
    1344
    1358
    1371
    1327
    1347
    1321
    1320
    1419
    1311
    1367
    1403
    1386
    1368
    1476
    1634
    1312
    1455
    1441
    1348
    1298
    1270
    1322
    1392
    1244
    1312
    1338
    1306
    1395
    1277
    1315
    1367
    1306
    1341
    1352
    1308
    1358
    1323
    1276
    1402
    1310
    1335
    1337
    1251
    1316
    1294
    1354
    1386
    1310
    1350
    1365
    1343
    1350
    1313
    1325
    1351
    1297
    1348
    1280
    1321
    1339
    1264
    1311
    1336
    1392
    1337
    1330
    1291
    1300
    1279
    1289
    1352
    1298
    1365
    1258
    1349
    1270
    1314
    1275
    1379
    1315
    1286
    1306
    1317
    1268
    1363
    1349
    1338
    1371
    1332
    1304
    1280
    1286
    1362
    1361
    1382
    1340
    1289
    1338
    1255
    1352
    1325
    1342
    1252
    1284
    1329
    1271
    1268
    1278
    1280
    1256
    1306
    1295
    1315
    1258
    1305
    1258
    1279
    1324
    1353
    1334
    1287
    1275
    1203
    1227
    1232
    1250
    1289
    1248
    1247
    1170
    1280
    1328
    1249
    1218
    1293
    1223
    1236
    1266
    1293
    1273
    1206
    1248
    1240
    1247
    1269
    1206
    1226
    1260
    1252
    1218
    1206
    1168
    1219
    1222
    1218
    1198
    1238
    1191
    1208
    1179
    1241
    1185
    1189
    1227
    1228
    1182
    1252
    1210
    1178
    1194
    1215
    1221
    1178
    1225
    1238
    1210
    1156
    1200
    1152
    1151
    1190
    1227
    1164
    1185
    1147
    1144
    1164
    1184
    1098
    1162
    1271
    1248
    1220
    1188
    1286
    1294
    1280
    1318
    1349
    1373
    1421
    1447
    1451
    1402
    1427
    1484
    1474
    1536
    1545
    1553
    1522
    1467
    1486
    1490
    1446
    1494
    1451
    1432
    1434
    1422
    1422
    1400
    1388
    1419
    1345
    1430
    1387
    1404
    1371
    1307
    1402
    1315
    1288
    1279
    1242
    1256
    1284
    1360
    1313
    1294
    1294
    1242
    1307
    1277
    1220
    1271
    1246
    1242
    1264
    1269
    1201
    1240
    1244
    1295
    1246
    1241
    1225
    1215
    1236
    1147
    1161
    1229
    1156
    1256
    1196
    1155
    1221
    1125
    1175
    1257
    1169
    1112
    1121
    1142
    1185
    1121
    1109
    1136
    1116
    1156
    1134
    1083
    1150
    1114
    1098
    1046
    1076
    1126
    1120
    1070
    1114
    1130
    1039
    1046
    1105
    1082
    1107
    1122
    1091
    1145
    1106
    1021
    1038
    1107
    1008
    1052
    1037
    1090
     995
     992
    1074
    1087
    1039
    1055
    1077
    1064
     969
    1018
     975
    1018
     990
    1038
     987
    1022
    1032
     999
     947
    1059
     981
     986
     961
     978
     962
    1045
    1230
    1196
     971
     997
     986
     895
     961
     972
    1012
     957
     939
     934
     969
     978
     928
     939
     927
     977
     984
     885
     978
     908
     933
     955
     902
     921
     910
     944
     925
     962
     920
     908
     853
     886
     920
     897
     895
     891
     863
     881
     894
     945
     873
     910
     909
     856
     903
     851
     906
     873
     923
     906
     921
     865
     885
     900
     878
     917
     885
     935
     874
     884
     883
     880
     894
     852
     888
     851
     891
     901
     875
     829
     807
     856
     847
     849
     828
     858
     877
     871
     856
     860
     870
     827
     842
     813
     873
     819
     821
     850
     787
     850
     817
     843
     828
     817
     884
     834
     770
     841
     826
     814
     802
     835
     829
     780
     824
     853
     830
     831
     802
     830
     767
     786
     796
     776
     795
     792
     858
     824
     793
     815
     794
     819
     811
     815
     829
     858
     811
     781
     828
     810
     807
     759
     784
     732
     785
     814
     815
     791
     809
     766
     771
     804
     828
     779
     765
     807
     806
     810
     795
     814
     752
     820
     841
     771
     763
     804
     783
     760
     792
     755
     810
     737
     792
     825
     809
     807
     752
     738
     800
     805
     769
     772
     759
     762
     737
     754
     749
     763
     784
     781
     793
     741
     737
     797
     765
     775
     761
     752
     709
     765
     779
     778
     750
     778
     816
     764
     696
     782
     710
     779
     743
     791
     732
     723
     796
     706
     791
     750
     743
     772
     764
     774
     735
     786
     752
     765
     756
     718
     744
     752
     719
     752
     756
     725
     736
     759
     760
     799
     775
     774
     779
     776
     769
     748
     754
     710
     730
     728
     744
     764
     681
     797
     835
     752
     708
     702
     778
     706
     733
     757
     730
     781
     743
     742
     832
     712
     739
     781
     741
     767
     742
     714
     719
     791
     734
     729
     798
     780
     742
     719
     760
     754
     786
     735
     745
     779
     746
     780
     688
     699
     723
     702
     759
     717
     741
     692
     712
     753
     740
     749
     705
     754
     763
     733
     769
     746
     759
     758
     724
     779
     710
     666
     701
     727
     759
     721
     730
     743
     736
     737
     780
     746
     740
     682
     742
     754
     752
     720
     762
     754
     718
     756
     722
     761
     743
     697
     737
     765
     706
     735
     742
     738
     744
     772
     753
     719
     725
     716
     707
     740
     724
     706
     726
     696
     761
     677
     701
     754
     735
     720
     769
     732
     743
     690
     731
     730
     686
     780
     737
     678
     755
     750
     661
     700
     725
     781
     692
     729
     755
     753
     802
     703
     705
     726
     701
     755
     761
     733
     767
     714
     733
     720
     731
     708
     758
     753
     680
     725
     770
     767
     648
     789
     721
     771
     791
     722
     757
     701
     732
     704
     690
     759
     695
     796
     751
     780
     723
     752
     729
     720
     746
     708
     758
     690
     734
     769
     711
     768
     765
     748
     713
     747
     771
     728
     730
     753
     692
     773
     686
     711
     719
     705
     749
     728
     727
     726
     760
     730
     755
     747
     739
     740
     674
     741
     727
     750
     710
     768
     754
     749
     734
     679
     726
     763
     694
     785
     746
     742
     760
     767
     781
     711
     735
     748
     726
     713
     672
     704
     725
     750
     722
     745
     772
     736
     746
     721
     780
     711
     747
     763
     739
     737
     708
     728
     738
     693
     754
     783
     756
     781
     689
     768
     771
     716
     743
     736
     666
     747
     793
     691
     712
     759
     779
     781
     719
     729
     778
     822
     717
     766
     751
     735
     780
     758
     731
     690
     763
     706
     741
     718
     791
     707
     752
     695
     710
     707
     748
     777
     773
     757
     780
     777
     752
     748
     818
     740
     815
     753
     765
     694
     750
     759
     723
     745
     763
     773
     808
     794
     765
     759
     774
     735
     744
     753
     782
     730
     798
     762
     743
     754
     706
     807
     772
     750
     705
     753
     800
     772
     737
     721
     785
     781
     746
     761
     722
     734
     782
     767
     748
     720
     762
     765
     710
     782
     713
     800
     816
     802
     775
     782
     779
     762
     760
     787
     790
     793
     702
     757
     769
     769
     813
     737
     804
     794
     795
     754
     730
     770
     777
     768
     814
     797
     816
     747
     786
     772
     799
     782
     783
     859
     780
     747
     794
     802
     854
     791
     762
     754
     764
     792
     830
     826
     852
     766
     789
     757
     778
     812
     760
     784
     819
     853
     817
     832
     814
     817
     792
     819
     795
     813
     789
     852
     850
     814
     809
     791
     856
     842
     839
     780
     777
     817
     817
     778
     822
     812
     849
     786
     838
     862
     842
     810
     862
     854
     848
     773
     876
     846
     840
     822
     831
     809
     832
     828
     829
     838
     798
     798
     850
     817
     836
     843
     875
     954
     931
     930
     891
     858
     873
     839
     918
     887
     825
     853
     886
     881
     858
     851
     883
     866
     851
     840
     923
     855
     811
     873
     826
     901
     895
     840
     909
     864
     931
     850
     905
     870
     922
     932
     902
     901
     913
     889
     880
     906
     942
     896
     881
     934
     918
     957
     941
     905
     913
     893
     910
     922
     950
     982
     958
     930
     906
     959
     941
     904
    1009
     951
     938
     953
     952
     876
     971
     943
     982
     980
     956
     985
     931
     942
    1034
     988
     951
     978
    1013
     995
    1012
     964
    1040
    1022
    1003
     935
    1011
     971
    1010
     997
     997
     996
    1013
    1057
    1039
    1041
    1091
    1019
    1004
    1053
    1015
    1029
    1086
    1091
    1069
    1039
    1014
    1059
    1078
    1078
    1053
    1062
    1090
    1138
    1080
    1121
    1183
    1175
    1119
    1123
    1169
    1151
    1128
    1136
    1205
    1161
    1136
    1186
    1154
    1134
    1125
    1121
    1164
    1190
    1223
    1224
    1222
    1214
    1227
    1235
    1164
    1219
    1218
    1222
    1284
    1276
    1235
    1249
    1280
    1229
    1273
    1317
    1258
    1276
    1293
    1257
    1347
    1293
    1282
    1312
    1360
    1354
    1260
    1395
    1305
    1278
    1362
    1282
    1365
    1416
    1342
    1338
    1397
    1383
    1397
    1324
    1276
    1413
    1369
    1405
    1430
    1323
    1369
    1442
    1450
    1377
    1328
    1365
    1317
    1369
    1303
    1332
    1140
    1201
    1165
    1154
    1085
    1025
    1049
    1026
    1040
     990
     913
     960
    1005
     937
     980
     967
     873
     915
     903
     912
     892
     897
     831
     874
     877
     926
     952
     891
     891
     888
     864
     892
     844
     831
     885
     913
     903
     876
     888
     854
     872
     864
     861
     843
     851
     873
     891
     941
     845
     838
     851
     839
     866
     859
     861
     845
     787
     856
     782
     848
     865
     834
     813
     888
     821
     884
     792
     835
     810
     826
     854
     802
     804
     831
     748
     801
     823
     786
     826
     808
     807
     832
     822
     782
     848
     833
     811
     769
     842
     828
     837
     807
     783
     828
     831
     803
     771
     787
     798
     786
     789
     781
     780
     771
     823
     810
     768
     825
     765
     784
     796
     769
     776
     764
     821
     785
     769
     766
     719
     829
     775
     735
     770
     741
     759
     769
     741
     781
     796
     740
     765
     764
     824
     757
     738
     771
     739
     738
     761
     739
     755
     763
     758
     738
     762
     779
     796
     761
     749
     782
     834
     768
     809
     770
     812
     795
     832
     780
     824
     776
     823
     835
     821
     804
     822
     847
     879
     808
     846
     861
     905
     869
     846
     886
     846
     914
     852
     848
     876
     897
     883
     864
     898
     894
     874
     894
     898
     895
     936
     843
     963
     888
     955
     903
     921
     909
     888
     901
     900
     970
     930
     907
     900
     913
     905
     886
     874
     855
     807
     816
     789
     737
     678
     670
     615
     652
     568
     623
     596
     542
     546
     513
     525
     496
     524
     495
     421
     480
     481
     443
     478
     459
     445
     493
     451
     455
     431
     458
     446
     469
     443
     417
     425
     431
     416
     445
     391
     404
     459
     426
     414
     462
     375
     402
     388
     395
     404
     388
     377
     407
     397
     397
     386
     383
     351
     368
     366
     379
     431
     382
     418
     414
     444
     493
     517
     566
     682
     708
     793
     835
     952
    1114
    1305
    2142
    6049
   18118
   29318
   21254
    7308
    1528
     457
     308
     306
     300
     296
     259
     297
     292
     250
     281
     308
     247
     294
     266
     245
     254
     260
     251
     267
     267
     241
     243
     247
     246
     205
     218
     214
     245
     206
     244
     185
     228
     198
     206
     199
     213
     195
     200
     195
     181
     206
     188
     185
     149
     172
     170
     197
     148
     161
     159
     149
     147
     145
     150
     120
     131
     143
     120
     145
     143
     137
     117
     114
     126
     118
     104
     132
     119
      98
     106
     103
     113
      99
     110
     106
     138
     102
      98
      90
     103
      92
      88
      68
     105
      84
      88
      89
      90
      86
      73
      71
      74
      86
      79
      70
      64
      74
      74
      67
      62
      66
      90
      77
      79
      64
      65
      69
      72
      64
      62
      72
      74
      65
      71
      68
      59
      59
      69
      75
      50
      79
      55
      67
      79
      68
      68
      73
      83
      71
      67
      54
      64
      62
      70
      49
      72
      66
      70
      55
      52
      58
      61
      77
      62
      51
      55
      64
      57
      75
      62
      59
      63
      60
      56
      61
      69
      55
      56
      44
      57
      56
      63
      57
      71
      56
      50
      73
      55
      47
      52
      51
      65
      56
      66
      72
      66
      60
      54
      65
      41
      36
      56
      65
      54
      66
      41
      58
      47
      53
      44
      64
      57
      57
      67
      72
      74
      81
      94
     113
     122
     143
     199
     267
     299
     384
     453
     498
     619
     804
    1183
    2822
    8709
   20027
   23397
   12981
    3750
     665
     110
      37
      36
      32
      39
      29
      27
      16
      28
      26
      39
      26
      26
      25
      23
      37
      21
      31
      27
      39
      19
      27
      35
      25
      19
      20
      25
      25
      26
      28
      23
      31
      23
      20
      29
      21
      20
      17
      24
      24
      34
      14
      14
      25
      26
      24
      22
      23
      33
      21
      28
      25
      18
      31
      29
      18
      31
      31
      24
      25
      21
      22
      29
      18
      22
      26
      18
      20
      21
      24
      19
      24
      26
      36
      27
      28
      23
      18
      35
      23
      34
      17
      22
      21
      25
      26
      26
      24
      23
      19
      26
      22
      30
      22
      26
      24
      16
      20
      25
      22
      25
      24
      14
      19
      28
      17
      24
      27
      22
      20
      16
      22
      21
      23
      23
      24
      17
      22
      25
      25
      18
      21
      25
      19
      25
      20
      22
      25
      30
      25
      18
      15
      22
      20
      18
      24
      19
      17
      25
      24
      16
      23
      21
      14
      23
      16
      27
      15
      25
      28
      24
      32
      25
      23
      25
      23
      14
      16
      22
      32
      21
      11
      19
      23
      23
      18
      28
      35
      37
      56
      84
      89
      51
      29
      24
      11
      28
      13
      17
      22
      10
      16
      17
      15
      21
      16
      25
      18
      17
      24
      22
      11
      15
      22
      20
      17
      17
      20
      23
       0
       0
       0
       0
       0
       0
       0
       0
       0
       0
       0
       0
       0
       0
       0
       0
       0
       0
       0
       0
       0
       0
       0
       0
       0
       0
       0
       0
       0
       0
       0
       0
$ROI:
0
$PRESETS:
None
0
0
$ENER_FIT:
0.000000 0.731044
$MCA_CAL:
3
0.000000E+000 7.310444E-001 0.000000E+000 keV
$SHAPE_CAL:
3
0.000000E+000 0.000000E+000 0.000000E+000
