$SPEC_ID:
No sample description was entered.
$SPEC_REM:
DET# 4
DETDESC# JLAB-20 MCB 131
AP# Maestro Version 7.01
$DATE_MEA:
10/06/2025 22:30:02
$MEAS_TIM:
579 599
$DATA:
0 2047
       0
       0
       0
       0
       0
       0
       0
       0
       0
       0
       0
       0
       0
       0
       0
       0
       0
       0
       0
       0
       0
       0
       0
       0
       0
       0
       0
       0
       0
       0
       0
       0
       0
       0
       0
       0
       0
       0
       0
       0
       0
       0
       0
       0
       0
       0
       0
       0
       0
       0
       0
       0
       0
       0
       0
       0
       0
       0
       0
       0
       0
       0
       0
       0
       0
       0
       0
       0
       0
      31
    1351
    1410
    1394
    1332
    1414
    1317
    1383
    1474
    1472
    1375
    1397
    1332
    1384
    1387
    1342
    1379
    1333
    1369
    1437
    1296
    1389
    1438
    1385
    1378
    1352
    1324
    1419
    1356
    1452
    1440
    1382
    1559
    1550
    1364
    1340
    1363
    1370
    1339
    1312
    1338
    1362
    1310
    1326
    1335
    1372
    1407
    1424
    1336
    1386
    1320
    1342
    1356
    1363
    1375
    1388
    1259
    1403
    1310
    1353
    1279
    1348
    1405
    1325
    1316
    1396
    1353
    1258
    1309
    1305
    1372
    1334
    1350
    1322
    1347
    1275
    1323
    1299
    1356
    1305
    1270
    1321
    1314
    1289
    1311
    1332
    1289
    1341
    1304
    1319
    1308
    1299
    1352
    1291
    1267
    1300
    1359
    1334
    1348
    1278
    1317
    1238
    1243
    1318
    1307
    1324
    1215
    1271
    1337
    1318
    1305
    1320
    1369
    1329
    1356
    1312
    1349
    1337
    1355
    1297
    1247
    1319
    1289
    1357
    1346
    1290
    1299
    1276
    1342
    1267
    1270
    1325
    1281
    1342
    1274
    1260
    1388
    1290
    1243
    1229
    1235
    1220
    1237
    1211
    1288
    1279
    1202
    1288
    1309
    1214
    1294
    1186
    1244
    1227
    1192
    1213
    1246
    1241
    1278
    1269
    1240
    1263
    1273
    1278
    1175
    1290
    1233
    1297
    1218
    1249
    1233
    1183
    1194
    1213
    1225
    1197
    1198
    1214
    1133
    1175
    1202
    1182
    1197
    1189
    1210
    1206
    1199
    1134
    1184
    1160
    1188
    1234
    1154
    1105
    1220
    1211
    1143
    1176
    1182
    1186
    1184
    1149
    1190
    1200
    1208
    1218
    1118
    1153
    1243
    1219
    1140
    1200
    1253
    1279
    1228
    1341
    1351
    1357
    1378
    1354
    1434
    1393
    1498
    1459
    1455
    1467
    1555
    1404
    1536
    1545
    1501
    1466
    1460
    1422
    1520
    1512
    1397
    1446
    1421
    1425
    1389
    1384
    1367
    1374
    1373
    1352
    1388
    1375
    1318
    1341
    1353
    1355
    1316
    1314
    1359
    1380
    1356
    1295
    1342
    1297
    1301
    1329
    1301
    1300
    1220
    1278
    1258
    1335
    1183
    1237
    1223
    1188
    1214
    1259
    1252
    1216
    1218
    1173
    1228
    1210
    1222
    1208
    1139
    1219
    1194
    1198
    1240
    1191
    1147
    1167
    1157
    1159
    1093
    1173
    1161
    1110
    1159
    1110
    1099
    1127
    1113
    1063
    1137
    1079
    1121
    1057
    1130
    1096
    1093
    1143
    1063
    1118
    1125
    1067
    1110
    1070
    1044
    1101
    1140
    1054
    1029
    1061
    1105
    1028
    1082
    1048
    1066
    1051
    1083
    1027
     972
    1041
    1107
     991
    1014
    1006
    1023
    1040
    1016
     997
    1011
     972
     997
    1029
     995
    1000
    1007
    1008
    1007
     978
    1008
     970
     982
    1262
    1204
    1065
     966
    1015
     932
     990
     924
     899
     912
     971
     952
     991
     937
     912
     920
     923
     979
     938
     907
     969
     899
     878
     970
     873
     879
     928
     918
     943
     906
     903
     892
     905
     895
     919
     873
     865
     848
     995
     882
     876
     971
     874
     902
     892
     906
     849
     856
     921
     932
     891
     872
     926
     822
     950
     903
     948
     936
     812
     845
     841
     827
     834
     833
     861
     828
     819
     809
     821
     837
     888
     845
     870
     851
     799
     887
     838
     887
     830
     820
     842
     823
     836
     826
     827
     853
     818
     810
     872
     874
     803
     887
     804
     858
     825
     845
     849
     804
     810
     880
     814
     792
     817
     832
     763
     814
     828
     783
     834
     864
     861
     802
     793
     841
     828
     791
     809
     838
     813
     855
     805
     829
     806
     796
     808
     818
     803
     863
     818
     805
     771
     820
     774
     812
     844
     803
     801
     794
     818
     763
     813
     793
     857
     801
     806
     760
     791
     772
     775
     793
     801
     788
     821
     781
     757
     779
     763
     799
     775
     815
     764
     728
     802
     734
     744
     812
     764
     798
     801
     760
     784
     790
     797
     792
     786
     756
     736
     794
     791
     818
     767
     752
     784
     762
     749
     778
     741
     746
     722
     738
     737
     782
     852
     714
     762
     727
     759
     744
     754
     787
     786
     755
     748
     772
     739
     753
     788
     752
     732
     717
     745
     776
     730
     763
     765
     750
     747
     737
     770
     737
     733
     692
     708
     771
     726
     766
     757
     760
     787
     762
     789
     736
     781
     748
     791
     756
     772
     790
     739
     767
     740
     741
     738
     717
     765
     742
     767
     743
     801
     734
     755
     771
     703
     781
     742
     753
     681
     748
     760
     740
     712
     714
     754
     737
     736
     749
     752
     727
     773
     761
     753
     803
     774
     803
     725
     780
     797
     776
     719
     755
     771
     791
     694
     680
     729
     737
     704
     726
     698
     752
     758
     710
     739
     786
     786
     685
     736
     764
     761
     712
     709
     701
     728
     730
     775
     721
     711
     744
     740
     734
     715
     741
     718
     720
     701
     751
     765
     748
     728
     723
     765
     709
     743
     732
     696
     753
     757
     701
     712
     708
     661
     665
     737
     748
     695
     813
     725
     780
     751
     674
     764
     709
     760
     697
     697
     804
     771
     736
     741
     713
     696
     702
     666
     732
     745
     719
     757
     756
     707
     741
     726
     730
     732
     703
     714
     782
     763
     765
     723
     714
     716
     716
     745
     726
     715
     741
     706
     736
     718
     736
     772
     744
     746
     716
     645
     757
     767
     727
     721
     733
     748
     743
     673
     766
     748
     764
     789
     719
     715
     730
     750
     704
     757
     712
     726
     755
     815
     772
     745
     723
     760
     741
     697
     712
     718
     756
     693
     749
     730
     730
     732
     676
     729
     755
     761
     736
     781
     695
     734
     770
     753
     788
     722
     754
     734
     689
     769
     719
     732
     744
     733
     745
     733
     754
     750
     693
     736
     718
     742
     722
     700
     749
     726
     713
     739
     690
     775
     719
     759
     699
     754
     735
     748
     731
     779
     720
     714
     703
     720
     761
     726
     747
     762
     702
     723
     732
     749
     764
     794
     698
     718
     724
     744
     768
     743
     766
     734
     739
     793
     754
     704
     691
     688
     774
     752
     752
     702
     692
     774
     692
     796
     770
     689
     709
     739
     707
     745
     751
     710
     716
     757
     720
     773
     673
     688
     758
     748
     741
     738
     698
     782
     761
     739
     716
     786
     729
     780
     745
     769
     778
     717
     720
     746
     779
     778
     745
     740
     755
     747
     744
     774
     716
     717
     824
     751
     772
     759
     791
     740
     735
     762
     786
     770
     731
     730
     695
     749
     727
     787
     798
     734
     760
     754
     739
     847
     739
     773
     787
     724
     758
     750
     792
     745
     789
     789
     713
     790
     788
     776
     767
     769
     771
     802
     771
     797
     716
     770
     806
     731
     720
     736
     779
     799
     720
     777
     776
     766
     765
     747
     801
     796
     765
     827
     796
     805
     762
     756
     808
     789
     810
     792
     781
     791
     800
     776
     790
     811
     758
     788
     820
     791
     819
     803
     823
     858
     828
     790
     753
     881
     772
     790
     797
     819
     750
     784
     772
     822
     793
     829
     840
     787
     799
     779
     818
     792
     812
     809
     782
     878
     810
     783
     785
     809
     774
     817
     769
     776
     781
     808
     823
     823
     789
     821
     847
     782
     795
     849
     802
     811
     797
     774
     881
     822
     859
     811
     843
     831
     865
     876
     846
     819
     863
     812
     860
     814
     841
     896
     846
     851
     845
     882
     871
     859
     850
     868
     941
     906
     874
     814
     816
     835
     814
     868
     886
     887
     844
     865
     922
     868
     919
     905
     904
     883
     881
     885
     834
     865
     857
     909
     851
     907
     873
     898
     894
     874
     851
     877
     922
     855
     914
     902
     894
     880
     898
     850
     895
     940
     912
     941
     929
     898
     919
     967
     971
     909
     943
     941
     944
     941
     906
     967
     965
     888
     931
     908
     923
    1025
     936
     943
     993
     981
     972
     968
    1019
     958
     918
     991
     979
    1009
     985
    1013
     952
     970
    1002
    1022
    1044
    1003
     974
     992
    1009
     975
    1021
    1028
    1035
     993
     994
    1029
    1011
    1085
    1027
    1088
     977
    1032
     961
    1056
    1038
    1031
    1068
    1036
    1071
    1054
    1058
    1053
    1023
    1048
    1061
    1073
    1151
    1118
    1089
    1097
    1063
    1133
    1100
    1155
    1171
    1147
    1138
    1116
    1113
    1230
    1186
    1134
    1155
    1277
    1207
    1172
    1167
    1184
    1196
    1232
    1149
    1265
    1247
    1183
    1225
    1219
    1228
    1247
    1221
    1305
    1235
    1238
    1279
    1251
    1306
    1282
    1244
    1316
    1257
    1312
    1290
    1313
    1370
    1373
    1318
    1395
    1322
    1346
    1325
    1303
    1366
    1363
    1343
    1335
    1349
    1372
    1356
    1360
    1405
    1400
    1371
    1415
    1379
    1308
    1413
    1381
    1400
    1385
    1353
    1413
    1339
    1322
    1309
    1251
    1316
    1267
    1287
    1219
    1130
    1139
    1069
     998
    1032
    1027
     946
     982
     967
     936
     965
     921
     894
     911
     927
     924
     920
     869
     900
     885
     899
     912
     945
     895
     874
     902
     907
     921
     851
     902
     854
     865
     893
     907
     812
     835
     911
     940
     864
     833
     928
     903
     895
     831
     875
     890
     821
     839
     827
     861
     891
     854
     920
     837
     846
     858
     852
     831
     845
     826
     894
     826
     884
     795
     848
     859
     819
     806
     810
     831
     823
     759
     842
     853
     818
     826
     818
     834
     820
     749
     831
     769
     770
     758
     794
     853
     819
     782
     807
     854
     766
     781
     751
     762
     822
     759
     772
     788
     804
     753
     731
     780
     845
     782
     790
     832
     794
     763
     752
     779
     813
     743
     738
     775
     738
     770
     803
     791
     760
     797
     792
     802
     777
     841
     756
     822
     748
     765
     768
     774
     772
     806
     763
     772
     764
     737
     821
     783
     755
     730
     784
     772
     812
     793
     803
     802
     796
     820
     775
     753
     771
     809
     808
     813
     837
     836
     790
     835
     817
     857
     828
     847
     757
     871
     821
     840
     833
     831
     840
     804
     868
     872
     845
     866
     906
     859
     864
     879
     931
     903
     838
     861
     882
     910
     865
     938
     851
     881
     904
     939
     892
     949
     918
     914
     895
     884
     908
     911
     918
     873
     881
     880
     921
     858
     842
     827
     847
     805
     688
     749
     727
     697
     662
     625
     571
     564
     624
     509
     570
     462
     533
     508
     503
     505
     483
     469
     465
     454
     464
     440
     449
     476
     446
     431
     406
     455
     450
     456
     426
     437
     435
     405
     432
     423
     427
     441
     406
     417
     395
     409
     387
     414
     419
     384
     383
     408
     411
     378
     380
     417
     417
     363
     391
     428
     393
     404
     367
     379
     396
     372
     463
     430
     455
     573
     619
     688
     803
     803
     839
     952
    1165
    1619
    3396
   10743
   24610
   27751
   13782
    3590
     803
     345
     292
     311
     259
     281
     277
     263
     288
     289
     290
     290
     283
     285
     264
     233
     263
     254
     257
     242
     244
     239
     259
     212
     208
     219
     193
     257
     214
     235
     225
     193
     199
     205
     192
     205
     198
     190
     192
     195
     180
     189
     183
     178
     179
     168
     157
     159
     160
     146
     166
     146
     156
     158
     151
     132
     140
     151
     120
     137
     113
     116
     147
     143
     124
     129
     133
     108
     123
     105
     121
     114
     124
     109
     117
     116
      96
     103
     111
      93
      90
     124
     106
      99
     101
      93
     100
      97
      86
      88
      91
      84
      74
      90
      91
      94
      68
      86
      52
      72
      76
      87
      81
      84
      71
      76
      62
      68
      78
      59
      71
      53
      71
      77
      65
      74
      67
      64
      56
      65
      55
      73
      73
      71
      78
      55
      59
      66
      52
      64
      71
      67
      70
      57
      71
      73
      77
      70
      54
      60
      65
      72
      70
      71
      59
      55
      48
      48
      66
      55
      56
      51
      60
      58
      47
      60
      57
      56
      55
      44
      69
      63
      59
      69
      54
      55
      55
      64
      69
      55
      52
      57
      62
      69
      61
      55
      58
      47
      58
      59
      55
      62
      53
      69
      53
      45
      56
      62
      50
      56
      47
      53
      65
      67
      63
      71
      70
      79
      86
     128
     144
     203
     238
     320
     365
     459
     534
     541
     700
     980
    1900
    5320
   14769
   23829
   18676
    7186
    1566
     232
      58
      43
      35
      37
      29
      25
      27
      26
      30
      24
      24
      33
      33
      30
      30
      16
      28
      33
      21
      31
      25
      29
      25
      22
      31
      24
      30
      22
      21
      18
      32
      23
      21
      18
      21
      24
      31
      22
      28
      25
      35
      23
      26
      16
      20
      30
      31
      22
      24
      12
      15
      21
      21
      24
      21
      22
      21
      34
      19
      21
      24
      27
      19
      15
      31
      21
      27
      14
      26
      20
      24
      26
      22
      23
      27
      21
      16
      18
      24
      24
      16
      26
      28
      31
      29
      21
      27
      22
      23
      25
      26
      18
      22
      24
      29
      28
      30
      23
      29
      21
      16
      21
      23
      23
      22
      21
      26
      19
      22
      27
      26
      22
      23
      22
      20
      14
      22
      24
      20
      22
      20
      17
      24
      20
      23
      30
      25
      18
      12
      11
      18
      19
      29
      15
      20
      23
      16
      18
      22
      30
      15
      12
      27
      30
      25
      24
      31
      17
      16
      25
      24
      16
      24
      19
      22
      16
      22
      12
      19
      27
      18
      26
      21
      23
      21
      26
      24
      26
      43
      66
      85
      54
      24
      18
      19
      20
      17
      18
      21
      18
      18
      16
      19
      23
      18
      11
      10
      16
      24
      25
      13
      25
      19
      26
      30
      10
      18
      22
      16
       0
       0
       0
       0
       0
       0
       0
       0
       0
       0
       0
       0
       0
       0
       0
       0
       0
       0
       0
       0
       0
       0
       0
       0
       0
       0
       0
       0
       0
       0
       0
       0
$ROI:
0
$PRESETS:
None
0
0
$ENER_FIT:
0.000000 0.731044
$MCA_CAL:
3
0.000000E+000 7.310444E-001 0.000000E+000 keV
$SHAPE_CAL:
3
0.000000E+000 0.000000E+000 0.000000E+000
