$SPEC_ID:
No sample description was entered.
$SPEC_REM:
DET# 4
DETDESC# JLAB-20 MCB 131
AP# Maestro Version 7.01
$DATE_MEA:
10/08/2025 01:50:02
$MEAS_TIM:
579 599
$DATA:
0 2047
       0
       0
       0
       0
       0
       0
       0
       0
       0
       0
       0
       0
       0
       0
       0
       0
       0
       0
       0
       0
       0
       0
       0
       0
       0
       0
       0
       0
       0
       0
       0
       0
       0
       0
       0
       0
       0
       0
       0
       0
       0
       0
       0
       0
       0
       0
       0
       0
       0
       0
       0
       0
       0
       0
       0
       0
       0
       0
       0
       0
       0
       0
       0
       0
       0
       0
       0
       0
       0
      34
    1291
    1394
    1372
    1425
    1431
    1357
    1368
    1410
    1414
    1410
    1444
    1395
    1401
    1401
    1369
    1367
    1345
    1408
    1352
    1373
    1428
    1437
    1364
    1361
    1351
    1408
    1353
    1349
    1382
    1480
    1433
    1511
    1585
    1316
    1353
    1419
    1305
    1302
    1357
    1299
    1309
    1288
    1300
    1355
    1310
    1395
    1322
    1365
    1333
    1437
    1302
    1309
    1333
    1402
    1287
    1331
    1316
    1356
    1382
    1430
    1312
    1320
    1337
    1267
    1300
    1345
    1306
    1272
    1338
    1321
    1250
    1336
    1280
    1299
    1265
    1328
    1252
    1289
    1335
    1307
    1320
    1337
    1350
    1311
    1321
    1340
    1302
    1304
    1286
    1366
    1296
    1341
    1239
    1296
    1382
    1335
    1322
    1371
    1302
    1354
    1328
    1339
    1331
    1251
    1306
    1302
    1292
    1291
    1286
    1317
    1324
    1327
    1313
    1325
    1340
    1286
    1301
    1325
    1336
    1305
    1335
    1261
    1265
    1318
    1251
    1296
    1263
    1207
    1282
    1294
    1279
    1301
    1274
    1271
    1284
    1337
    1370
    1285
    1228
    1300
    1285
    1275
    1235
    1262
    1277
    1240
    1248
    1295
    1251
    1228
    1222
    1266
    1196
    1191
    1204
    1257
    1248
    1241
    1307
    1236
    1230
    1210
    1173
    1209
    1235
    1210
    1238
    1216
    1169
    1167
    1234
    1090
    1212
    1216
    1226
    1288
    1239
    1237
    1185
    1209
    1198
    1202
    1208
    1250
    1221
    1164
    1278
    1168
    1179
    1153
    1166
    1144
    1203
    1206
    1201
    1206
    1171
    1128
    1154
    1169
    1179
    1169
    1177
    1173
    1180
    1173
    1179
    1216
    1253
    1230
    1166
    1183
    1204
    1315
    1273
    1258
    1321
    1387
    1430
    1413
    1433
    1411
    1460
    1486
    1427
    1542
    1493
    1553
    1511
    1442
    1452
    1440
    1427
    1448
    1501
    1483
    1452
    1424
    1407
    1404
    1417
    1417
    1441
    1374
    1400
    1347
    1322
    1356
    1333
    1269
    1343
    1277
    1306
    1336
    1396
    1309
    1315
    1349
    1334
    1329
    1392
    1269
    1286
    1250
    1324
    1263
    1242
    1237
    1223
    1305
    1319
    1271
    1214
    1201
    1235
    1249
    1203
    1173
    1224
    1169
    1213
    1203
    1222
    1204
    1147
    1164
    1221
    1167
    1154
    1163
    1114
    1112
    1135
    1146
    1123
    1118
    1121
    1154
    1090
    1150
    1085
    1158
    1145
    1105
    1156
    1147
    1101
    1041
    1166
    1110
    1109
    1097
    1054
    1098
    1106
     998
    1057
    1095
    1012
    1035
    1029
    1107
    1034
    1049
    1045
    1058
    1060
     966
    1061
    1080
     993
     978
    1053
     991
    1028
     979
    1023
    1027
    1037
    1040
     990
     962
    1048
    1042
     999
     922
     998
     983
    1021
     997
    1008
    1006
    1170
    1211
    1007
     918
     962
    1003
     943
     955
     951
     944
     954
     960
     923
     963
     935
     962
     897
     905
     911
     909
     902
     930
     920
     883
     917
     931
     928
     908
     890
     921
     901
     912
     993
     892
     884
     945
     894
     905
     902
     940
     861
     950
     911
     844
     910
     855
     901
     859
     886
     819
     930
     882
     899
     905
     875
     837
     809
     928
     937
     856
     888
     833
     864
     913
     864
     859
     802
     857
     862
     854
     852
     863
     872
     847
     808
     851
     825
     866
     817
     767
     790
     865
     855
     888
     839
     790
     904
     844
     844
     848
     878
     852
     832
     801
     793
     789
     792
     834
     817
     755
     834
     831
     807
     824
     805
     850
     821
     858
     805
     832
     771
     769
     819
     805
     852
     773
     792
     828
     771
     807
     845
     816
     821
     831
     774
     748
     818
     857
     841
     855
     836
     812
     795
     752
     842
     800
     828
     785
     820
     797
     774
     748
     761
     749
     801
     821
     796
     719
     827
     811
     767
     754
     791
     763
     735
     812
     725
     799
     791
     779
     777
     801
     795
     774
     801
     788
     747
     768
     778
     738
     783
     765
     729
     781
     768
     773
     742
     778
     773
     693
     761
     750
     756
     818
     805
     804
     761
     752
     764
     818
     753
     755
     819
     728
     730
     801
     774
     759
     784
     736
     732
     776
     743
     751
     753
     800
     744
     727
     814
     747
     744
     755
     746
     767
     756
     727
     756
     812
     702
     765
     740
     747
     758
     746
     771
     743
     753
     754
     703
     706
     751
     792
     732
     706
     736
     774
     763
     782
     769
     702
     752
     751
     732
     767
     777
     743
     757
     788
     736
     744
     750
     763
     746
     715
     725
     700
     746
     759
     749
     766
     699
     741
     759
     756
     710
     736
     734
     790
     733
     766
     759
     743
     767
     786
     787
     755
     760
     758
     788
     795
     761
     703
     718
     720
     704
     716
     698
     703
     759
     728
     717
     749
     752
     738
     708
     726
     756
     709
     734
     714
     758
     681
     743
     735
     718
     730
     696
     748
     702
     750
     704
     748
     728
     747
     681
     709
     707
     713
     767
     682
     692
     725
     727
     725
     763
     709
     761
     734
     704
     735
     688
     725
     643
     717
     742
     732
     752
     751
     715
     749
     731
     718
     730
     749
     765
     751
     690
     772
     719
     714
     778
     728
     722
     769
     697
     713
     751
     745
     711
     708
     724
     701
     793
     747
     724
     755
     792
     736
     707
     751
     688
     757
     692
     793
     751
     732
     740
     722
     727
     716
     705
     717
     710
     758
     713
     764
     768
     701
     766
     732
     738
     692
     719
     717
     733
     716
     745
     704
     714
     722
     707
     705
     728
     744
     682
     753
     729
     755
     756
     758
     687
     764
     704
     754
     735
     719
     695
     738
     729
     712
     721
     697
     768
     731
     767
     723
     685
     774
     724
     765
     736
     758
     714
     762
     737
     672
     701
     757
     765
     702
     676
     760
     705
     746
     714
     742
     687
     715
     814
     737
     728
     701
     703
     668
     774
     738
     749
     657
     726
     702
     721
     743
     731
     748
     728
     759
     755
     731
     733
     748
     742
     756
     750
     733
     762
     749
     745
     761
     745
     756
     740
     696
     727
     738
     765
     810
     705
     702
     732
     707
     751
     714
     724
     741
     730
     726
     765
     708
     698
     717
     739
     753
     729
     721
     735
     727
     756
     743
     731
     722
     734
     776
     731
     761
     791
     747
     806
     696
     780
     752
     729
     742
     767
     756
     713
     662
     745
     730
     688
     748
     729
     775
     744
     729
     789
     780
     740
     764
     770
     718
     729
     785
     743
     764
     728
     721
     776
     770
     792
     788
     711
     738
     771
     728
     787
     734
     751
     738
     759
     791
     734
     735
     747
     775
     777
     767
     751
     738
     742
     770
     738
     781
     771
     741
     759
     724
     745
     741
     773
     761
     801
     763
     804
     730
     782
     778
     798
     816
     782
     712
     778
     779
     784
     783
     789
     774
     750
     782
     795
     737
     755
     747
     751
     789
     790
     782
     762
     803
     769
     747
     823
     785
     757
     783
     801
     783
     750
     803
     812
     801
     730
     793
     805
     795
     763
     765
     829
     816
     787
     793
     799
     791
     802
     750
     762
     755
     830
     796
     782
     767
     783
     792
     783
     811
     757
     830
     777
     759
     786
     801
     857
     772
     795
     784
     834
     772
     788
     847
     849
     817
     872
     807
     775
     815
     821
     849
     829
     854
     812
     835
     829
     816
     842
     789
     827
     795
     823
     801
     869
     776
     774
     799
     787
     768
     811
     836
     787
     817
     818
     825
     897
     827
     871
     873
     911
     889
     924
     934
     894
     886
     824
     849
     865
     868
     848
     803
     844
     924
     879
     807
     897
     905
     835
     835
     923
     842
     906
     871
     852
     872
     877
     907
     848
     866
     885
     854
     886
     884
     863
     910
     849
     903
     888
     920
     907
     862
     887
     905
     878
     934
     928
     936
     903
     934
     900
     943
     900
     956
     887
     908
     910
     915
     915
     972
     924
     949
     972
     948
     929
     937
    1014
     933
     923
    1053
     977
     935
     936
     968
     984
     992
    1005
     971
     997
     949
     970
     986
    1014
     972
    1042
    1024
    1009
    1034
    1058
    1016
    1069
     968
    1037
    1015
    1015
    1072
    1097
    1037
    1030
    1014
    1034
    1016
    1035
    1049
    1047
    1057
     995
    1030
    1083
    1032
    1096
    1039
    1102
    1023
    1075
    1059
    1017
    1069
    1112
    1123
    1101
    1120
    1106
    1058
    1147
    1167
    1125
    1116
    1129
    1101
    1182
    1169
    1130
    1198
    1182
    1226
    1136
    1208
    1238
    1202
    1125
    1213
    1252
    1208
    1207
    1226
    1268
    1225
    1246
    1238
    1187
    1273
    1254
    1299
    1272
    1277
    1287
    1287
    1294
    1284
    1312
    1303
    1370
    1270
    1291
    1303
    1311
    1386
    1383
    1371
    1304
    1337
    1317
    1285
    1330
    1348
    1344
    1396
    1400
    1307
    1348
    1398
    1384
    1434
    1301
    1325
    1387
    1397
    1359
    1314
    1288
    1332
    1299
    1301
    1305
    1132
    1086
    1100
    1043
    1032
    1025
     977
     996
     948
     958
     955
     993
     925
     958
     951
     929
     947
     901
     923
     889
     853
     880
     914
     839
     845
     869
     889
     831
     872
     837
     873
     896
     894
     901
     825
     823
     841
     907
     883
     978
     857
     835
     907
     798
     792
     837
     868
     837
     836
     890
     833
     872
     884
     847
     837
     840
     827
     842
     846
     817
     897
     849
     812
     848
     841
     808
     817
     845
     820
     843
     839
     821
     798
     796
     799
     821
     791
     820
     856
     811
     830
     847
     790
     828
     870
     799
     793
     826
     814
     769
     770
     821
     762
     778
     780
     771
     744
     785
     816
     752
     747
     809
     771
     766
     781
     789
     812
     747
     759
     772
     771
     758
     758
     767
     806
     789
     731
     731
     778
     759
     756
     781
     828
     748
     784
     780
     789
     784
     816
     779
     796
     797
     824
     769
     769
     808
     785
     739
     740
     825
     796
     763
     821
     747
     721
     768
     817
     822
     830
     786
     811
     736
     808
     768
     838
     821
     813
     799
     797
     818
     791
     831
     831
     792
     845
     809
     849
     858
     826
     778
     791
     846
     876
     864
     886
     867
     907
     844
     804
     837
     878
     884
     870
     863
     851
     914
     901
     929
     845
     928
     867
     914
     914
     949
     920
     883
     929
     934
     843
     888
     886
     921
     896
     877
     900
     842
     827
     835
     827
     760
     699
     681
     689
     643
     617
     659
     557
     539
     532
     479
     553
     496
     480
     502
     520
     513
     486
     499
     468
     440
     457
     460
     450
     457
     399
     460
     451
     448
     447
     409
     416
     453
     434
     417
     444
     443
     426
     412
     403
     431
     426
     404
     401
     403
     412
     388
     374
     445
     397
     406
     373
     336
     364
     396
     378
     414
     395
     390
     441
     413
     430
     476
     483
     525
     590
     669
     720
     822
     862
     947
    1035
    1372
    2508
    7316
   20504
   29361
   18639
    5770
    1268
     384
     348
     324
     271
     300
     278
     317
     272
     287
     286
     290
     275
     255
     264
     248
     253
     256
     247
     254
     215
     239
     230
     271
     220
     196
     240
     221
     213
     225
     204
     220
     193
     196
     213
     190
     181
     208
     192
     171
     198
     175
     207
     197
     159
     189
     168
     166
     154
     144
     141
     144
     146
     162
     164
     147
     174
     141
     145
     149
     137
     126
     142
     130
     116
     119
     128
     117
     115
     124
     114
     106
     123
     102
      96
     102
      98
      85
     116
      90
      93
     122
     103
     107
      82
     100
      88
      88
      93
      77
      70
      74
      79
      70
      67
      80
      92
      82
      79
      86
      68
      73
      68
      60
      73
      78
      86
      62
      68
      49
      76
      74
      61
      55
      56
      76
      75
      72
      56
      61
      73
      59
      49
      54
      46
      54
      64
      61
      69
      58
      75
      71
      59
      48
      78
      73
      67
      55
      59
      68
      59
      70
      61
      60
      67
      45
      54
      52
      59
      51
      48
      45
      60
      49
      57
      49
      57
      48
      61
      58
      54
      62
      62
      46
      53
      62
      59
      60
      48
      52
      50
      41
      59
      50
      63
      57
      57
      61
      49
      55
      53
      53
      46
      61
      41
      53
      44
      52
      45
      57
      49
      56
      52
      46
      54
      64
      76
      77
      78
     105
     124
     165
     212
     285
     329
     405
     477
     544
     647
     811
    1350
    3401
   10527
   21610
   21874
   10886
    2877
     464
     104
      33
      28
      28
      30
      30
      25
      31
      30
      26
      22
      30
      36
      21
      24
      24
      28
      19
      32
      31
      31
      23
      26
      24
      23
      26
      25
      24
      23
      23
      27
      24
      19
      28
      13
      34
      28
      20
      24
      27
      31
      18
      25
      23
      36
      19
      17
      36
      24
      28
      25
      18
      21
      19
      17
      37
      24
      27
      24
      34
      23
      19
      20
      19
      24
      21
      31
      17
      30
      22
      25
      17
      23
      25
      25
      20
      24
      25
      20
      27
      26
      26
      28
      26
      25
      15
      14
      19
      25
      22
      19
      17
      25
      28
      20
      18
      19
      26
      29
      26
      19
      20
      18
      28
      22
      24
      24
      26
      21
      20
      23
      19
      19
      18
      14
      18
      22
      19
      21
      26
      32
      29
      26
      17
      20
      21
      18
      20
      20
      26
      13
      16
      17
      17
      15
      20
      22
      21
      23
      20
      18
      19
      15
      26
      17
      21
      21
      23
      20
      17
      24
      16
      19
      12
      15
      17
      31
      20
      22
      25
      23
      15
      14
      23
      27
      20
      27
      28
      49
      67
     111
      54
      47
      28
      15
      18
      17
      22
      25
      19
      23
      23
      24
      16
      23
      17
      13
      25
      17
      17
      30
      25
      21
      23
      15
      18
      13
      27
      22
       0
       0
       0
       0
       0
       0
       0
       0
       0
       0
       0
       0
       0
       0
       0
       0
       0
       0
       0
       0
       0
       0
       0
       0
       0
       0
       0
       0
       0
       0
       0
       0
$ROI:
0
$PRESETS:
None
0
0
$ENER_FIT:
0.000000 0.731044
$MCA_CAL:
3
0.000000E+000 7.310444E-001 0.000000E+000 keV
$SHAPE_CAL:
3
0.000000E+000 0.000000E+000 0.000000E+000
