$SPEC_ID:
No sample description was entered.
$SPEC_REM:
DET# 4
DETDESC# JLAB-20 MCB 131
AP# Maestro Version 7.01
$DATE_MEA:
10/07/2025 15:30:02
$MEAS_TIM:
579 599
$DATA:
0 2047
       0
       0
       0
       0
       0
       0
       0
       0
       0
       0
       0
       0
       0
       0
       0
       0
       0
       0
       0
       0
       0
       0
       0
       0
       0
       0
       0
       0
       0
       0
       0
       0
       0
       0
       0
       0
       0
       0
       0
       0
       0
       0
       0
       0
       0
       0
       0
       0
       0
       0
       0
       0
       0
       0
       0
       0
       0
       0
       0
       0
       0
       0
       0
       0
       0
       0
       0
       0
       0
      38
    1271
    1328
    1434
    1409
    1382
    1372
    1374
    1377
    1295
    1358
    1352
    1357
    1374
    1312
    1363
    1342
    1378
    1386
    1391
    1319
    1377
    1280
    1400
    1277
    1358
    1328
    1350
    1423
    1419
    1491
    1306
    1548
    1644
    1395
    1439
    1373
    1404
    1342
    1340
    1368
    1307
    1270
    1324
    1298
    1380
    1440
    1370
    1350
    1390
    1354
    1342
    1383
    1321
    1375
    1293
    1285
    1389
    1389
    1332
    1375
    1284
    1290
    1265
    1290
    1213
    1341
    1315
    1286
    1351
    1362
    1328
    1330
    1291
    1336
    1267
    1264
    1280
    1315
    1315
    1203
    1323
    1278
    1294
    1309
    1260
    1296
    1280
    1310
    1269
    1337
    1290
    1402
    1267
    1309
    1313
    1283
    1279
    1340
    1312
    1289
    1289
    1309
    1309
    1243
    1310
    1253
    1282
    1311
    1355
    1348
    1348
    1316
    1331
    1272
    1311
    1291
    1317
    1292
    1357
    1268
    1311
    1274
    1321
    1314
    1362
    1280
    1300
    1312
    1329
    1314
    1299
    1290
    1227
    1268
    1236
    1308
    1334
    1282
    1263
    1190
    1292
    1268
    1295
    1297
    1292
    1298
    1260
    1246
    1360
    1193
    1252
    1240
    1247
    1270
    1237
    1232
    1201
    1228
    1186
    1243
    1244
    1217
    1216
    1240
    1207
    1199
    1226
    1241
    1211
    1274
    1196
    1225
    1158
    1242
    1156
    1198
    1180
    1236
    1201
    1220
    1198
    1194
    1197
    1244
    1232
    1258
    1120
    1196
    1180
    1128
    1122
    1133
    1175
    1114
    1149
    1179
    1092
    1164
    1179
    1201
    1133
    1144
    1150
    1151
    1205
    1205
    1206
    1124
    1185
    1233
    1182
    1235
    1260
    1235
    1291
    1356
    1402
    1411
    1471
    1430
    1389
    1492
    1473
    1463
    1494
    1526
    1520
    1456
    1550
    1426
    1453
    1429
    1479
    1391
    1473
    1477
    1410
    1390
    1441
    1438
    1381
    1351
    1393
    1366
    1358
    1374
    1356
    1333
    1368
    1417
    1318
    1273
    1272
    1291
    1356
    1342
    1307
    1310
    1288
    1355
    1330
    1328
    1258
    1263
    1327
    1270
    1218
    1292
    1206
    1276
    1180
    1293
    1245
    1173
    1256
    1275
    1185
    1253
    1153
    1187
    1184
    1185
    1175
    1211
    1177
    1148
    1199
    1166
    1125
    1186
    1167
    1130
    1190
    1175
    1152
    1115
    1117
    1081
    1138
    1135
    1095
    1050
    1094
    1117
    1147
    1033
    1057
    1117
    1086
    1113
    1119
    1123
    1109
    1042
    1068
    1119
    1086
    1088
    1067
    1092
    1079
    1014
    1077
    1056
    1021
    1059
    1058
    1009
    1012
    1048
    1034
    1062
    1064
    1099
    1008
     959
    1034
     998
     997
     966
    1006
     983
     952
    1048
     939
    1017
    1002
     942
    1009
     936
     988
    1029
    1235
    1202
     990
     981
    1025
     979
     958
     971
     901
     974
     977
     948
     940
     901
     956
     918
     946
     943
     951
     980
     935
     887
     956
     936
     922
     908
     943
     858
     950
     943
     898
     863
     938
     914
     901
     923
     890
     898
     917
     921
     908
     886
     903
     918
     876
     888
     878
     851
     872
     851
     907
     881
     920
     868
     880
     843
     867
     889
     860
     833
     873
     858
     866
     867
     877
     887
     887
     796
     905
     906
     849
     829
     865
     834
     857
     855
     806
     820
     847
     798
     862
     854
     864
     856
     819
     873
     797
     832
     858
     857
     788
     820
     857
     831
     834
     811
     796
     763
     844
     789
     830
     852
     857
     863
     860
     815
     831
     784
     783
     808
     837
     825
     833
     789
     837
     808
     779
     782
     803
     804
     848
     774
     814
     848
     827
     770
     785
     806
     844
     800
     831
     759
     771
     799
     818
     820
     797
     758
     817
     768
     816
     821
     822
     830
     787
     775
     765
     785
     793
     782
     764
     818
     779
     760
     783
     769
     776
     819
     760
     788
     749
     832
     825
     791
     748
     750
     731
     800
     784
     785
     795
     792
     801
     801
     768
     756
     770
     764
     779
     786
     806
     834
     759
     761
     752
     776
     792
     737
     769
     803
     757
     759
     749
     806
     780
     735
     759
     779
     758
     813
     746
     763
     788
     743
     775
     790
     749
     737
     732
     717
     747
     753
     777
     784
     788
     711
     723
     767
     760
     779
     747
     760
     732
     752
     784
     770
     720
     747
     766
     732
     757
     781
     754
     753
     759
     722
     753
     734
     741
     717
     802
     767
     755
     818
     793
     773
     692
     728
     727
     742
     728
     690
     702
     738
     758
     698
     745
     773
     702
     737
     711
     712
     778
     762
     757
     759
     765
     730
     702
     737
     773
     704
     730
     764
     754
     751
     751
     753
     746
     698
     706
     754
     767
     712
     744
     721
     748
     735
     758
     752
     728
     719
     714
     739
     704
     726
     723
     724
     722
     743
     696
     762
     708
     741
     695
     717
     715
     721
     732
     763
     714
     737
     752
     726
     691
     754
     657
     728
     735
     727
     734
     735
     721
     732
     717
     684
     709
     739
     706
     698
     767
     675
     737
     685
     756
     716
     711
     770
     721
     701
     693
     673
     696
     733
     777
     717
     752
     739
     712
     740
     681
     723
     739
     730
     745
     703
     728
     725
     756
     794
     776
     716
     734
     695
     709
     718
     710
     732
     729
     682
     782
     719
     697
     680
     712
     743
     684
     733
     707
     732
     714
     713
     764
     781
     742
     695
     747
     747
     708
     737
     722
     739
     743
     704
     730
     710
     708
     670
     686
     800
     688
     712
     711
     757
     706
     753
     711
     749
     726
     794
     738
     731
     731
     711
     740
     729
     727
     748
     689
     761
     744
     723
     705
     718
     729
     742
     716
     751
     700
     736
     788
     703
     716
     690
     701
     737
     701
     745
     714
     782
     729
     726
     775
     750
     701
     726
     756
     748
     673
     703
     760
     728
     713
     698
     717
     706
     737
     745
     752
     720
     704
     712
     749
     777
     733
     763
     774
     707
     768
     739
     774
     703
     665
     735
     702
     751
     749
     787
     664
     753
     800
     727
     751
     737
     748
     773
     723
     687
     790
     692
     740
     769
     730
     726
     738
     711
     721
     752
     763
     764
     720
     764
     754
     739
     723
     739
     726
     772
     837
     739
     769
     807
     768
     707
     740
     760
     721
     709
     731
     712
     776
     735
     753
     741
     742
     774
     746
     782
     748
     780
     705
     749
     725
     704
     691
     747
     691
     735
     745
     758
     707
     779
     734
     749
     788
     757
     760
     747
     739
     725
     744
     742
     802
     757
     763
     810
     770
     698
     747
     722
     806
     756
     764
     786
     791
     783
     757
     771
     794
     711
     737
     787
     766
     737
     729
     749
     760
     785
     791
     794
     783
     766
     744
     767
     782
     796
     723
     743
     752
     755
     751
     781
     773
     817
     772
     747
     776
     744
     739
     757
     780
     725
     743
     816
     792
     748
     829
     766
     789
     745
     771
     785
     820
     798
     830
     751
     739
     784
     816
     780
     797
     795
     748
     763
     804
     781
     852
     801
     843
     812
     842
     773
     774
     876
     816
     804
     822
     818
     802
     823
     770
     816
     781
     803
     817
     816
     798
     796
     852
     830
     766
     813
     829
     796
     816
     891
     773
     788
     813
     784
     826
     765
     825
     789
     875
     819
     821
     825
     837
     761
     791
     797
     808
     785
     829
     792
     808
     830
     795
     860
     847
     850
     831
     847
     827
     814
     855
     886
     861
     814
     842
     822
     834
     882
     916
     918
     925
     900
     923
     880
     877
     898
     831
     858
     847
     874
     871
     873
     830
     848
     819
     901
     858
     893
     884
     813
     853
     875
     875
     873
     882
     895
     855
     887
     859
     817
     884
     877
     907
     856
     918
     919
     886
     893
     917
     904
     865
     954
     903
     888
     890
     885
     881
     950
     939
     977
     953
     888
     935
     896
     866
    1001
     942
     925
     964
     897
     927
     971
     959
     948
    1040
     963
     903
     972
     992
     933
     964
     948
     946
     969
     965
     997
     964
    1048
    1010
    1067
    1021
     948
     982
     980
     991
     974
     963
     996
    1064
    1012
    1017
    1046
    1064
    1059
    1014
    1040
     998
    1013
    1021
    1029
    1078
    1115
    1114
    1097
    1094
    1054
    1042
    1007
    1051
    1096
    1019
    1066
    1114
    1090
    1101
    1049
    1116
    1094
    1100
    1142
    1171
    1152
    1136
    1139
    1104
    1181
    1120
    1200
    1164
    1124
    1218
    1183
    1226
    1242
    1189
    1149
    1211
    1167
    1188
    1232
    1264
    1301
    1216
    1152
    1357
    1258
    1229
    1274
    1304
    1276
    1328
    1242
    1308
    1312
    1273
    1275
    1299
    1296
    1281
    1323
    1351
    1298
    1296
    1300
    1417
    1370
    1353
    1358
    1341
    1382
    1358
    1361
    1314
    1319
    1375
    1415
    1458
    1347
    1376
    1362
    1374
    1430
    1428
    1411
    1420
    1321
    1357
    1349
    1328
    1298
    1322
    1234
    1234
    1150
    1199
    1082
     994
    1066
    1045
     985
     979
     958
     964
     944
     907
     974
     974
     945
     954
     884
     905
     939
     925
     939
     833
     910
     941
     866
     935
     874
     904
     877
     893
     895
     860
     866
     834
     875
     817
     839
     867
     858
     879
     903
     835
     869
     855
     823
     826
     882
     842
     855
     819
     853
     838
     815
     835
     842
     859
     849
     856
     814
     833
     785
     828
     855
     817
     822
     892
     830
     831
     813
     846
     801
     802
     831
     869
     831
     821
     822
     880
     833
     843
     806
     810
     854
     817
     750
     786
     761
     773
     835
     820
     799
     761
     804
     770
     740
     728
     775
     784
     802
     791
     814
     788
     847
     783
     818
     775
     753
     745
     815
     735
     791
     811
     763
     782
     766
     737
     783
     761
     774
     757
     761
     757
     775
     777
     755
     747
     735
     790
     768
     792
     752
     822
     761
     773
     819
     773
     804
     805
     787
     777
     781
     800
     776
     833
     794
     796
     781
     824
     804
     742
     789
     796
     762
     823
     812
     784
     809
     811
     794
     856
     848
     769
     817
     822
     847
     867
     876
     841
     798
     841
     823
     888
     827
     865
     831
     843
     881
     898
     892
     845
     929
     850
     912
     844
     880
     857
     902
     901
     909
     882
     891
     933
     900
     935
     869
     932
     873
     865
     912
     921
     875
     904
     927
     881
     874
     868
     819
     778
     749
     729
     713
     642
     682
     600
     614
     594
     572
     542
     567
     548
     544
     511
     525
     476
     483
     491
     471
     475
     478
     445
     460
     434
     475
     402
     456
     442
     451
     462
     437
     464
     463
     425
     430
     432
     436
     424
     392
     446
     413
     429
     406
     407
     403
     428
     374
     400
     388
     379
     378
     416
     399
     397
     388
     417
     373
     368
     411
     359
     356
     403
     407
     432
     469
     579
     591
     677
     772
     810
     898
     919
    1123
    1579
    3017
    9784
   23899
   28600
   15069
    4011
     836
     337
     333
     297
     280
     286
     282
     291
     237
     281
     299
     297
     285
     290
     271
     253
     270
     274
     244
     270
     220
     238
     240
     225
     231
     252
     223
     251
     186
     234
     232
     197
     173
     211
     213
     205
     212
     196
     198
     193
     165
     182
     186
     163
     154
     185
     195
     161
     171
     167
     150
     146
     169
     153
     126
     153
     122
     154
     119
     145
     134
     125
     141
     121
     111
     104
     138
     140
     144
     108
     124
     119
     105
     101
     107
     124
     103
     113
     103
      97
     103
     106
      89
     113
      83
     107
      79
      84
      84
      76
      92
      74
      87
      70
      74
      71
      71
      77
      77
      77
      65
      68
      63
      93
      68
      75
      79
      62
      84
      69
      77
      77
      59
      60
      51
      66
      62
      62
      71
      63
      55
      60
      64
      74
      67
      77
      67
      52
      55
      43
      71
      86
      51
      61
      60
      76
      71
      61
      66
      69
      64
      72
      60
      61
      62
      62
      54
      53
      56
      73
      66
      58
      67
      65
      62
      62
      47
      62
      54
      70
      50
      52
      53
      65
      45
      52
      49
      59
      61
      56
      54
      45
      51
      56
      44
      56
      46
      63
      53
      55
      53
      47
      51
      68
      70
      61
      54
      58
      54
      55
      48
      55
      67
      50
      61
      73
      73
      81
      77
      87
     137
     189
     247
     323
     348
     412
     474
     538
     693
     884
    1649
    4685
   13562
   23264
   19670
    8232
    1864
     306
      50
      33
      29
      43
      25
      25
      30
      26
      25
      26
      30
      26
      25
      30
      24
      22
      30
      20
      21
      26
      17
      29
      31
      24
      36
      25
      26
      24
      24
      25
      25
      32
      30
      24
      23
      30
      25
      20
      28
      28
      24
      30
      23
      20
      23
      24
      25
      19
      27
      26
      32
      27
      29
      17
      30
      23
      30
      23
      35
      20
      22
      26
      29
      24
      22
      27
      35
      19
      33
      27
      31
      24
      24
      24
      21
      26
      19
      24
      21
      31
      19
      16
      26
      17
      23
      30
      24
      25
      30
      26
      23
      22
      24
      24
      21
      12
      31
      25
      17
      28
      24
      27
      29
      21
      15
      16
      21
      22
      25
      26
      22
      27
      20
      26
      21
      17
      14
      18
      23
      21
      24
      22
      22
      22
      19
      20
      37
      31
      18
      17
      21
      19
      23
      26
      26
      22
      18
      27
      13
      26
      21
      26
      19
      19
      16
      25
      11
      20
      16
      21
      15
      25
      21
      14
      19
      22
      18
      21
      20
      19
      18
      19
      25
      29
      24
      19
      25
      26
      35
      68
      65
      47
      33
      22
      19
      18
      22
      11
      14
      25
      16
      15
      19
      20
      15
      19
      19
      27
      18
      23
      20
      15
      20
      18
      15
      19
      22
      21
      25
       0
       0
       0
       0
       0
       0
       0
       0
       0
       0
       0
       0
       0
       0
       0
       0
       0
       0
       0
       0
       0
       0
       0
       0
       0
       0
       0
       0
       0
       0
       0
       0
$ROI:
0
$PRESETS:
None
0
0
$ENER_FIT:
0.000000 0.731044
$MCA_CAL:
3
0.000000E+000 7.310444E-001 0.000000E+000 keV
$SHAPE_CAL:
3
0.000000E+000 0.000000E+000 0.000000E+000
