$SPEC_ID:
No sample description was entered.
$SPEC_REM:
DET# 4
DETDESC# JLAB-20 MCB 131
AP# Maestro Version 7.01
$DATE_MEA:
10/07/2025 20:00:02
$MEAS_TIM:
579 599
$DATA:
0 2047
       0
       0
       0
       0
       0
       0
       0
       0
       0
       0
       0
       0
       0
       0
       0
       0
       0
       0
       0
       0
       0
       0
       0
       0
       0
       0
       0
       0
       0
       0
       0
       0
       0
       0
       0
       0
       0
       0
       0
       0
       0
       0
       0
       0
       0
       0
       0
       0
       0
       0
       0
       0
       0
       0
       0
       0
       0
       0
       0
       0
       0
       0
       0
       0
       0
       0
       0
       0
       0
      39
    1229
    1410
    1473
    1397
    1385
    1449
    1391
    1334
    1342
    1425
    1380
    1308
    1429
    1393
    1307
    1409
    1394
    1330
    1368
    1390
    1371
    1269
    1347
    1363
    1402
    1315
    1412
    1299
    1437
    1394
    1434
    1557
    1555
    1422
    1415
    1383
    1371
    1343
    1302
    1243
    1284
    1327
    1249
    1394
    1363
    1394
    1462
    1369
    1370
    1306
    1287
    1311
    1315
    1318
    1291
    1304
    1358
    1325
    1324
    1414
    1327
    1383
    1288
    1343
    1373
    1320
    1274
    1287
    1266
    1315
    1392
    1348
    1229
    1332
    1343
    1335
    1299
    1316
    1304
    1268
    1277
    1327
    1319
    1268
    1310
    1284
    1358
    1341
    1300
    1343
    1327
    1327
    1266
    1328
    1307
    1330
    1241
    1257
    1354
    1365
    1365
    1294
    1290
    1295
    1275
    1313
    1328
    1319
    1276
    1319
    1291
    1344
    1261
    1294
    1298
    1328
    1326
    1275
    1313
    1345
    1368
    1286
    1285
    1290
    1324
    1256
    1280
    1320
    1300
    1330
    1217
    1262
    1248
    1291
    1230
    1307
    1356
    1300
    1224
    1272
    1270
    1308
    1295
    1199
    1253
    1310
    1238
    1216
    1275
    1206
    1298
    1251
    1279
    1230
    1234
    1279
    1179
    1230
    1271
    1251
    1242
    1246
    1249
    1185
    1246
    1233
    1252
    1152
    1249
    1165
    1212
    1174
    1227
    1180
    1197
    1202
    1189
    1243
    1214
    1277
    1180
    1208
    1259
    1195
    1202
    1120
    1197
    1132
    1186
    1169
    1238
    1184
    1199
    1220
    1187
    1224
    1134
    1164
    1183
    1153
    1151
    1146
    1112
    1186
    1195
    1158
    1146
    1235
    1218
    1235
    1238
    1208
    1259
    1252
    1231
    1324
    1331
    1374
    1425
    1422
    1450
    1461
    1504
    1560
    1501
    1526
    1498
    1518
    1546
    1471
    1449
    1436
    1426
    1505
    1381
    1426
    1413
    1487
    1410
    1379
    1413
    1454
    1362
    1348
    1336
    1340
    1342
    1294
    1334
    1344
    1323
    1328
    1381
    1339
    1295
    1373
    1260
    1327
    1268
    1303
    1258
    1318
    1284
    1281
    1258
    1274
    1232
    1249
    1217
    1217
    1205
    1188
    1196
    1189
    1213
    1209
    1201
    1313
    1191
    1156
    1202
    1192
    1199
    1182
    1135
    1141
    1165
    1157
    1170
    1134
    1135
    1103
    1149
    1172
    1115
    1138
    1120
    1099
    1147
    1158
    1169
    1127
    1160
    1117
    1148
    1110
    1107
    1098
    1153
    1105
    1071
    1071
    1071
    1017
    1066
    1041
    1091
    1086
    1038
    1064
    1121
    1022
    1096
    1004
    1021
    1014
    1050
    1009
    1075
     997
     980
    1017
    1086
    1075
    1017
     993
     960
     996
    1029
    1022
     971
     977
    1004
    1041
     988
    1054
     956
     979
    1002
    1059
     977
    1051
    1287
    1231
     966
    1037
     988
     949
     969
     988
     965
     924
     902
     915
     887
     961
     953
     894
     901
     955
     918
     942
     946
     985
     918
     934
     938
     914
     917
     940
     928
     961
     907
     874
     903
     901
     842
     938
     857
     919
     896
     858
     915
     887
     920
     822
     859
     907
     950
     886
     902
     887
     919
     900
     841
     898
     867
     890
     870
     900
     898
     902
     879
     891
     917
     921
     907
     862
     865
     881
     805
     878
     872
     827
     872
     862
     877
     838
     818
     813
     847
     838
     909
     856
     833
     841
     850
     813
     866
     776
     809
     802
     822
     843
     819
     791
     869
     855
     839
     797
     797
     810
     751
     896
     797
     864
     860
     851
     831
     818
     848
     851
     837
     817
     816
     832
     868
     807
     780
     808
     786
     800
     842
     783
     840
     787
     763
     798
     800
     819
     793
     787
     812
     825
     831
     799
     811
     827
     741
     810
     803
     785
     752
     814
     825
     788
     816
     771
     782
     800
     794
     793
     790
     804
     802
     731
     794
     753
     800
     784
     800
     791
     779
     784
     740
     797
     784
     754
     756
     786
     778
     781
     848
     797
     787
     814
     782
     772
     794
     771
     817
     799
     768
     699
     778
     740
     757
     785
     738
     750
     723
     766
     743
     768
     773
     748
     764
     755
     739
     800
     804
     750
     740
     698
     777
     736
     797
     743
     776
     707
     779
     696
     796
     726
     774
     760
     762
     767
     765
     800
     769
     738
     674
     775
     735
     763
     701
     771
     751
     753
     759
     712
     780
     707
     762
     725
     785
     751
     757
     815
     690
     761
     720
     814
     726
     729
     737
     709
     714
     747
     749
     786
     718
     758
     712
     715
     711
     743
     772
     758
     694
     701
     812
     730
     710
     769
     794
     729
     792
     731
     771
     725
     790
     800
     795
     729
     816
     772
     748
     706
     700
     668
     733
     739
     720
     713
     722
     705
     745
     756
     790
     735
     742
     706
     713
     749
     714
     703
     713
     725
     749
     728
     786
     736
     740
     736
     799
     741
     737
     742
     730
     734
     741
     785
     761
     737
     715
     773
     721
     755
     767
     740
     734
     740
     714
     721
     729
     740
     745
     735
     724
     741
     729
     733
     681
     683
     732
     681
     711
     720
     742
     739
     740
     708
     748
     655
     715
     691
     737
     711
     701
     710
     721
     747
     739
     746
     720
     730
     740
     733
     739
     734
     703
     730
     750
     738
     748
     720
     682
     755
     769
     718
     703
     761
     790
     731
     687
     735
     682
     719
     758
     733
     756
     718
     730
     721
     712
     736
     707
     738
     704
     721
     729
     721
     741
     773
     705
     720
     728
     784
     725
     787
     736
     700
     765
     668
     710
     768
     687
     750
     758
     686
     698
     721
     751
     740
     743
     746
     725
     742
     747
     720
     693
     795
     649
     734
     706
     712
     769
     701
     726
     774
     738
     729
     727
     698
     744
     731
     748
     777
     802
     704
     734
     749
     723
     706
     804
     738
     705
     700
     748
     754
     720
     741
     744
     754
     734
     742
     712
     749
     695
     746
     745
     739
     693
     709
     755
     724
     766
     744
     765
     719
     735
     742
     733
     685
     777
     724
     743
     739
     772
     755
     764
     771
     740
     754
     737
     768
     712
     756
     738
     728
     771
     701
     716
     736
     710
     762
     744
     748
     713
     740
     755
     730
     709
     742
     763
     777
     734
     743
     764
     718
     722
     766
     760
     699
     730
     725
     768
     718
     698
     724
     741
     705
     744
     702
     740
     744
     721
     758
     719
     769
     755
     739
     742
     760
     710
     755
     681
     764
     761
     760
     739
     732
     719
     740
     801
     730
     738
     798
     763
     742
     752
     715
     745
     786
     781
     720
     713
     754
     778
     746
     689
     765
     834
     814
     742
     763
     739
     742
     757
     763
     733
     788
     770
     788
     753
     754
     775
     777
     768
     756
     740
     763
     750
     732
     787
     783
     723
     796
     758
     786
     802
     719
     777
     815
     789
     749
     737
     773
     820
     765
     765
     761
     788
     812
     762
     762
     746
     798
     834
     828
     786
     770
     789
     752
     792
     757
     760
     798
     793
     769
     763
     765
     733
     774
     750
     787
     819
     807
     783
     812
     795
     774
     806
     780
     797
     796
     817
     790
     824
     724
     787
     814
     724
     784
     806
     773
     749
     846
     846
     759
     800
     835
     841
     780
     819
     786
     831
     766
     851
     760
     803
     812
     818
     852
     770
     804
     861
     814
     784
     869
     774
     874
     822
     825
     840
     837
     839
     845
     806
     836
     803
     803
     799
     855
     793
     763
     861
     835
     836
     867
     852
     841
     861
     862
     881
     873
     895
     935
     896
     842
     868
     852
     835
     855
     830
     868
     887
     834
     873
     874
     835
     874
     879
     891
     848
     879
     930
     891
     897
     866
     888
     876
     862
     909
     874
     927
     914
     868
     860
     924
     913
     917
     870
     954
     957
     934
     921
     918
     921
     901
     929
     940
     880
     917
     888
     919
     858
     917
     882
     890
     939
     949
     953
     947
     943
     952
     919
     963
     964
     962
     929
     974
     957
     960
     942
     936
     986
     976
     982
     960
     995
     911
    1044
    1002
     988
     985
    1011
    1002
    1058
     997
    1032
    1014
    1008
    1012
     977
    1027
     994
     976
     980
    1026
    1005
    1027
    1042
    1053
    1056
    1111
     979
    1104
    1043
    1112
    1056
    1033
    1055
    1112
    1037
    1069
    1105
    1090
    1064
    1076
    1100
    1117
    1106
    1152
    1117
    1048
    1073
    1110
    1178
    1141
    1152
    1064
    1185
    1127
    1223
    1189
    1158
    1162
    1195
    1121
    1195
    1168
    1227
    1182
    1243
    1246
    1184
    1249
    1238
    1252
    1225
    1268
    1244
    1256
    1272
    1256
    1287
    1320
    1345
    1320
    1284
    1267
    1319
    1281
    1279
    1298
    1303
    1309
    1354
    1388
    1279
    1378
    1342
    1336
    1313
    1351
    1364
    1367
    1360
    1316
    1380
    1364
    1368
    1295
    1371
    1393
    1429
    1416
    1344
    1347
    1362
    1417
    1300
    1352
    1325
    1347
    1271
    1231
    1247
    1168
    1136
    1082
    1092
     998
    1002
    1011
     966
     966
     976
     946
     970
     942
     937
    1008
     903
     934
     876
     905
     938
     893
     887
     864
     958
     930
     922
     912
     924
     851
     860
     863
     898
     939
     870
     863
     932
     826
     823
     874
     897
     870
     859
     889
     849
     772
     867
     879
     830
     858
     842
     827
     874
     864
     847
     849
     832
     819
     835
     887
     863
     859
     853
     786
     810
     781
     851
     900
     812
     835
     898
     849
     798
     815
     811
     855
     775
     796
     825
     790
     819
     833
     778
     807
     823
     817
     826
     812
     791
     892
     780
     811
     837
     786
     799
     766
     746
     731
     785
     797
     779
     813
     729
     790
     795
     754
     838
     788
     775
     778
     787
     807
     751
     769
     811
     780
     777
     779
     787
     784
     786
     749
     729
     797
     768
     777
     787
     761
     747
     777
     788
     771
     751
     786
     725
     767
     737
     766
     774
     775
     772
     776
     835
     792
     803
     774
     801
     800
     796
     784
     796
     763
     812
     857
     862
     823
     817
     781
     816
     837
     763
     821
     831
     824
     831
     829
     835
     817
     822
     858
     840
     804
     887
     883
     854
     874
     901
     893
     825
     889
     866
     827
     889
     841
     907
     908
     907
     879
     897
     898
     895
     914
     891
     947
     916
     858
     887
     890
     932
     884
     884
     839
     900
     906
     837
     839
     812
     790
     795
     772
     745
     731
     648
     647
     609
     572
     591
     562
     536
     550
     552
     507
     492
     465
     519
     497
     516
     487
     499
     489
     458
     473
     470
     402
     435
     449
     478
     446
     442
     422
     445
     470
     406
     429
     430
     418
     470
     442
     412
     445
     393
     398
     425
     381
     404
     404
     405
     391
     376
     374
     385
     405
     378
     415
     392
     383
     384
     401
     404
     394
     410
     457
     414
     442
     523
     614
     638
     750
     751
     894
     927
    1087
    1571
    3012
    9490
   23764
   28414
   15455
    4121
     876
     367
     271
     285
     299
     263
     289
     271
     275
     303
     276
     264
     277
     256
     252
     238
     256
     235
     260
     268
     244
     248
     264
     233
     250
     247
     208
     234
     191
     203
     207
     226
     230
     202
     204
     200
     201
     210
     194
     175
     214
     200
     204
     170
     183
     169
     144
     190
     181
     150
     136
     147
     156
     156
     154
     141
     147
     132
     135
     133
     133
     142
     104
     130
     131
     127
     121
     141
     108
     117
     122
     107
     129
     105
     105
      92
     101
     129
      85
      90
     115
     100
      88
      95
      87
     105
      77
      85
      90
      72
      98
      86
      85
      70
      62
      79
      78
      82
      72
      71
      59
      61
      71
      75
      74
      57
      55
      78
      79
      81
      70
      60
      71
      81
      61
      70
      70
      74
      76
      54
      74
      77
      66
      71
      76
      58
      63
      84
      77
      82
      73
      57
      61
      52
      55
      69
      53
      49
      63
      72
      57
      46
      52
      62
      65
      64
      74
      51
      45
      58
      55
      62
      50
      65
      50
      61
      68
      68
      67
      48
      59
      47
      61
      55
      50
      63
      44
      51
      70
      50
      57
      53
      49
      57
      51
      68
      51
      54
      54
      42
      37
      58
      51
      51
      55
      55
      57
      50
      65
      54
      61
      57
      72
      69
      44
      71
      68
      73
     106
     111
     140
     187
     218
     342
     331
     425
     497
     575
     638
     918
    1602
    4631
   13518
   23493
   19431
    8218
    1916
     293
      76
      34
      31
      32
      25
      26
      29
      36
      27
      26
      33
      27
      26
      18
      44
      28
      26
      23
      36
      23
      25
      25
      23
      28
      18
      27
      29
      20
      32
      27
      29
      19
      30
      21
      30
      23
      28
      27
      27
      35
      27
      28
      17
      21
      26
      30
      25
      21
      18
      22
      25
      19
      27
      21
      21
      21
      38
      20
      29
      23
      15
      20
      24
      23
      17
      26
      28
      23
      23
      17
      22
      17
      24
      24
      33
      35
      26
      23
      15
      28
      19
      19
      23
      21
      18
      21
      27
      20
      25
      18
      16
      28
      24
      29
      20
      24
      26
      20
      17
      29
      11
      14
      22
      19
      18
      26
      26
      24
      18
      21
      32
      12
      21
      24
      26
      15
      15
      24
      18
      19
      31
      18
      21
      24
      20
      14
      33
      19
      16
      22
      21
      16
      18
      23
      20
      24
      22
      18
      18
      13
      19
      25
      20
      12
      27
      19
      20
      25
      24
      21
      17
      18
      22
      28
      16
      17
      20
      17
      18
      15
      17
      20
      26
      17
      22
      27
      18
      26
      49
      72
      77
      42
      32
      29
      15
      24
      20
      21
      22
      15
      14
      23
      16
      24
      22
      24
      17
      20
      20
      17
      21
      24
      27
      24
      21
      24
      18
      19
      20
       0
       0
       0
       0
       0
       0
       0
       0
       0
       0
       0
       0
       0
       0
       0
       0
       0
       0
       0
       0
       0
       0
       0
       0
       0
       0
       0
       0
       0
       0
       0
       0
$ROI:
0
$PRESETS:
None
0
0
$ENER_FIT:
0.000000 0.731044
$MCA_CAL:
3
0.000000E+000 7.310444E-001 0.000000E+000 keV
$SHAPE_CAL:
3
0.000000E+000 0.000000E+000 0.000000E+000
