$SPEC_ID:
No sample description was entered.
$SPEC_REM:
DET# 4
DETDESC# JLAB-20 MCB 131
AP# Maestro Version 7.01
$DATE_MEA:
10/07/2025 23:40:02
$MEAS_TIM:
579 599
$DATA:
0 2047
       0
       0
       0
       0
       0
       0
       0
       0
       0
       0
       0
       0
       0
       0
       0
       0
       0
       0
       0
       0
       0
       0
       0
       0
       0
       0
       0
       0
       0
       0
       0
       0
       0
       0
       0
       0
       0
       0
       0
       0
       0
       0
       0
       0
       0
       0
       0
       0
       0
       0
       0
       0
       0
       0
       0
       0
       0
       0
       0
       0
       0
       0
       0
       0
       0
       0
       0
       0
       0
      37
    1288
    1458
    1500
    1388
    1397
    1406
    1340
    1378
    1329
    1362
    1353
    1266
    1371
    1391
    1415
    1349
    1428
    1311
    1318
    1276
    1353
    1335
    1400
    1401
    1332
    1333
    1392
    1377
    1389
    1434
    1341
    1552
    1548
    1363
    1356
    1379
    1355
    1334
    1261
    1327
    1343
    1311
    1341
    1238
    1317
    1363
    1380
    1332
    1362
    1354
    1379
    1290
    1383
    1301
    1329
    1340
    1322
    1328
    1317
    1305
    1349
    1316
    1356
    1311
    1356
    1325
    1286
    1306
    1312
    1312
    1273
    1379
    1262
    1272
    1401
    1316
    1294
    1349
    1273
    1346
    1269
    1321
    1295
    1299
    1275
    1282
    1288
    1324
    1282
    1288
    1322
    1352
    1298
    1378
    1284
    1271
    1367
    1370
    1320
    1326
    1294
    1297
    1288
    1273
    1322
    1309
    1306
    1344
    1290
    1268
    1313
    1345
    1365
    1289
    1278
    1324
    1252
    1286
    1317
    1356
    1336
    1324
    1256
    1320
    1373
    1337
    1317
    1236
    1303
    1319
    1262
    1277
    1266
    1296
    1277
    1384
    1341
    1342
    1245
    1261
    1299
    1285
    1262
    1295
    1222
    1281
    1336
    1277
    1253
    1204
    1208
    1255
    1268
    1188
    1234
    1224
    1276
    1219
    1229
    1173
    1243
    1218
    1228
    1256
    1233
    1237
    1216
    1185
    1225
    1236
    1273
    1207
    1213
    1170
    1213
    1169
    1220
    1148
    1151
    1255
    1189
    1182
    1237
    1265
    1229
    1130
    1181
    1162
    1230
    1269
    1147
    1125
    1230
    1199
    1208
    1159
    1181
    1230
    1167
    1182
    1195
    1244
    1189
    1109
    1182
    1143
    1209
    1165
    1201
    1203
    1106
    1178
    1211
    1327
    1254
    1349
    1408
    1350
    1452
    1459
    1420
    1527
    1448
    1484
    1582
    1538
    1539
    1516
    1506
    1473
    1483
    1503
    1488
    1510
    1439
    1401
    1440
    1418
    1406
    1436
    1409
    1386
    1342
    1344
    1352
    1374
    1367
    1329
    1343
    1369
    1340
    1314
    1369
    1324
    1357
    1291
    1310
    1337
    1245
    1254
    1311
    1239
    1254
    1279
    1258
    1259
    1297
    1248
    1257
    1250
    1247
    1230
    1239
    1230
    1280
    1271
    1213
    1221
    1220
    1183
    1219
    1121
    1181
    1194
    1189
    1138
    1133
    1119
    1207
    1144
    1163
    1193
    1158
    1138
    1159
    1079
    1176
    1153
    1206
    1135
    1127
    1099
    1108
    1174
    1079
    1117
    1120
    1133
    1101
    1128
    1061
    1086
    1047
    1047
    1097
    1056
    1072
    1025
    1119
    1042
    1038
    1051
    1026
    1038
    1120
    1004
    1076
    1039
    1098
    1047
    1084
    1003
    1011
    1041
    1047
    1038
    1013
    1001
     961
    1018
    1023
    1006
     966
    1039
     978
     951
     990
     958
    1008
     999
    1043
    1005
    1229
    1198
    1044
    1011
     965
     930
     934
     908
     975
     933
     995
     954
     894
     911
     969
     943
     949
     928
     916
     936
     940
     930
     954
     862
     921
     913
     974
     932
     931
     898
     943
     925
     904
     886
     942
     891
     844
     924
     877
     887
     919
     866
     962
     899
     890
     876
     902
     913
     892
     913
     822
     931
     878
     899
     874
     826
     898
     912
     901
     894
     819
     865
     857
     875
     810
     871
     906
     908
     828
     811
     911
     835
     852
     891
     815
     833
     835
     854
     881
     806
     884
     855
     828
     911
     865
     824
     870
     831
     837
     820
     816
     894
     776
     831
     799
     815
     816
     831
     783
     800
     848
     759
     803
     845
     842
     819
     844
     767
     829
     851
     815
     842
     856
     842
     885
     779
     765
     787
     795
     816
     791
     810
     822
     746
     817
     754
     819
     812
     840
     810
     831
     778
     844
     792
     761
     747
     811
     822
     830
     784
     806
     757
     708
     789
     812
     794
     779
     744
     783
     760
     734
     805
     722
     765
     755
     775
     768
     749
     786
     750
     760
     783
     781
     749
     770
     807
     762
     799
     772
     759
     757
     764
     778
     769
     782
     745
     715
     753
     753
     768
     778
     796
     774
     801
     788
     755
     743
     739
     768
     776
     779
     772
     758
     741
     736
     764
     760
     758
     746
     763
     725
     743
     774
     764
     750
     786
     748
     760
     752
     743
     735
     740
     744
     746
     741
     778
     770
     793
     737
     720
     697
     752
     730
     775
     714
     764
     771
     804
     785
     762
     751
     774
     759
     713
     773
     734
     726
     744
     747
     737
     759
     779
     743
     719
     765
     701
     683
     749
     762
     747
     734
     728
     729
     735
     733
     730
     750
     742
     760
     715
     757
     739
     727
     738
     737
     724
     758
     752
     700
     725
     769
     750
     828
     848
     794
     787
     730
     758
     731
     779
     710
     747
     709
     756
     710
     767
     726
     751
     703
     686
     720
     720
     699
     705
     700
     760
     731
     736
     717
     730
     734
     765
     771
     744
     745
     710
     721
     686
     742
     707
     757
     735
     809
     687
     698
     732
     750
     696
     721
     705
     750
     734
     721
     708
     734
     748
     663
     731
     699
     739
     746
     763
     771
     735
     748
     678
     725
     684
     669
     766
     728
     749
     707
     692
     759
     702
     717
     761
     763
     683
     695
     804
     729
     757
     740
     731
     718
     733
     740
     722
     768
     773
     725
     746
     718
     697
     735
     688
     728
     708
     752
     744
     731
     717
     721
     721
     708
     727
     728
     722
     714
     742
     721
     729
     709
     720
     727
     695
     760
     732
     694
     783
     761
     736
     688
     709
     759
     750
     716
     758
     714
     737
     715
     710
     740
     691
     706
     804
     751
     775
     737
     785
     748
     734
     721
     702
     717
     756
     773
     693
     725
     756
     696
     745
     685
     724
     768
     725
     714
     731
     721
     738
     703
     737
     738
     737
     743
     691
     741
     755
     732
     744
     719
     704
     713
     734
     766
     741
     736
     733
     723
     740
     700
     691
     725
     704
     739
     748
     690
     725
     698
     705
     707
     700
     740
     738
     677
     726
     777
     694
     716
     743
     727
     737
     731
     711
     764
     784
     739
     721
     815
     784
     744
     792
     747
     760
     689
     769
     762
     727
     732
     717
     699
     728
     742
     716
     745
     727
     711
     728
     729
     745
     779
     768
     765
     721
     731
     782
     779
     725
     732
     704
     684
     759
     736
     757
     743
     701
     739
     732
     744
     722
     770
     732
     760
     781
     738
     734
     776
     772
     720
     688
     718
     702
     804
     776
     790
     736
     750
     743
     761
     775
     736
     728
     746
     739
     802
     804
     766
     703
     736
     771
     804
     718
     750
     751
     727
     777
     799
     782
     781
     784
     757
     751
     737
     751
     807
     760
     827
     690
     768
     736
     772
     801
     758
     717
     776
     794
     799
     770
     776
     749
     732
     717
     768
     757
     797
     779
     786
     785
     770
     795
     775
     716
     764
     774
     796
     760
     754
     770
     775
     783
     768
     789
     808
     793
     779
     798
     805
     781
     835
     801
     825
     769
     803
     764
     812
     815
     760
     787
     786
     744
     787
     774
     775
     806
     871
     761
     778
     765
     768
     830
     720
     801
     811
     811
     749
     796
     789
     810
     800
     791
     783
     801
     795
     812
     871
     770
     835
     802
     772
     794
     762
     801
     798
     827
     841
     734
     826
     810
     781
     877
     799
     778
     807
     860
     835
     796
     819
     876
     860
     854
     864
     839
     862
     816
     834
     833
     833
     893
     792
     873
     812
     829
     850
     873
     780
     800
     870
     877
     851
     858
     863
     907
     915
     953
     949
     890
     826
     846
     841
     821
     859
     833
     926
     871
     855
     827
     935
     852
     841
     865
     855
     827
     890
     918
     869
     891
     868
     862
     936
     860
     959
     869
     934
     870
     892
     916
     900
     901
     862
     870
     926
     844
     879
     929
     892
     878
     875
     959
     902
     964
     928
     890
     912
     942
     937
     904
     922
     925
     937
     920
     955
     945
     914
     950
     913
     905
     954
     942
     938
    1019
     993
     949
     956
     972
     939
     969
     911
     987
     933
     921
     973
     946
     986
     973
     953
    1016
    1011
     924
     983
     959
    1067
    1018
     980
    1044
     999
    1033
    1017
    1073
    1062
     989
    1050
    1039
     995
    1014
    1084
    1028
    1057
     991
    1021
    1082
    1077
    1045
    1099
    1102
     999
    1105
    1081
    1110
    1081
    1080
    1148
    1077
    1141
    1132
    1155
    1089
    1103
    1125
    1158
    1108
    1095
    1219
    1125
    1164
    1110
    1149
    1154
    1181
    1193
    1225
    1209
    1245
    1198
    1269
    1241
    1233
    1222
    1199
    1289
    1209
    1248
    1286
    1340
    1247
    1274
    1246
    1275
    1242
    1276
    1270
    1308
    1372
    1308
    1276
    1322
    1303
    1342
    1348
    1309
    1377
    1338
    1368
    1394
    1385
    1390
    1334
    1352
    1393
    1441
    1398
    1406
    1382
    1412
    1373
    1352
    1367
    1390
    1397
    1389
    1363
    1347
    1349
    1397
    1289
    1231
    1168
    1218
    1149
    1214
    1075
    1044
     985
    1014
    1010
    1044
     918
     952
     953
     931
     918
     969
     900
    1033
     908
     877
     951
     918
     896
     859
     918
     876
     875
     865
     854
     864
     862
     905
     838
     874
     830
     841
     873
     882
     836
     853
     864
     832
     910
     910
     852
     914
     909
     871
     883
     874
     873
     811
     885
     843
     866
     833
     809
     875
     816
     816
     783
     837
     850
     834
     855
     847
     771
     891
     809
     823
     831
     820
     828
     818
     803
     818
     803
     802
     816
     824
     815
     818
     801
     820
     844
     781
     860
     798
     821
     838
     767
     792
     813
     774
     793
     800
     803
     782
     804
     854
     808
     789
     794
     788
     787
     745
     796
     751
     841
     769
     806
     748
     813
     803
     781
     782
     765
     735
     766
     794
     795
     743
     775
     765
     829
     770
     816
     780
     784
     764
     737
     761
     749
     768
     749
     782
     791
     775
     779
     753
     787
     760
     754
     788
     801
     787
     765
     762
     753
     790
     764
     801
     800
     809
     810
     797
     807
     826
     827
     794
     807
     795
     809
     853
     834
     839
     803
     840
     882
     847
     903
     877
     813
     862
     856
     821
     877
     867
     903
     868
     854
     855
     891
     904
     932
     863
     850
     925
     894
     838
     914
     896
     914
     911
     955
     897
     885
     899
     941
     911
     886
     930
     919
     875
     924
     919
     841
     811
     759
     836
     850
     742
     693
     730
     644
     615
     573
     595
     520
     518
     511
     557
     533
     510
     473
     492
     502
     490
     471
     516
     474
     471
     502
     491
     459
     479
     451
     448
     448
     457
     446
     430
     480
     421
     441
     420
     393
     414
     436
     412
     395
     418
     382
     400
     401
     424
     380
     409
     423
     424
     392
     404
     364
     408
     384
     444
     375
     383
     376
     372
     382
     389
     426
     419
     512
     509
     578
     687
     778
     833
     887
     965
    1116
    1446
    2803
    8423
   22160
   28751
   16801
    4982
    1016
     421
     319
     318
     315
     272
     300
     288
     287
     287
     286
     269
     291
     276
     245
     286
     278
     271
     233
     226
     233
     206
     267
     255
     247
     218
     193
     224
     212
     216
     222
     229
     217
     213
     215
     208
     193
     210
     171
     196
     161
     188
     174
     168
     155
     156
     192
     183
     148
     166
     158
     149
     155
     139
     157
     145
     116
     133
     147
     131
     129
     129
     122
     147
     127
     114
     118
     112
     123
     124
     124
     120
     109
      88
     102
      94
     101
      80
      91
     110
      89
      87
      87
     111
     102
      88
      93
     105
      94
      74
      86
      71
      93
      67
      93
      76
      82
      87
      87
      68
      74
      52
      69
      80
      70
      87
      69
      74
      82
      70
      71
      68
      67
      77
      62
      56
      62
      54
      67
      72
      53
      73
      71
      76
      63
      57
      75
      57
      43
      56
      74
      55
      55
      57
      61
      63
      67
      74
      61
      58
      76
      55
      66
      55
      67
      64
      72
      56
      69
      61
      48
      67
      59
      55
      67
      48
      49
      60
      62
      50
      62
      56
      68
      52
      54
      51
      70
      55
      55
      59
      75
      57
      52
      51
      53
      59
      61
      37
      64
      47
      58
      60
      37
      64
      48
      44
      65
      49
      57
      65
      55
      56
      58
      67
      65
      64
      77
      82
      91
     100
     136
     160
     253
     275
     343
     412
     459
     556
     691
     887
    1484
    4002
   12098
   22697
   21011
    9574
    2300
     378
      68
      37
      38
      24
      34
      23
      23
      21
      27
      32
      19
      22
      25
      28
      36
      26
      29
      29
      20
      36
      34
      20
      22
      13
      27
      20
      19
      22
      31
      19
      22
      23
      30
      16
      25
      26
       9
      24
      30
      29
      34
      27
      19
      27
      23
      20
      23
      29
      25
      15
      25
      29
      18
      25
      29
      24
      24
      22
      26
      23
      21
      27
      22
      22
      27
      25
      17
      24
      23
      28
      29
      25
      16
      33
      22
      33
      21
      21
      24
      17
      22
      26
      26
      32
      16
      24
      24
      21
      27
      21
      23
      23
      19
      24
      20
      20
      22
      22
      29
      25
      35
      21
      19
      15
      19
      21
      18
      20
      28
      14
      27
      19
      23
      19
      34
      36
      18
      20
      27
      24
      15
      17
      22
      24
      26
      23
      26
      22
      13
      17
      30
      14
      18
      21
      22
      22
      24
      15
      17
      17
      20
      20
      25
      16
      13
      17
      16
      19
      14
      14
      22
      16
      11
      26
      16
      15
      22
      25
      25
      15
      23
      30
      17
      24
      23
      22
      16
      29
      42
      58
      67
      46
      28
      22
      20
      22
      26
      16
      22
      12
      26
      14
      20
      18
      21
      32
      14
      19
      23
      21
      13
      23
      21
      17
      25
      14
      12
      19
      21
       0
       0
       0
       0
       0
       0
       0
       0
       0
       0
       0
       0
       0
       0
       0
       0
       0
       0
       0
       0
       0
       0
       0
       0
       0
       0
       0
       0
       0
       0
       0
       0
$ROI:
0
$PRESETS:
None
0
0
$ENER_FIT:
0.000000 0.731044
$MCA_CAL:
3
0.000000E+000 7.310444E-001 0.000000E+000 keV
$SHAPE_CAL:
3
0.000000E+000 0.000000E+000 0.000000E+000
