$SPEC_ID:
No sample description was entered.
$SPEC_REM:
DET# 4
DETDESC# JLAB-20 MCB 131
AP# Maestro Version 7.01
$DATE_MEA:
10/07/2025 11:00:02
$MEAS_TIM:
579 599
$DATA:
0 2047
       0
       0
       0
       0
       0
       0
       0
       0
       0
       0
       0
       0
       0
       0
       0
       0
       0
       0
       0
       0
       0
       0
       0
       0
       0
       0
       0
       0
       0
       0
       0
       0
       0
       0
       0
       0
       0
       0
       0
       0
       0
       0
       0
       0
       0
       0
       0
       0
       0
       0
       0
       0
       0
       0
       0
       0
       0
       0
       0
       0
       0
       0
       0
       0
       0
       0
       0
       0
       0
      36
    1314
    1410
    1347
    1445
    1353
    1395
    1424
    1392
    1372
    1390
    1338
    1337
    1378
    1348
    1328
    1364
    1344
    1362
    1342
    1379
    1263
    1380
    1384
    1374
    1356
    1416
    1402
    1350
    1390
    1461
    1401
    1539
    1582
    1373
    1400
    1408
    1363
    1365
    1327
    1371
    1317
    1328
    1321
    1364
    1371
    1382
    1369
    1321
    1338
    1373
    1333
    1324
    1327
    1316
    1338
    1341
    1343
    1267
    1312
    1237
    1310
    1350
    1337
    1308
    1307
    1328
    1321
    1253
    1293
    1343
    1303
    1309
    1309
    1297
    1368
    1269
    1362
    1280
    1362
    1284
    1294
    1299
    1341
    1307
    1305
    1377
    1310
    1267
    1268
    1300
    1286
    1299
    1301
    1283
    1280
    1282
    1251
    1305
    1298
    1400
    1261
    1373
    1304
    1298
    1364
    1292
    1249
    1339
    1292
    1289
    1361
    1341
    1328
    1354
    1269
    1280
    1258
    1352
    1270
    1250
    1306
    1343
    1317
    1263
    1310
    1251
    1308
    1339
    1278
    1283
    1340
    1292
    1327
    1231
    1286
    1274
    1354
    1308
    1316
    1271
    1274
    1284
    1329
    1273
    1243
    1284
    1259
    1195
    1179
    1258
    1283
    1310
    1326
    1256
    1240
    1239
    1303
    1212
    1264
    1255
    1209
    1303
    1233
    1229
    1198
    1212
    1188
    1220
    1258
    1231
    1272
    1200
    1267
    1214
    1189
    1220
    1223
    1211
    1167
    1156
    1169
    1236
    1198
    1246
    1171
    1173
    1256
    1193
    1165
    1181
    1136
    1224
    1195
    1233
    1180
    1266
    1136
    1196
    1182
    1221
    1192
    1175
    1150
    1261
    1154
    1223
    1161
    1194
    1285
    1234
    1232
    1197
    1218
    1200
    1272
    1309
    1288
    1376
    1446
    1372
    1417
    1461
    1434
    1476
    1433
    1574
    1538
    1482
    1445
    1494
    1510
    1491
    1482
    1541
    1422
    1396
    1440
    1394
    1448
    1434
    1386
    1329
    1382
    1341
    1382
    1336
    1340
    1343
    1390
    1381
    1325
    1306
    1310
    1339
    1286
    1411
    1284
    1332
    1241
    1307
    1291
    1293
    1272
    1294
    1268
    1272
    1226
    1136
    1357
    1292
    1191
    1198
    1241
    1186
    1265
    1241
    1228
    1206
    1271
    1235
    1185
    1232
    1251
    1177
    1176
    1158
    1211
    1194
    1164
    1134
    1175
    1116
    1162
    1189
    1135
    1109
    1130
    1168
    1073
    1089
    1103
    1174
    1083
    1104
    1086
    1155
    1118
    1126
    1129
    1144
    1123
    1091
    1122
    1143
    1090
    1027
    1056
    1055
    1098
    1075
    1067
    1065
    1030
    1090
    1041
    1011
    1044
    1022
    1042
    1011
    1010
    1013
    1043
    1007
    1043
    1105
    1009
     946
     994
     969
     994
     987
     971
    1043
    1060
     956
    1020
     983
     950
     946
     985
    1017
    1235
    1181
    1044
    1021
     966
     927
     954
     952
     990
     890
     996
     969
     975
     950
     920
     948
     922
     894
     962
     915
     985
     914
     933
     915
     907
     928
     915
     969
     879
     897
     967
     948
     882
     945
     935
     914
     827
     887
     972
     931
     918
     894
     867
     910
     876
     905
     903
     859
     869
     884
     944
     896
     855
     833
     876
     826
     921
     875
     876
     884
     875
     879
     834
     871
     934
     871
     849
     854
     872
     890
     908
     862
     817
     824
     845
     887
     805
     875
     841
     868
     819
     849
     832
     838
     873
     806
     823
     817
     815
     803
     799
     887
     889
     804
     812
     888
     848
     819
     814
     858
     824
     810
     843
     798
     754
     816
     828
     786
     817
     798
     835
     866
     791
     772
     838
     801
     782
     826
     794
     816
     766
     809
     836
     811
     805
     844
     791
     784
     753
     785
     777
     783
     775
     785
     764
     791
     728
     816
     776
     800
     780
     800
     785
     797
     766
     803
     754
     828
     804
     729
     762
     788
     751
     780
     786
     797
     765
     790
     800
     741
     785
     790
     762
     798
     795
     818
     806
     787
     779
     822
     743
     759
     804
     778
     793
     799
     782
     770
     718
     770
     820
     777
     768
     770
     762
     767
     752
     745
     785
     764
     765
     805
     789
     798
     733
     762
     784
     783
     726
     731
     766
     758
     736
     710
     749
     709
     781
     774
     760
     795
     761
     743
     752
     747
     777
     706
     771
     753
     784
     723
     723
     778
     734
     683
     688
     743
     745
     755
     755
     715
     774
     761
     739
     681
     749
     735
     678
     730
     777
     782
     716
     744
     728
     791
     773
     759
     742
     731
     754
     731
     795
     756
     730
     706
     713
     701
     759
     720
     769
     708
     724
     701
     737
     743
     720
     744
     710
     724
     715
     782
     681
     725
     782
     789
     808
     759
     801
     736
     710
     688
     742
     694
     761
     709
     733
     726
     706
     730
     763
     682
     724
     709
     673
     755
     708
     749
     780
     709
     737
     801
     746
     787
     732
     763
     749
     718
     715
     707
     791
     742
     718
     719
     718
     709
     746
     759
     736
     742
     745
     679
     667
     743
     747
     678
     716
     723
     750
     724
     738
     717
     672
     733
     739
     742
     706
     707
     719
     735
     720
     724
     719
     774
     689
     725
     724
     751
     680
     705
     684
     700
     707
     744
     701
     801
     733
     716
     731
     713
     712
     702
     787
     696
     738
     682
     727
     735
     667
     738
     736
     757
     748
     697
     760
     782
     680
     732
     749
     750
     688
     720
     724
     689
     730
     716
     687
     749
     731
     709
     751
     679
     713
     697
     715
     734
     737
     660
     771
     697
     796
     729
     733
     788
     757
     697
     719
     722
     744
     802
     731
     725
     718
     708
     787
     710
     768
     719
     759
     751
     754
     739
     772
     737
     734
     690
     741
     745
     718
     751
     736
     734
     803
     743
     726
     693
     778
     764
     748
     756
     704
     728
     740
     781
     726
     729
     687
     734
     699
     722
     749
     738
     709
     749
     742
     702
     726
     737
     749
     765
     759
     665
     764
     779
     758
     746
     725
     785
     754
     719
     707
     773
     743
     718
     724
     793
     732
     732
     726
     756
     707
     743
     751
     703
     775
     737
     755
     692
     709
     772
     773
     764
     803
     709
     694
     734
     741
     717
     763
     715
     764
     759
     703
     714
     756
     751
     759
     690
     775
     718
     724
     776
     822
     714
     738
     743
     783
     690
     744
     759
     708
     729
     769
     734
     726
     752
     738
     786
     734
     790
     718
     706
     719
     733
     773
     798
     744
     752
     759
     712
     738
     722
     739
     678
     795
     753
     736
     741
     735
     747
     724
     771
     757
     802
     753
     771
     740
     777
     742
     718
     772
     780
     750
     769
     764
     721
     745
     738
     760
     759
     758
     770
     754
     767
     739
     735
     758
     732
     723
     727
     729
     771
     787
     774
     757
     748
     790
     749
     749
     791
     766
     718
     711
     761
     764
     757
     769
     792
     783
     745
     788
     809
     772
     768
     766
     771
     747
     791
     749
     755
     821
     814
     768
     761
     800
     806
     774
     765
     778
     769
     768
     735
     835
     740
     779
     776
     818
     787
     734
     770
     808
     822
     812
     850
     829
     827
     820
     818
     796
     786
     820
     815
     795
     801
     849
     754
     829
     772
     812
     791
     834
     795
     852
     790
     857
     778
     828
     810
     751
     807
     854
     783
     794
     813
     822
     828
     817
     836
     778
     862
     796
     847
     826
     808
     805
     835
     802
     834
     864
     824
     768
     878
     880
     809
     832
     807
     847
     829
     848
     810
     877
     845
     825
     849
     850
     871
     893
     883
     903
     888
     866
     856
     846
     841
     873
     895
     931
     847
     846
     863
     852
     847
     858
     865
     897
     842
     896
     846
     833
     914
     887
     885
     832
     827
     899
     902
     872
     906
     864
     912
     921
     858
     944
     914
     900
     904
     931
     878
     886
     911
     905
     913
     881
     905
     910
     913
     909
     928
     934
     898
    1018
     903
     893
     931
     923
     938
     915
     958
     972
     935
     936
     966
    1032
     912
     956
     899
     949
     948
     999
     968
     942
     929
    1013
     959
     980
     971
     948
     967
    1041
     969
    1031
    1037
     989
    1000
     979
     984
    1033
    1042
    1044
    1066
     994
    1056
    1008
    1035
    1005
    1026
    1031
    1047
    1039
    1049
    1062
    1095
    1124
    1065
    1063
    1080
    1040
    1066
    1097
    1092
    1100
    1094
    1123
    1117
    1134
    1069
    1085
    1124
    1119
    1137
    1190
    1137
    1156
    1117
    1075
    1083
    1152
    1177
    1165
    1199
    1181
    1150
    1144
    1124
    1252
    1169
    1144
    1199
    1252
    1195
    1232
    1291
    1239
    1257
    1220
    1259
    1256
    1212
    1286
    1271
    1233
    1321
    1271
    1306
    1227
    1308
    1331
    1416
    1348
    1261
    1370
    1325
    1327
    1328
    1267
    1364
    1365
    1310
    1345
    1384
    1342
    1328
    1376
    1434
    1375
    1445
    1379
    1421
    1416
    1419
    1335
    1435
    1477
    1428
    1307
    1376
    1329
    1365
    1320
    1230
    1216
    1150
    1096
    1100
    1072
    1059
     975
    1025
     952
     996
     949
     936
     918
     975
     897
     955
     969
     894
     934
     915
     893
     926
     890
     881
     913
     869
     925
     873
     865
     894
     889
     846
     885
     839
     892
     840
     888
     837
     849
     879
     911
     871
     833
     864
     866
     888
     841
     805
     819
     861
     829
     834
     856
     868
     873
     855
     827
     798
     836
     837
     829
     796
     811
     819
     818
     840
     827
     833
     874
     831
     854
     800
     848
     837
     847
     797
     788
     796
     839
     772
     837
     791
     789
     810
     774
     809
     803
     837
     827
     794
     795
     794
     819
     857
     844
     790
     778
     795
     787
     805
     765
     793
     713
     743
     777
     829
     825
     802
     749
     789
     771
     822
     765
     762
     809
     732
     777
     777
     786
     806
     791
     768
     778
     776
     775
     792
     735
     758
     733
     762
     738
     783
     789
     775
     767
     764
     789
     816
     722
     812
     789
     801
     777
     812
     772
     797
     778
     758
     885
     806
     773
     791
     789
     815
     850
     813
     743
     813
     834
     849
     846
     742
     858
     834
     808
     825
     798
     816
     789
     829
     791
     842
     904
     861
     858
     884
     885
     846
     826
     875
     866
     856
     816
     871
     876
     935
     894
     878
     884
     897
     908
     891
     928
     905
     926
     867
     879
     893
     875
     864
     903
     925
     871
     870
     914
     894
     868
     824
     858
     797
     731
     761
     689
     653
     642
     601
     623
     614
     515
     514
     520
     537
     494
     481
     528
     492
     461
     472
     516
     438
     454
     448
     442
     453
     469
     403
     442
     395
     454
     456
     421
     454
     437
     439
     406
     402
     434
     406
     438
     411
     404
     378
     383
     422
     446
     386
     420
     403
     396
     373
     412
     405
     439
     384
     382
     379
     409
     391
     402
     379
     414
     410
     427
     446
     500
     563
     642
     736
     793
     828
     998
    1062
    1337
    2268
    6126
   17997
   29080
   21186
    7265
    1540
     449
     299
     275
     286
     279
     302
     257
     253
     287
     279
     272
     247
     275
     247
     239
     244
     266
     270
     250
     239
     250
     260
     219
     225
     246
     269
     242
     209
     229
     198
     195
     223
     214
     210
     211
     216
     209
     230
     190
     202
     187
     168
     174
     169
     175
     205
     160
     161
     167
     149
     182
     163
     160
     158
     163
     134
     145
     122
     149
     144
     131
     130
     114
     152
     107
     118
     113
     103
     112
     116
     129
     106
      98
     118
     110
     101
     111
      95
     102
     104
      80
     103
      99
     106
      88
      91
     108
      79
      81
      90
      86
      79
      73
      89
      78
      93
      77
      61
      73
      70
      67
      74
      62
      71
      87
      53
      58
      91
      69
      63
      65
      73
      57
      60
      69
      61
      70
      66
      73
      62
      63
      70
      60
      63
      63
      59
      73
      66
      71
      54
      46
      66
      59
      85
      53
      59
      65
      62
      63
      44
      58
      54
      52
      58
      60
      70
      54
      63
      62
      64
      54
      74
      60
      60
      55
      63
      67
      52
      52
      60
      59
      60
      46
      55
      69
      62
      48
      55
      61
      59
      63
      53
      59
      46
      59
      55
      65
      52
      53
      60
      58
      47
      50
      54
      51
      51
      62
      52
      65
      53
      62
      59
      66
      72
      65
      53
      79
      70
      80
     127
     201
     214
     259
     363
     373
     412
     507
     619
     796
    1282
    2848
    8956
   20107
   23334
   12908
    3710
     692
     102
      48
      34
      39
      32
      22
      22
      27
      19
      34
      29
      25
      27
      24
      31
      28
      29
      20
      23
      30
      26
      28
      26
      22
      23
      18
      25
      23
      24
      25
      24
      32
      22
      21
      15
      20
      25
      24
      15
      20
      28
      30
      33
      21
      24
      24
      24
      26
      23
      29
      29
      29
      27
      18
      15
      23
      25
      31
      29
      23
      22
      24
      28
      24
      25
      28
      26
      23
      21
      20
      22
      16
      32
      26
      23
      26
      25
      25
      26
      24
      18
      24
      24
      31
      23
      24
      17
      23
      22
      27
      20
      22
      19
      28
      26
      20
      20
      27
      24
      28
      18
      13
      24
      20
      29
      26
      24
      15
      20
      13
      25
      23
      24
      22
      27
      17
      23
      15
      21
      29
      26
      23
      20
      19
      16
      25
      17
      18
      17
      19
      20
      23
      20
      19
      22
      16
      19
      18
      21
      21
      19
      15
      18
      24
      21
      25
      21
      17
      16
      24
      18
      15
      17
      23
      20
      24
      26
      20
      24
      12
      25
      15
      23
      19
      18
      21
      20
      27
      26
      39
      72
      58
      31
      24
      13
      17
      19
      18
      30
      19
      15
      20
      16
      13
      26
      16
      21
      19
      16
      31
      22
      22
      17
      15
      20
      16
      21
      13
      18
       0
       0
       0
       0
       0
       0
       0
       0
       0
       0
       0
       0
       0
       0
       0
       0
       0
       0
       0
       0
       0
       0
       0
       0
       0
       0
       0
       0
       0
       0
       0
       0
$ROI:
0
$PRESETS:
None
0
0
$ENER_FIT:
0.000000 0.731044
$MCA_CAL:
3
0.000000E+000 7.310444E-001 0.000000E+000 keV
$SHAPE_CAL:
3
0.000000E+000 0.000000E+000 0.000000E+000
