$SPEC_ID:
No sample description was entered.
$SPEC_REM:
DET# 4
DETDESC# JLAB-20 MCB 131
AP# Maestro Version 7.01
$DATE_MEA:
10/07/2025 23:00:02
$MEAS_TIM:
579 599
$DATA:
0 2047
       0
       0
       0
       0
       0
       0
       0
       0
       0
       0
       0
       0
       0
       0
       0
       0
       0
       0
       0
       0
       0
       0
       0
       0
       0
       0
       0
       0
       0
       0
       0
       0
       0
       0
       0
       0
       0
       0
       0
       0
       0
       0
       0
       0
       0
       0
       0
       0
       0
       0
       0
       0
       0
       0
       0
       0
       0
       0
       0
       0
       0
       0
       0
       0
       0
       0
       0
       0
       0
      40
    1298
    1383
    1436
    1388
    1331
    1396
    1399
    1408
    1378
    1376
    1396
    1344
    1397
    1396
    1354
    1366
    1359
    1365
    1345
    1284
    1367
    1322
    1303
    1282
    1353
    1336
    1379
    1359
    1407
    1459
    1347
    1508
    1489
    1324
    1389
    1372
    1371
    1350
    1348
    1320
    1226
    1354
    1331
    1309
    1382
    1440
    1334
    1330
    1366
    1325
    1336
    1361
    1330
    1357
    1376
    1316
    1280
    1298
    1339
    1297
    1293
    1378
    1293
    1355
    1332
    1303
    1356
    1333
    1272
    1298
    1341
    1297
    1373
    1311
    1287
    1286
    1355
    1340
    1273
    1303
    1291
    1281
    1354
    1309
    1281
    1282
    1350
    1326
    1279
    1294
    1337
    1207
    1329
    1354
    1312
    1224
    1311
    1296
    1284
    1254
    1325
    1306
    1305
    1269
    1317
    1333
    1356
    1376
    1303
    1321
    1316
    1311
    1303
    1303
    1384
    1301
    1289
    1320
    1301
    1281
    1347
    1335
    1307
    1270
    1238
    1329
    1342
    1337
    1273
    1338
    1304
    1305
    1286
    1307
    1249
    1347
    1327
    1276
    1287
    1253
    1226
    1248
    1254
    1246
    1253
    1272
    1263
    1250
    1322
    1265
    1267
    1223
    1212
    1264
    1230
    1225
    1227
    1188
    1279
    1217
    1254
    1191
    1233
    1195
    1276
    1185
    1193
    1198
    1235
    1261
    1221
    1218
    1222
    1151
    1181
    1148
    1206
    1201
    1225
    1161
    1223
    1155
    1251
    1148
    1222
    1178
    1171
    1198
    1205
    1199
    1171
    1192
    1146
    1132
    1230
    1183
    1146
    1181
    1218
    1147
    1202
    1141
    1137
    1106
    1216
    1164
    1189
    1231
    1187
    1172
    1203
    1245
    1171
    1302
    1260
    1374
    1411
    1330
    1502
    1402
    1359
    1480
    1502
    1515
    1477
    1487
    1473
    1497
    1494
    1475
    1457
    1412
    1507
    1397
    1463
    1406
    1405
    1407
    1405
    1424
    1380
    1370
    1334
    1394
    1379
    1346
    1418
    1374
    1405
    1403
    1308
    1284
    1329
    1342
    1410
    1364
    1276
    1256
    1327
    1240
    1279
    1260
    1283
    1276
    1254
    1240
    1228
    1214
    1197
    1278
    1253
    1247
    1219
    1202
    1233
    1215
    1173
    1248
    1218
    1207
    1146
    1145
    1271
    1166
    1174
    1183
    1150
    1179
    1196
    1121
    1109
    1144
    1161
    1093
    1116
    1144
    1159
    1135
    1114
    1148
    1147
    1122
    1122
    1126
    1160
    1108
    1121
    1105
    1125
    1062
    1094
    1085
    1112
    1146
    1037
    1058
    1047
    1044
    1062
    1042
    1071
    1048
    1053
    1159
    1033
    1007
     974
    1012
    1065
    1010
    1038
    1076
     973
    1017
    1006
     945
    1044
    1027
    1008
     985
     966
     962
    1034
    1062
    1005
    1039
    1028
     969
    1003
     972
     987
     997
    1275
    1185
    1023
     953
     995
     975
     953
     998
     951
     918
     956
     915
    1031
     941
     960
     964
     941
    1012
     963
     948
     930
     964
     955
     966
     902
     915
     914
     975
     905
     893
     906
     938
     969
     894
     898
     947
     939
     935
     909
     939
     868
     873
     951
     917
     815
     885
     932
     864
     855
     846
     912
     913
     817
     893
     937
     815
     940
     844
     884
     958
     884
     854
     849
     840
     893
     865
     819
     851
     884
     853
     841
     915
     877
     815
     853
     887
     866
     851
     853
     780
     787
     801
     850
     908
     861
     849
     811
     928
     805
     794
     837
     787
     874
     769
     811
     799
     745
     789
     816
     771
     822
     855
     819
     790
     792
     835
     806
     804
     828
     886
     830
     866
     841
     849
     750
     817
     793
     791
     792
     817
     801
     822
     794
     788
     808
     820
     788
     769
     808
     808
     785
     783
     746
     828
     766
     839
     795
     793
     780
     781
     758
     806
     738
     784
     800
     821
     736
     763
     792
     779
     774
     736
     799
     769
     794
     809
     752
     791
     785
     791
     804
     781
     804
     806
     681
     778
     756
     762
     717
     778
     781
     763
     718
     797
     751
     759
     787
     784
     801
     760
     750
     770
     785
     800
     731
     787
     727
     784
     766
     757
     782
     772
     754
     764
     757
     735
     797
     768
     722
     786
     767
     789
     788
     793
     807
     723
     731
     730
     774
     747
     727
     798
     721
     804
     822
     730
     709
     759
     780
     757
     767
     742
     753
     761
     760
     765
     762
     749
     751
     729
     739
     729
     745
     764
     754
     752
     775
     700
     776
     749
     740
     728
     724
     687
     766
     755
     731
     755
     754
     763
     750
     775
     741
     695
     770
     746
     746
     774
     765
     734
     746
     766
     722
     789
     709
     725
     739
     732
     724
     726
     783
     766
     804
     810
     773
     739
     694
     768
     731
     723
     716
     733
     752
     732
     699
     824
     769
     739
     763
     771
     774
     744
     751
     753
     778
     705
     711
     742
     731
     721
     704
     702
     746
     661
     700
     722
     723
     720
     755
     732
     750
     757
     767
     743
     694
     708
     704
     652
     755
     696
     735
     729
     774
     760
     719
     685
     752
     781
     694
     684
     767
     721
     706
     737
     705
     713
     704
     670
     735
     709
     746
     725
     750
     717
     719
     659
     692
     731
     766
     770
     728
     735
     697
     718
     706
     713
     726
     724
     715
     721
     680
     760
     747
     740
     685
     739
     707
     704
     721
     717
     720
     754
     754
     752
     732
     722
     728
     741
     710
     710
     729
     723
     739
     746
     764
     751
     784
     700
     715
     754
     711
     769
     720
     710
     723
     693
     701
     737
     746
     758
     729
     667
     761
     701
     738
     734
     783
     763
     780
     783
     696
     742
     746
     691
     680
     727
     734
     735
     728
     670
     728
     719
     700
     673
     747
     692
     696
     685
     769
     731
     741
     724
     710
     745
     726
     749
     708
     703
     770
     727
     694
     738
     691
     714
     762
     731
     766
     753
     732
     727
     794
     725
     719
     761
     710
     758
     735
     769
     736
     793
     739
     736
     740
     757
     760
     718
     697
     761
     682
     746
     705
     729
     701
     738
     755
     699
     725
     765
     740
     737
     709
     753
     748
     760
     722
     726
     762
     693
     721
     768
     758
     710
     736
     751
     776
     719
     702
     743
     763
     763
     766
     717
     756
     751
     740
     672
     772
     720
     758
     730
     706
     783
     724
     767
     743
     736
     736
     736
     734
     785
     720
     729
     742
     753
     735
     716
     663
     730
     751
     776
     723
     733
     764
     739
     768
     755
     763
     729
     753
     703
     740
     677
     758
     697
     798
     777
     753
     729
     740
     715
     743
     771
     756
     739
     708
     782
     737
     739
     765
     748
     769
     747
     750
     782
     740
     796
     770
     777
     782
     739
     747
     703
     760
     775
     818
     783
     789
     767
     749
     783
     770
     749
     795
     814
     789
     811
     764
     784
     802
     787
     775
     733
     775
     774
     772
     763
     764
     767
     778
     748
     751
     764
     793
     776
     800
     824
     749
     794
     819
     770
     831
     763
     790
     806
     761
     791
     767
     766
     841
     740
     761
     776
     800
     792
     759
     806
     790
     848
     807
     802
     792
     781
     759
     791
     819
     803
     818
     838
     810
     835
     734
     739
     789
     782
     808
     811
     803
     810
     813
     786
     840
     823
     796
     803
     794
     814
     830
     818
     761
     768
     858
     803
     779
     808
     723
     831
     846
     811
     801
     835
     822
     811
     777
     852
     805
     828
     858
     790
     895
     856
     878
     865
     845
     843
     792
     872
     852
     856
     853
     844
     825
     841
     864
     851
     852
     907
     925
     918
     910
     874
     806
     827
     847
     848
     854
     868
     858
     880
     859
     944
     841
     854
     885
     830
     922
     883
     897
     901
     874
     869
     852
     885
     849
     896
     815
     898
     830
     892
     895
     881
     892
     937
     917
     920
     905
     836
     922
     868
     905
     916
     958
     894
     886
     953
     914
     977
     973
     977
     969
     934
     937
     934
     924
     907
     952
     946
     929
     965
     936
     931
     951
     880
     955
     933
     941
     939
     938
     953
     961
     971
    1010
     904
     991
     996
    1006
     977
     961
     982
     983
     975
    1005
     943
     964
     983
    1040
    1049
     989
    1038
    1012
    1016
     981
    1000
    1056
    1052
    1015
    1066
    1111
    1043
    1011
    1066
    1089
    1020
    1076
    1068
    1090
    1019
    1064
    1108
    1071
    1060
    1125
    1068
    1104
    1083
    1104
    1090
    1154
    1123
    1124
    1164
    1108
    1203
    1162
    1206
    1127
    1156
    1165
    1171
    1173
    1149
    1163
    1174
    1112
    1234
    1190
    1195
    1241
    1206
    1231
    1215
    1233
    1258
    1229
    1211
    1203
    1305
    1231
    1317
    1310
    1274
    1326
    1297
    1260
    1260
    1308
    1332
    1361
    1302
    1340
    1386
    1304
    1294
    1372
    1302
    1346
    1305
    1358
    1446
    1348
    1345
    1419
    1422
    1427
    1378
    1380
    1358
    1389
    1423
    1298
    1403
    1313
    1366
    1386
    1321
    1350
    1326
    1217
    1300
    1220
    1162
    1118
    1107
    1113
    1069
    1037
     977
     980
     999
    1019
     969
     947
     970
     950
     951
     933
     946
     952
     903
     920
     848
     929
     840
     879
     900
     865
     864
     866
     959
     914
     915
     857
     916
     878
     873
     896
     823
     912
     848
     818
     857
     818
     874
     858
     843
     880
     861
     892
     847
     858
     843
     850
     810
     829
     811
     819
     884
     869
     806
     873
     826
     803
     824
     886
     836
     840
     810
     806
     838
     865
     807
     792
     752
     799
     842
     791
     788
     780
     828
     807
     802
     791
     790
     800
     795
     779
     758
     798
     798
     794
     794
     818
     819
     785
     821
     783
     749
     785
     762
     763
     833
     784
     758
     819
     792
     759
     777
     811
     805
     828
     750
     737
     758
     812
     751
     790
     786
     790
     771
     734
     795
     738
     771
     809
     806
     809
     745
     736
     756
     750
     703
     792
     762
     788
     735
     790
     773
     755
     725
     768
     777
     828
     810
     750
     765
     764
     751
     775
     794
     751
     807
     794
     789
     810
     780
     800
     786
     780
     861
     801
     850
     820
     801
     840
     848
     842
     830
     837
     834
     819
     885
     776
     869
     835
     870
     897
     857
     877
     878
     861
     901
     905
     858
     852
     911
     880
     903
     855
     922
     916
     886
     909
     918
     917
     870
     928
     890
     868
     889
     901
     921
     872
     908
     861
     889
     891
     866
     780
     785
     787
     750
     637
     650
     626
     621
     575
     564
     570
     560
     542
     482
     528
     533
     506
     474
     464
     510
     432
     428
     441
     487
     476
     458
     426
     423
     467
     488
     417
     384
     393
     431
     415
     449
     429
     475
     448
     442
     402
     399
     386
     391
     399
     423
     406
     412
     389
     409
     422
     410
     399
     425
     404
     419
     415
     424
     368
     369
     398
     394
     377
     389
     408
     529
     511
     611
     599
     727
     808
     834
     940
    1141
    1420
    2712
    7916
   21332
   29103
   17585
    5220
    1099
     390
     305
     317
     310
     283
     311
     268
     277
     287
     266
     272
     300
     225
     253
     271
     249
     257
     263
     257
     252
     258
     244
     232
     237
     216
     208
     263
     236
     202
     210
     209
     195
     213
     209
     207
     187
     174
     184
     205
     177
     157
     179
     196
     155
     205
     175
     147
     184
     146
     139
     157
     162
     131
     151
     146
     144
     125
     135
     136
     139
     150
     101
     119
     139
     131
     114
     117
     130
     119
     115
     121
     123
     113
     108
     104
     126
     107
     117
     101
      91
      95
     104
      97
      84
     104
      94
      94
      80
      88
      76
      90
      72
      78
      67
      86
      74
      77
      69
      77
      64
      62
      73
      72
      70
      66
      67
      66
      70
      81
      54
      53
      60
      77
      77
      73
      71
      62
      74
      61
      79
      65
      43
      57
      58
      68
      75
      72
      62
      56
      70
      65
      56
      61
      72
      57
      66
      62
      70
      69
      67
      46
      58
      54
      51
      58
      54
      52
      51
      68
      64
      50
      58
      56
      53
      57
      48
      53
      47
      69
      65
      48
      56
      53
      59
      50
      71
      56
      63
      59
      59
      47
      67
      59
      42
      54
      68
      55
      55
      54
      52
      58
      59
      51
      59
      43
      44
      40
      62
      61
      63
      59
      61
      56
      60
      64
      68
      65
      94
      96
     123
     213
     238
     294
     363
     407
     466
     562
     657
     856
    1434
    3794
   11445
   22137
   21250
   10161
    2570
     432
      96
      27
      31
      36
      24
      30
      28
      26
      22
      29
      39
      24
      28
      23
      35
      17
      28
      24
      19
      36
      29
      25
      30
      33
      23
      21
      38
      31
      30
      20
      32
      26
      38
      27
      13
      28
      25
      26
      24
      26
      26
      23
      28
      24
      34
      22
      26
      23
      26
      24
      15
      21
      22
      31
      20
      34
      29
      27
      19
      21
      27
      14
      22
      16
      21
      20
      21
      20
      22
      26
      19
      18
      24
      21
      17
      20
      21
      25
      26
      25
      20
      27
      25
      19
      20
      18
      27
      20
      22
      29
      31
      21
      27
      16
      21
      20
      32
      23
      19
      31
      16
      21
      24
      31
      22
      26
      27
      19
      21
      27
      25
      31
      22
      23
      23
      17
      16
      17
      28
      25
      22
      21
      36
      22
      25
      23
      25
      19
      29
      23
      25
      20
      16
      22
      20
      15
      27
      17
      26
      18
      27
      23
      21
      15
      19
      20
      19
      14
      21
      26
      17
      21
      23
      22
      20
      25
      19
      27
      25
      27
      26
      28
      20
      24
      19
      29
      19
      23
      28
      49
      74
      56
      31
      24
      20
      27
      24
      18
      16
      16
      19
      16
      16
      16
      23
      19
      18
      19
      17
      27
      19
       8
      19
      16
      22
      18
      26
      14
      18
       0
       0
       0
       0
       0
       0
       0
       0
       0
       0
       0
       0
       0
       0
       0
       0
       0
       0
       0
       0
       0
       0
       0
       0
       0
       0
       0
       0
       0
       0
       0
       0
$ROI:
0
$PRESETS:
None
0
0
$ENER_FIT:
0.000000 0.731044
$MCA_CAL:
3
0.000000E+000 7.310444E-001 0.000000E+000 keV
$SHAPE_CAL:
3
0.000000E+000 0.000000E+000 0.000000E+000
