$SPEC_ID:
No sample description was entered.
$SPEC_REM:
DET# 4
DETDESC# JLAB-20 MCB 131
AP# Maestro Version 7.01
$DATE_MEA:
10/07/2025 08:20:02
$MEAS_TIM:
579 599
$DATA:
0 2047
       0
       0
       0
       0
       0
       0
       0
       0
       0
       0
       0
       0
       0
       0
       0
       0
       0
       0
       0
       0
       0
       0
       0
       0
       0
       0
       0
       0
       0
       0
       0
       0
       0
       0
       0
       0
       0
       0
       0
       0
       0
       0
       0
       0
       0
       0
       0
       0
       0
       0
       0
       0
       0
       0
       0
       0
       0
       0
       0
       0
       0
       0
       0
       0
       0
       0
       0
       0
       0
      41
    1262
    1381
    1461
    1456
    1376
    1354
    1385
    1400
    1378
    1378
    1311
    1430
    1371
    1355
    1397
    1407
    1406
    1394
    1405
    1369
    1380
    1297
    1302
    1325
    1330
    1385
    1355
    1330
    1447
    1471
    1370
    1596
    1634
    1345
    1391
    1427
    1337
    1258
    1273
    1341
    1386
    1302
    1285
    1335
    1358
    1374
    1382
    1404
    1348
    1391
    1307
    1366
    1371
    1348
    1279
    1332
    1334
    1281
    1355
    1382
    1307
    1305
    1335
    1340
    1345
    1381
    1331
    1382
    1283
    1318
    1326
    1338
    1226
    1305
    1279
    1303
    1341
    1303
    1301
    1378
    1254
    1359
    1296
    1323
    1284
    1287
    1326
    1276
    1359
    1307
    1313
    1348
    1303
    1318
    1415
    1336
    1310
    1336
    1320
    1283
    1337
    1334
    1322
    1352
    1315
    1304
    1293
    1298
    1255
    1288
    1342
    1296
    1306
    1292
    1294
    1299
    1284
    1258
    1326
    1306
    1299
    1305
    1278
    1257
    1286
    1300
    1351
    1288
    1337
    1279
    1301
    1330
    1223
    1285
    1308
    1321
    1363
    1315
    1352
    1322
    1245
    1258
    1331
    1286
    1294
    1239
    1319
    1132
    1278
    1274
    1329
    1225
    1235
    1231
    1231
    1250
    1243
    1212
    1225
    1232
    1214
    1264
    1251
    1210
    1257
    1265
    1207
    1279
    1227
    1215
    1245
    1164
    1222
    1215
    1209
    1238
    1165
    1195
    1197
    1192
    1231
    1248
    1240
    1190
    1232
    1211
    1218
    1232
    1206
    1156
    1210
    1209
    1290
    1204
    1188
    1215
    1155
    1170
    1207
    1156
    1169
    1164
    1224
    1191
    1121
    1176
    1193
    1162
    1212
    1206
    1171
    1217
    1234
    1289
    1350
    1343
    1343
    1418
    1402
    1387
    1419
    1408
    1484
    1542
    1478
    1531
    1440
    1581
    1481
    1517
    1501
    1432
    1447
    1516
    1480
    1442
    1406
    1432
    1399
    1437
    1336
    1413
    1334
    1436
    1329
    1391
    1325
    1378
    1299
    1254
    1311
    1301
    1299
    1283
    1297
    1339
    1292
    1361
    1303
    1273
    1273
    1257
    1289
    1304
    1284
    1276
    1262
    1238
    1261
    1264
    1217
    1262
    1215
    1254
    1262
    1215
    1161
    1157
    1258
    1174
    1222
    1177
    1185
    1170
    1236
    1220
    1175
    1150
    1199
    1165
    1175
    1159
    1155
    1128
    1198
    1135
    1059
    1098
    1132
    1102
    1151
    1090
    1126
    1153
    1106
    1045
    1080
    1113
    1065
    1078
    1075
    1121
    1111
    1103
    1073
    1090
    1060
    1046
    1051
    1047
    1060
    1000
    1045
    1019
    1076
    1069
    1100
    1054
    1072
    1060
    1015
    1027
    1045
    1057
    1024
    1041
     996
     995
    1006
    1004
     974
    1015
    1056
     972
     960
    1018
     954
    1023
    1022
     977
    1003
    1079
    1247
    1308
     977
     974
     965
     961
     935
     993
     953
     944
     979
     961
     975
     938
     930
     946
     948
     983
     887
     931
     947
     996
     927
     871
     924
     886
     983
     945
     905
     864
     944
     945
     956
     935
     928
     897
     928
     900
     911
     934
     919
     926
     868
     972
     872
     887
     926
     908
     872
     844
     938
     856
     902
     829
     865
     906
     882
     908
     821
     812
     868
     832
     828
     907
     888
     907
     871
     872
     864
     858
     898
     889
     872
     868
     847
     865
     811
     888
     855
     850
     848
     802
     803
     875
     818
     811
     850
     840
     852
     803
     831
     798
     875
     840
     829
     823
     810
     842
     818
     825
     798
     743
     795
     825
     755
     826
     836
     759
     889
     805
     802
     851
     840
     800
     857
     819
     780
     772
     840
     830
     766
     819
     805
     798
     809
     772
     792
     797
     795
     828
     804
     811
     820
     770
     782
     787
     821
     757
     829
     772
     789
     829
     777
     821
     794
     825
     755
     781
     779
     806
     736
     776
     774
     786
     778
     779
     767
     786
     775
     813
     767
     767
     822
     781
     769
     775
     804
     773
     827
     795
     751
     768
     676
     769
     722
     753
     793
     795
     750
     723
     761
     747
     771
     779
     777
     743
     748
     733
     769
     778
     736
     813
     810
     720
     728
     801
     759
     768
     767
     743
     797
     772
     786
     766
     736
     736
     782
     763
     725
     741
     758
     721
     709
     728
     727
     709
     800
     731
     784
     751
     754
     763
     781
     758
     741
     738
     752
     755
     764
     730
     783
     761
     705
     738
     821
     794
     761
     765
     731
     734
     734
     774
     740
     718
     750
     784
     757
     756
     731
     711
     739
     776
     754
     718
     739
     732
     728
     773
     807
     760
     719
     713
     713
     748
     742
     676
     711
     758
     784
     733
     780
     755
     731
     738
     748
     797
     758
     708
     720
     723
     697
     721
     711
     724
     771
     731
     743
     730
     717
     733
     670
     730
     730
     709
     746
     717
     723
     728
     781
     756
     769
     711
     831
     745
     735
     766
     720
     714
     758
     765
     739
     741
     751
     741
     708
     764
     749
     698
     695
     763
     779
     772
     758
     748
     718
     744
     775
     691
     723
     678
     728
     760
     738
     783
     763
     724
     689
     744
     724
     744
     753
     733
     716
     771
     725
     773
     711
     722
     727
     747
     708
     754
     738
     739
     709
     702
     717
     667
     745
     687
     709
     734
     706
     725
     743
     705
     727
     736
     747
     696
     712
     761
     738
     770
     749
     748
     724
     690
     754
     687
     710
     763
     665
     737
     762
     811
     713
     730
     711
     752
     734
     788
     746
     766
     739
     718
     743
     739
     742
     751
     720
     720
     756
     720
     732
     701
     806
     700
     819
     736
     757
     732
     717
     748
     689
     730
     728
     751
     726
     746
     703
     762
     734
     760
     748
     730
     734
     710
     737
     686
     725
     717
     739
     706
     760
     730
     727
     726
     731
     731
     701
     697
     752
     688
     721
     711
     785
     769
     762
     746
     756
     729
     733
     725
     790
     716
     779
     744
     719
     742
     699
     727
     706
     729
     791
     736
     759
     707
     778
     735
     736
     703
     740
     764
     742
     762
     719
     756
     727
     715
     756
     737
     727
     727
     694
     729
     698
     707
     722
     778
     720
     786
     752
     768
     749
     722
     709
     736
     737
     713
     682
     718
     760
     786
     740
     720
     757
     772
     739
     720
     767
     756
     758
     723
     751
     735
     819
     766
     758
     783
     771
     757
     805
     754
     759
     802
     758
     770
     754
     794
     762
     744
     792
     727
     761
     740
     743
     724
     736
     768
     758
     785
     751
     791
     736
     753
     749
     787
     756
     758
     707
     761
     731
     716
     743
     777
     742
     747
     767
     735
     765
     739
     768
     703
     751
     741
     780
     778
     770
     784
     742
     740
     831
     796
     716
     736
     824
     787
     770
     780
     743
     743
     754
     718
     797
     717
     777
     835
     813
     789
     788
     764
     764
     802
     748
     774
     787
     720
     752
     733
     793
     775
     799
     749
     757
     790
     767
     775
     781
     760
     758
     808
     780
     802
     800
     826
     833
     849
     775
     784
     791
     761
     798
     804
     814
     768
     837
     787
     745
     827
     816
     740
     756
     773
     795
     786
     785
     812
     796
     807
     775
     778
     783
     821
     787
     804
     818
     793
     813
     776
     749
     784
     784
     808
     822
     799
     778
     812
     824
     841
     840
     829
     780
     843
     855
     850
     844
     820
     847
     758
     753
     828
     853
     827
     855
     824
     850
     829
     820
     843
     865
     849
     852
     834
     837
     834
     803
     821
     849
     801
     842
     843
     841
     847
     923
     904
     892
     868
     900
     862
     838
     836
     868
     818
     862
     842
     868
     881
     904
     879
     835
     906
     864
     875
     897
     859
     866
     880
     864
     888
     906
     886
     892
     851
     885
     896
     932
     896
     836
     885
     880
     869
     935
     892
     932
     919
     934
     885
     969
     903
     880
     956
     911
     899
     912
     867
     917
     926
     938
     968
     927
     889
     925
     906
     933
     958
     904
     970
     987
     967
     911
     858
     980
     984
     942
     969
     967
     932
     939
     960
     994
    1008
    1000
    1005
     963
     997
    1007
     915
     954
     978
     954
    1024
    1018
    1022
    1014
    1001
     973
     970
    1012
    1011
    1032
    1105
    1017
    1038
     988
    1023
    1075
    1071
    1098
    1076
     986
    1112
    1060
    1076
    1024
    1070
     994
    1054
    1138
    1055
    1159
    1122
    1096
    1084
    1119
    1091
    1145
    1137
    1152
    1214
    1153
    1150
    1187
    1118
    1153
    1132
    1146
    1110
    1170
    1207
    1188
    1168
    1185
    1196
    1179
    1206
    1225
    1210
    1287
    1241
    1216
    1242
    1232
    1198
    1286
    1251
    1383
    1296
    1341
    1277
    1320
    1334
    1326
    1271
    1351
    1276
    1310
    1381
    1302
    1312
    1376
    1402
    1346
    1357
    1335
    1398
    1322
    1444
    1418
    1437
    1455
    1354
    1468
    1403
    1381
    1358
    1382
    1391
    1421
    1342
    1380
    1348
    1406
    1396
    1351
    1304
    1233
    1233
    1189
    1173
    1034
    1056
    1095
    1042
     985
    1047
    1011
    1019
     955
    1007
     917
     953
     960
     965
     912
     956
     966
     944
     898
     888
     937
     939
     832
     929
     843
     913
     875
     864
     828
     855
     855
     856
     875
     840
     878
     848
     899
     870
     909
     821
     830
     885
     892
     889
     795
     890
     852
     880
     802
     796
     864
     858
     810
     887
     830
     853
     861
     852
     769
     877
     861
     852
     803
     837
     820
     846
     842
     841
     784
     854
     849
     845
     821
     793
     858
     803
     786
     812
     833
     797
     778
     814
     749
     844
     780
     800
     854
     821
     803
     767
     793
     767
     803
     817
     798
     757
     775
     809
     752
     769
     809
     784
     784
     833
     739
     805
     759
     785
     794
     765
     821
     774
     766
     806
     759
     786
     803
     794
     711
     812
     763
     779
     781
     793
     776
     772
     731
     793
     739
     802
     759
     805
     765
     774
     756
     763
     763
     790
     772
     801
     768
     753
     728
     790
     764
     776
     828
     798
     791
     792
     788
     770
     769
     803
     788
     789
     805
     806
     798
     851
     825
     827
     815
     838
     850
     857
     814
     833
     880
     780
     797
     840
     875
     886
     878
     871
     847
     835
     828
     885
     842
     886
     882
     898
     814
     897
     910
     873
     917
     808
     910
     917
     876
     890
     935
     882
     898
     884
     887
     930
     865
     837
     896
     903
     862
     834
     832
     807
     800
     713
     685
     660
     641
     632
     560
     576
     545
     564
     556
     545
     488
     499
     510
     475
     467
     515
     550
     449
     457
     465
     444
     462
     444
     468
     469
     463
     474
     451
     429
     431
     422
     432
     406
     401
     456
     415
     419
     443
     375
     419
     433
     388
     381
     400
     402
     385
     386
     408
     367
     382
     384
     371
     389
     392
     421
     368
     425
     394
     404
     362
     424
     502
     539
     568
     639
     765
     820
     883
     963
    1120
    1554
    2966
    9497
   23681
   28463
   15216
    4171
     928
     359
     325
     306
     324
     291
     298
     287
     241
     302
     275
     266
     250
     251
     282
     262
     272
     259
     247
     265
     273
     251
     213
     221
     238
     229
     228
     239
     218
     231
     166
     207
     223
     192
     199
     219
     173
     206
     196
     204
     196
     186
     184
     153
     187
     171
     165
     167
     160
     156
     159
     140
     146
     153
     149
     138
     141
     112
     127
     137
     151
     143
     115
     123
     120
     133
     123
     110
     110
     125
     111
      98
     117
     105
     124
     107
     104
     101
      99
      72
      95
      92
      89
     101
     103
      95
      93
      93
      73
      96
      99
      84
      75
     101
      82
      85
      84
      81
      77
      74
      96
      97
      64
      71
      77
      66
      83
      79
      63
      64
      70
      55
      58
      67
      71
      64
      68
      76
      45
      60
      63
      62
      67
      61
      65
      66
      63
      58
      62
      73
      71
      96
      61
      57
      85
      66
      65
      67
      56
      57
      55
      53
      61
      62
      52
      53
      57
      64
      59
      39
      67
      58
      68
      55
      56
      62
      51
      66
      57
      68
      51
      61
      73
      57
      46
      57
      49
      49
      56
      60
      47
      54
      63
      56
      53
      47
      40
      71
      59
      52
      47
      62
      51
      50
      57
      41
      41
      69
      42
      63
      58
      66
      55
      62
      64
      69
      58
      68
      95
     107
     123
     197
     220
     319
     356
     432
     470
     530
     646
     950
    1707
    4369
   13498
   23561
   19979
    8447
    2059
     317
      66
      31
      20
      35
      35
      39
      24
      35
      34
      23
      33
      36
      27
      20
      33
      31
      27
      26
      15
      28
      20
      33
      28
      24
      25
      28
      28
      29
      30
      36
      23
      15
      34
      24
      25
      26
      26
      22
      28
      17
      21
      26
      23
      29
      26
      27
      30
      27
      27
      24
      20
      25
      23
      25
      29
      32
      33
      26
      23
      29
      18
      19
      31
      24
      23
      21
      28
      32
      22
      25
      23
      33
      28
      30
      16
      20
      28
      32
      29
      22
      27
      32
      13
      27
      25
      19
      25
      23
      26
      21
      25
      19
      31
      27
      24
      23
      17
      22
      20
      23
      20
      25
      31
      25
      28
      17
      25
      22
      22
      19
      18
      20
      18
      20
      21
      32
      26
      26
      21
      32
      24
      16
      21
      20
      25
      20
      25
      22
      16
      18
      18
      27
      16
      36
      19
      22
      24
      23
      15
      20
      23
      27
      19
      22
      23
      10
      24
      23
      20
      17
      19
      20
      14
      17
      25
      23
      19
      20
      14
      27
      26
      17
      16
      23
      19
      13
      27
      28
      56
      73
      81
      51
      28
      27
      15
      29
      20
      23
      25
      18
      23
      14
      23
      22
      21
      18
      19
      23
      16
      13
      29
      18
      20
      17
      28
      20
      16
      10
      14
       0
       0
       0
       0
       0
       0
       0
       0
       0
       0
       0
       0
       0
       0
       0
       0
       0
       0
       0
       0
       0
       0
       0
       0
       0
       0
       0
       0
       0
       0
       0
       0
$ROI:
0
$PRESETS:
None
0
0
$ENER_FIT:
0.000000 0.731044
$MCA_CAL:
3
0.000000E+000 7.310444E-001 0.000000E+000 keV
$SHAPE_CAL:
3
0.000000E+000 0.000000E+000 0.000000E+000
