$SPEC_ID:
No sample description was entered.
$SPEC_REM:
DET# 4
DETDESC# JLAB-20 MCB 131
AP# Maestro Version 7.01
$DATE_MEA:
10/08/2025 00:00:02
$MEAS_TIM:
579 599
$DATA:
0 2047
       0
       0
       0
       0
       0
       0
       0
       0
       0
       0
       0
       0
       0
       0
       0
       0
       0
       0
       0
       0
       0
       0
       0
       0
       0
       0
       0
       0
       0
       0
       0
       0
       0
       0
       0
       0
       0
       0
       0
       0
       0
       0
       0
       0
       0
       0
       0
       0
       0
       0
       0
       0
       0
       0
       0
       0
       0
       0
       0
       0
       0
       0
       0
       0
       0
       0
       0
       0
       0
      42
    1324
    1385
    1369
    1302
    1418
    1396
    1322
    1351
    1419
    1363
    1333
    1390
    1361
    1388
    1374
    1339
    1387
    1336
    1417
    1372
    1288
    1375
    1342
    1397
    1376
    1389
    1322
    1428
    1378
    1473
    1329
    1493
    1616
    1419
    1439
    1333
    1253
    1367
    1314
    1311
    1257
    1347
    1362
    1325
    1377
    1412
    1412
    1343
    1387
    1357
    1334
    1325
    1320
    1295
    1352
    1363
    1316
    1316
    1310
    1296
    1335
    1265
    1351
    1321
    1298
    1259
    1307
    1340
    1292
    1375
    1308
    1337
    1287
    1303
    1334
    1304
    1293
    1271
    1297
    1343
    1317
    1315
    1277
    1332
    1299
    1249
    1327
    1320
    1277
    1288
    1267
    1304
    1280
    1275
    1348
    1295
    1281
    1342
    1316
    1346
    1255
    1367
    1304
    1324
    1317
    1300
    1329
    1330
    1306
    1320
    1325
    1303
    1284
    1306
    1298
    1292
    1349
    1268
    1313
    1275
    1272
    1304
    1320
    1250
    1333
    1297
    1299
    1320
    1311
    1278
    1293
    1348
    1325
    1256
    1355
    1400
    1373
    1343
    1280
    1266
    1339
    1270
    1266
    1214
    1312
    1277
    1236
    1301
    1199
    1243
    1241
    1239
    1154
    1256
    1269
    1221
    1234
    1339
    1283
    1250
    1261
    1255
    1244
    1227
    1257
    1205
    1159
    1192
    1273
    1221
    1276
    1218
    1202
    1166
    1228
    1239
    1229
    1208
    1179
    1234
    1156
    1178
    1206
    1289
    1222
    1131
    1216
    1195
    1151
    1178
    1208
    1199
    1189
    1199
    1143
    1215
    1211
    1199
    1152
    1167
    1217
    1180
    1219
    1194
    1246
    1165
    1172
    1218
    1248
    1143
    1201
    1215
    1244
    1251
    1282
    1337
    1348
    1357
    1413
    1455
    1437
    1454
    1460
    1473
    1438
    1449
    1539
    1460
    1454
    1476
    1555
    1455
    1419
    1423
    1409
    1429
    1392
    1391
    1379
    1376
    1370
    1335
    1380
    1325
    1334
    1398
    1398
    1388
    1345
    1319
    1352
    1358
    1374
    1301
    1345
    1327
    1315
    1303
    1320
    1310
    1293
    1230
    1297
    1274
    1318
    1302
    1210
    1242
    1244
    1283
    1251
    1188
    1212
    1278
    1214
    1202
    1234
    1201
    1248
    1207
    1129
    1199
    1211
    1154
    1166
    1159
    1128
    1102
    1188
    1168
    1139
    1125
    1159
    1127
    1180
    1116
    1169
    1153
    1138
    1110
    1101
    1128
    1146
    1095
    1099
    1135
    1122
    1091
    1110
    1092
    1098
    1162
    1070
    1039
    1094
    1076
    1062
    1081
    1030
    1101
    1059
    1043
    1069
    1036
    1048
    1092
    1051
    1026
    1042
    1069
    1021
    1064
    1077
     962
    1033
     984
    1036
    1019
     988
     993
    1051
     993
     972
     965
     926
     982
     994
     987
    1000
    1016
     980
    1041
    1308
    1258
    1064
     976
     961
    1023
     986
     988
     943
     939
     982
     966
     941
     991
     969
     929
     965
     948
     937
     945
     947
     946
     874
     922
     956
     923
     922
     931
     910
     888
     969
     912
     921
     960
     881
     899
     920
     931
     919
     932
     907
     945
     906
     937
     893
     931
     905
     878
     876
     943
     905
     889
     851
     878
     816
     856
     918
     883
     874
     848
     837
     840
     868
     849
     901
     904
     907
     812
     847
     794
     869
     886
     831
     845
     865
     889
     882
     869
     831
     848
     828
     826
     849
     845
     838
     819
     872
     846
     827
     865
     763
     821
     833
     852
     838
     816
     828
     823
     880
     809
     828
     848
     850
     907
     765
     834
     835
     821
     814
     804
     797
     769
     857
     803
     865
     828
     803
     798
     795
     865
     813
     769
     839
     810
     780
     780
     827
     755
     773
     752
     815
     741
     796
     782
     824
     776
     793
     836
     815
     783
     774
     838
     788
     806
     822
     776
     771
     743
     771
     746
     799
     785
     778
     781
     774
     774
     769
     756
     789
     769
     772
     768
     838
     806
     783
     746
     774
     724
     801
     769
     789
     785
     792
     796
     760
     827
     759
     735
     771
     763
     846
     764
     820
     778
     790
     793
     760
     770
     801
     784
     831
     763
     765
     780
     721
     733
     768
     782
     761
     749
     714
     729
     733
     813
     753
     717
     780
     772
     773
     737
     730
     766
     768
     758
     753
     794
     714
     761
     742
     724
     768
     799
     726
     806
     713
     737
     766
     694
     806
     777
     722
     759
     744
     757
     744
     752
     783
     757
     815
     735
     703
     761
     749
     732
     730
     718
     713
     796
     746
     748
     754
     727
     753
     756
     763
     740
     764
     760
     697
     747
     674
     721
     751
     770
     732
     747
     769
     700
     737
     721
     770
     732
     743
     803
     765
     786
     735
     757
     760
     678
     711
     753
     805
     715
     704
     796
     716
     717
     755
     755
     706
     739
     720
     739
     700
     735
     704
     773
     749
     711
     729
     711
     665
     710
     713
     760
     703
     716
     762
     754
     779
     716
     723
     733
     768
     727
     745
     754
     736
     754
     681
     736
     735
     754
     739
     766
     723
     698
     737
     725
     731
     756
     667
     725
     748
     769
     670
     744
     726
     733
     703
     728
     750
     684
     724
     715
     723
     714
     726
     739
     726
     739
     671
     747
     686
     789
     681
     695
     753
     685
     763
     675
     715
     718
     744
     723
     722
     734
     705
     763
     734
     768
     723
     724
     710
     736
     742
     712
     704
     736
     729
     737
     727
     691
     727
     770
     701
     707
     738
     708
     750
     668
     712
     769
     735
     766
     770
     723
     710
     760
     718
     689
     682
     723
     727
     755
     741
     780
     785
     713
     748
     741
     751
     727
     751
     731
     707
     738
     757
     724
     700
     764
     745
     700
     690
     713
     745
     707
     712
     731
     754
     683
     737
     723
     762
     731
     746
     715
     747
     732
     713
     766
     743
     711
     726
     748
     712
     733
     746
     740
     700
     747
     708
     725
     749
     751
     704
     733
     732
     690
     720
     743
     747
     733
     743
     699
     748
     737
     683
     710
     763
     778
     707
     732
     744
     739
     747
     770
     758
     780
     793
     822
     723
     687
     731
     709
     742
     738
     748
     742
     767
     715
     731
     714
     755
     769
     704
     749
     694
     720
     738
     749
     747
     755
     727
     730
     760
     787
     737
     676
     706
     707
     731
     755
     761
     704
     779
     738
     771
     755
     762
     779
     724
     724
     733
     764
     767
     714
     763
     757
     717
     745
     747
     736
     765
     790
     782
     761
     762
     783
     709
     774
     736
     757
     771
     772
     744
     745
     790
     757
     775
     731
     714
     722
     754
     709
     725
     739
     753
     754
     718
     777
     755
     775
     749
     771
     716
     771
     740
     730
     760
     797
     770
     805
     718
     745
     769
     719
     766
     748
     755
     814
     763
     742
     732
     746
     746
     701
     769
     751
     827
     762
     756
     776
     760
     764
     732
     817
     802
     830
     738
     795
     800
     820
     784
     827
     717
     813
     776
     766
     808
     775
     734
     766
     786
     769
     782
     797
     777
     787
     807
     810
     813
     790
     796
     788
     807
     789
     814
     834
     787
     777
     761
     799
     797
     839
     776
     772
     839
     834
     789
     806
     811
     838
     805
     831
     811
     817
     806
     837
     773
     825
     808
     779
     783
     821
     832
     839
     814
     835
     844
     773
     882
     768
     851
     832
     877
     785
     793
     819
     817
     846
     838
     826
     792
     876
     849
     883
     839
     829
     822
     819
     882
     839
     825
     854
     864
     819
     813
     822
     829
     864
     857
     861
     887
     860
     883
     920
     904
     863
     850
     841
     794
     885
     875
     844
     930
     846
     853
     896
     837
     901
     887
     892
     881
     843
     887
     883
     839
     896
     934
     886
     906
     911
     929
     891
     934
     855
     919
     890
     842
     840
     882
     981
     892
     928
     928
     915
     905
     931
     941
     896
     940
     877
     953
     918
     925
     993
     900
     941
     926
     916
     924
     901
     935
     904
     979
     949
     932
     989
     952
     990
     914
    1025
     946
     949
     939
     929
     982
     968
    1011
     897
     924
    1005
    1040
     951
     998
     995
     990
    1002
    1043
     960
    1013
    1035
     977
    1009
    1030
    1060
     975
    1054
    1020
     988
    1076
     989
    1041
     992
     983
    1041
    1101
    1091
    1081
    1076
    1053
    1055
    1123
    1080
    1093
    1074
    1097
    1076
    1068
    1113
    1091
    1096
    1122
    1118
    1134
    1135
    1100
    1119
    1120
    1106
    1128
    1173
    1198
    1171
    1179
    1142
    1134
    1154
    1149
    1101
    1196
    1220
    1227
    1260
    1266
    1198
    1233
    1253
    1271
    1224
    1284
    1271
    1203
    1299
    1265
    1196
    1313
    1271
    1347
    1353
    1312
    1313
    1368
    1281
    1322
    1381
    1293
    1335
    1312
    1339
    1280
    1347
    1315
    1375
    1393
    1395
    1365
    1347
    1316
    1417
    1364
    1444
    1373
    1384
    1343
    1354
    1316
    1351
    1390
    1310
    1362
    1370
    1311
    1395
    1255
    1235
    1177
    1203
    1142
    1065
    1071
    1014
    1032
    1006
    1002
    1037
     957
     946
     954
     926
     953
     924
     922
     928
     908
     890
     929
     881
     869
     826
     943
     934
     892
     871
     913
     851
     862
     856
     858
     860
     875
     885
     881
     854
     852
     857
     868
     804
     841
     854
     839
     933
     870
     846
     871
     904
     890
     876
     855
     810
     825
     828
     849
     825
     833
     860
     849
     853
     858
     812
     855
     894
     811
     833
     774
     842
     818
     779
     845
     795
     839
     850
     816
     779
     817
     851
     793
     815
     790
     800
     807
     746
     821
     818
     775
     830
     807
     813
     794
     767
     765
     840
     776
     829
     776
     838
     823
     789
     812
     774
     793
     764
     779
     820
     748
     775
     779
     774
     742
     774
     717
     754
     798
     747
     739
     775
     733
     802
     754
     735
     746
     810
     772
     738
     822
     768
     728
     794
     818
     748
     819
     790
     749
     762
     744
     767
     803
     812
     755
     777
     757
     802
     785
     764
     803
     733
     799
     737
     839
     790
     829
     848
     775
     860
     810
     837
     785
     810
     812
     816
     876
     857
     801
     876
     866
     826
     887
     794
     844
     824
     859
     860
     866
     782
     851
     897
     910
     888
     903
     879
     846
     862
     869
     831
     866
     904
     833
     854
     901
     885
     947
     934
     921
     913
     928
     935
     873
     929
     879
     869
     870
     799
     869
     822
     816
     780
     771
     721
     686
     686
     605
     659
     577
     560
     575
     531
     523
     549
     561
     525
     501
     527
     520
     503
     478
     486
     500
     445
     491
     477
     479
     425
     458
     417
     478
     437
     452
     414
     438
     417
     431
     424
     443
     440
     348
     393
     430
     400
     397
     405
     392
     390
     361
     405
     402
     408
     404
     374
     386
     414
     404
     402
     437
     409
     380
     375
     394
     417
     455
     500
     517
     563
     615
     769
     767
     853
     943
    1099
    1469
    2517
    7506
   21039
   29293
   18190
    5743
    1193
     403
     342
     295
     302
     284
     277
     285
     296
     242
     281
     289
     272
     288
     256
     255
     276
     257
     262
     261
     257
     242
     232
     206
     233
     228
     204
     235
     222
     211
     235
     207
     194
     204
     184
     205
     198
     184
     196
     179
     192
     190
     177
     217
     174
     149
     160
     164
     181
     157
     159
     137
     183
     151
     156
     138
     155
     141
     126
     144
     131
     155
     127
     124
     126
     131
     118
     130
     108
      98
     131
     118
      95
     108
     108
     103
     124
     102
     114
      96
      90
      86
     106
     107
      89
     101
      90
      77
      90
      95
      85
      88
      61
      78
      82
      59
      82
      87
      57
      65
      78
      71
      85
      64
      67
      80
      79
      67
      66
      80
      78
      64
      68
      80
      66
      65
      60
      70
      61
      53
      66
      52
      65
      69
      74
      55
      64
      67
      73
      61
      67
      58
      60
      61
      69
      52
      63
      66
      73
      59
      67
      58
      49
      61
      56
      60
      65
      63
      56
      49
      74
      53
      46
      67
      66
      72
      45
      66
      60
      64
      51
      57
      69
      62
      46
      52
      63
      52
      63
      67
      48
      64
      59
      43
      56
      50
      46
      52
      58
      54
      55
      50
      56
      63
      47
      58
      59
      50
      55
      52
      55
      61
      58
      57
      61
      68
      70
      65
      85
     108
     135
     178
     217
     292
     318
     416
     441
     525
     637
     824
    1431
    3491
   10835
   21790
   22051
   10652
    2762
     460
      65
      42
      39
      26
      27
      31
      37
      23
      17
      18
      24
      35
      26
      26
      18
      36
      26
      29
      33
      25
      20
      30
      25
      31
      23
      21
      16
      24
      29
      21
      17
      26
      23
      26
      21
      26
      27
      28
      26
      32
      21
      29
      20
      22
      30
      27
      18
      21
      24
      26
      28
      25
      21
      13
      21
      21
      24
      23
      21
      25
      18
      19
      27
      27
      18
      24
      22
      24
      23
      20
      23
      21
      23
      18
      23
      19
      32
      22
      25
      24
      25
      16
      26
      31
      14
      38
      32
      31
      25
      18
      21
      20
      28
      18
      23
      20
      19
      26
      21
      21
      36
      23
      23
      29
      26
      33
      21
      13
      24
      22
      21
      23
      21
      21
      19
      17
      18
      20
      22
      20
      25
      30
      18
      19
      20
      17
      14
      20
      21
      16
      18
      21
      17
      22
      20
      16
      19
      23
      15
      22
      30
      21
      27
      23
      22
      34
      23
      15
      17
      22
      27
      16
      18
      21
      24
      25
      24
      19
      20
      20
      21
      31
      17
       9
      14
      23
      25
      23
      38
      51
      81
      57
      36
      21
      23
      15
      21
      20
      18
      20
      25
      20
      18
      34
      22
      15
      13
      24
      23
      11
      16
      11
      21
      14
      21
      19
      17
      15
      15
       0
       0
       0
       0
       0
       0
       0
       0
       0
       0
       0
       0
       0
       0
       0
       0
       0
       0
       0
       0
       0
       0
       0
       0
       0
       0
       0
       0
       0
       0
       0
       0
$ROI:
0
$PRESETS:
None
0
0
$ENER_FIT:
0.000000 0.731044
$MCA_CAL:
3
0.000000E+000 7.310444E-001 0.000000E+000 keV
$SHAPE_CAL:
3
0.000000E+000 0.000000E+000 0.000000E+000
