$SPEC_ID:
No sample description was entered.
$SPEC_REM:
DET# 4
DETDESC# JLAB-20 MCB 131
AP# Maestro Version 7.01
$DATE_MEA:
10/07/2025 10:50:02
$MEAS_TIM:
579 599
$DATA:
0 2047
       0
       0
       0
       0
       0
       0
       0
       0
       0
       0
       0
       0
       0
       0
       0
       0
       0
       0
       0
       0
       0
       0
       0
       0
       0
       0
       0
       0
       0
       0
       0
       0
       0
       0
       0
       0
       0
       0
       0
       0
       0
       0
       0
       0
       0
       0
       0
       0
       0
       0
       0
       0
       0
       0
       0
       0
       0
       0
       0
       0
       0
       0
       0
       0
       0
       0
       0
       0
       0
      24
    1381
    1347
    1359
    1382
    1374
    1390
    1416
    1387
    1369
    1410
    1356
    1388
    1391
    1315
    1336
    1378
    1333
    1297
    1336
    1365
    1357
    1321
    1366
    1368
    1438
    1372
    1315
    1340
    1452
    1434
    1389
    1544
    1654
    1389
    1380
    1387
    1368
    1393
    1260
    1240
    1278
    1382
    1307
    1295
    1328
    1424
    1399
    1305
    1381
    1368
    1327
    1438
    1348
    1337
    1358
    1326
    1304
    1304
    1270
    1285
    1336
    1349
    1319
    1200
    1269
    1316
    1264
    1298
    1342
    1316
    1296
    1345
    1312
    1289
    1252
    1276
    1292
    1282
    1373
    1337
    1352
    1320
    1331
    1293
    1325
    1269
    1252
    1336
    1324
    1239
    1297
    1315
    1305
    1305
    1337
    1317
    1313
    1328
    1312
    1245
    1298
    1298
    1324
    1323
    1330
    1385
    1310
    1385
    1273
    1311
    1263
    1293
    1313
    1298
    1326
    1337
    1302
    1295
    1318
    1241
    1273
    1314
    1259
    1298
    1322
    1325
    1346
    1352
    1325
    1270
    1284
    1334
    1294
    1265
    1333
    1302
    1300
    1281
    1247
    1298
    1282
    1261
    1272
    1221
    1240
    1297
    1262
    1222
    1214
    1259
    1236
    1253
    1258
    1300
    1213
    1227
    1262
    1196
    1203
    1186
    1241
    1150
    1239
    1193
    1205
    1160
    1189
    1185
    1165
    1226
    1266
    1230
    1198
    1153
    1161
    1252
    1200
    1158
    1209
    1239
    1157
    1184
    1186
    1244
    1225
    1144
    1148
    1142
    1200
    1200
    1239
    1172
    1194
    1251
    1170
    1218
    1144
    1193
    1234
    1146
    1232
    1168
    1204
    1143
    1192
    1200
    1217
    1212
    1251
    1239
    1235
    1159
    1251
    1219
    1319
    1297
    1347
    1368
    1427
    1521
    1382
    1440
    1432
    1465
    1475
    1556
    1479
    1499
    1508
    1511
    1489
    1418
    1479
    1431
    1424
    1411
    1446
    1320
    1451
    1420
    1435
    1389
    1374
    1346
    1393
    1414
    1347
    1344
    1433
    1271
    1284
    1305
    1371
    1317
    1297
    1325
    1326
    1290
    1331
    1314
    1326
    1223
    1216
    1231
    1303
    1231
    1314
    1250
    1226
    1252
    1299
    1243
    1250
    1215
    1203
    1301
    1218
    1241
    1168
    1206
    1154
    1233
    1197
    1187
    1191
    1168
    1170
    1165
    1224
    1142
    1141
    1113
    1187
    1158
    1164
    1143
    1166
    1140
    1110
    1121
    1134
    1202
    1105
    1131
    1123
    1097
    1122
    1145
    1064
    1095
    1067
    1054
    1086
    1071
    1104
    1063
    1073
    1091
    1091
    1080
    1025
    1006
    1017
    1054
    1034
    1047
    1052
    1055
    1043
    1004
    1108
    1020
    1055
    1018
     991
    1014
    1060
    1080
    1035
     987
     973
    1012
     974
     998
     973
    1006
    1017
     912
     936
     976
     981
    1017
    1259
    1173
    1065
    1040
     938
     994
     993
     920
     982
    1014
     959
     978
     990
     960
     927
     938
     896
     963
     964
     958
     975
     933
     908
     903
     922
     923
     869
     938
     958
     932
     874
     966
     915
     900
     929
     908
     883
     896
     944
     904
     866
     894
     885
     918
     904
     933
     857
     894
     860
     904
     871
     897
     887
     864
     892
     820
     915
     890
     922
     846
     902
     894
     893
     876
     841
     852
     903
     914
     787
     901
     844
     863
     911
     795
     864
     927
     814
     824
     782
     861
     832
     817
     842
     881
     830
     801
     817
     844
     860
     836
     817
     815
     858
     822
     785
     849
     801
     779
     839
     849
     780
     777
     832
     815
     857
     782
     786
     792
     850
     754
     789
     814
     835
     826
     770
     884
     855
     768
     848
     767
     842
     788
     839
     813
     804
     831
     839
     764
     827
     823
     792
     820
     761
     767
     812
     741
     785
     792
     773
     804
     746
     760
     812
     829
     839
     850
     777
     775
     752
     769
     822
     811
     784
     786
     848
     797
     756
     769
     776
     779
     755
     785
     787
     804
     814
     764
     783
     769
     764
     721
     750
     745
     796
     754
     774
     692
     811
     746
     740
     786
     765
     802
     758
     730
     771
     769
     785
     745
     777
     759
     751
     738
     744
     753
     755
     796
     726
     763
     704
     702
     817
     743
     779
     719
     763
     750
     759
     774
     756
     748
     759
     720
     731
     692
     808
     772
     774
     751
     769
     816
     785
     776
     758
     727
     740
     753
     741
     805
     717
     778
     745
     695
     799
     747
     722
     786
     773
     651
     805
     820
     734
     719
     734
     742
     744
     746
     751
     703
     726
     687
     704
     745
     771
     712
     768
     760
     758
     766
     732
     750
     735
     749
     687
     743
     790
     761
     761
     690
     697
     772
     768
     738
     758
     800
     807
     745
     726
     766
     729
     656
     740
     756
     757
     705
     730
     729
     728
     720
     710
     770
     720
     779
     771
     721
     714
     780
     757
     708
     742
     711
     660
     750
     750
     746
     729
     722
     716
     685
     720
     703
     818
     754
     742
     722
     717
     751
     700
     718
     724
     740
     722
     729
     770
     749
     725
     685
     740
     756
     715
     723
     746
     742
     735
     749
     728
     772
     780
     777
     725
     728
     792
     734
     707
     716
     745
     748
     752
     761
     735
     755
     729
     732
     700
     680
     721
     731
     735
     677
     716
     727
     706
     718
     739
     685
     770
     703
     757
     721
     689
     732
     799
     731
     731
     722
     756
     726
     744
     715
     668
     695
     671
     712
     742
     718
     668
     767
     740
     736
     729
     672
     714
     688
     740
     726
     748
     784
     714
     706
     752
     707
     724
     676
     757
     753
     699
     760
     733
     764
     703
     692
     718
     674
     729
     723
     756
     766
     744
     710
     737
     740
     707
     745
     741
     786
     677
     726
     754
     737
     744
     711
     687
     773
     729
     733
     720
     730
     694
     683
     680
     714
     769
     715
     688
     728
     719
     758
     690
     735
     733
     769
     725
     695
     713
     726
     738
     718
     756
     761
     720
     729
     744
     714
     715
     737
     756
     745
     763
     760
     728
     742
     712
     707
     756
     744
     756
     785
     787
     726
     772
     743
     774
     731
     750
     729
     701
     706
     715
     695
     766
     738
     685
     769
     732
     747
     736
     688
     691
     739
     737
     772
     697
     731
     764
     724
     755
     750
     767
     737
     751
     738
     735
     721
     707
     761
     785
     743
     751
     745
     754
     692
     736
     728
     783
     798
     710
     739
     747
     748
     762
     721
     724
     769
     778
     774
     773
     744
     770
     749
     686
     806
     701
     701
     753
     743
     764
     763
     712
     736
     775
     713
     782
     718
     692
     780
     766
     749
     748
     759
     835
     702
     765
     763
     766
     734
     738
     751
     738
     784
     794
     730
     773
     732
     768
     754
     763
     754
     743
     716
     766
     769
     752
     764
     784
     776
     753
     766
     758
     755
     705
     773
     748
     751
     701
     678
     774
     747
     756
     802
     751
     794
     774
     791
     775
     805
     753
     748
     819
     813
     794
     781
     748
     749
     792
     755
     795
     766
     785
     739
     776
     778
     797
     781
     729
     823
     789
     777
     776
     798
     779
     837
     777
     817
     748
     769
     786
     817
     797
     792
     780
     806
     751
     789
     817
     787
     797
     753
     763
     811
     787
     797
     760
     821
     777
     801
     845
     804
     878
     806
     806
     796
     759
     818
     829
     788
     811
     805
     856
     789
     829
     849
     833
     827
     809
     813
     810
     827
     826
     847
     807
     855
     893
     837
     791
     884
     830
     840
     826
     801
     866
     908
     815
     872
     863
     841
     933
     895
     930
     896
     852
     851
     864
     861
     818
     867
     869
     867
     846
     866
     913
     845
     847
     837
     848
     847
     879
     866
     831
     891
     885
     830
     846
     872
     929
     839
     886
     869
     882
     891
     897
     862
     879
     913
     899
     882
     931
     857
     910
     907
     897
     986
     934
     927
     920
     975
     909
     880
     868
     936
     927
     942
     931
    1005
     916
     955
     912
     903
     964
     958
     923
     953
     947
     947
     883
     905
     914
     977
     912
     956
     983
     963
     988
     969
    1020
    1002
     959
     927
    1006
     942
     948
     941
    1026
     990
     947
    1068
    1007
     985
    1010
    1042
    1024
    1023
    1082
    1035
     974
    1051
    1069
    1065
     986
    1039
    1062
    1073
    1069
    1063
    1037
    1056
    1121
    1096
    1138
    1093
    1065
    1100
    1092
    1085
    1071
    1125
    1050
    1120
    1079
    1105
    1126
    1137
    1127
    1097
    1129
    1180
    1144
    1153
    1201
    1237
    1200
    1130
    1245
    1151
    1244
    1177
    1139
    1242
    1245
    1242
    1239
    1236
    1229
    1277
    1248
    1280
    1239
    1234
    1250
    1210
    1263
    1234
    1348
    1274
    1294
    1384
    1331
    1311
    1302
    1310
    1294
    1241
    1333
    1325
    1360
    1337
    1288
    1385
    1344
    1360
    1391
    1404
    1400
    1383
    1343
    1351
    1363
    1382
    1364
    1341
    1228
    1387
    1303
    1356
    1372
    1345
    1279
    1316
    1311
    1214
    1349
    1163
    1104
    1110
    1073
    1068
    1024
    1003
     970
     983
     953
     964
     995
     942
     935
     935
     958
     903
     914
     903
     876
     910
     878
     890
     921
     920
     885
     872
     867
     846
     920
     867
     923
     867
     848
     894
     786
     903
     840
     860
     867
     886
     863
     851
     854
     912
     849
     848
     875
     882
     897
     838
     860
     884
     810
     838
     825
     864
     883
     817
     869
     861
     798
     793
     800
     799
     860
     803
     850
     856
     827
     815
     811
     812
     834
     802
     825
     830
     816
     883
     789
     824
     831
     833
     868
     792
     829
     832
     764
     786
     832
     804
     806
     790
     799
     779
     790
     806
     733
     869
     757
     749
     851
     839
     752
     748
     792
     804
     842
     795
     762
     826
     734
     772
     768
     808
     797
     771
     824
     793
     777
     795
     783
     715
     789
     803
     798
     759
     785
     751
     738
     811
     757
     767
     813
     782
     771
     767
     741
     751
     770
     769
     778
     763
     756
     828
     766
     744
     742
     802
     785
     820
     815
     736
     797
     810
     798
     796
     835
     805
     796
     886
     778
     829
     793
     837
     848
     862
     874
     820
     797
     892
     843
     837
     872
     884
     846
     887
     848
     838
     877
     920
     879
     879
     869
     901
     921
     903
     870
     890
     901
     927
     936
     848
     910
     879
     850
     940
     955
     950
     876
     868
     919
     862
     833
     866
     861
     820
     805
     836
     753
     718
     692
     677
     628
     597
     590
     560
     525
     538
     522
     492
     514
     496
     508
     477
     510
     492
     469
     470
     441
     460
     480
     467
     502
     470
     418
     422
     430
     447
     399
     421
     409
     451
     394
     420
     415
     419
     397
     415
     420
     435
     378
     405
     381
     398
     395
     408
     410
     370
     408
     400
     388
     380
     413
     408
     388
     380
     391
     389
     380
     398
     418
     488
     490
     571
     697
     744
     800
     870
     959
    1085
    1292
    2292
    6298
   18399
   29140
   21112
    7221
    1547
     468
     274
     308
     293
     267
     303
     310
     291
     267
     274
     262
     271
     251
     258
     246
     251
     274
     284
     248
     261
     249
     240
     214
     221
     222
     223
     210
     202
     217
     229
     203
     195
     203
     210
     187
     176
     209
     207
     193
     190
     204
     189
     189
     179
     187
     163
     177
     166
     179
     150
     136
     159
     134
     126
     125
     142
     130
     120
     139
     102
     137
     141
     131
     110
     139
     150
     102
     118
     112
     134
     105
     119
     114
     105
     103
     124
     116
     108
      94
     117
      91
      85
      89
      96
      94
      96
      93
      64
      91
     107
      82
      77
      83
      79
      93
      56
      65
      64
      75
      76
      73
      66
      71
      66
      82
      76
      79
      75
      71
      71
      56
      47
      69
      64
      63
      63
      74
      64
      66
      73
      63
      62
      69
      73
      64
      64
      61
      64
      72
      74
      58
      77
      55
      49
      74
      62
      54
      56
      61
      72
      51
      69
      57
      71
      64
      57
      69
      62
      62
      62
      66
      58
      69
      54
      56
      52
      47
      53
      54
      61
      54
      52
      59
      48
      60
      61
      51
      55
      52
      44
      68
      56
      67
      45
      56
      53
      61
      48
      44
      56
      48
      52
      55
      60
      46
      56
      53
      57
      59
      57
      48
      66
      66
      57
      64
      80
      74
      73
      85
     118
     171
     225
     290
     363
     419
     465
     504
     660
     773
    1271
    2930
    8953
   20246
   23244
   12680
    3644
     646
     100
      37
      31
      34
      31
      25
      19
      32
      27
      26
      29
      29
      28
      19
      40
      33
      29
      34
      35
      32
      40
      29
      29
      22
      24
      32
      26
      31
      17
      26
      23
      21
      27
      18
      35
      21
      32
      21
      29
      17
      27
      22
      26
      25
      29
      23
      18
      24
      22
      27
      25
      34
      26
      30
      29
      23
      23
      30
      28
      27
      16
      26
      18
      22
      23
      22
      29
      27
      23
      24
      10
      25
      31
      23
      22
      26
      21
      27
      24
      18
      25
      29
      22
      24
      26
      20
      30
      20
      24
      18
      16
      24
      23
      22
      29
      23
      20
      17
      25
      19
      24
      23
      27
      26
      11
      19
      31
      17
      19
      25
      25
      19
      16
      23
      25
      21
      15
      22
      22
      19
      19
      27
      17
      21
      22
      23
      21
      12
      28
      20
      22
      13
      23
      25
      29
      20
      26
      20
      11
      14
      16
      26
      21
      17
      19
      14
      20
      27
      16
      14
      26
      22
      25
      21
      14
      19
      19
      19
      22
      16
      22
      15
      16
      27
      25
      17
      27
      31
      29
      53
      78
      56
      27
      22
      21
      17
      19
      20
      19
      15
      18
      20
      19
      18
      14
      18
      17
      12
      18
      18
      24
      16
      18
      16
      21
      14
      15
      22
      23
       0
       0
       0
       0
       0
       0
       0
       0
       0
       0
       0
       0
       0
       0
       0
       0
       0
       0
       0
       0
       0
       0
       0
       0
       0
       0
       0
       0
       0
       0
       0
       0
$ROI:
0
$PRESETS:
None
0
0
$ENER_FIT:
0.000000 0.731044
$MCA_CAL:
3
0.000000E+000 7.310444E-001 0.000000E+000 keV
$SHAPE_CAL:
3
0.000000E+000 0.000000E+000 0.000000E+000
