$SPEC_ID:
No sample description was entered.
$SPEC_REM:
DET# 4
DETDESC# JLAB-20 MCB 131
AP# Maestro Version 7.01
$DATE_MEA:
10/06/2025 20:00:02
$MEAS_TIM:
579 599
$DATA:
0 2047
       0
       0
       0
       0
       0
       0
       0
       0
       0
       0
       0
       0
       0
       0
       0
       0
       0
       0
       0
       0
       0
       0
       0
       0
       0
       0
       0
       0
       0
       0
       0
       0
       0
       0
       0
       0
       0
       0
       0
       0
       0
       0
       0
       0
       0
       0
       0
       0
       0
       0
       0
       0
       0
       0
       0
       0
       0
       0
       0
       0
       0
       0
       0
       0
       0
       0
       0
       0
       0
      45
    1333
    1402
    1419
    1403
    1408
    1367
    1421
    1443
    1399
    1397
    1289
    1382
    1359
    1319
    1377
    1302
    1278
    1376
    1386
    1384
    1346
    1470
    1327
    1313
    1328
    1322
    1384
    1362
    1411
    1404
    1364
    1516
    1517
    1452
    1422
    1386
    1331
    1381
    1294
    1274
    1337
    1371
    1262
    1379
    1353
    1409
    1337
    1352
    1336
    1361
    1311
    1351
    1316
    1351
    1315
    1365
    1329
    1353
    1346
    1337
    1334
    1268
    1304
    1380
    1353
    1293
    1315
    1343
    1309
    1310
    1302
    1283
    1377
    1347
    1287
    1266
    1297
    1281
    1311
    1312
    1364
    1306
    1327
    1355
    1318
    1272
    1302
    1298
    1318
    1346
    1328
    1295
    1329
    1297
    1303
    1275
    1375
    1362
    1321
    1269
    1304
    1365
    1342
    1310
    1328
    1337
    1372
    1314
    1238
    1393
    1327
    1359
    1357
    1254
    1294
    1319
    1293
    1332
    1335
    1307
    1326
    1297
    1291
    1314
    1379
    1324
    1317
    1278
    1349
    1310
    1306
    1287
    1386
    1243
    1254
    1365
    1327
    1277
    1249
    1322
    1317
    1272
    1186
    1258
    1264
    1280
    1290
    1248
    1242
    1261
    1227
    1250
    1351
    1242
    1329
    1246
    1233
    1280
    1215
    1259
    1252
    1197
    1256
    1221
    1248
    1197
    1213
    1234
    1302
    1184
    1248
    1194
    1180
    1152
    1217
    1229
    1158
    1203
    1210
    1312
    1189
    1189
    1281
    1218
    1159
    1119
    1230
    1199
    1139
    1204
    1130
    1205
    1204
    1157
    1226
    1250
    1203
    1148
    1237
    1218
    1135
    1200
    1271
    1184
    1225
    1139
    1236
    1164
    1221
    1177
    1226
    1291
    1233
    1277
    1301
    1371
    1350
    1403
    1388
    1463
    1422
    1529
    1500
    1534
    1517
    1498
    1527
    1473
    1530
    1430
    1489
    1435
    1428
    1383
    1499
    1461
    1406
    1446
    1407
    1330
    1400
    1360
    1420
    1457
    1443
    1399
    1367
    1365
    1333
    1294
    1328
    1384
    1332
    1276
    1332
    1375
    1334
    1283
    1298
    1292
    1281
    1287
    1288
    1286
    1234
    1289
    1246
    1230
    1274
    1259
    1233
    1214
    1207
    1244
    1215
    1294
    1204
    1233
    1211
    1182
    1140
    1210
    1196
    1114
    1184
    1153
    1240
    1182
    1191
    1175
    1103
    1195
    1153
    1203
    1156
    1123
    1161
    1140
    1170
    1149
    1146
    1072
    1123
    1073
    1091
    1093
    1125
    1076
    1112
    1121
    1087
    1061
    1107
    1111
    1118
    1040
    1115
    1081
    1064
    1019
    1074
    1070
    1005
    1087
    1026
    1086
    1096
    1040
    1006
    1019
    1013
    1014
    1067
    1009
    1055
    1042
    1012
     976
    1015
    1036
     975
    1032
     995
    1029
     983
    1040
     977
    1043
    1004
     984
    1001
    1002
    1319
    1248
    1044
     937
     956
     978
     983
     984
     972
     964
    1025
     905
     898
     924
     973
     925
     940
     948
     933
     879
     954
     924
     912
     943
     953
     918
     896
     952
     901
     910
     903
     921
     894
     898
     872
     955
     907
     900
     906
     872
     895
     871
     917
     937
     923
     889
     874
     918
     966
     935
     870
     935
     852
     936
     942
     933
     918
     900
     927
     832
     891
     860
     877
     881
     842
     865
     851
     842
     807
     883
     865
     844
     834
     856
     850
     865
     837
     844
     821
     800
     851
     861
     805
     852
     800
     827
     886
     899
     842
     813
     820
     815
     826
     791
     837
     826
     783
     826
     818
     782
     831
     859
     848
     830
     828
     833
     763
     869
     843
     764
     848
     803
     825
     772
     816
     786
     764
     783
     840
     802
     813
     799
     788
     789
     767
     798
     793
     802
     809
     819
     806
     808
     766
     795
     815
     800
     795
     802
     833
     822
     797
     772
     725
     753
     759
     786
     742
     770
     798
     728
     799
     747
     756
     765
     766
     780
     755
     782
     786
     771
     753
     759
     774
     728
     796
     753
     803
     754
     764
     806
     751
     780
     775
     755
     782
     782
     738
     756
     737
     755
     795
     762
     744
     727
     727
     757
     754
     797
     767
     779
     775
     813
     753
     751
     743
     782
     779
     762
     722
     777
     738
     800
     815
     791
     719
     717
     734
     744
     740
     790
     759
     759
     757
     733
     691
     796
     781
     768
     760
     752
     763
     729
     704
     750
     742
     733
     730
     702
     711
     748
     766
     767
     744
     796
     776
     752
     734
     712
     743
     751
     744
     761
     765
     747
     756
     744
     706
     727
     780
     738
     800
     743
     710
     745
     799
     762
     695
     743
     752
     746
     801
     786
     709
     718
     736
     751
     746
     755
     820
     738
     772
     760
     846
     772
     761
     758
     697
     730
     742
     746
     757
     789
     748
     741
     726
     764
     748
     715
     691
     783
     727
     783
     737
     741
     738
     781
     739
     758
     734
     708
     758
     768
     780
     690
     741
     724
     733
     714
     720
     797
     769
     731
     767
     684
     763
     793
     692
     749
     721
     733
     736
     721
     691
     718
     745
     701
     732
     727
     763
     698
     790
     725
     705
     737
     707
     755
     738
     715
     753
     731
     663
     739
     749
     754
     734
     706
     761
     695
     723
     748
     755
     714
     694
     721
     736
     735
     718
     720
     727
     699
     762
     739
     744
     718
     727
     745
     770
     755
     755
     737
     725
     723
     774
     719
     691
     666
     747
     746
     740
     739
     750
     739
     711
     745
     761
     757
     743
     758
     744
     731
     729
     748
     756
     769
     702
     733
     730
     795
     720
     693
     733
     723
     700
     699
     726
     732
     751
     764
     726
     748
     754
     788
     743
     757
     687
     734
     735
     727
     713
     755
     755
     691
     739
     692
     791
     755
     716
     691
     743
     747
     692
     718
     729
     737
     741
     748
     764
     696
     743
     696
     743
     728
     760
     725
     713
     657
     691
     723
     716
     760
     744
     765
     701
     764
     724
     760
     750
     700
     742
     780
     697
     779
     716
     748
     728
     729
     767
     751
     744
     737
     751
     728
     727
     739
     768
     724
     706
     769
     749
     766
     745
     711
     754
     748
     731
     699
     775
     688
     770
     750
     721
     756
     728
     740
     748
     714
     772
     783
     769
     741
     769
     743
     757
     768
     747
     742
     755
     727
     753
     753
     718
     771
     731
     767
     753
     734
     746
     746
     685
     789
     741
     769
     750
     751
     770
     738
     765
     744
     741
     740
     779
     748
     768
     793
     726
     726
     731
     744
     768
     736
     767
     771
     804
     786
     764
     781
     755
     742
     698
     741
     803
     739
     785
     759
     722
     764
     742
     758
     722
     783
     744
     698
     760
     731
     753
     772
     768
     803
     806
     794
     769
     746
     783
     749
     805
     773
     751
     760
     797
     743
     758
     780
     731
     810
     785
     739
     799
     791
     699
     771
     769
     770
     778
     789
     789
     774
     759
     781
     811
     763
     777
     772
     789
     809
     786
     759
     737
     735
     782
     755
     778
     744
     793
     789
     747
     749
     771
     785
     833
     749
     826
     805
     807
     768
     771
     810
     762
     784
     731
     812
     764
     839
     806
     862
     804
     818
     798
     778
     855
     879
     812
     766
     885
     791
     835
     792
     797
     846
     776
     776
     850
     798
     792
     775
     805
     768
     794
     847
     781
     812
     865
     802
     833
     794
     848
     787
     819
     867
     860
     837
     879
     855
     911
     844
     805
     844
     825
     862
     815
     806
     873
     814
     860
     824
     808
     822
     844
     896
     870
     871
     835
     815
     848
     911
     899
     942
     918
     893
     849
     879
     848
     868
     870
     864
     851
     884
     855
     824
     908
     929
     869
     847
     848
     903
     840
     842
     873
     831
     911
     876
     896
     856
     932
     891
     906
     839
     916
     901
     849
     886
     905
     830
     951
     834
     882
     887
     933
     951
     900
     838
     920
     983
     877
     882
     951
     887
     882
     913
     957
     933
     906
     923
     913
     918
     896
     992
     998
     970
     897
     963
     973
     996
    1055
     955
     948
     971
     974
     979
     996
    1020
     990
     972
     960
     972
     994
    1054
    1011
     986
    1039
    1017
    1012
    1028
    1036
     990
    1048
    1033
    1004
    1021
    1083
    1057
     999
    1021
    1029
    1047
    1004
    1036
    1068
    1044
    1069
     997
    1084
    1088
    1030
    1069
    1096
    1087
    1090
    1062
    1092
    1059
    1085
    1143
    1091
    1114
    1089
    1136
    1146
    1169
    1150
    1173
    1134
    1147
    1163
    1217
    1084
    1205
    1119
    1126
    1205
    1150
    1162
    1177
    1212
    1200
    1193
    1232
    1230
    1223
    1272
    1252
    1193
    1186
    1267
    1223
    1241
    1314
    1287
    1266
    1230
    1296
    1258
    1223
    1375
    1252
    1338
    1359
    1290
    1305
    1352
    1325
    1294
    1320
    1434
    1287
    1373
    1322
    1316
    1459
    1428
    1457
    1411
    1354
    1365
    1385
    1395
    1394
    1406
    1399
    1349
    1391
    1341
    1425
    1393
    1324
    1287
    1298
    1286
    1217
    1180
    1131
    1102
    1075
    1046
    1039
    1046
    1031
     944
     968
     976
     989
     994
     889
     933
     929
     950
     929
     859
     928
     920
     850
     850
     857
     899
     857
     908
     895
     853
     916
     868
     841
     892
     899
     847
     886
     882
     875
     826
     914
     873
     824
     852
     859
     862
     827
     850
     883
     825
     832
     870
     878
     891
     860
     825
     817
     839
     829
     826
     853
     838
     821
     876
     853
     887
     824
     798
     800
     842
     841
     837
     852
     913
     796
     758
     844
     862
     802
     803
     854
     817
     811
     851
     796
     824
     810
     850
     793
     792
     806
     781
     807
     784
     800
     822
     794
     804
     817
     811
     817
     770
     793
     737
     743
     764
     800
     755
     761
     789
     769
     770
     811
     777
     798
     740
     758
     800
     773
     785
     833
     781
     794
     787
     759
     759
     762
     778
     747
     791
     780
     775
     789
     774
     779
     755
     791
     775
     755
     788
     784
     750
     796
     817
     829
     787
     773
     755
     808
     793
     812
     812
     811
     782
     844
     822
     802
     772
     816
     807
     815
     806
     830
     800
     817
     815
     813
     864
     833
     835
     888
     841
     831
     874
     809
     818
     897
     875
     884
     849
     879
     869
     876
     944
     881
     860
     904
     895
     850
     838
     866
     972
     865
     932
     890
     890
     972
     942
     890
     916
     872
     948
     889
     903
     923
     850
     923
     843
     878
     784
     729
     770
     737
     661
     655
     623
     608
     569
     529
     594
     563
     548
     537
     549
     526
     549
     529
     492
     466
     464
     479
     493
     465
     461
     466
     426
     456
     455
     486
     467
     439
     449
     434
     441
     458
     409
     429
     421
     408
     440
     426
     384
     402
     397
     407
     405
     407
     386
     432
     434
     400
     379
     380
     395
     380
     382
     401
     396
     393
     382
     394
     381
     403
     438
     468
     518
     568
     701
     762
     816
     868
    1006
    1176
    1660
    3540
   10972
   25465
   27187
   13405
    3518
     735
     366
     313
     287
     296
     306
     275
     290
     285
     299
     230
     271
     273
     268
     288
     231
     271
     264
     253
     281
     239
     231
     220
     255
     248
     228
     242
     222
     235
     232
     218
     209
     227
     192
     213
     187
     171
     186
     171
     206
     178
     171
     195
     192
     176
     157
     155
     134
     165
     165
     189
     168
     154
     150
     127
     126
     125
     129
     131
     125
     121
     131
     117
     105
     131
     120
     109
     143
     128
     103
      93
     119
     118
     108
      93
     112
     127
     105
      88
     115
      96
      99
      93
      94
     111
      82
      94
      91
      93
      70
      81
      88
      88
      66
      74
      81
      80
      77
      82
      70
      72
      70
      81
      58
      62
      68
      78
      73
      75
      63
      65
      75
      81
      66
      71
      71
      74
      64
      64
      70
      49
      66
      53
      74
      62
      60
      62
      68
      64
      58
      75
      78
      51
      55
      73
      67
      57
      58
      80
      61
      52
      76
      67
      58
      54
      64
      46
      51
      73
      60
      42
      62
      57
      64
      69
      58
      62
      60
      60
      52
      65
      69
      63
      48
      49
      58
      43
      52
      61
      59
      54
      47
      45
      54
      77
      74
      45
      49
      48
      52
      60
      66
      53
      53
      60
      57
      55
      35
      54
      52
      74
      66
      58
      73
      58
      59
      63
      79
      84
      99
     168
     190
     239
     294
     387
     440
     486
     543
     697
     988
    1879
    5432
   15155
   23979
   18163
    6950
    1428
     204
      40
      32
      36
      29
      28
      23
      24
      24
      29
      35
      35
      21
      22
      32
      28
      27
      22
      26
      25
      32
      24
      24
      23
      28
      27
      23
      24
      19
      26
      39
      26
      28
      26
      24
      25
      18
      28
      19
      24
      28
      27
      18
      22
      19
      21
      22
      26
      30
      31
      21
      30
      25
      22
      30
      21
      31
      17
      34
      35
      27
      25
      22
      30
      17
      24
      18
      26
      26
      18
      23
      21
      20
      27
      25
      28
      27
      21
      17
      13
      23
      19
      20
      19
      25
      24
      24
      24
      23
      29
      29
      14
      30
      17
      25
      23
      16
      21
      19
      27
      16
      19
      32
      21
      17
      27
      25
      20
      31
      15
      29
      23
      23
      19
      25
      18
      19
      19
      16
      23
      14
      17
      20
      15
      17
      18
      21
      16
      25
      24
      20
      24
      27
      19
      22
      30
      27
      23
      20
      18
      25
      18
      23
      25
      25
      21
      29
      17
      22
      17
      19
      23
      29
      20
      19
      27
      20
      14
      22
      26
      14
      29
      15
      21
      23
      27
      22
      19
      26
      43
      64
      62
      43
      31
      17
      19
      17
      13
      24
      20
      33
      15
      17
      16
      18
      25
      15
       9
      14
      18
      17
      25
      21
      16
      22
      13
      21
      19
      20
      24
       0
       0
       0
       0
       0
       0
       0
       0
       0
       0
       0
       0
       0
       0
       0
       0
       0
       0
       0
       0
       0
       0
       0
       0
       0
       0
       0
       0
       0
       0
       0
       0
$ROI:
0
$PRESETS:
None
0
0
$ENER_FIT:
0.000000 0.731044
$MCA_CAL:
3
0.000000E+000 7.310444E-001 0.000000E+000 keV
$SHAPE_CAL:
3
0.000000E+000 0.000000E+000 0.000000E+000
