$SPEC_ID:
No sample description was entered.
$SPEC_REM:
DET# 4
DETDESC# JLAB-20 MCB 131
AP# Maestro Version 7.01
$DATE_MEA:
10/07/2025 05:20:02
$MEAS_TIM:
579 599
$DATA:
0 2047
       0
       0
       0
       0
       0
       0
       0
       0
       0
       0
       0
       0
       0
       0
       0
       0
       0
       0
       0
       0
       0
       0
       0
       0
       0
       0
       0
       0
       0
       0
       0
       0
       0
       0
       0
       0
       0
       0
       0
       0
       0
       0
       0
       0
       0
       0
       0
       0
       0
       0
       0
       0
       0
       0
       0
       0
       0
       0
       0
       0
       0
       0
       0
       0
       0
       0
       0
       0
       0
      46
    1274
    1432
    1342
    1393
    1519
    1344
    1367
    1377
    1349
    1368
    1399
    1361
    1357
    1396
    1381
    1366
    1388
    1395
    1437
    1315
    1448
    1336
    1341
    1357
    1313
    1357
    1348
    1416
    1354
    1467
    1378
    1520
    1611
    1350
    1376
    1380
    1275
    1271
    1272
    1297
    1303
    1339
    1270
    1354
    1322
    1480
    1345
    1262
    1373
    1409
    1348
    1289
    1384
    1338
    1364
    1317
    1291
    1346
    1339
    1347
    1304
    1338
    1332
    1308
    1315
    1373
    1309
    1321
    1327
    1285
    1305
    1344
    1305
    1340
    1354
    1273
    1306
    1335
    1370
    1270
    1305
    1339
    1222
    1374
    1255
    1262
    1289
    1282
    1331
    1342
    1287
    1331
    1290
    1308
    1307
    1312
    1253
    1267
    1279
    1307
    1338
    1262
    1303
    1286
    1293
    1323
    1298
    1333
    1373
    1298
    1327
    1301
    1333
    1323
    1319
    1273
    1315
    1315
    1304
    1290
    1326
    1357
    1340
    1321
    1306
    1230
    1238
    1306
    1275
    1271
    1325
    1326
    1245
    1321
    1283
    1318
    1358
    1239
    1320
    1267
    1330
    1288
    1283
    1243
    1295
    1230
    1270
    1248
    1273
    1249
    1217
    1237
    1269
    1234
    1255
    1303
    1227
    1202
    1222
    1234
    1226
    1269
    1218
    1245
    1229
    1223
    1168
    1169
    1176
    1181
    1202
    1257
    1228
    1180
    1234
    1253
    1180
    1143
    1178
    1156
    1209
    1176
    1186
    1252
    1140
    1238
    1184
    1205
    1234
    1116
    1167
    1207
    1179
    1140
    1191
    1168
    1172
    1198
    1189
    1241
    1111
    1189
    1196
    1224
    1248
    1175
    1200
    1230
    1228
    1245
    1191
    1243
    1279
    1374
    1321
    1294
    1365
    1360
    1390
    1430
    1442
    1480
    1524
    1506
    1543
    1448
    1531
    1444
    1482
    1498
    1540
    1409
    1458
    1467
    1478
    1368
    1385
    1424
    1372
    1404
    1430
    1397
    1381
    1371
    1403
    1362
    1406
    1359
    1366
    1384
    1322
    1345
    1346
    1278
    1304
    1269
    1222
    1321
    1228
    1340
    1273
    1299
    1225
    1250
    1259
    1279
    1300
    1241
    1222
    1182
    1231
    1254
    1301
    1242
    1204
    1183
    1225
    1163
    1255
    1081
    1178
    1169
    1188
    1165
    1210
    1237
    1155
    1128
    1165
    1110
    1139
    1201
    1088
    1144
    1197
    1162
    1116
    1208
    1196
    1041
    1168
    1203
    1095
    1141
    1078
    1147
    1076
    1104
    1040
    1113
    1071
    1151
    1042
    1076
    1118
    1126
    1067
    1076
    1112
    1094
    1037
    1035
    1059
    1015
    1042
    1039
    1027
    1020
     984
    1014
    1053
    1029
    1001
    1054
    1044
    1054
     994
    1030
    1001
    1016
    1020
     922
     964
    1034
    1015
     999
     979
     962
     974
    1013
     974
     969
    1207
    1232
    1026
     963
    1004
     956
     976
     984
     945
     923
     940
     967
     945
     903
     935
     974
     938
    1010
     959
     942
     972
     964
     922
     904
     991
     896
     882
     904
     882
     932
     936
     923
     880
     903
     877
     958
     884
     916
     901
     864
     914
     887
     944
     922
     876
     856
     981
     877
     883
     877
     831
     918
     858
     955
     869
     882
     902
     927
     911
     856
     870
     837
     872
     821
     924
     833
     888
     822
     886
     861
     860
     850
     843
     868
     904
     853
     805
     830
     853
     778
     849
     864
     849
     847
     871
     803
     784
     839
     799
     873
     829
     875
     753
     856
     787
     809
     848
     827
     762
     868
     859
     827
     810
     778
     808
     797
     751
     849
     841
     802
     746
     804
     811
     838
     841
     819
     796
     806
     767
     792
     834
     798
     824
     830
     754
     767
     811
     746
     796
     789
     785
     769
     800
     825
     790
     844
     761
     795
     859
     793
     784
     794
     754
     767
     843
     794
     770
     806
     801
     746
     809
     797
     764
     803
     773
     797
     826
     818
     775
     853
     762
     795
     750
     760
     777
     782
     833
     733
     778
     746
     811
     777
     755
     785
     772
     761
     774
     752
     747
     770
     798
     803
     717
     775
     822
     733
     784
     777
     793
     813
     750
     766
     720
     771
     748
     788
     780
     746
     752
     757
     760
     806
     768
     741
     735
     764
     770
     753
     743
     738
     740
     746
     749
     808
     739
     795
     740
     738
     783
     743
     737
     705
     755
     761
     765
     736
     746
     764
     737
     750
     732
     778
     778
     750
     767
     747
     809
     775
     715
     697
     731
     714
     748
     781
     736
     767
     733
     775
     749
     706
     781
     733
     755
     734
     750
     786
     773
     708
     779
     774
     747
     730
     714
     726
     712
     757
     771
     752
     741
     750
     700
     737
     725
     759
     760
     750
     699
     736
     771
     747
     739
     691
     714
     799
     733
     780
     741
     743
     715
     746
     712
     717
     741
     725
     688
     741
     730
     714
     759
     761
     752
     737
     781
     724
     662
     724
     728
     757
     768
     726
     756
     740
     734
     742
     742
     764
     738
     703
     720
     772
     730
     778
     728
     733
     725
     720
     716
     729
     778
     711
     738
     752
     682
     729
     722
     750
     745
     736
     690
     737
     707
     759
     727
     726
     749
     727
     689
     689
     731
     705
     694
     684
     714
     716
     738
     763
     749
     764
     747
     691
     711
     733
     763
     721
     700
     760
     695
     717
     735
     737
     743
     738
     744
     728
     719
     698
     745
     747
     721
     778
     727
     730
     720
     789
     714
     713
     703
     716
     734
     735
     732
     730
     767
     689
     753
     753
     694
     731
     745
     789
     739
     746
     723
     738
     730
     730
     766
     747
     752
     732
     755
     706
     747
     729
     733
     751
     722
     720
     747
     709
     701
     728
     731
     733
     702
     746
     701
     719
     763
     758
     692
     775
     742
     740
     752
     720
     744
     779
     751
     724
     757
     763
     717
     688
     770
     750
     694
     789
     732
     712
     704
     703
     716
     706
     726
     729
     749
     725
     781
     715
     668
     743
     729
     717
     754
     739
     700
     752
     721
     753
     706
     709
     766
     798
     715
     795
     756
     754
     777
     795
     719
     775
     783
     754
     759
     722
     783
     714
     784
     746
     721
     727
     762
     740
     759
     738
     753
     761
     668
     734
     719
     687
     763
     744
     756
     734
     758
     736
     757
     789
     746
     787
     741
     755
     753
     731
     729
     706
     723
     685
     704
     679
     738
     768
     786
     740
     751
     728
     749
     767
     779
     745
     743
     753
     748
     732
     743
     827
     751
     772
     794
     750
     733
     786
     757
     748
     757
     747
     739
     772
     799
     750
     783
     745
     761
     755
     793
     724
     735
     751
     763
     738
     727
     729
     740
     737
     788
     778
     824
     747
     767
     759
     739
     747
     773
     793
     766
     787
     743
     748
     720
     739
     767
     696
     781
     772
     753
     749
     699
     806
     772
     768
     740
     788
     722
     740
     730
     807
     793
     743
     752
     784
     773
     763
     772
     728
     831
     775
     779
     792
     798
     774
     776
     764
     853
     810
     835
     817
     777
     732
     749
     798
     806
     813
     758
     720
     831
     809
     770
     758
     807
     836
     799
     793
     829
     817
     758
     828
     798
     810
     793
     847
     803
     815
     842
     811
     799
     792
     809
     790
     787
     783
     815
     777
     831
     809
     822
     793
     773
     817
     752
     825
     847
     793
     799
     770
     835
     823
     815
     830
     788
     827
     839
     794
     825
     841
     890
     819
     818
     838
     835
     841
     855
     815
     879
     864
     831
     847
     856
     868
     842
     878
     857
     950
     913
     962
     882
     921
     850
     861
     850
     874
     866
     804
     862
     806
     893
     826
     809
     869
     823
     844
     867
     845
     940
     833
     876
     900
     875
     884
     870
     871
     894
     906
     858
     910
     901
     883
     892
     847
     864
     886
     877
     908
     872
     890
     875
     912
     918
     886
     870
     918
     911
     942
     954
     939
     960
     894
     885
     933
     914
     899
     960
     963
     948
     910
     905
     948
     919
     944
     961
     996
     928
     918
     946
     939
     988
     950
     961
     985
    1024
     917
    1011
    1000
     929
     952
     991
    1023
    1037
    1039
    1026
     999
     999
     961
    1007
    1034
    1009
    1053
    1058
    1010
    1006
    1065
    1019
    1018
    1048
    1048
    1034
    1070
    1028
    1061
    1030
    1058
    1131
    1085
    1078
    1079
    1050
    1100
    1111
    1098
    1106
    1100
    1103
    1126
    1117
    1170
    1160
    1153
    1089
    1154
    1167
    1161
    1173
    1142
    1219
    1161
    1180
    1139
    1175
    1183
    1147
    1127
    1185
    1240
    1165
    1199
    1208
    1223
    1182
    1202
    1212
    1224
    1304
    1264
    1177
    1273
    1274
    1339
    1307
    1272
    1352
    1321
    1256
    1256
    1316
    1328
    1283
    1306
    1353
    1406
    1324
    1339
    1285
    1293
    1346
    1343
    1381
    1381
    1384
    1365
    1406
    1354
    1376
    1445
    1357
    1381
    1430
    1418
    1387
    1333
    1385
    1344
    1363
    1360
    1270
    1261
    1249
    1241
    1229
    1187
    1148
    1123
    1034
    1048
    1084
    1019
    1044
    1000
     942
     949
     984
     938
     992
     924
     936
     935
     903
     899
     882
     928
     918
     874
     933
     914
     803
     911
     916
     944
     876
     830
     867
     868
     864
     895
     922
     889
     874
     816
     860
     855
     825
     851
     860
     792
     885
     810
     828
     792
     875
     800
     906
     871
     821
     823
     859
     812
     854
     877
     880
     804
     822
     833
     804
     854
     818
     856
     811
     844
     839
     837
     819
     845
     834
     831
     804
     804
     824
     778
     769
     821
     831
     779
     808
     790
     806
     738
     793
     780
     804
     811
     787
     827
     821
     740
     822
     785
     785
     789
     790
     788
     781
     782
     747
     762
     830
     797
     748
     793
     782
     793
     728
     786
     769
     771
     765
     770
     769
     774
     778
     778
     794
     797
     739
     761
     790
     784
     764
     789
     775
     806
     793
     746
     741
     750
     786
     731
     755
     725
     778
     783
     781
     785
     808
     775
     766
     811
     755
     803
     817
     810
     822
     765
     791
     819
     778
     761
     825
     817
     803
     785
     840
     845
     859
     857
     868
     850
     859
     853
     855
     867
     840
     916
     881
     815
     943
     888
     945
     914
     858
     831
     872
     931
     956
     914
     908
     874
     913
     884
     902
     902
     857
     944
     916
     878
     906
     927
     959
     864
     907
     907
     861
     918
     868
     838
     851
     825
     766
     748
     724
     687
     663
     693
     646
     608
     565
     561
     540
     538
     502
     491
     498
     480
     497
     467
     457
     491
     488
     483
     448
     470
     456
     492
     451
     426
     438
     503
     427
     432
     440
     440
     449
     423
     398
     393
     425
     427
     401
     418
     414
     417
     385
     409
     381
     350
     439
     424
     381
     408
     430
     388
     395
     381
     390
     378
     409
     360
     384
     376
     437
     445
     456
     442
     542
     622
     662
     767
     820
     866
     961
    1124
    1414
    2907
    8958
   22447
   29101
   16612
    4695
     960
     361
     325
     321
     280
     307
     287
     297
     278
     288
     272
     252
     255
     257
     236
     264
     241
     246
     254
     221
     262
     277
     248
     219
     208
     223
     208
     244
     220
     225
     223
     177
     179
     213
     193
     214
     183
     208
     178
     192
     177
     175
     186
     176
     179
     201
     179
     153
     179
     159
     151
     173
     155
     165
     142
     131
     155
     150
     130
     139
     125
     123
     150
     141
     113
     113
     117
     131
     108
     117
     128
     129
     113
     132
     114
     104
     117
     102
     125
     111
     100
     118
      92
      79
     102
      97
      86
      88
      85
      83
      82
      90
      86
      84
      68
      92
      83
      93
      87
      73
      68
      78
      83
      52
      73
      74
      96
      70
      55
      70
      62
      84
      63
      73
      78
      70
      67
      75
      71
      61
      69
      60
      77
      64
      76
      50
      78
      68
      62
      65
      64
      62
      55
      60
      69
      62
      72
      60
      52
      65
      69
      64
      66
      60
      60
      59
      66
      51
      64
      47
      58
      53
      57
      55
      55
      62
      57
      53
      65
      73
      57
      60
      62
      57
      54
      54
      57
      58
      44
      56
      51
      47
      63
      53
      57
      51
      65
      50
      53
      50
      58
      36
      56
      53
      43
      62
      51
      56
      44
      60
      53
      51
      51
      63
      47
      63
      71
      65
      98
      87
     118
     169
     237
     276
     376
     428
     488
     526
     666
     884
    1555
    4071
   12182
   23012
   20867
    9153
    2163
     368
      69
      40
      35
      35
      22
      27
      30
      31
      21
      29
      31
      33
      30
      30
      23
      28
      24
      23
      25
      36
      22
      24
      13
      21
      26
      31
      31
      20
      28
      25
      19
      16
      26
      19
      21
      23
      23
      21
      31
      20
      21
      26
      13
      27
      20
      16
      30
      31
      19
      19
      26
      28
      22
      28
      35
      26
      24
      29
      34
      22
      30
      28
      24
      34
      21
      20
      28
      32
      20
      24
      26
      18
      22
      26
      32
      26
      25
      24
      20
      29
      21
      18
      20
      25
      26
      30
      26
      32
      21
      18
      23
      23
      15
      32
      19
      30
      25
      31
      22
      28
      26
      18
      20
      23
      21
      21
      33
      27
      26
      22
      25
      26
      11
      26
      26
      22
      21
      20
      27
      19
      22
      25
      32
      28
      18
      25
      17
      14
      21
      20
      25
      19
      21
       9
      22
      16
      20
      21
      15
      21
      18
      26
      24
      18
      23
      20
      29
      16
      19
      25
      17
      17
      29
      21
      22
      23
      27
      17
      20
      16
      24
      19
      32
      24
      22
      25
      35
      34
      42
      73
      69
      52
      29
      17
      18
      12
      21
      21
      21
      21
      26
      33
      18
      15
      21
      29
      14
      24
      23
      22
      26
      14
      15
      18
      27
      17
      20
      16
      20
       0
       0
       0
       0
       0
       0
       0
       0
       0
       0
       0
       0
       0
       0
       0
       0
       0
       0
       0
       0
       0
       0
       0
       0
       0
       0
       0
       0
       0
       0
       0
       0
$ROI:
0
$PRESETS:
None
0
0
$ENER_FIT:
0.000000 0.731044
$MCA_CAL:
3
0.000000E+000 7.310444E-001 0.000000E+000 keV
$SHAPE_CAL:
3
0.000000E+000 0.000000E+000 0.000000E+000
