$SPEC_ID:
No sample description was entered.
$SPEC_REM:
DET# 4
DETDESC# JLAB-20 MCB 131
AP# Maestro Version 7.01
$DATE_MEA:
10/08/2025 00:30:02
$MEAS_TIM:
579 599
$DATA:
0 2047
       0
       0
       0
       0
       0
       0
       0
       0
       0
       0
       0
       0
       0
       0
       0
       0
       0
       0
       0
       0
       0
       0
       0
       0
       0
       0
       0
       0
       0
       0
       0
       0
       0
       0
       0
       0
       0
       0
       0
       0
       0
       0
       0
       0
       0
       0
       0
       0
       0
       0
       0
       0
       0
       0
       0
       0
       0
       0
       0
       0
       0
       0
       0
       0
       0
       0
       0
       0
       0
      23
    1271
    1363
    1394
    1315
    1360
    1439
    1380
    1436
    1335
    1380
    1398
    1327
    1398
    1413
    1350
    1341
    1358
    1296
    1376
    1334
    1391
    1375
    1320
    1388
    1314
    1370
    1326
    1287
    1490
    1494
    1334
    1550
    1543
    1415
    1374
    1379
    1304
    1272
    1346
    1282
    1333
    1333
    1332
    1313
    1314
    1429
    1433
    1303
    1371
    1407
    1385
    1322
    1341
    1266
    1292
    1301
    1322
    1343
    1309
    1284
    1278
    1394
    1336
    1280
    1321
    1295
    1362
    1262
    1367
    1367
    1364
    1384
    1298
    1332
    1352
    1300
    1304
    1277
    1326
    1320
    1263
    1280
    1330
    1320
    1341
    1314
    1337
    1298
    1343
    1328
    1331
    1279
    1321
    1397
    1247
    1284
    1318
    1335
    1322
    1279
    1390
    1260
    1299
    1346
    1322
    1358
    1320
    1239
    1338
    1336
    1303
    1292
    1290
    1264
    1342
    1300
    1306
    1293
    1341
    1345
    1339
    1251
    1275
    1306
    1257
    1333
    1290
    1314
    1280
    1292
    1286
    1318
    1235
    1308
    1301
    1352
    1394
    1248
    1297
    1305
    1278
    1229
    1285
    1253
    1210
    1242
    1313
    1256
    1233
    1352
    1244
    1216
    1262
    1227
    1216
    1233
    1244
    1247
    1169
    1261
    1222
    1178
    1229
    1245
    1132
    1233
    1231
    1191
    1167
    1242
    1208
    1205
    1201
    1182
    1214
    1238
    1160
    1186
    1197
    1168
    1185
    1226
    1232
    1160
    1160
    1203
    1127
    1204
    1185
    1208
    1148
    1237
    1188
    1170
    1134
    1192
    1246
    1189
    1169
    1179
    1145
    1177
    1142
    1197
    1176
    1197
    1234
    1206
    1172
    1205
    1213
    1207
    1268
    1307
    1185
    1364
    1305
    1394
    1435
    1454
    1449
    1454
    1475
    1445
    1482
    1521
    1511
    1496
    1527
    1492
    1472
    1427
    1453
    1464
    1530
    1410
    1348
    1402
    1470
    1431
    1488
    1443
    1357
    1383
    1387
    1331
    1348
    1257
    1359
    1324
    1303
    1398
    1370
    1310
    1326
    1335
    1267
    1302
    1392
    1261
    1250
    1270
    1350
    1325
    1283
    1271
    1248
    1298
    1310
    1244
    1321
    1199
    1178
    1300
    1230
    1183
    1270
    1210
    1140
    1143
    1109
    1166
    1167
    1205
    1203
    1185
    1194
    1217
    1255
    1159
    1201
    1159
    1161
    1167
    1185
    1096
    1123
    1128
    1165
    1107
    1122
    1123
    1084
    1156
    1117
    1073
    1085
    1066
    1085
    1118
    1059
    1119
    1051
    1094
    1084
    1078
    1153
    1065
    1102
    1116
    1057
    1018
    1071
    1103
    1062
     991
    1043
     978
    1004
    1029
    1043
    1041
    1080
     959
     942
     993
     988
    1018
    1022
    1026
    1010
     964
     991
    1020
     980
    1030
    1030
    1000
     980
     987
     993
    1003
    1336
    1255
    1018
    1017
     970
     988
     991
     921
     953
     956
     948
     921
    1011
     993
     908
     917
     945
     903
     887
     879
     918
     959
     949
     942
     928
     893
     895
     965
     927
     943
     896
     889
     905
     912
     857
     942
     928
     908
     909
     942
     944
     845
     877
     879
     902
     891
     888
     881
     902
     842
     926
     887
     907
     928
     842
     875
     921
     936
     900
     800
     842
     818
     924
     949
     882
     860
     910
     862
     842
     868
     876
     838
     879
     833
     801
     895
     856
     823
     861
     850
     832
     862
     885
     816
     840
     868
     832
     822
     860
     838
     824
     825
     852
     848
     803
     825
     854
     793
     788
     852
     806
     858
     827
     814
     818
     823
     842
     851
     826
     866
     800
     776
     852
     795
     820
     827
     833
     854
     846
     781
     820
     828
     798
     788
     833
     770
     759
     774
     762
     842
     775
     832
     813
     815
     766
     824
     755
     821
     818
     758
     778
     768
     826
     737
     806
     750
     799
     771
     777
     798
     764
     752
     768
     818
     797
     778
     776
     753
     760
     800
     777
     791
     797
     754
     777
     798
     744
     760
     751
     783
     736
     731
     785
     787
     776
     837
     782
     745
     763
     754
     734
     777
     742
     802
     713
     740
     789
     721
     780
     728
     749
     737
     767
     748
     783
     723
     744
     724
     718
     749
     777
     747
     726
     779
     762
     702
     724
     765
     797
     731
     754
     755
     742
     764
     758
     794
     749
     742
     763
     735
     758
     798
     783
     804
     726
     753
     751
     757
     720
     755
     778
     740
     765
     731
     747
     712
     792
     697
     753
     754
     749
     714
     768
     752
     749
     730
     719
     744
     719
     740
     720
     769
     772
     737
     748
     759
     758
     763
     741
     746
     717
     694
     664
     749
     763
     723
     773
     700
     747
     762
     749
     807
     780
     788
     772
     757
     768
     744
     758
     741
     781
     773
     656
     739
     761
     787
     674
     702
     741
     720
     728
     767
     689
     687
     670
     715
     690
     745
     722
     751
     709
     746
     709
     730
     745
     740
     729
     716
     711
     689
     712
     717
     728
     786
     739
     724
     716
     691
     776
     714
     677
     748
     729
     694
     722
     756
     783
     754
     728
     730
     671
     688
     722
     676
     759
     740
     701
     728
     772
     738
     716
     738
     749
     696
     752
     746
     774
     737
     732
     708
     729
     775
     700
     692
     699
     720
     725
     755
     721
     717
     710
     767
     721
     674
     740
     718
     692
     768
     760
     684
     726
     735
     740
     709
     761
     719
     759
     755
     739
     707
     741
     746
     735
     760
     735
     711
     732
     751
     737
     754
     746
     748
     722
     688
     763
     740
     788
     743
     773
     694
     738
     670
     710
     694
     744
     737
     767
     729
     705
     719
     766
     689
     711
     722
     729
     713
     710
     730
     714
     724
     691
     730
     726
     765
     715
     723
     701
     723
     717
     771
     752
     748
     766
     736
     752
     780
     706
     720
     735
     710
     694
     728
     716
     740
     727
     807
     729
     716
     712
     745
     760
     721
     728
     693
     721
     705
     732
     722
     725
     740
     706
     733
     749
     715
     749
     678
     687
     746
     720
     744
     771
     743
     703
     708
     743
     701
     703
     756
     712
     744
     775
     737
     774
     715
     744
     747
     728
     737
     764
     745
     724
     725
     730
     715
     799
     756
     752
     775
     738
     804
     730
     724
     744
     792
     741
     717
     698
     780
     743
     725
     751
     723
     715
     729
     747
     730
     767
     781
     718
     721
     782
     734
     718
     708
     768
     770
     776
     791
     716
     765
     737
     757
     738
     751
     770
     747
     739
     787
     739
     772
     789
     721
     767
     746
     769
     731
     745
     728
     749
     723
     755
     767
     665
     742
     786
     733
     730
     758
     776
     742
     793
     827
     766
     762
     758
     721
     787
     754
     733
     755
     751
     753
     791
     772
     786
     733
     737
     734
     733
     738
     776
     785
     751
     765
     733
     813
     781
     770
     753
     779
     800
     795
     763
     809
     747
     771
     782
     758
     803
     760
     791
     809
     740
     824
     809
     734
     816
     785
     739
     762
     796
     777
     784
     867
     776
     772
     760
     813
     792
     806
     818
     831
     819
     792
     775
     804
     735
     784
     793
     732
     791
     806
     786
     773
     805
     760
     817
     824
     803
     769
     790
     815
     793
     814
     789
     811
     814
     740
     803
     768
     813
     786
     794
     810
     809
     796
     785
     820
     787
     824
     815
     785
     817
     814
     811
     841
     797
     812
     869
     802
     780
     852
     835
     824
     864
     804
     811
     791
     840
     824
     810
     785
     818
     829
     811
     837
     885
     789
     790
     827
     891
     860
     834
     847
     939
     892
     929
     849
     870
     898
     848
     892
     902
     877
     879
     885
     914
     826
     870
     870
     868
     883
     851
     860
     933
     882
     846
     892
     920
     906
     862
     877
     841
     891
     890
     887
     954
     885
     866
     909
     827
     904
     932
     869
     940
     903
     906
     879
     883
     929
     932
     866
     883
     894
     875
     924
     870
     948
     966
     922
     949
     909
     892
     911
     946
     965
     951
     956
     890
     915
     925
     967
    1004
     970
     922
     933
    1013
     945
     951
     948
     990
     999
     973
    1028
    1011
    1005
     992
    1027
     959
     975
     998
     965
    1025
    1034
    1006
     995
    1040
    1059
    1027
     985
    1019
    1089
    1013
    1064
     995
    1043
    1019
    1060
    1011
    1023
    1032
    1039
    1077
    1114
    1084
    1085
    1070
    1099
    1051
    1010
    1139
    1120
    1108
    1094
    1114
    1130
    1140
    1153
    1154
    1100
    1116
    1129
    1141
    1212
    1124
    1208
    1163
    1233
    1175
    1230
    1222
    1176
    1155
    1207
    1242
    1254
    1266
    1222
    1234
    1206
    1230
    1228
    1225
    1261
    1307
    1233
    1227
    1238
    1223
    1329
    1272
    1290
    1331
    1267
    1349
    1267
    1297
    1308
    1328
    1345
    1386
    1330
    1397
    1325
    1350
    1315
    1358
    1429
    1445
    1333
    1322
    1352
    1367
    1415
    1328
    1410
    1411
    1433
    1342
    1372
    1387
    1364
    1374
    1331
    1307
    1262
    1272
    1262
    1249
    1175
    1145
    1077
    1079
    1025
    1026
     990
    1006
     989
     976
     974
     936
     974
     890
     974
    1001
     892
     951
     911
     876
     900
     894
     879
     915
     923
     887
     904
     838
     872
     882
     857
     877
     862
     889
     875
     864
     839
     900
     862
     893
     895
     855
     842
     825
     766
     831
     861
     871
     900
     888
     830
     803
     853
     846
     843
     839
     808
     866
     846
     869
     841
     794
     806
     820
     827
     861
     820
     825
     860
     868
     797
     806
     811
     825
     774
     821
     796
     801
     809
     853
     848
     847
     799
     810
     748
     783
     801
     798
     846
     805
     814
     748
     842
     826
     771
     753
     817
     746
     798
     799
     773
     802
     811
     826
     774
     763
     746
     798
     819
     786
     748
     790
     780
     803
     815
     781
     782
     760
     797
     801
     825
     730
     767
     767
     834
     803
     808
     781
     778
     778
     768
     738
     765
     734
     752
     767
     781
     807
     770
     758
     755
     791
     786
     768
     771
     837
     775
     757
     725
     804
     802
     805
     787
     805
     790
     753
     791
     818
     822
     802
     856
     861
     800
     839
     785
     849
     801
     842
     846
     843
     878
     835
     865
     831
     877
     797
     828
     909
     892
     866
     912
     864
     898
     850
     839
     883
     847
     903
     830
     899
     963
     872
     894
     877
     898
     977
     899
     963
     882
     939
     887
     887
     910
     881
     929
     875
     849
     849
     800
     740
     730
     658
     631
     656
     614
     573
     629
     606
     539
     523
     474
     539
     471
     479
     472
     442
     464
     494
     490
     444
     443
     461
     449
     454
     428
     483
     447
     477
     450
     433
     453
     416
     454
     447
     423
     412
     392
     387
     393
     399
     412
     403
     421
     427
     397
     400
     389
     406
     416
     362
     393
     404
     406
     395
     372
     398
     389
     386
     421
     392
     421
     433
     459
     515
     613
     675
     779
     787
     869
     940
    1034
    1453
    2681
    7897
   21065
   29407
   18111
    5471
    1168
     357
     306
     291
     293
     298
     318
     298
     266
     257
     272
     292
     255
     275
     272
     260
     280
     251
     235
     254
     239
     248
     236
     271
     250
     233
     218
     209
     251
     235
     221
     206
     222
     216
     218
     191
     199
     203
     168
     190
     168
     172
     190
     199
     170
     184
     180
     165
     157
     160
     164
     166
     154
     162
     151
     159
     132
     134
     140
     137
     132
     130
     128
     104
     135
     124
     116
     125
     124
     125
     101
     128
      96
     121
     128
     103
      98
     106
      80
     113
     101
     113
      90
      90
      79
     107
      99
      89
      79
     100
      73
      87
      81
      89
      58
      81
      84
      69
      91
      66
      86
      66
      52
      70
      69
      64
      65
      50
      69
      80
      81
      71
      70
      64
      70
      80
      68
      61
      60
      71
      70
      62
      87
      74
      67
      70
      68
      76
      59
      63
      58
      58
      57
      64
      55
      69
      70
      67
      54
      63
      64
      67
      78
      61
      67
      56
      74
      64
      57
      57
      62
      47
      70
      65
      59
      52
      69
      63
      44
      61
      56
      62
      50
      46
      69
      68
      47
      57
      66
      62
      62
      56
      49
      41
      67
      51
      52
      49
      45
      53
      55
      60
      50
      51
      52
      49
      59
      45
      50
      52
      59
      55
      69
      62
      80
      72
      67
      73
      91
     109
     144
     175
     203
     268
     348
     438
     463
     551
     653
     913
    1441
    3568
   11167
   22116
   21608
   10528
    2631
     412
      77
      41
      35
      36
      35
      25
      30
      28
      28
      38
      31
      33
      23
      23
      31
      29
      23
      22
      25
      25
      25
      23
      33
      27
      27
      23
      20
      28
      27
      26
      35
      24
      20
      26
      32
      21
      23
      20
      23
      13
      32
      27
      23
      26
      25
      24
      30
      28
      20
      33
      21
      27
      27
      27
      24
      25
      28
      26
      20
      23
      23
      21
      22
      22
      20
      30
      20
      26
      29
      33
      27
      30
      21
      27
      20
      24
      20
      26
      22
      24
      25
      27
      20
      24
      25
      24
      24
      24
      24
      30
      20
      21
      28
      23
      21
      18
      28
      16
      31
      20
      23
      12
      16
      13
      28
      23
      19
      20
      28
      11
      26
      29
      22
      20
      18
      19
      15
      27
      31
      22
      17
      17
      24
      21
      32
      19
      23
      17
      31
      19
      20
      22
      27
      15
      16
      11
      21
      19
      29
      17
      34
      20
      16
      23
      15
      23
      25
      15
      18
      29
      23
      11
      19
      21
      23
      22
      17
      23
      19
      20
      26
      18
      22
      26
      27
      29
      25
      22
      44
      52
      68
      71
      35
      21
      19
      27
      15
      13
      14
      22
      24
      20
      19
      20
      18
      24
      18
      19
      20
      20
      34
      23
      17
      17
      17
      15
      11
      21
      16
       0
       0
       0
       0
       0
       0
       0
       0
       0
       0
       0
       0
       0
       0
       0
       0
       0
       0
       0
       0
       0
       0
       0
       0
       0
       0
       0
       0
       0
       0
       0
       0
$ROI:
0
$PRESETS:
None
0
0
$ENER_FIT:
0.000000 0.731044
$MCA_CAL:
3
0.000000E+000 7.310444E-001 0.000000E+000 keV
$SHAPE_CAL:
3
0.000000E+000 0.000000E+000 0.000000E+000
