$SPEC_ID:
No sample description was entered.
$SPEC_REM:
DET# 4
DETDESC# JLAB-20 MCB 131
AP# Maestro Version 7.01
$DATE_MEA:
10/08/2025 03:50:02
$MEAS_TIM:
579 599
$DATA:
0 2047
       0
       0
       0
       0
       0
       0
       0
       0
       0
       0
       0
       0
       0
       0
       0
       0
       0
       0
       0
       0
       0
       0
       0
       0
       0
       0
       0
       0
       0
       0
       0
       0
       0
       0
       0
       0
       0
       0
       0
       0
       0
       0
       0
       0
       0
       0
       0
       0
       0
       0
       0
       0
       0
       0
       0
       0
       0
       0
       0
       0
       0
       0
       0
       0
       0
       0
       0
       0
       0
      38
    1317
    1449
    1394
    1370
    1406
    1449
    1361
    1403
    1393
    1374
    1283
    1358
    1313
    1402
    1394
    1400
    1380
    1322
    1375
    1256
    1358
    1387
    1342
    1360
    1315
    1382
    1221
    1358
    1440
    1487
    1342
    1506
    1597
    1407
    1391
    1373
    1375
    1300
    1310
    1374
    1314
    1254
    1301
    1287
    1403
    1453
    1436
    1310
    1341
    1357
    1337
    1272
    1318
    1346
    1319
    1298
    1309
    1291
    1380
    1335
    1324
    1391
    1326
    1362
    1373
    1270
    1260
    1290
    1280
    1274
    1288
    1305
    1305
    1280
    1258
    1236
    1300
    1304
    1337
    1352
    1309
    1284
    1370
    1227
    1318
    1300
    1314
    1316
    1327
    1282
    1302
    1336
    1267
    1272
    1213
    1300
    1300
    1293
    1401
    1282
    1328
    1327
    1354
    1342
    1298
    1247
    1322
    1262
    1320
    1352
    1319
    1290
    1353
    1334
    1403
    1303
    1311
    1317
    1322
    1223
    1291
    1311
    1318
    1292
    1167
    1263
    1252
    1309
    1303
    1203
    1262
    1310
    1209
    1286
    1274
    1342
    1310
    1280
    1331
    1196
    1214
    1238
    1219
    1260
    1238
    1288
    1265
    1251
    1261
    1300
    1315
    1278
    1284
    1240
    1229
    1253
    1273
    1178
    1301
    1179
    1241
    1233
    1299
    1202
    1252
    1184
    1210
    1166
    1273
    1246
    1146
    1216
    1188
    1227
    1200
    1238
    1262
    1222
    1220
    1172
    1204
    1215
    1203
    1274
    1177
    1195
    1174
    1245
    1192
    1191
    1183
    1138
    1139
    1154
    1197
    1247
    1214
    1164
    1209
    1165
    1175
    1202
    1167
    1149
    1202
    1201
    1261
    1163
    1244
    1216
    1261
    1223
    1229
    1265
    1353
    1340
    1400
    1331
    1443
    1388
    1438
    1361
    1452
    1566
    1479
    1563
    1539
    1462
    1467
    1480
    1465
    1436
    1475
    1474
    1496
    1493
    1448
    1410
    1466
    1370
    1449
    1505
    1375
    1321
    1330
    1327
    1365
    1409
    1368
    1363
    1355
    1358
    1339
    1295
    1363
    1336
    1338
    1248
    1330
    1379
    1296
    1242
    1256
    1278
    1251
    1207
    1320
    1280
    1240
    1214
    1317
    1250
    1195
    1218
    1232
    1203
    1247
    1222
    1276
    1174
    1157
    1208
    1157
    1166
    1161
    1144
    1222
    1130
    1182
    1147
    1181
    1137
    1139
    1149
    1076
    1107
    1105
    1137
    1151
    1114
    1110
    1156
    1075
    1142
    1102
    1179
    1084
    1074
    1053
    1032
    1115
    1107
    1070
    1038
    1088
    1084
    1071
    1062
    1091
    1088
    1027
    1040
    1026
    1095
    1057
    1060
    1032
    1049
    1029
    1023
    1028
    1053
    1081
    1013
     995
     978
     991
    1003
     964
     999
     956
    1013
    1003
    1052
     956
    1021
    1052
    1015
    1004
    1000
     982
     991
    1221
    1257
    1034
     976
    1023
     974
     961
     948
     987
     961
     929
     970
     931
     930
     939
     876
     911
     978
     908
     876
     864
     940
     939
     929
     944
     895
     921
     904
     930
     963
     879
     977
     946
     904
     863
     921
     921
     882
     909
     895
     885
     895
     894
     844
     864
     861
     917
     878
     901
     884
     836
     914
     878
     887
     870
     906
     903
     903
     887
     843
     876
     828
     853
     891
     853
     847
     836
     863
     818
     833
     812
     871
     842
     917
     842
     851
     841
     859
     872
     822
     873
     827
     851
     808
     810
     849
     836
     842
     794
     810
     788
     808
     794
     863
     798
     866
     830
     773
     807
     826
     855
     803
     760
     841
     789
     767
     826
     810
     792
     824
     822
     836
     757
     791
     793
     838
     804
     794
     780
     860
     765
     823
     802
     817
     769
     790
     794
     803
     805
     810
     800
     792
     806
     824
     782
     813
     784
     770
     836
     776
     809
     819
     873
     757
     770
     796
     822
     755
     750
     813
     746
     770
     838
     764
     709
     791
     774
     770
     783
     816
     763
     713
     803
     815
     797
     739
     784
     787
     761
     775
     757
     788
     729
     763
     717
     804
     786
     774
     794
     749
     741
     745
     788
     825
     755
     809
     766
     739
     780
     752
     781
     756
     733
     755
     761
     765
     787
     767
     787
     748
     758
     767
     740
     782
     759
     802
     780
     773
     802
     786
     745
     801
     793
     769
     772
     800
     745
     759
     725
     750
     839
     774
     717
     729
     787
     719
     754
     753
     737
     734
     759
     737
     720
     787
     756
     789
     751
     694
     795
     748
     742
     738
     723
     754
     729
     770
     760
     727
     774
     780
     752
     720
     751
     743
     760
     741
     745
     732
     711
     779
     708
     758
     700
     746
     782
     701
     696
     688
     760
     748
     806
     756
     738
     773
     807
     730
     771
     755
     749
     745
     711
     718
     745
     743
     737
     731
     727
     729
     766
     773
     773
     727
     733
     698
     753
     752
     771
     690
     718
     704
     704
     717
     745
     719
     725
     764
     724
     713
     739
     729
     721
     744
     697
     781
     738
     713
     717
     727
     728
     756
     751
     752
     753
     751
     716
     754
     785
     750
     741
     738
     726
     727
     740
     720
     695
     720
     691
     745
     718
     716
     743
     659
     724
     764
     717
     700
     710
     737
     719
     733
     760
     745
     763
     779
     699
     721
     737
     706
     742
     706
     736
     733
     732
     722
     740
     720
     725
     694
     699
     732
     729
     773
     727
     729
     747
     741
     720
     707
     745
     663
     721
     746
     753
     694
     777
     731
     765
     709
     741
     702
     761
     734
     716
     741
     766
     688
     728
     730
     746
     764
     738
     711
     710
     742
     726
     720
     742
     780
     788
     744
     727
     742
     758
     681
     759
     783
     704
     761
     763
     734
     746
     696
     700
     723
     713
     764
     724
     744
     736
     730
     709
     749
     655
     761
     800
     714
     711
     714
     762
     726
     752
     751
     753
     720
     739
     731
     699
     738
     735
     723
     733
     743
     711
     717
     693
     732
     669
     711
     769
     757
     697
     713
     745
     733
     717
     742
     791
     708
     707
     703
     702
     777
     741
     731
     805
     715
     758
     712
     704
     776
     763
     711
     730
     711
     751
     715
     725
     735
     750
     693
     725
     723
     693
     715
     679
     713
     678
     714
     701
     733
     712
     790
     701
     781
     701
     750
     739
     747
     772
     692
     800
     722
     808
     730
     736
     753
     741
     814
     777
     742
     720
     806
     739
     779
     767
     796
     751
     700
     753
     770
     790
     800
     765
     739
     741
     771
     734
     759
     737
     767
     762
     694
     733
     740
     732
     764
     794
     765
     740
     726
     774
     779
     782
     721
     762
     748
     713
     729
     727
     716
     778
     684
     826
     760
     754
     799
     799
     749
     798
     764
     720
     755
     742
     749
     763
     777
     767
     771
     743
     775
     793
     750
     742
     743
     769
     776
     795
     755
     722
     812
     765
     725
     753
     735
     813
     766
     716
     753
     779
     805
     784
     785
     764
     764
     772
     768
     779
     757
     729
     772
     757
     738
     812
     772
     828
     782
     776
     792
     820
     755
     787
     781
     799
     765
     814
     818
     808
     781
     811
     853
     806
     808
     836
     794
     849
     842
     740
     841
     772
     788
     730
     777
     729
     777
     811
     784
     799
     781
     798
     854
     742
     823
     754
     796
     804
     743
     810
     809
     792
     864
     806
     809
     783
     835
     819
     816
     840
     796
     832
     784
     756
     798
     764
     797
     778
     812
     831
     755
     818
     828
     873
     831
     770
     842
     834
     803
     826
     873
     847
     871
     848
     787
     915
     854
     916
     915
     902
     894
     874
     841
     902
     854
     861
     864
     870
     849
     842
     881
     882
     907
     831
     816
     855
     848
     917
     853
     898
     856
     842
     890
     888
     895
     870
     887
     853
     891
     850
     914
     879
     882
     901
     848
     878
     913
     864
     855
     876
     888
     881
     980
     890
     869
     899
     881
     887
     907
     904
     940
     890
     925
     943
     947
     886
     938
     921
     888
     891
     964
     926
     938
     906
     993
     981
     993
     998
     950
     989
     926
     938
     955
     998
     938
    1019
    1025
     974
     982
    1039
    1006
     969
     973
     996
     986
    1028
    1042
    1005
     985
    1043
    1029
    1015
     997
    1062
    1029
    1000
    1056
    1061
    1046
    1045
    1065
    1059
    1021
    1049
    1073
    1051
    1117
    1075
    1139
    1092
    1108
    1077
    1044
    1155
    1113
    1058
    1152
    1049
    1072
    1197
    1097
    1158
    1134
    1122
    1103
    1112
    1243
    1149
    1157
    1190
    1181
    1152
    1163
    1197
    1164
    1217
    1193
    1222
    1205
    1259
    1282
    1178
    1262
    1187
    1267
    1260
    1298
    1261
    1280
    1199
    1349
    1274
    1303
    1308
    1321
    1289
    1267
    1275
    1355
    1337
    1232
    1272
    1341
    1379
    1318
    1374
    1282
    1383
    1346
    1413
    1324
    1396
    1405
    1421
    1383
    1348
    1389
    1408
    1423
    1444
    1405
    1377
    1405
    1368
    1336
    1349
    1269
    1385
    1326
    1305
    1277
    1237
    1202
    1157
    1143
    1076
    1049
    1018
    1021
     982
     982
     897
     937
     963
     914
     898
     908
     924
     914
     970
     868
     872
     921
     929
     924
     927
     915
     911
     880
     865
     869
     917
     901
     903
     854
     880
     847
     894
     894
     871
     908
     890
     868
     878
     903
     816
     889
     895
     872
     854
     857
     833
     773
     790
     789
     848
     838
     870
     801
     829
     857
     834
     844
     858
     838
     819
     846
     820
     879
     812
     827
     865
     867
     829
     837
     802
     797
     828
     795
     853
     843
     859
     786
     770
     832
     842
     816
     778
     728
     833
     782
     851
     815
     828
     788
     797
     810
     846
     809
     778
     768
     788
     814
     771
     738
     780
     780
     781
     801
     725
     754
     769
     757
     747
     773
     798
     771
     800
     741
     792
     806
     779
     751
     777
     791
     747
     769
     748
     807
     759
     710
     762
     729
     745
     766
     712
     796
     754
     756
     796
     742
     788
     749
     779
     813
     797
     778
     807
     743
     761
     772
     818
     822
     828
     752
     826
     822
     841
     777
     826
     859
     808
     836
     851
     841
     853
     827
     815
     879
     854
     842
     863
     822
     822
     854
     883
     859
     894
     812
     840
     845
     922
     880
     844
     913
     939
     858
     904
     868
     924
     820
     909
     907
     897
     896
     885
     904
     863
     887
     932
     913
     905
     823
     906
     932
     889
     869
     829
     780
     836
     789
     767
     769
     703
     678
     624
     573
     608
     585
     575
     544
     549
     562
     501
     501
     517
     543
     492
     479
     434
     466
     452
     451
     454
     471
     448
     477
     470
     434
     427
     435
     411
     419
     401
     455
     431
     371
     445
     399
     384
     387
     432
     388
     406
     397
     386
     410
     407
     381
     385
     360
     397
     387
     345
     401
     370
     425
     383
     402
     406
     436
     382
     402
     436
     472
     550
     599
     677
     745
     792
     840
     917
    1102
    1448
    2401
    6819
   19653
   29076
   19656
    6292
    1308
     417
     310
     304
     322
     259
     251
     277
     264
     312
     275
     256
     265
     259
     254
     244
     275
     273
     259
     261
     263
     242
     226
     224
     258
     227
     216
     234
     236
     212
     209
     217
     209
     226
     209
     211
     191
     213
     199
     208
     192
     187
     161
     187
     180
     150
     189
     122
     151
     167
     174
     141
     135
     154
     118
     143
     139
     118
     124
     123
     123
     114
     127
     123
     125
     107
     136
     115
     116
     116
     114
     132
     124
     109
     101
     107
     104
      83
     119
      95
      92
      92
     103
      87
     104
      92
      90
      84
      85
      74
      90
      90
      88
      84
      77
      71
      82
      83
      68
      88
      80
      68
      93
      70
      65
      62
      71
      59
      81
      66
      73
      52
      90
      64
      66
      66
      64
      56
      71
      56
      65
      78
      52
      61
      67
      72
      56
      79
      73
      58
      58
      68
      65
      59
      64
      68
      62
      73
      60
      64
      63
      66
      58
      53
      65
      76
      59
      59
      61
      69
      53
      61
      51
      72
      63
      50
      64
      62
      58
      61
      61
      60
      57
      60
      56
      56
      60
      65
      50
      58
      67
      51
      45
      63
      63
      55
      49
      69
      50
      55
      44
      55
      63
      66
      61
      57
      45
      49
      56
      60
      47
      56
      66
      69
      76
      57
      61
      73
      90
     101
     130
     180
     198
     278
     355
     385
     466
     515
     632
     807
    1309
    3133
    9875
   20908
   22531
   11919
    3253
     565
      79
      44
      33
      26
      28
      31
      34
      26
      26
      25
      34
      24
      31
      25
      20
      26
      21
      33
      20
      23
      22
      30
      30
      26
      29
      29
      25
      19
      25
      25
      23
      30
      30
      30
      34
      41
      23
      29
      23
      18
      30
      18
      20
      21
      29
      22
      25
      19
      13
      20
      21
      24
      30
      26
      25
      19
      16
      27
      21
      22
      22
      20
      26
      14
      14
      28
      29
      24
      31
      24
      29
      31
      25
      17
      20
      23
      21
      24
      22
      27
      25
      23
      25
      21
      22
      22
      23
      25
      26
      26
      20
      34
      27
      20
      22
      20
      17
      23
      27
      29
      21
      22
      31
      21
      28
      14
      25
      21
      32
      22
      14
      19
      24
      14
      23
      27
      18
      26
      28
      18
      21
      20
      24
      23
      23
      15
      22
      25
      14
      13
      16
      20
      34
      22
      22
      29
      22
      27
      21
      20
      28
      15
      19
      21
      19
      19
      15
      19
      22
      17
      26
      12
      22
      16
      20
      20
      15
      21
      27
      27
      24
      16
      25
      27
      26
      20
      26
      27
      24
      67
      83
      70
      29
      24
      16
      20
      22
      15
      21
      21
      16
      15
      25
      22
      21
      10
      24
      14
      21
      19
      15
      23
      19
      13
      22
      21
      24
      13
      14
       0
       0
       0
       0
       0
       0
       0
       0
       0
       0
       0
       0
       0
       0
       0
       0
       0
       0
       0
       0
       0
       0
       0
       0
       0
       0
       0
       0
       0
       0
       0
       0
$ROI:
0
$PRESETS:
None
0
0
$ENER_FIT:
0.000000 0.731044
$MCA_CAL:
3
0.000000E+000 7.310444E-001 0.000000E+000 keV
$SHAPE_CAL:
3
0.000000E+000 0.000000E+000 0.000000E+000
