$SPEC_ID:
No sample description was entered.
$SPEC_REM:
DET# 4
DETDESC# JLAB-20 MCB 131
AP# Maestro Version 7.01
$DATE_MEA:
10/07/2025 02:00:02
$MEAS_TIM:
579 599
$DATA:
0 2047
       0
       0
       0
       0
       0
       0
       0
       0
       0
       0
       0
       0
       0
       0
       0
       0
       0
       0
       0
       0
       0
       0
       0
       0
       0
       0
       0
       0
       0
       0
       0
       0
       0
       0
       0
       0
       0
       0
       0
       0
       0
       0
       0
       0
       0
       0
       0
       0
       0
       0
       0
       0
       0
       0
       0
       0
       0
       0
       0
       0
       0
       0
       0
       0
       0
       0
       0
       0
       0
      32
    1294
    1349
    1396
    1436
    1398
    1414
    1319
    1453
    1371
    1408
    1374
    1482
    1429
    1397
    1321
    1374
    1370
    1414
    1350
    1337
    1307
    1326
    1371
    1364
    1302
    1354
    1330
    1357
    1475
    1450
    1365
    1592
    1615
    1340
    1388
    1316
    1314
    1274
    1329
    1397
    1270
    1390
    1337
    1359
    1317
    1491
    1331
    1319
    1343
    1408
    1275
    1298
    1275
    1331
    1291
    1335
    1302
    1333
    1328
    1387
    1352
    1350
    1323
    1378
    1380
    1329
    1308
    1342
    1271
    1301
    1288
    1307
    1297
    1257
    1314
    1316
    1302
    1371
    1343
    1307
    1364
    1279
    1386
    1303
    1329
    1326
    1334
    1323
    1279
    1253
    1274
    1268
    1347
    1327
    1335
    1334
    1333
    1325
    1285
    1329
    1303
    1311
    1267
    1386
    1353
    1291
    1306
    1408
    1324
    1327
    1287
    1272
    1297
    1289
    1361
    1321
    1347
    1342
    1317
    1307
    1299
    1314
    1334
    1283
    1296
    1296
    1260
    1334
    1252
    1339
    1331
    1327
    1313
    1259
    1315
    1321
    1357
    1336
    1225
    1309
    1259
    1256
    1168
    1290
    1262
    1272
    1276
    1286
    1170
    1272
    1267
    1171
    1226
    1295
    1229
    1297
    1219
    1265
    1211
    1248
    1225
    1185
    1301
    1225
    1245
    1205
    1237
    1238
    1239
    1253
    1154
    1195
    1228
    1211
    1235
    1189
    1170
    1227
    1232
    1215
    1259
    1187
    1216
    1234
    1195
    1159
    1155
    1207
    1199
    1203
    1241
    1187
    1144
    1115
    1184
    1219
    1190
    1110
    1210
    1237
    1122
    1141
    1176
    1202
    1124
    1207
    1146
    1226
    1183
    1201
    1228
    1228
    1231
    1225
    1363
    1346
    1332
    1393
    1387
    1427
    1401
    1495
    1464
    1446
    1531
    1519
    1539
    1508
    1500
    1531
    1574
    1480
    1377
    1367
    1430
    1442
    1442
    1427
    1488
    1427
    1346
    1402
    1344
    1368
    1374
    1406
    1380
    1305
    1377
    1289
    1336
    1340
    1323
    1296
    1339
    1319
    1251
    1324
    1299
    1332
    1319
    1317
    1265
    1286
    1336
    1212
    1261
    1136
    1180
    1218
    1232
    1226
    1251
    1193
    1258
    1225
    1190
    1200
    1206
    1204
    1252
    1248
    1215
    1147
    1197
    1141
    1147
    1146
    1178
    1139
    1127
    1152
    1185
    1101
    1115
    1128
    1160
    1118
    1161
    1109
    1138
    1132
    1144
    1161
    1075
    1104
    1101
    1041
    1119
    1075
    1076
    1097
    1073
    1011
    1096
    1128
    1107
    1085
    1000
    1159
    1055
    1106
    1086
    1113
    1097
    1051
    1032
     982
    1015
    1059
     991
    1025
    1050
    1003
     999
    1057
    1058
    1005
    1050
    1011
    1054
    1047
     948
    1047
     950
     985
    1010
     964
     990
     947
     959
    1028
    1278
    1194
    1054
     953
     979
     955
     974
     945
     930
     957
     935
     986
     942
     988
     948
     943
     894
     922
     945
     921
     951
     961
     921
     897
     898
     938
     925
     939
     933
     939
     875
     977
     910
     981
     926
     944
     888
     914
     936
     897
     915
     959
     935
     855
     874
     916
     899
     871
     878
     882
     858
     920
     900
     915
     853
     868
     883
     882
     887
     913
     864
     895
     907
     906
     826
     850
     885
     834
     860
     847
     843
     866
     861
     829
     888
     848
     839
     823
     844
     863
     800
     865
     829
     866
     833
     792
     832
     858
     851
     853
     810
     817
     839
     892
     882
     817
     836
     878
     804
     828
     812
     791
     833
     799
     852
     818
     849
     780
     781
     836
     797
     831
     799
     787
     791
     864
     830
     780
     772
     847
     796
     795
     831
     833
     809
     807
     803
     794
     778
     789
     802
     798
     812
     795
     795
     783
     885
     719
     781
     752
     725
     798
     829
     822
     770
     770
     801
     839
     819
     768
     756
     797
     766
     746
     794
     768
     800
     774
     762
     790
     760
     784
     779
     748
     730
     812
     761
     794
     817
     789
     772
     775
     780
     786
     750
     797
     791
     738
     741
     811
     806
     787
     731
     800
     708
     730
     746
     748
     750
     781
     762
     778
     700
     741
     792
     772
     775
     784
     760
     755
     721
     810
     801
     771
     774
     684
     765
     775
     789
     798
     721
     737
     753
     743
     769
     759
     758
     776
     752
     765
     780
     737
     753
     714
     822
     747
     755
     757
     752
     788
     720
     748
     720
     724
     781
     730
     753
     747
     694
     744
     734
     743
     808
     757
     753
     740
     742
     749
     757
     775
     715
     787
     712
     768
     739
     751
     738
     736
     728
     770
     688
     798
     718
     705
     768
     690
     748
     722
     744
     753
     739
     817
     745
     796
     767
     737
     707
     743
     723
     718
     761
     761
     730
     765
     791
     715
     718
     694
     703
     743
     710
     767
     727
     716
     717
     736
     676
     756
     734
     699
     755
     735
     726
     740
     714
     749
     674
     719
     704
     753
     750
     723
     690
     738
     742
     684
     710
     770
     747
     726
     757
     757
     728
     674
     721
     747
     714
     737
     647
     676
     703
     665
     730
     758
     744
     711
     723
     706
     755
     696
     728
     698
     729
     760
     750
     683
     741
     717
     796
     750
     734
     725
     714
     766
     762
     716
     683
     720
     732
     723
     656
     732
     680
     699
     708
     768
     728
     743
     723
     734
     705
     733
     690
     760
     737
     731
     708
     730
     708
     754
     746
     718
     749
     694
     742
     728
     725
     761
     701
     790
     705
     739
     691
     723
     736
     739
     724
     743
     739
     737
     734
     702
     709
     730
     778
     764
     690
     779
     765
     731
     705
     706
     726
     743
     693
     730
     754
     777
     733
     706
     694
     788
     746
     765
     704
     756
     733
     699
     710
     697
     728
     826
     731
     756
     772
     752
     739
     696
     768
     668
     751
     745
     765
     709
     771
     719
     711
     719
     744
     717
     764
     701
     719
     809
     770
     695
     766
     735
     719
     696
     733
     723
     734
     691
     715
     721
     760
     736
     723
     765
     738
     748
     750
     708
     734
     743
     709
     715
     770
     730
     694
     787
     745
     703
     775
     733
     728
     751
     735
     752
     703
     763
     737
     725
     669
     730
     752
     766
     722
     711
     700
     750
     703
     777
     736
     746
     736
     785
     734
     702
     791
     707
     736
     757
     696
     759
     708
     743
     794
     754
     761
     734
     742
     782
     716
     758
     767
     740
     759
     747
     695
     731
     730
     745
     742
     708
     775
     743
     735
     769
     787
     709
     777
     762
     799
     740
     781
     758
     766
     701
     745
     769
     764
     786
     754
     737
     745
     774
     787
     750
     772
     722
     759
     788
     745
     758
     754
     745
     765
     792
     795
     758
     728
     768
     756
     731
     743
     788
     761
     740
     809
     787
     755
     760
     784
     735
     799
     776
     747
     766
     812
     754
     731
     765
     762
     777
     759
     794
     759
     723
     807
     796
     812
     765
     744
     715
     801
     768
     805
     752
     819
     775
     793
     786
     761
     809
     810
     714
     837
     797
     810
     800
     802
     792
     777
     754
     816
     796
     725
     769
     769
     835
     777
     794
     777
     790
     785
     764
     779
     811
     752
     770
     794
     799
     802
     838
     769
     823
     777
     813
     817
     840
     793
     854
     758
     838
     806
     860
     784
     830
     830
     872
     769
     791
     771
     866
     800
     806
     755
     810
     873
     857
     768
     844
     787
     837
     811
     819
     811
     880
     856
     832
     828
     848
     797
     871
     824
     783
     874
     853
     797
     828
     830
     816
     875
     910
     931
     918
     862
     851
     800
     875
     888
     849
     889
     868
     878
     841
     870
     913
     896
     835
     876
     882
     846
     802
     880
     879
     866
     943
     837
     878
     897
     824
     854
     910
     936
     861
     914
     897
     891
     941
     884
     858
     958
     910
     903
     965
     952
     876
     904
     874
     948
     922
     883
     894
     934
     968
     910
     918
     918
     920
     914
     950
     911
     932
     911
     905
     960
     955
     931
     935
     951
     946
     949
     988
     910
     927
    1016
     968
    1048
     987
     974
     990
    1002
     961
     995
     985
    1038
     979
     977
    1009
     988
    1002
     922
     978
    1039
    1017
    1093
    1006
    1017
     967
    1017
    1032
    1025
    1043
    1119
     973
    1033
    1111
    1056
    1068
    1108
    1151
    1111
    1112
    1096
    1032
    1105
    1089
    1129
    1079
    1137
    1193
    1130
    1103
    1169
    1178
    1200
    1136
    1146
    1164
    1166
    1148
    1099
    1210
    1175
    1162
    1177
    1204
    1200
    1186
    1172
    1185
    1201
    1171
    1236
    1185
    1235
    1250
    1299
    1283
    1221
    1308
    1271
    1217
    1282
    1240
    1288
    1253
    1273
    1339
    1390
    1313
    1262
    1338
    1323
    1297
    1355
    1293
    1338
    1288
    1368
    1312
    1394
    1346
    1341
    1346
    1327
    1366
    1369
    1402
    1368
    1344
    1376
    1366
    1410
    1424
    1379
    1420
    1316
    1411
    1358
    1361
    1303
    1305
    1298
    1310
    1195
    1183
    1102
    1141
    1122
    1072
    1044
    1016
     962
     941
     966
     936
     958
     971
     918
     977
     917
     916
     931
     940
     904
     902
     940
     873
     879
     945
     961
     944
     887
     862
     898
     903
     893
     884
     903
     861
     889
     877
     840
     881
     851
     897
     882
     815
     852
     891
     892
     809
     843
     831
     838
     809
     860
     913
     876
     817
     898
     784
     812
     853
     874
     910
     866
     863
     821
     880
     871
     854
     799
     830
     795
     764
     856
     793
     836
     867
     787
     782
     850
     784
     845
     767
     820
     762
     861
     807
     817
     839
     814
     820
     780
     789
     814
     823
     828
     810
     799
     754
     831
     831
     785
     764
     817
     779
     775
     847
     876
     771
     758
     860
     821
     769
     738
     782
     786
     752
     738
     771
     785
     796
     764
     789
     854
     766
     731
     785
     796
     803
     742
     762
     803
     743
     765
     729
     767
     768
     764
     716
     756
     775
     784
     782
     753
     775
     772
     765
     806
     769
     761
     788
     818
     826
     804
     793
     779
     792
     794
     836
     843
     834
     792
     819
     865
     807
     837
     809
     794
     793
     857
     855
     851
     867
     793
     804
     867
     876
     832
     899
     882
     872
     870
     832
     802
     873
     871
     870
     875
     933
     921
     907
     958
     922
     895
     849
     879
     856
     913
     855
     907
     914
     838
     898
     951
     920
     922
     864
     891
     819
     778
     708
     725
     728
     758
     699
     632
     580
     581
     570
     537
     541
     509
     471
     464
     511
     527
     473
     474
     495
     472
     480
     535
     429
     431
     467
     451
     455
     469
     467
     418
     441
     404
     462
     452
     409
     443
     448
     418
     418
     412
     411
     429
     441
     416
     423
     410
     444
     390
     385
     397
     396
     421
     370
     398
     343
     392
     369
     417
     409
     365
     413
     376
     392
     449
     487
     541
     635
     622
     727
     791
     854
     995
    1165
    1555
    2906
    9144
   23091
   28665
   15985
    4331
     958
     382
     302
     276
     297
     318
     333
     289
     290
     266
     262
     282
     262
     288
     235
     257
     251
     255
     270
     248
     246
     270
     240
     216
     227
     243
     222
     216
     215
     242
     221
     205
     217
     218
     168
     213
     209
     198
     186
     161
     182
     191
     192
     165
     165
     180
     178
     172
     148
     163
     165
     168
     161
     152
     160
     160
     146
     142
     140
     119
     151
     133
     136
     130
     129
     118
     122
     121
     114
     121
     106
     129
     100
     121
     100
      91
      93
     101
      82
     113
      86
     110
      89
      93
      93
      79
      93
      88
      87
      92
      83
      90
      74
      82
      73
      88
      95
      78
      85
      64
      79
      81
      79
      74
      78
      68
      69
      66
      76
      62
      69
      89
      51
      72
      67
      68
      70
      49
      60
      71
      78
      78
      77
      66
      66
      79
      65
      65
      71
      62
      55
      75
      59
      63
      48
      81
      62
      68
      61
      60
      66
      73
      54
      56
      66
      67
      56
      64
      55
      63
      52
      54
      59
      63
      53
      60
      66
      55
      62
      64
      60
      55
      56
      58
      60
      54
      51
      48
      63
      68
      49
      58
      48
      67
      54
      52
      59
      57
      56
      50
      68
      62
      39
      59
      56
      50
      54
      63
      54
      57
      59
      51
      47
      57
      64
      58
      66
      64
      83
      94
     138
     198
     202
     263
     355
     378
     480
     576
     659
     917
    1559
    4420
   12753
   22854
   20162
    8618
    2049
     329
      51
      34
      34
      32
      35
      34
      28
      22
      29
      26
      19
      37
      34
      33
      17
      28
      31
      29
      28
      25
      25
      24
      30
      35
      23
      27
      21
      24
      31
      23
      20
      24
      35
      23
      23
      34
      24
      23
      25
      17
      24
      24
      21
      30
      28
      20
      14
      25
      23
      20
      22
      28
      23
      17
      27
      27
      27
      33
      28
      24
      25
      34
      19
      24
      28
      18
      31
      29
      17
      23
      23
      20
      19
      36
      35
      25
      21
      26
      25
      27
      16
      28
      20
      17
      23
      16
      26
      21
      20
      13
      24
      23
      14
      20
      30
      18
      19
      28
      28
      22
      19
      15
      22
      20
      23
      24
      32
      17
      16
      23
      24
      19
      31
      23
      22
      20
      20
      22
      17
      19
      25
      24
      25
      24
      25
      12
      24
      27
      20
      17
      19
      18
      29
      16
      15
      14
      19
      22
      21
      15
      23
      14
      19
      17
      16
      21
      24
      28
      20
      16
      24
      25
      20
      18
      31
      14
      22
      25
      28
      18
      24
      20
      15
      19
      18
      23
      23
      24
      33
      71
      81
      52
      32
      18
      18
      21
      21
      28
      21
      12
      28
      19
      14
      19
      13
      12
      25
      20
      17
      15
      15
      18
      19
      21
      13
      17
      18
      17
      26
       0
       0
       0
       0
       0
       0
       0
       0
       0
       0
       0
       0
       0
       0
       0
       0
       0
       0
       0
       0
       0
       0
       0
       0
       0
       0
       0
       0
       0
       0
       0
       0
$ROI:
0
$PRESETS:
None
0
0
$ENER_FIT:
0.000000 0.731044
$MCA_CAL:
3
0.000000E+000 7.310444E-001 0.000000E+000 keV
$SHAPE_CAL:
3
0.000000E+000 0.000000E+000 0.000000E+000
