$SPEC_ID:
No sample description was entered.
$SPEC_REM:
DET# 4
DETDESC# JLAB-20 MCB 131
AP# Maestro Version 7.01
$DATE_MEA:
10/06/2025 16:30:02
$MEAS_TIM:
579 600
$DATA:
0 2047
       0
       0
       0
       0
       0
       0
       0
       0
       0
       0
       0
       0
       0
       0
       0
       0
       0
       0
       0
       0
       0
       0
       0
       0
       0
       0
       0
       0
       0
       0
       0
       0
       0
       0
       0
       0
       0
       0
       0
       0
       0
       0
       0
       0
       0
       0
       0
       0
       0
       0
       0
       0
       0
       0
       0
       0
       0
       0
       0
       0
       0
       0
       0
       0
       0
       0
       0
       0
       0
      53
    1368
    1402
    1428
    1465
    1407
    1400
    1366
    1365
    1306
    1394
    1415
    1432
    1380
    1334
    1342
    1392
    1291
    1370
    1361
    1401
    1353
    1327
    1321
    1441
    1339
    1334
    1390
    1344
    1490
    1517
    1318
    1540
    1588
    1365
    1425
    1440
    1281
    1312
    1342
    1359
    1334
    1363
    1290
    1303
    1270
    1468
    1438
    1302
    1326
    1400
    1315
    1357
    1348
    1360
    1289
    1339
    1340
    1264
    1312
    1335
    1351
    1336
    1322
    1294
    1294
    1325
    1411
    1332
    1347
    1388
    1315
    1246
    1273
    1317
    1267
    1265
    1302
    1251
    1382
    1263
    1310
    1285
    1337
    1252
    1386
    1299
    1347
    1266
    1295
    1269
    1348
    1359
    1334
    1338
    1371
    1336
    1372
    1339
    1302
    1260
    1291
    1292
    1330
    1347
    1263
    1327
    1332
    1307
    1311
    1277
    1331
    1289
    1367
    1344
    1318
    1303
    1287
    1361
    1347
    1307
    1278
    1278
    1272
    1272
    1307
    1322
    1303
    1294
    1195
    1298
    1348
    1328
    1388
    1308
    1221
    1392
    1385
    1281
    1249
    1245
    1233
    1313
    1339
    1285
    1210
    1221
    1287
    1300
    1239
    1300
    1254
    1280
    1299
    1268
    1238
    1201
    1272
    1209
    1240
    1236
    1281
    1262
    1277
    1286
    1214
    1172
    1248
    1222
    1207
    1161
    1186
    1195
    1186
    1221
    1228
    1224
    1151
    1189
    1162
    1240
    1135
    1187
    1277
    1223
    1168
    1225
    1188
    1266
    1145
    1198
    1190
    1158
    1140
    1139
    1194
    1199
    1163
    1183
    1154
    1188
    1154
    1261
    1138
    1138
    1247
    1200
    1228
    1257
    1239
    1259
    1238
    1240
    1242
    1248
    1247
    1351
    1350
    1452
    1429
    1440
    1492
    1537
    1437
    1485
    1478
    1495
    1531
    1537
    1445
    1434
    1542
    1440
    1398
    1481
    1398
    1454
    1410
    1418
    1376
    1423
    1351
    1429
    1389
    1358
    1417
    1375
    1359
    1328
    1329
    1300
    1296
    1366
    1291
    1375
    1319
    1268
    1310
    1313
    1375
    1313
    1334
    1329
    1229
    1261
    1304
    1259
    1272
    1265
    1283
    1320
    1236
    1225
    1157
    1210
    1199
    1145
    1285
    1166
    1236
    1122
    1223
    1169
    1208
    1247
    1170
    1177
    1133
    1120
    1170
    1205
    1148
    1129
    1168
    1187
    1128
    1140
    1107
    1131
    1185
    1121
    1108
    1143
    1161
    1115
    1084
    1119
    1116
    1089
    1148
    1032
    1116
    1115
    1093
    1093
    1073
    1084
    1099
    1073
    1051
    1063
    1068
    1076
    1060
    1091
    1020
    1051
    1101
    1051
     992
    1118
    1059
    1053
    1030
     994
    1093
    1088
     999
    1056
    1041
    1060
    1008
    1040
     992
    1015
     976
     991
     999
    1010
     989
    1053
    1003
    1089
    1231
    1216
    1070
     996
     952
     956
    1000
     934
     889
     949
     968
     938
     978
     958
     970
     937
     923
     922
     937
     880
     946
     898
     909
     929
     936
     934
     966
     894
     904
     876
     925
     880
     908
     874
     926
     951
     952
     883
     933
     929
     879
     953
     903
     901
     914
     901
     843
     885
     876
     870
     845
     838
     880
     913
     899
     904
     924
     868
     858
     867
     847
     819
     838
     827
     856
     863
     828
     856
     847
     873
     852
     859
     799
     909
     890
     866
     874
     806
     837
     867
     780
     844
     852
     898
     820
     839
     789
     843
     842
     851
     849
     824
     826
     875
     816
     843
     877
     839
     851
     835
     836
     846
     784
     809
     800
     804
     874
     843
     819
     825
     788
     861
     859
     800
     795
     810
     801
     769
     819
     855
     798
     817
     804
     793
     794
     823
     833
     825
     803
     802
     763
     828
     789
     793
     787
     756
     794
     781
     790
     750
     816
     803
     755
     824
     756
     794
     765
     797
     806
     801
     822
     836
     819
     794
     779
     772
     786
     783
     774
     814
     767
     753
     812
     822
     757
     759
     784
     785
     746
     843
     732
     811
     784
     765
     785
     717
     755
     765
     762
     803
     743
     763
     717
     766
     772
     748
     760
     772
     762
     789
     790
     770
     755
     762
     733
     756
     732
     758
     753
     742
     760
     793
     773
     754
     749
     752
     717
     701
     759
     758
     742
     793
     737
     754
     755
     719
     794
     765
     718
     745
     721
     783
     770
     760
     730
     723
     776
     741
     759
     734
     751
     753
     750
     758
     705
     730
     747
     801
     717
     734
     744
     767
     732
     799
     727
     729
     753
     745
     719
     729
     775
     768
     736
     735
     796
     775
     762
     701
     738
     717
     749
     777
     695
     715
     713
     777
     743
     730
     757
     751
     711
     708
     777
     806
     768
     787
     771
     684
     686
     762
     713
     717
     703
     710
     695
     735
     690
     722
     729
     703
     722
     708
     720
     708
     733
     747
     766
     696
     736
     706
     731
     710
     756
     721
     753
     738
     760
     710
     732
     725
     771
     743
     717
     745
     761
     733
     753
     728
     711
     691
     726
     757
     681
     767
     767
     741
     694
     738
     731
     715
     720
     739
     692
     716
     715
     771
     722
     747
     743
     731
     732
     739
     735
     709
     712
     694
     780
     763
     679
     758
     682
     675
     751
     706
     711
     705
     737
     731
     695
     722
     713
     771
     774
     727
     721
     650
     653
     733
     734
     792
     744
     766
     713
     726
     759
     743
     704
     728
     774
     749
     769
     777
     704
     730
     751
     695
     705
     701
     777
     698
     693
     688
     689
     720
     733
     775
     670
     738
     768
     738
     746
     680
     719
     690
     760
     648
     747
     756
     743
     738
     717
     729
     686
     723
     677
     675
     701
     725
     760
     739
     691
     758
     742
     738
     738
     750
     693
     730
     718
     748
     751
     738
     748
     729
     716
     731
     756
     767
     749
     728
     735
     758
     702
     694
     745
     718
     718
     776
     717
     757
     706
     734
     723
     745
     735
     740
     735
     754
     725
     738
     732
     713
     701
     666
     698
     743
     719
     717
     720
     729
     701
     761
     717
     725
     771
     722
     772
     705
     754
     804
     772
     749
     740
     768
     745
     725
     704
     759
     694
     745
     726
     724
     698
     709
     764
     719
     777
     753
     744
     720
     757
     757
     735
     730
     723
     764
     752
     731
     742
     773
     759
     754
     742
     742
     744
     761
     772
     739
     708
     737
     739
     751
     759
     788
     754
     771
     795
     697
     727
     772
     700
     758
     755
     751
     736
     771
     773
     751
     804
     803
     755
     754
     738
     737
     778
     755
     744
     796
     718
     785
     834
     777
     723
     757
     766
     772
     752
     751
     800
     735
     795
     758
     744
     800
     772
     765
     743
     771
     786
     745
     743
     736
     829
     768
     796
     741
     764
     778
     743
     769
     794
     785
     740
     715
     791
     750
     785
     792
     727
     738
     729
     769
     752
     788
     820
     781
     773
     740
     724
     770
     794
     768
     783
     802
     776
     787
     870
     817
     796
     800
     726
     740
     765
     813
     751
     755
     784
     778
     843
     756
     802
     765
     815
     807
     830
     796
     773
     762
     758
     768
     774
     754
     816
     854
     785
     829
     782
     791
     766
     796
     834
     807
     795
     790
     772
     845
     864
     815
     826
     753
     832
     809
     783
     787
     845
     797
     822
     777
     846
     770
     830
     782
     849
     809
     814
     802
     839
     828
     790
     784
     851
     840
     818
     844
     820
     880
     853
     789
     870
     820
     801
     819
     810
     888
     826
     842
     809
     825
     867
     862
     847
     821
     882
     850
     853
     883
     928
     887
     872
     874
     891
     898
     874
     857
     803
     858
     859
     853
     923
     837
     852
     831
     905
     840
     884
     877
     877
     919
     898
     861
     925
     888
     926
     793
     892
     882
     884
     864
     848
     936
     882
     904
     891
     879
     932
     903
     841
     911
     941
     916
     948
     906
     933
     896
     917
     922
     906
     963
     926
     947
     937
     938
     917
     910
     892
     947
     949
     995
     964
     991
     924
     997
     925
     946
     948
     928
     968
     995
     973
    1001
     991
     989
    1016
     978
     990
    1003
    1017
     994
    1014
    1020
     991
     996
    1044
    1001
     983
    1020
    1040
    1061
    1017
    1061
    1077
    1042
    1035
    1042
    1041
    1089
    1102
    1032
    1057
    1015
    1104
    1044
    1048
    1113
    1087
    1080
    1059
    1080
    1104
    1069
    1122
    1058
    1141
    1093
    1200
    1104
    1103
    1129
    1135
    1172
    1176
    1260
    1106
    1103
    1129
    1199
    1185
    1147
    1174
    1172
    1194
    1213
    1277
    1268
    1194
    1207
    1258
    1239
    1255
    1238
    1253
    1254
    1229
    1249
    1285
    1314
    1297
    1232
    1292
    1371
    1303
    1372
    1286
    1300
    1312
    1398
    1359
    1272
    1299
    1250
    1360
    1320
    1301
    1380
    1393
    1384
    1393
    1343
    1354
    1335
    1304
    1353
    1423
    1306
    1450
    1331
    1443
    1439
    1484
    1407
    1378
    1414
    1339
    1275
    1382
    1287
    1314
    1254
    1181
    1157
    1127
    1098
    1084
     991
    1080
     972
    1015
     944
     938
     918
     952
     932
     917
     927
     957
     925
     953
     896
     852
     897
     927
     899
     881
     926
     830
     915
     887
     874
     881
     860
     868
     890
     883
     877
     858
     910
     829
     830
     841
     870
     864
     824
     900
     860
     856
     830
     869
     895
     848
     833
     815
     823
     862
     816
     828
     824
     835
     831
     825
     809
     799
     750
     816
     825
     856
     819
     857
     840
     785
     837
     825
     820
     880
     784
     811
     842
     848
     867
     754
     797
     813
     829
     797
     831
     811
     771
     789
     842
     796
     793
     798
     810
     793
     824
     826
     807
     802
     762
     779
     820
     822
     789
     806
     816
     874
     799
     748
     756
     805
     719
     711
     753
     752
     747
     745
     770
     764
     720
     754
     755
     754
     813
     781
     773
     734
     736
     757
     739
     785
     758
     770
     805
     759
     790
     784
     838
     805
     809
     793
     797
     733
     812
     831
     859
     786
     776
     826
     834
     805
     838
     791
     792
     780
     830
     844
     821
     789
     840
     819
     788
     756
     826
     815
     817
     833
     820
     847
     850
     850
     790
     871
     795
     918
     816
     841
     808
     864
     889
     900
     889
     882
     850
     903
     885
     844
     886
     893
     923
     876
     933
     917
     929
     922
     899
     924
     898
     834
     898
     913
     886
     876
     875
     877
     850
     806
     826
     800
     763
     738
     649
     684
     643
     599
     569
     531
     596
     506
     506
     563
     513
     532
     514
     515
     532
     471
     481
     456
     478
     454
     445
     466
     465
     461
     410
     432
     430
     444
     460
     453
     435
     412
     418
     399
     409
     412
     410
     393
     396
     457
     401
     394
     370
     386
     390
     370
     393
     399
     401
     421
     416
     387
     369
     372
     381
     421
     408
     410
     394
     417
     413
     471
     470
     559
     646
     739
     762
     870
     906
    1025
    1283
    1988
    5238
   16455
   28786
   23118
    8752
    1948
     499
     337
     298
     259
     303
     293
     272
     269
     276
     293
     268
     255
     276
     293
     254
     297
     287
     213
     200
     275
     249
     257
     229
     217
     214
     230
     224
     234
     219
     207
     213
     215
     226
     203
     209
     176
     200
     203
     200
     199
     186
     196
     167
     180
     162
     189
     150
     186
     162
     177
     163
     160
     142
     138
     169
     140
     132
     153
     148
     140
     119
     140
     146
     148
     122
     109
     105
     119
     102
     112
     121
     104
     119
      93
     109
     102
      99
     118
     111
      99
     119
     110
      91
      88
      84
      83
     107
      88
      73
      94
      95
      98
      80
      73
      71
      83
      79
      64
      71
      76
      72
      71
      77
      84
      74
      65
      86
      75
      67
      71
      76
      60
      72
      66
      63
      76
      65
      62
      77
      70
      66
      80
      57
      72
      69
      69
      36
      57
      74
      64
      60
      62
      58
      64
      65
      58
      70
      64
      72
      52
      62
      60
      52
      58
      72
      55
      48
      49
      60
      67
      77
      48
      74
      73
      55
      53
      63
      68
      73
      70
      67
      56
      50
      59
      54
      60
      54
      73
      70
      58
      56
      52
      47
      56
      46
      59
      59
      36
      58
      57
      64
      60
      44
      48
      48
      55
      62
      68
      69
      56
      51
      62
      50
      66
      64
      60
      65
      90
      88
     117
     136
     209
     269
     329
     374
     433
     546
     598
     835
    1250
    2778
    8724
   20061
   23372
   12966
    3842
     644
     126
      43
      40
      36
      28
      27
      25
      29
      28
      41
      37
      23
      30
      16
      17
      27
      27
      21
      22
      29
      21
      32
      30
      24
      21
      21
      28
      23
      18
      20
      25
      21
      36
      25
      19
      24
      33
      32
      20
      16
      28
      24
      21
      22
      16
      16
      25
      16
      34
      29
      25
      17
      13
      37
      23
      27
      35
      23
      30
      25
      20
      24
      24
      29
      19
      25
      20
      27
      24
      23
      24
      18
      32
      23
      22
      24
      19
      30
      21
      26
      27
      23
      22
      22
      21
      24
      14
      25
      24
      22
      31
      34
      35
      22
      20
      15
      20
      17
      27
      20
      24
      14
      19
      21
      19
      28
      14
      19
      30
      25
      19
      25
      14
      24
      29
      15
      23
      33
      20
      22
      21
      22
      21
      17
      18
      20
      21
      16
      28
      14
      20
      25
      19
      17
      24
      20
      14
      22
      19
      32
      20
      13
      18
      24
      21
      31
      24
      18
      19
      14
      21
      23
      22
      26
      17
      22
      14
      25
      27
      20
      19
      21
      18
      30
      20
      32
      16
      32
      34
      63
      87
      62
      37
      36
      21
      18
      23
      13
      14
      25
      26
      19
      15
      16
      24
      21
      25
      14
      21
      17
      18
      18
      19
      24
      24
      27
      25
      14
      23
      21
       0
       0
       0
       0
       0
       0
       0
       0
       0
       0
       0
       0
       0
       0
       0
       0
       0
       0
       0
       0
       0
       0
       0
       0
       0
       0
       0
       0
       0
       0
       0
       0
$ROI:
0
$PRESETS:
None
0
0
$ENER_FIT:
0.000000 0.731044
$MCA_CAL:
3
0.000000E+000 7.310444E-001 0.000000E+000 keV
$SHAPE_CAL:
3
0.000000E+000 0.000000E+000 0.000000E+000
