$SPEC_ID:
No sample description was entered.
$SPEC_REM:
DET# 4
DETDESC# JLAB-20 MCB 131
AP# Maestro Version 7.01
$DATE_MEA:
10/08/2025 05:50:02
$MEAS_TIM:
579 599
$DATA:
0 2047
       0
       0
       0
       0
       0
       0
       0
       0
       0
       0
       0
       0
       0
       0
       0
       0
       0
       0
       0
       0
       0
       0
       0
       0
       0
       0
       0
       0
       0
       0
       0
       0
       0
       0
       0
       0
       0
       0
       0
       0
       0
       0
       0
       0
       0
       0
       0
       0
       0
       0
       0
       0
       0
       0
       0
       0
       0
       0
       0
       0
       0
       0
       0
       0
       0
       0
       0
       0
       0
      44
    1275
    1398
    1390
    1394
    1426
    1440
    1447
    1364
    1367
    1346
    1404
    1378
    1347
    1359
    1319
    1330
    1364
    1364
    1307
    1329
    1382
    1391
    1315
    1308
    1326
    1389
    1424
    1329
    1437
    1459
    1382
    1577
    1516
    1361
    1421
    1371
    1304
    1322
    1316
    1333
    1403
    1345
    1364
    1346
    1374
    1434
    1406
    1304
    1347
    1342
    1321
    1347
    1294
    1292
    1325
    1319
    1339
    1297
    1287
    1316
    1297
    1264
    1315
    1323
    1283
    1320
    1299
    1311
    1343
    1227
    1301
    1266
    1318
    1289
    1297
    1248
    1336
    1298
    1315
    1315
    1240
    1346
    1344
    1344
    1339
    1314
    1296
    1331
    1300
    1226
    1289
    1240
    1289
    1324
    1319
    1281
    1286
    1314
    1322
    1274
    1295
    1320
    1263
    1332
    1254
    1268
    1262
    1282
    1317
    1373
    1290
    1288
    1280
    1287
    1340
    1238
    1264
    1247
    1308
    1357
    1344
    1345
    1260
    1264
    1352
    1307
    1315
    1274
    1332
    1274
    1268
    1263
    1271
    1189
    1291
    1334
    1306
    1302
    1284
    1333
    1276
    1299
    1297
    1226
    1234
    1298
    1237
    1273
    1206
    1269
    1239
    1290
    1243
    1235
    1252
    1177
    1244
    1192
    1291
    1217
    1197
    1151
    1225
    1246
    1250
    1202
    1171
    1258
    1133
    1316
    1227
    1220
    1207
    1196
    1204
    1178
    1207
    1219
    1221
    1214
    1216
    1172
    1184
    1184
    1266
    1139
    1170
    1145
    1157
    1245
    1221
    1204
    1127
    1141
    1214
    1153
    1157
    1238
    1197
    1204
    1178
    1138
    1163
    1171
    1212
    1222
    1276
    1216
    1262
    1191
    1170
    1227
    1293
    1308
    1345
    1410
    1330
    1412
    1405
    1424
    1479
    1459
    1478
    1472
    1554
    1471
    1570
    1474
    1509
    1476
    1519
    1515
    1406
    1482
    1451
    1429
    1478
    1414
    1377
    1350
    1379
    1418
    1415
    1354
    1381
    1336
    1372
    1326
    1396
    1352
    1335
    1324
    1279
    1324
    1323
    1330
    1310
    1282
    1291
    1297
    1261
    1299
    1250
    1287
    1196
    1204
    1254
    1264
    1237
    1259
    1196
    1282
    1205
    1263
    1276
    1223
    1243
    1202
    1172
    1198
    1160
    1189
    1227
    1151
    1233
    1210
    1160
    1151
    1184
    1197
    1145
    1151
    1141
    1167
    1131
    1112
    1122
    1133
    1087
    1151
    1130
    1129
    1132
    1137
    1089
    1094
    1080
    1057
    1107
    1111
    1137
    1109
    1072
    1062
    1116
    1050
    1080
    1062
    1056
    1039
    1105
    1063
    1015
    1061
    1062
    1051
    1047
    1037
    1089
    1012
     995
    1025
    1076
    1010
    1015
    1041
    1066
    1007
    1018
    1026
     981
     997
     952
    1014
     982
    1041
     974
     975
     920
     964
     912
     997
    1267
    1221
    1028
    1027
     923
     933
     957
     955
     955
     921
     932
     943
     987
     936
     930
     955
     941
     969
    1017
     944
     955
     898
     946
     913
     936
     929
     970
     937
     916
     904
     960
     900
     941
     873
     924
     936
     908
     949
     869
     844
     849
     888
     911
     865
     948
     856
     869
     902
     911
     882
     915
     861
     840
     900
     884
     836
     864
     908
     913
     844
     851
     853
     842
     914
     880
     849
     867
     874
     832
     860
     820
     861
     867
     842
     867
     908
     889
     810
     866
     861
     829
     865
     826
     803
     829
     798
     808
     846
     889
     802
     856
     782
     834
     802
     824
     849
     803
     830
     779
     804
     829
     815
     842
     831
     788
     826
     791
     829
     781
     769
     786
     892
     842
     795
     845
     810
     868
     866
     768
     819
     873
     786
     802
     825
     779
     794
     841
     851
     760
     762
     794
     771
     754
     754
     825
     831
     834
     770
     799
     790
     808
     791
     760
     798
     794
     782
     810
     735
     789
     804
     764
     740
     790
     766
     804
     788
     758
     821
     780
     757
     751
     774
     778
     783
     783
     708
     789
     739
     714
     758
     812
     766
     765
     779
     759
     761
     775
     760
     779
     733
     808
     720
     783
     770
     778
     787
     779
     717
     744
     763
     759
     784
     785
     770
     797
     808
     754
     776
     737
     773
     789
     752
     824
     777
     845
     738
     758
     750
     759
     785
     778
     730
     782
     752
     716
     787
     754
     734
     771
     768
     830
     711
     818
     692
     760
     728
     745
     752
     729
     777
     756
     804
     785
     718
     738
     759
     755
     691
     744
     716
     691
     731
     791
     762
     693
     732
     696
     767
     756
     709
     772
     748
     727
     758
     756
     711
     757
     713
     706
     725
     714
     750
     691
     751
     726
     731
     742
     735
     730
     745
     734
     753
     760
     748
     762
     812
     738
     769
     686
     747
     743
     789
     743
     701
     759
     782
     680
     751
     720
     786
     740
     802
     733
     737
     716
     730
     696
     766
     806
     741
     706
     749
     738
     744
     751
     749
     771
     735
     747
     702
     719
     718
     802
     745
     740
     752
     706
     715
     758
     746
     736
     736
     750
     735
     788
     709
     739
     746
     724
     754
     729
     721
     723
     754
     737
     702
     762
     725
     684
     767
     725
     735
     740
     687
     725
     742
     735
     704
     739
     723
     717
     754
     735
     676
     767
     787
     709
     752
     782
     758
     720
     751
     718
     679
     759
     653
     709
     715
     755
     754
     681
     706
     717
     754
     706
     732
     695
     730
     704
     706
     729
     748
     758
     766
     697
     722
     708
     763
     678
     729
     744
     683
     732
     746
     730
     736
     740
     704
     724
     714
     713
     743
     678
     698
     766
     688
     758
     741
     772
     704
     766
     775
     701
     781
     732
     756
     749
     746
     753
     753
     782
     736
     686
     716
     716
     749
     694
     750
     772
     697
     704
     721
     773
     772
     690
     725
     741
     707
     736
     723
     715
     757
     689
     712
     793
     737
     730
     741
     764
     742
     740
     768
     719
     764
     755
     678
     721
     750
     759
     711
     779
     777
     771
     696
     702
     746
     739
     735
     753
     700
     694
     745
     697
     725
     742
     738
     768
     703
     739
     746
     735
     711
     738
     717
     725
     720
     733
     736
     730
     742
     711
     710
     768
     725
     734
     701
     736
     721
     734
     702
     726
     779
     773
     758
     731
     764
     770
     752
     788
     763
     747
     691
     717
     761
     732
     766
     713
     728
     724
     764
     743
     761
     738
     736
     783
     749
     727
     716
     774
     753
     768
     752
     739
     728
     754
     758
     718
     747
     768
     750
     753
     732
     757
     759
     729
     701
     809
     761
     692
     732
     809
     726
     772
     775
     833
     795
     731
     742
     779
     707
     786
     727
     794
     725
     727
     734
     737
     785
     724
     789
     759
     750
     745
     745
     737
     761
     757
     768
     699
     744
     790
     768
     771
     817
     781
     778
     767
     785
     823
     795
     793
     758
     770
     760
     802
     755
     713
     809
     787
     727
     738
     841
     780
     804
     789
     768
     795
     779
     797
     725
     766
     818
     786
     828
     786
     769
     812
     794
     781
     792
     792
     782
     755
     793
     805
     814
     781
     794
     826
     789
     784
     768
     833
     808
     818
     819
     791
     737
     851
     783
     765
     747
     798
     798
     787
     769
     762
     854
     810
     799
     826
     768
     765
     819
     822
     837
     882
     789
     818
     796
     861
     800
     813
     807
     785
     852
     809
     831
     867
     783
     856
     871
     849
     824
     765
     815
     814
     836
     831
     883
     856
     866
     816
     857
     880
     875
     873
     836
     814
     880
     875
     846
     855
     853
     942
     890
     922
     940
     850
     898
     867
     839
     878
     881
     873
     874
     862
     890
     912
     887
     912
     847
     922
     899
     851
     877
     930
     913
     879
     897
     902
     912
     833
     862
     851
     909
     924
     876
     893
     875
     893
     843
     922
     913
     884
     879
     956
     911
     870
     885
     898
     854
     944
     874
     894
     916
     916
     880
     883
     986
     950
     905
     922
     951
     942
     965
    1014
     920
     924
     935
    1007
     894
     908
    1015
     990
     984
    1002
     974
     914
     987
     991
     949
     985
     946
    1000
     971
     929
    1078
    1041
    1013
    1002
     923
    1017
     945
     973
    1038
    1050
    1039
     965
    1037
    1013
    1011
    1063
     999
    1010
    1011
    1040
     983
    1062
    1061
    1054
    1054
    1057
    1037
    1072
    1125
    1087
    1076
    1190
    1099
    1112
    1089
    1141
    1151
    1158
    1116
    1170
    1174
    1164
    1081
    1146
    1192
    1145
    1111
    1140
    1137
    1175
    1227
    1123
    1164
    1217
    1191
    1170
    1219
    1169
    1181
    1215
    1232
    1217
    1242
    1256
    1269
    1243
    1227
    1255
    1302
    1240
    1240
    1320
    1291
    1307
    1268
    1281
    1333
    1283
    1355
    1324
    1304
    1356
    1356
    1312
    1321
    1277
    1403
    1328
    1375
    1315
    1429
    1408
    1329
    1356
    1419
    1460
    1387
    1376
    1344
    1390
    1401
    1301
    1394
    1364
    1379
    1361
    1439
    1339
    1292
    1313
    1242
    1223
    1178
    1170
    1055
    1059
    1086
    1017
    1030
    1055
     971
     969
     999
     971
     931
     915
     878
     898
     904
     856
     896
     868
     861
     949
     921
     951
     887
     958
     891
     913
     864
     869
     904
     897
     879
     893
     864
     863
     829
     886
     834
     840
     867
     858
     821
     887
     821
     890
     842
     894
     863
     828
     818
     896
     865
     818
     844
     823
     838
     784
     915
     816
     847
     829
     807
     760
     831
     861
     862
     868
     798
     855
     845
     806
     827
     755
     771
     767
     861
     811
     803
     840
     844
     783
     769
     775
     839
     811
     805
     823
     810
     812
     784
     787
     803
     787
     788
     797
     757
     795
     771
     785
     814
     794
     819
     726
     847
     772
     775
     803
     802
     786
     782
     779
     824
     809
     782
     797
     726
     747
     789
     755
     767
     800
     772
     771
     823
     771
     798
     739
     811
     747
     774
     807
     740
     793
     740
     751
     787
     759
     766
     790
     773
     778
     788
     831
     766
     817
     828
     769
     846
     725
     822
     830
     821
     827
     772
     771
     778
     806
     845
     823
     813
     891
     832
     818
     809
     792
     846
     864
     819
     869
     816
     873
     860
     847
     824
     845
     850
     913
     904
     905
     866
     850
     885
     829
     874
     896
     918
     827
     875
     884
     893
     904
     865
     954
     914
     883
     852
     902
     905
     914
     886
     921
     902
     877
     902
     851
     839
     843
     785
     735
     705
     705
     671
     593
     668
     587
     546
     559
     505
     530
     522
     490
     504
     494
     481
     468
     476
     494
     488
     474
     467
     469
     424
     469
     478
     485
     466
     437
     417
     481
     435
     436
     436
     410
     442
     452
     421
     407
     424
     392
     396
     383
     393
     401
     419
     432
     437
     393
     414
     376
     346
     394
     363
     378
     379
     380
     385
     394
     404
     372
     439
     447
     472
     532
     557
     673
     739
     790
     866
     969
    1095
    1357
    2381
    6831
   19417
   29129
   19675
    6414
    1364
     372
     302
     288
     281
     308
     282
     276
     295
     278
     281
     267
     262
     260
     283
     282
     246
     246
     265
     234
     226
     244
     224
     243
     221
     224
     249
     240
     209
     214
     203
     208
     222
     217
     211
     221
     203
     190
     207
     182
     190
     189
     173
     160
     180
     163
     197
     179
     185
     184
     154
     160
     185
     167
     151
     122
     152
     146
     141
     149
     136
     124
     116
     133
     135
     126
     132
     116
     115
      99
     113
     114
     104
     115
     120
     102
     104
     106
     104
      99
     106
      90
     104
     102
      94
      98
     100
      79
      79
      90
     101
      77
      89
      66
      92
      83
      83
      67
      92
      59
      79
      72
      59
      79
      87
      63
      57
      72
      72
      75
      65
      69
      58
      61
      84
      67
      59
      57
      59
      55
      64
      85
      65
      61
      63
      62
      60
      56
      68
      61
      62
      54
      52
      65
      75
      60
      83
      70
      52
      60
      58
      69
      47
      57
      57
      57
      68
      47
      59
      63
      72
      73
      74
      52
      63
      53
      59
      58
      70
      59
      53
      60
      47
      54
      70
      49
      64
      50
      64
      51
      48
      64
      58
      48
      61
      52
      49
      43
      42
      54
      37
      44
      56
      52
      56
      55
      61
      57
      55
      59
      53
      57
      74
      55
      60
      66
      84
      83
      75
      94
     110
     177
     238
     261
     315
     375
     438
     472
     627
     810
    1217
    3081
    9681
   20846
   22744
   11764
    3224
     522
     109
      36
      40
      30
      31
      35
      37
      23
      28
      26
      31
      29
      32
      23
      24
      18
      26
      23
      23
      23
      28
      24
      30
      29
      35
      19
      20
      29
      30
      27
      24
      22
      22
      23
      21
      24
      24
      27
      19
      21
      18
      20
      23
      17
      22
      16
      25
      30
      18
      25
      26
      26
      21
      27
      23
      34
      25
      25
      21
      30
      19
      25
      22
      15
      25
      25
      24
      21
      22
      22
      23
      24
      31
      21
      25
      31
      24
      23
      15
      21
      20
      31
      23
      18
      17
      14
      13
      18
      28
      26
      33
      22
      16
      21
      22
      23
      20
      13
      22
      16
      29
      23
      21
      20
      15
      17
      16
      31
      19
      21
      15
      23
      15
      24
      32
      20
      18
      33
      20
      19
      23
      17
      16
      13
      13
      26
      19
      17
      22
      20
      12
      14
      19
      23
      16
      14
      16
      20
      20
      21
      12
      17
      15
      16
      17
      16
      22
      19
      28
      18
      23
      17
      19
      24
      21
      21
      19
      18
      16
      16
      17
      32
      15
      15
      22
      26
      22
      22
      35
      60
      80
      55
      41
      25
      21
      24
      18
      20
      17
      16
      21
      14
      21
      11
      17
      20
      15
      26
      16
      22
      18
      31
      19
      15
      22
      20
      17
      19
      19
       0
       0
       0
       0
       0
       0
       0
       0
       0
       0
       0
       0
       0
       0
       0
       0
       0
       0
       0
       0
       0
       0
       0
       0
       0
       0
       0
       0
       0
       0
       0
       0
$ROI:
0
$PRESETS:
None
0
0
$ENER_FIT:
0.000000 0.731044
$MCA_CAL:
3
0.000000E+000 7.310444E-001 0.000000E+000 keV
$SHAPE_CAL:
3
0.000000E+000 0.000000E+000 0.000000E+000
