$SPEC_ID:
No sample description was entered.
$SPEC_REM:
DET# 4
DETDESC# JLAB-20 MCB 131
AP# Maestro Version 7.01
$DATE_MEA:
10/07/2025 05:40:02
$MEAS_TIM:
579 599
$DATA:
0 2047
       0
       0
       0
       0
       0
       0
       0
       0
       0
       0
       0
       0
       0
       0
       0
       0
       0
       0
       0
       0
       0
       0
       0
       0
       0
       0
       0
       0
       0
       0
       0
       0
       0
       0
       0
       0
       0
       0
       0
       0
       0
       0
       0
       0
       0
       0
       0
       0
       0
       0
       0
       0
       0
       0
       0
       0
       0
       0
       0
       0
       0
       0
       0
       0
       0
       0
       0
       0
       0
      46
    1345
    1415
    1386
    1395
    1399
    1441
    1391
    1382
    1388
    1389
    1353
    1384
    1452
    1365
    1325
    1385
    1398
    1315
    1288
    1343
    1349
    1315
    1332
    1378
    1318
    1337
    1358
    1349
    1467
    1519
    1336
    1548
    1611
    1394
    1433
    1370
    1362
    1348
    1341
    1312
    1298
    1348
    1326
    1301
    1352
    1392
    1361
    1348
    1354
    1359
    1366
    1346
    1369
    1318
    1281
    1307
    1289
    1284
    1338
    1374
    1258
    1322
    1316
    1397
    1270
    1321
    1289
    1363
    1335
    1279
    1299
    1308
    1296
    1282
    1349
    1283
    1283
    1360
    1286
    1300
    1303
    1312
    1377
    1302
    1280
    1316
    1227
    1294
    1302
    1318
    1256
    1272
    1305
    1333
    1363
    1267
    1301
    1252
    1340
    1348
    1288
    1251
    1251
    1334
    1376
    1239
    1299
    1361
    1332
    1279
    1327
    1396
    1314
    1266
    1259
    1347
    1305
    1283
    1226
    1350
    1281
    1312
    1327
    1351
    1300
    1283
    1329
    1266
    1225
    1377
    1290
    1309
    1280
    1308
    1313
    1345
    1316
    1270
    1345
    1285
    1236
    1274
    1308
    1232
    1210
    1266
    1269
    1241
    1285
    1244
    1220
    1224
    1298
    1253
    1258
    1131
    1272
    1163
    1267
    1244
    1258
    1239
    1236
    1204
    1273
    1209
    1205
    1253
    1183
    1215
    1241
    1298
    1222
    1243
    1172
    1231
    1147
    1160
    1211
    1280
    1230
    1256
    1235
    1190
    1208
    1102
    1184
    1269
    1218
    1228
    1165
    1192
    1242
    1153
    1122
    1182
    1107
    1179
    1150
    1216
    1166
    1161
    1147
    1199
    1155
    1156
    1183
    1183
    1240
    1216
    1191
    1224
    1246
    1239
    1274
    1339
    1359
    1338
    1353
    1455
    1440
    1411
    1471
    1583
    1479
    1528
    1448
    1481
    1495
    1501
    1453
    1467
    1404
    1501
    1396
    1425
    1438
    1396
    1349
    1402
    1455
    1495
    1401
    1350
    1371
    1328
    1330
    1354
    1384
    1356
    1373
    1325
    1318
    1306
    1338
    1330
    1364
    1236
    1257
    1321
    1291
    1250
    1303
    1250
    1304
    1275
    1207
    1257
    1222
    1250
    1226
    1320
    1264
    1179
    1234
    1249
    1256
    1219
    1182
    1211
    1183
    1276
    1197
    1210
    1197
    1218
    1185
    1181
    1165
    1163
    1159
    1162
    1130
    1136
    1167
    1128
    1130
    1141
    1103
    1158
    1093
    1159
    1123
    1186
    1128
    1060
    1098
    1163
    1117
    1126
    1067
    1094
    1070
    1074
    1034
    1072
    1043
    1006
    1066
    1068
    1131
    1043
    1080
     987
    1007
    1028
    1049
    1034
    1020
    1013
    1004
    1024
    1027
    1060
    1069
    1006
    1048
    1062
    1038
    1009
     979
     976
    1062
     971
    1044
    1030
    1000
    1025
     956
     945
    1006
    1037
    1268
    1224
    1054
     942
     946
     962
     960
     955
     949
     982
     930
     928
    1024
     992
     980
     919
     924
     930
     949
     967
     916
     963
     926
     920
     897
     951
     943
     903
     961
     948
     957
     938
     935
     905
     877
     852
     938
     909
     934
     921
     906
     899
     940
     842
     876
     899
     893
     877
     873
     900
     915
     922
     876
     883
     875
     907
     855
     871
     906
     830
     857
     863
     855
     817
     840
     860
     873
     861
     839
     833
     792
     862
     864
     933
     859
     864
     897
     883
     839
     819
     829
     819
     875
     799
     823
     805
     865
     875
     837
     813
     840
     822
     875
     785
     878
     846
     842
     804
     820
     874
     794
     840
     823
     828
     863
     834
     802
     817
     789
     810
     783
     848
     782
     781
     834
     822
     823
     824
     801
     843
     815
     795
     825
     734
     806
     814
     770
     852
     778
     811
     766
     785
     841
     768
     792
     817
     772
     767
     739
     783
     800
     777
     807
     823
     769
     765
     800
     781
     809
     812
     782
     779
     725
     740
     766
     727
     760
     764
     760
     760
     756
     735
     790
     746
     768
     783
     764
     758
     789
     764
     752
     759
     718
     752
     819
     779
     774
     759
     794
     745
     803
     739
     748
     760
     748
     795
     744
     768
     761
     774
     757
     773
     793
     727
     700
     746
     762
     727
     749
     780
     735
     767
     781
     779
     762
     756
     795
     755
     797
     761
     748
     764
     730
     759
     781
     758
     741
     760
     786
     794
     758
     784
     776
     774
     709
     725
     716
     763
     768
     734
     793
     734
     759
     716
     749
     723
     770
     779
     765
     715
     770
     724
     707
     765
     780
     716
     744
     774
     719
     732
     730
     738
     778
     764
     768
     735
     776
     715
     741
     759
     775
     750
     731
     748
     739
     735
     734
     716
     727
     720
     748
     742
     793
     768
     749
     756
     783
     698
     733
     718
     721
     720
     771
     752
     740
     703
     772
     731
     716
     762
     687
     728
     710
     740
     740
     772
     692
     711
     754
     727
     716
     722
     770
     739
     723
     753
     767
     749
     728
     693
     723
     730
     744
     685
     706
     719
     745
     747
     774
     730
     718
     756
     792
     715
     729
     768
     727
     737
     708
     795
     715
     704
     742
     675
     744
     690
     666
     719
     686
     716
     720
     746
     725
     717
     725
     732
     750
     736
     736
     706
     744
     725
     711
     750
     717
     726
     715
     749
     751
     755
     725
     726
     714
     739
     697
     726
     741
     763
     704
     674
     737
     748
     738
     728
     753
     706
     708
     742
     752
     703
     755
     753
     720
     744
     723
     732
     719
     723
     669
     739
     706
     728
     727
     714
     744
     726
     675
     743
     710
     749
     725
     694
     737
     687
     742
     750
     768
     845
     744
     665
     753
     750
     725
     703
     727
     739
     742
     717
     791
     771
     788
     766
     728
     767
     666
     743
     711
     717
     751
     722
     740
     738
     765
     738
     740
     755
     729
     780
     737
     746
     705
     695
     769
     724
     726
     735
     718
     711
     756
     689
     738
     758
     697
     687
     730
     729
     767
     700
     724
     754
     719
     711
     713
     775
     695
     721
     707
     746
     759
     750
     733
     715
     737
     796
     717
     726
     765
     744
     777
     822
     701
     757
     748
     765
     752
     753
     772
     722
     692
     758
     762
     719
     785
     719
     706
     740
     774
     756
     699
     737
     744
     692
     695
     725
     741
     701
     724
     765
     738
     771
     721
     715
     742
     718
     722
     814
     729
     756
     763
     751
     787
     729
     741
     741
     760
     738
     714
     713
     741
     742
     739
     770
     751
     752
     710
     737
     728
     691
     725
     788
     744
     765
     794
     773
     699
     767
     730
     772
     755
     758
     801
     729
     729
     773
     790
     745
     769
     765
     731
     773
     769
     742
     798
     754
     775
     746
     790
     729
     752
     762
     751
     790
     754
     711
     769
     763
     767
     788
     790
     774
     794
     776
     764
     797
     756
     773
     791
     750
     764
     853
     866
     793
     747
     818
     734
     797
     743
     760
     752
     823
     782
     798
     711
     802
     803
     778
     723
     830
     816
     794
     828
     799
     802
     767
     751
     772
     811
     812
     752
     796
     777
     736
     800
     777
     787
     737
     777
     841
     762
     854
     786
     790
     816
     770
     779
     789
     786
     786
     836
     776
     783
     823
     795
     769
     782
     725
     810
     817
     803
     812
     790
     816
     795
     828
     847
     806
     791
     846
     836
     845
     845
     840
     810
     811
     784
     822
     837
     840
     818
     849
     868
     873
     800
     840
     812
     824
     852
     851
     848
     844
     814
     839
     812
     832
     834
     815
     834
     863
     836
     853
     843
     830
     861
     871
     921
     955
     894
     959
     937
     897
     869
     856
     900
     808
     828
     877
     862
     862
     876
     850
     865
     896
     804
     908
     880
     867
     818
     877
     863
     868
     873
     876
     901
     884
     924
     885
     858
     910
     882
     909
     905
     818
     900
     932
     889
     827
     917
     877
     924
     956
     914
     904
     916
     907
     896
     904
     942
     939
     869
     914
     985
     934
     945
     949
     909
     861
     949
     916
     934
     936
     945
    1010
     879
     956
     957
     953
     956
     954
    1006
     999
     926
    1002
     943
     983
     973
     951
     971
     993
     997
    1023
     998
     946
    1004
    1067
    1022
    1001
    1027
    1046
    1031
    1046
    1045
    1010
    1022
    1061
    1029
    1066
    1030
    1085
    1071
    1056
    1041
    1112
    1087
    1060
    1074
    1101
    1086
    1057
    1041
    1051
    1131
    1077
    1067
    1070
    1103
    1149
    1210
    1099
    1172
    1160
    1119
    1133
    1162
    1193
    1196
    1162
    1196
    1125
    1186
    1151
    1181
    1186
    1185
    1171
    1146
    1170
    1161
    1258
    1243
    1267
    1229
    1250
    1189
    1261
    1291
    1226
    1225
    1327
    1285
    1285
    1344
    1284
    1363
    1378
    1279
    1306
    1366
    1352
    1301
    1273
    1378
    1357
    1306
    1348
    1346
    1343
    1355
    1353
    1375
    1356
    1352
    1398
    1396
    1400
    1431
    1439
    1408
    1373
    1366
    1453
    1334
    1366
    1363
    1324
    1283
    1334
    1253
    1256
    1196
    1156
    1135
    1110
    1013
    1006
    1051
     997
     975
     900
     948
     899
    1000
     939
     993
     893
     958
     912
     926
     925
     918
     957
     944
     956
     901
     890
     896
     855
     871
     889
     901
     848
     893
     844
     927
     873
     890
     907
     832
     812
     864
     875
     882
     882
     829
     824
     810
     831
     824
     842
     859
     810
     854
     822
     853
     898
     875
     808
     827
     837
     873
     834
     845
     817
     853
     787
     822
     823
     845
     829
     797
     835
     875
     802
     783
     927
     829
     828
     825
     828
     818
     787
     812
     852
     791
     844
     790
     744
     825
     809
     809
     797
     837
     808
     807
     796
     786
     741
     838
     785
     809
     789
     786
     794
     765
     793
     802
     767
     746
     797
     790
     802
     774
     727
     767
     738
     805
     717
     751
     824
     846
     776
     814
     766
     710
     767
     758
     781
     784
     725
     757
     791
     775
     739
     757
     706
     807
     774
     758
     861
     766
     792
     733
     803
     813
     788
     813
     847
     772
     764
     830
     785
     795
     751
     807
     821
     807
     797
     810
     806
     811
     826
     883
     884
     817
     866
     875
     853
     836
     836
     867
     853
     855
     845
     854
     886
     852
     899
     890
     865
     878
     846
     881
     853
     872
     880
     889
     919
     844
     891
     886
     931
     875
     862
     898
     879
     864
     914
     925
     883
     943
     880
     881
     905
     883
     812
     844
     774
     862
     729
     753
     692
     720
     645
     659
     594
     562
     576
     556
     532
     551
     537
     507
     520
     510
     473
     474
     489
     484
     492
     481
     483
     494
     430
     491
     434
     432
     466
     440
     400
     427
     401
     419
     442
     413
     429
     388
     367
     413
     421
     403
     451
     397
     407
     393
     405
     395
     420
     418
     413
     381
     367
     355
     369
     393
     392
     374
     421
     434
     394
     381
     410
     426
     492
     564
     600
     682
     709
     789
     846
     974
    1182
    1589
    3340
   10503
   24936
   27563
   14301
    3758
     820
     347
     283
     308
     282
     303
     264
     265
     267
     288
     254
     256
     265
     275
     274
     258
     259
     269
     238
     241
     257
     223
     248
     247
     251
     201
     216
     226
     209
     225
     213
     218
     220
     227
     219
     205
     203
     211
     192
     192
     202
     181
     192
     179
     164
     183
     151
     165
     170
     148
     164
     139
     143
     181
     168
     145
     141
     128
     124
     137
     151
     168
     129
     118
     133
     144
     154
      96
     122
     120
     121
     108
      86
     110
     106
     109
     110
      96
     106
      96
     100
      73
     109
     111
      97
     104
      94
      91
      75
      93
      79
      96
      71
      61
      74
      86
      80
      75
      73
      76
      70
      78
      75
      70
      81
      75
      78
      76
      83
      64
      60
      75
      74
      69
      74
      62
      51
      72
      53
      67
      59
      57
      67
      66
      80
      65
      62
      67
      49
      62
      57
      57
      58
      60
      75
      70
      60
      61
      62
      67
      74
      56
      66
      56
      55
      51
      50
      48
      63
      63
      64
      63
      64
      58
      66
      75
      59
      56
      68
      63
      59
      56
      61
      54
      61
      54
      62
      70
      45
      46
      52
      44
      51
      57
      60
      62
      52
      54
      59
      48
      54
      49
      51
      39
      59
      50
      63
      56
      55
      48
      49
      69
      51
      55
      72
      81
      85
      79
      98
      94
     143
     199
     276
     292
     334
     399
     498
     570
     666
     973
    1827
    4959
   14316
   23526
   19334
    7628
    1679
     257
      65
      34
      29
      33
      36
      36
      21
      22
      32
      34
      24
      25
      21
      29
      25
      21
      36
      25
      15
      29
      25
      38
      29
      28
      26
      19
      34
      22
      24
      30
      22
      28
      27
      37
      25
      33
      24
      26
      26
      28
      17
      24
      22
      22
      24
      20
      30
      24
      26
      21
      19
      29
      21
      26
      22
      23
      28
      30
      35
      16
      22
      24
      29
      21
      12
      25
      17
      23
      28
      22
      21
      23
      20
      25
      31
      29
      27
      16
      23
      17
      17
      24
      18
      26
      16
      26
      24
      28
      22
      27
      27
      16
      28
      20
      18
      15
      21
      26
      24
      21
      20
      20
      22
      25
      18
      22
      24
      18
      26
      29
      22
      15
      24
      25
      19
      12
      21
      29
      30
      17
      18
      22
      20
      24
      18
      15
      24
      27
      25
      17
      20
      30
      28
      19
      21
      31
      18
      22
      25
      26
      21
      17
      22
      20
      21
      22
      22
      19
      23
      26
      28
      18
      16
      20
      17
      24
      26
      15
      25
      27
      24
      15
      18
      24
      20
      27
      23
      37
      41
      79
      73
      45
      31
      13
      23
      22
      23
      18
      22
      19
      28
      19
      17
      17
      23
      22
      22
      14
      27
      12
      21
      26
      17
      21
      19
      20
      16
      27
      21
       0
       0
       0
       0
       0
       0
       0
       0
       0
       0
       0
       0
       0
       0
       0
       0
       0
       0
       0
       0
       0
       0
       0
       0
       0
       0
       0
       0
       0
       0
       0
       0
$ROI:
0
$PRESETS:
None
0
0
$ENER_FIT:
0.000000 0.731044
$MCA_CAL:
3
0.000000E+000 7.310444E-001 0.000000E+000 keV
$SHAPE_CAL:
3
0.000000E+000 0.000000E+000 0.000000E+000
