$SPEC_ID:
No sample description was entered.
$SPEC_REM:
DET# 4
DETDESC# JLAB-20 MCB 131
AP# Maestro Version 7.01
$DATE_MEA:
10/06/2025 18:30:02
$MEAS_TIM:
579 600
$DATA:
0 2047
       0
       0
       0
       0
       0
       0
       0
       0
       0
       0
       0
       0
       0
       0
       0
       0
       0
       0
       0
       0
       0
       0
       0
       0
       0
       0
       0
       0
       0
       0
       0
       0
       0
       0
       0
       0
       0
       0
       0
       0
       0
       0
       0
       0
       0
       0
       0
       0
       0
       0
       0
       0
       0
       0
       0
       0
       0
       0
       0
       0
       0
       0
       0
       0
       0
       0
       0
       0
       0
      38
    1297
    1362
    1385
    1394
    1389
    1387
    1416
    1319
    1381
    1342
    1387
    1416
    1355
    1376
    1339
    1325
    1345
    1300
    1293
    1298
    1391
    1376
    1370
    1355
    1341
    1306
    1364
    1308
    1455
    1428
    1323
    1525
    1632
    1395
    1386
    1412
    1302
    1324
    1329
    1317
    1283
    1305
    1292
    1374
    1340
    1372
    1354
    1277
    1332
    1387
    1330
    1326
    1273
    1453
    1340
    1285
    1404
    1319
    1320
    1322
    1328
    1433
    1356
    1274
    1297
    1332
    1316
    1319
    1268
    1256
    1355
    1355
    1325
    1357
    1303
    1356
    1326
    1270
    1341
    1333
    1265
    1302
    1249
    1364
    1268
    1361
    1362
    1252
    1361
    1311
    1301
    1303
    1349
    1351
    1315
    1367
    1316
    1237
    1338
    1327
    1331
    1312
    1313
    1341
    1278
    1303
    1278
    1358
    1333
    1290
    1311
    1363
    1314
    1299
    1353
    1270
    1292
    1304
    1311
    1326
    1318
    1302
    1312
    1294
    1274
    1334
    1243
    1313
    1308
    1305
    1289
    1310
    1226
    1299
    1308
    1336
    1369
    1322
    1250
    1245
    1297
    1177
    1269
    1322
    1276
    1284
    1281
    1297
    1220
    1265
    1227
    1252
    1220
    1244
    1228
    1298
    1229
    1303
    1218
    1186
    1219
    1251
    1258
    1204
    1210
    1175
    1234
    1221
    1182
    1189
    1251
    1205
    1248
    1246
    1211
    1215
    1156
    1198
    1192
    1195
    1167
    1175
    1181
    1200
    1189
    1212
    1217
    1242
    1124
    1196
    1176
    1211
    1150
    1157
    1139
    1245
    1167
    1219
    1170
    1159
    1197
    1149
    1191
    1176
    1234
    1179
    1205
    1170
    1154
    1187
    1268
    1196
    1161
    1215
    1258
    1342
    1365
    1332
    1411
    1359
    1429
    1503
    1457
    1518
    1502
    1445
    1459
    1516
    1540
    1494
    1399
    1495
    1495
    1498
    1461
    1444
    1459
    1477
    1360
    1358
    1463
    1364
    1369
    1379
    1429
    1361
    1440
    1365
    1379
    1295
    1310
    1365
    1368
    1264
    1348
    1328
    1292
    1282
    1348
    1289
    1332
    1282
    1292
    1254
    1236
    1230
    1226
    1221
    1207
    1241
    1270
    1262
    1234
    1243
    1152
    1257
    1225
    1199
    1229
    1219
    1121
    1186
    1194
    1215
    1203
    1213
    1150
    1162
    1148
    1106
    1148
    1169
    1097
    1182
    1155
    1139
    1128
    1118
    1092
    1100
    1152
    1121
    1105
    1104
    1108
    1085
    1114
    1055
    1120
    1105
    1072
    1094
    1101
    1043
    1146
    1097
    1070
    1027
    1102
    1098
    1044
    1067
    1026
    1015
    1061
    1090
    1098
    1055
    1007
    1024
    1015
    1122
    1072
    1038
     991
    1020
    1042
     977
    1008
    1011
    1001
    1018
     959
    1022
    1041
     998
    1019
    1002
    1015
    1036
    1010
    1005
    1264
    1151
    1016
    1006
     953
     971
     956
     916
     951
     969
     973
     989
     929
     970
     910
     965
     883
     929
     936
    1002
    1005
     899
     939
     951
     888
     983
     916
     928
     956
     887
     921
     945
     895
     908
     873
     940
     956
     859
     933
     912
     861
     922
     868
     866
     924
     832
     876
     867
     898
     905
     846
     820
     861
     863
     873
     850
     876
     903
     850
     857
     902
     855
     836
     808
     872
     880
     861
     834
     877
     827
     809
     852
     824
     852
     848
     860
     857
     872
     841
     853
     813
     842
     861
     886
     856
     816
     807
     816
     868
     823
     808
     828
     840
     775
     783
     845
     823
     833
     843
     792
     807
     771
     825
     824
     839
     811
     833
     877
     827
     808
     835
     792
     797
     853
     878
     817
     756
     800
     784
     759
     826
     764
     765
     810
     803
     776
     782
     816
     784
     794
     788
     733
     810
     765
     775
     763
     819
     798
     762
     812
     750
     812
     801
     837
     758
     769
     814
     761
     761
     839
     833
     767
     771
     750
     743
     810
     794
     835
     777
     760
     774
     777
     790
     788
     735
     761
     774
     799
     770
     756
     757
     803
     782
     737
     761
     805
     755
     783
     781
     834
     789
     794
     760
     784
     753
     772
     805
     750
     754
     803
     765
     773
     786
     735
     708
     726
     748
     736
     787
     762
     719
     739
     766
     775
     777
     759
     769
     798
     701
     751
     748
     763
     743
     721
     791
     725
     752
     758
     749
     762
     749
     760
     725
     767
     760
     728
     757
     777
     729
     768
     758
     717
     766
     676
     746
     746
     749
     765
     734
     756
     726
     769
     784
     775
     788
     730
     727
     810
     743
     763
     712
     719
     739
     767
     764
     698
     676
     723
     733
     793
     716
     754
     728
     737
     755
     788
     786
     737
     768
     714
     705
     756
     752
     771
     783
     763
     740
     778
     788
     781
     710
     717
     758
     770
     768
     737
     744
     719
     762
     737
     738
     774
     742
     769
     727
     747
     708
     755
     696
     782
     702
     701
     731
     712
     691
     714
     721
     741
     672
     723
     708
     757
     776
     740
     751
     744
     727
     752
     694
     738
     703
     682
     775
     725
     728
     764
     792
     759
     747
     761
     739
     748
     771
     746
     772
     730
     719
     740
     711
     752
     731
     762
     726
     745
     724
     744
     746
     709
     695
     760
     676
     714
     759
     737
     774
     751
     729
     723
     705
     746
     741
     689
     787
     719
     746
     716
     738
     687
     711
     744
     730
     783
     765
     717
     772
     751
     722
     727
     775
     730
     741
     753
     721
     737
     682
     740
     683
     763
     747
     701
     690
     734
     738
     716
     738
     707
     734
     696
     703
     748
     759
     696
     715
     769
     743
     758
     801
     779
     714
     759
     692
     724
     707
     759
     739
     695
     748
     779
     776
     731
     716
     711
     742
     700
     699
     759
     749
     757
     763
     749
     739
     733
     779
     732
     737
     734
     745
     747
     712
     737
     736
     676
     744
     735
     750
     745
     727
     797
     719
     741
     768
     707
     715
     719
     773
     769
     735
     762
     682
     734
     725
     782
     707
     736
     769
     739
     781
     744
     704
     777
     743
     750
     738
     724
     773
     738
     743
     757
     783
     768
     752
     722
     747
     726
     711
     810
     695
     768
     744
     698
     719
     740
     728
     734
     765
     717
     770
     769
     711
     748
     742
     767
     699
     725
     756
     756
     766
     698
     756
     755
     710
     719
     716
     743
     691
     752
     715
     741
     763
     744
     744
     751
     757
     734
     788
     768
     748
     806
     771
     769
     682
     742
     744
     779
     716
     752
     752
     733
     737
     778
     775
     772
     768
     728
     786
     778
     703
     701
     718
     707
     767
     794
     769
     715
     735
     776
     720
     795
     718
     778
     759
     790
     745
     732
     797
     732
     707
     780
     765
     786
     754
     766
     733
     741
     764
     703
     734
     761
     826
     805
     826
     757
     718
     810
     761
     727
     760
     768
     769
     725
     774
     753
     761
     769
     766
     772
     798
     745
     775
     813
     796
     807
     783
     785
     785
     775
     814
     737
     782
     791
     768
     795
     822
     770
     821
     719
     790
     773
     725
     806
     730
     793
     798
     833
     734
     778
     791
     803
     776
     791
     751
     858
     816
     771
     809
     808
     783
     780
     804
     779
     858
     779
     846
     794
     765
     801
     817
     849
     824
     784
     813
     795
     833
     852
     821
     827
     837
     825
     829
     828
     858
     791
     816
     831
     943
     787
     839
     785
     815
     773
     821
     837
     834
     864
     756
     861
     800
     826
     838
     866
     847
     836
     885
     795
     844
     838
     871
     889
     829
     867
     861
     828
     871
     890
     915
     917
     932
     863
     880
     867
     953
     844
     844
     871
     866
     896
     868
     885
     909
     820
     869
     900
     819
     810
     850
     873
     811
     876
     877
     910
     924
     883
     866
     849
     876
     894
     895
     949
     895
     928
     867
     940
     855
     907
     937
     924
     956
     894
     868
     891
     848
     891
     899
     914
     888
     948
     890
     952
     916
    1002
     932
     915
     963
     960
     925
     939
     906
     931
     943
     944
     955
     925
     915
     913
     953
     945
     989
     967
     919
     953
     960
     999
     947
     982
    1008
     969
     960
     928
    1005
     987
     975
    1009
     965
     981
    1042
    1022
     948
    1052
    1028
    1053
    1063
    1055
    1013
    1030
    1051
    1057
    1022
    1126
    1009
    1066
    1043
    1049
    1046
    1123
    1064
    1089
    1057
    1106
    1069
    1101
    1099
    1114
    1101
    1142
    1155
    1124
    1161
    1230
    1164
    1118
    1125
    1152
    1174
    1218
    1216
    1174
    1159
    1153
    1255
    1180
    1234
    1228
    1190
    1274
    1233
    1156
    1219
    1249
    1271
    1127
    1277
    1278
    1247
    1187
    1205
    1285
    1311
    1242
    1193
    1325
    1285
    1350
    1313
    1288
    1300
    1356
    1278
    1333
    1322
    1370
    1397
    1350
    1361
    1422
    1298
    1353
    1297
    1349
    1394
    1389
    1388
    1364
    1414
    1357
    1356
    1368
    1421
    1372
    1378
    1344
    1312
    1375
    1341
    1342
    1223
    1314
    1220
    1226
    1161
    1148
    1141
    1078
     984
    1059
     993
    1011
     956
     979
     969
     938
     923
     914
     942
     928
     963
     943
     871
     915
     937
     869
     971
     910
     912
     927
     877
     873
     907
     845
     883
     899
     866
     922
     869
     857
     857
     832
     893
     910
     830
     950
     857
     886
     864
     858
     842
     913
     874
     856
     876
     888
     854
     853
     831
     892
     828
     896
     873
     827
     866
     809
     794
     849
     781
     818
     806
     823
     802
     809
     832
     860
     811
     832
     803
     800
     835
     791
     796
     833
     786
     799
     812
     821
     814
     819
     775
     793
     832
     795
     831
     816
     790
     774
     803
     777
     782
     850
     795
     759
     824
     785
     774
     769
     782
     746
     782
     766
     781
     790
     781
     768
     728
     797
     771
     791
     785
     835
     793
     804
     796
     764
     789
     806
     770
     761
     741
     763
     805
     792
     779
     798
     775
     748
     802
     782
     771
     786
     793
     767
     798
     776
     731
     777
     766
     826
     799
     813
     813
     823
     786
     780
     785
     817
     791
     860
     837
     793
     841
     813
     848
     858
     795
     796
     851
     830
     861
     804
     838
     883
     869
     822
     888
     860
     861
     893
     894
     862
     865
     866
     859
     881
     898
     918
     887
     907
     836
     918
     899
     933
     930
     921
     899
     906
     922
     939
     938
     905
     912
     918
     888
     926
     892
     864
     861
     856
     828
     777
     789
     775
     765
     728
     650
     674
     623
     548
     582
     554
     583
     545
     544
     489
     507
     517
     497
     497
     518
     482
     423
     480
     482
     491
     443
     452
     496
     427
     446
     423
     452
     483
     448
     430
     433
     412
     433
     429
     433
     431
     428
     401
     426
     415
     381
     430
     417
     400
     387
     391
     456
     393
     393
     374
     372
     404
     399
     384
     390
     424
     378
     387
     395
     368
     452
     462
     560
     607
     707
     769
     839
     928
    1012
    1285
    1795
    4211
   13894
   27374
   25420
   10649
    2548
     546
     306
     272
     299
     280
     304
     280
     278
     279
     250
     292
     284
     262
     244
     256
     265
     250
     253
     248
     252
     227
     246
     214
     223
     227
     209
     199
     229
     243
     195
     230
     201
     224
     196
     205
     197
     223
     191
     193
     190
     171
     183
     182
     167
     169
     150
     177
     157
     166
     182
     153
     151
     159
     140
     159
     166
     140
     119
     129
     126
     120
     122
     147
     125
     135
     134
     125
     130
     125
     107
     103
     118
     105
      98
      91
     100
     109
     111
      81
     124
      90
      95
      96
      95
     100
      99
      76
     102
      92
      92
      87
      85
      80
      76
      89
      79
      90
      88
      75
      71
      93
      64
      64
      87
      73
      67
      53
      87
      59
      64
      56
      72
      58
      81
      63
      68
      82
      47
      62
      65
      70
      66
      68
      82
      72
      57
      64
      61
      74
      61
      55
      75
      55
      48
      58
      63
      61
      57
      52
      60
      56
      64
      56
      55
      59
      66
      60
      60
      58
      75
      60
      51
      68
      64
      47
      61
      59
      60
      56
      57
      45
      60
      64
      70
      70
      51
      53
      70
      60
      61
      70
      55
      54
      64
      57
      49
      48
      57
      52
      49
      61
      45
      59
      62
      68
      51
      61
      51
      56
      65
      57
      58
      53
      66
      85
      66
      66
      76
      99
     119
     131
     193
     270
     325
     379
     421
     494
     600
     703
    1106
    2292
    6847
   17867
   23906
   15669
    4978
     987
     153
      41
      26
      36
      30
      31
      28
      27
      35
      33
      26
      32
      26
      33
      38
      30
      30
      24
      15
      35
      25
      26
      29
      31
      27
      30
      29
      27
      19
      29
      32
      25
      18
      22
      34
      28
      27
      25
      32
      24
      21
      29
      27
      19
      22
      23
      29
      16
      24
      19
      31
      22
      20
      18
      18
      26
      16
      24
      31
      25
      20
      29
      34
      34
      24
      20
      26
      22
      27
      18
      21
      17
      26
      24
      18
      22
      26
      17
      28
      18
      19
      23
      23
      23
      18
      21
      28
      30
      22
      28
      21
      19
      29
      24
      13
      20
      31
      30
      24
      28
      20
      21
      22
      27
      25
      24
      22
      25
      26
      27
      21
      24
      14
      26
      33
      20
      30
      22
      31
      22
      21
      21
      20
      18
      23
      24
      20
      24
      18
      27
      25
      19
      18
      18
      14
      22
      22
      22
      25
      20
      29
      15
      21
      20
      16
      17
      25
      20
      18
      21
      18
      22
      17
      16
      24
      21
      26
      33
      17
      28
       7
      23
      23
      32
      19
      27
      25
      32
      35
      49
      78
      59
      44
      27
      19
      18
      19
      11
      16
      16
      18
      18
      23
      28
      12
      19
      20
      22
      22
       9
      17
      18
      22
      25
      25
      22
      11
      20
      17
      21
       0
       0
       0
       0
       0
       0
       0
       0
       0
       0
       0
       0
       0
       0
       0
       0
       0
       0
       0
       0
       0
       0
       0
       0
       0
       0
       0
       0
       0
       0
       0
       0
$ROI:
0
$PRESETS:
None
0
0
$ENER_FIT:
0.000000 0.731044
$MCA_CAL:
3
0.000000E+000 7.310444E-001 0.000000E+000 keV
$SHAPE_CAL:
3
0.000000E+000 0.000000E+000 0.000000E+000
