$SPEC_ID:
No sample description was entered.
$SPEC_REM:
DET# 4
DETDESC# JLAB-20 MCB 131
AP# Maestro Version 7.01
$DATE_MEA:
10/06/2025 22:40:02
$MEAS_TIM:
579 599
$DATA:
0 2047
       0
       0
       0
       0
       0
       0
       0
       0
       0
       0
       0
       0
       0
       0
       0
       0
       0
       0
       0
       0
       0
       0
       0
       0
       0
       0
       0
       0
       0
       0
       0
       0
       0
       0
       0
       0
       0
       0
       0
       0
       0
       0
       0
       0
       0
       0
       0
       0
       0
       0
       0
       0
       0
       0
       0
       0
       0
       0
       0
       0
       0
       0
       0
       0
       0
       0
       0
       0
       0
      54
    1290
    1357
    1391
    1392
    1428
    1382
    1396
    1377
    1398
    1342
    1386
    1393
    1338
    1375
    1315
    1449
    1287
    1358
    1397
    1302
    1310
    1421
    1367
    1405
    1331
    1341
    1348
    1396
    1477
    1496
    1377
    1513
    1640
    1328
    1364
    1364
    1396
    1296
    1239
    1342
    1307
    1294
    1353
    1302
    1380
    1307
    1394
    1360
    1327
    1339
    1378
    1362
    1332
    1378
    1382
    1318
    1335
    1284
    1284
    1391
    1318
    1333
    1394
    1332
    1347
    1361
    1341
    1222
    1309
    1311
    1326
    1244
    1313
    1264
    1278
    1326
    1315
    1288
    1309
    1300
    1276
    1323
    1303
    1301
    1329
    1328
    1289
    1253
    1286
    1371
    1342
    1279
    1326
    1285
    1356
    1307
    1271
    1290
    1342
    1335
    1376
    1397
    1306
    1322
    1310
    1232
    1315
    1353
    1295
    1288
    1255
    1321
    1329
    1300
    1309
    1348
    1357
    1273
    1313
    1333
    1277
    1300
    1288
    1290
    1264
    1277
    1255
    1257
    1297
    1350
    1298
    1272
    1301
    1269
    1328
    1251
    1416
    1289
    1292
    1300
    1261
    1272
    1255
    1307
    1287
    1229
    1325
    1232
    1255
    1233
    1267
    1280
    1253
    1274
    1236
    1246
    1223
    1171
    1184
    1241
    1206
    1226
    1184
    1255
    1232
    1217
    1215
    1309
    1204
    1215
    1175
    1244
    1117
    1181
    1177
    1236
    1247
    1250
    1227
    1227
    1212
    1224
    1202
    1250
    1215
    1185
    1218
    1166
    1225
    1148
    1175
    1203
    1146
    1169
    1217
    1221
    1154
    1189
    1214
    1221
    1155
    1244
    1179
    1119
    1172
    1200
    1232
    1188
    1125
    1202
    1180
    1201
    1252
    1238
    1230
    1337
    1291
    1479
    1372
    1409
    1432
    1521
    1556
    1536
    1562
    1514
    1502
    1456
    1482
    1408
    1475
    1456
    1469
    1429
    1573
    1473
    1463
    1405
    1362
    1359
    1354
    1410
    1414
    1421
    1382
    1327
    1363
    1338
    1340
    1321
    1370
    1288
    1339
    1339
    1350
    1264
    1304
    1250
    1292
    1257
    1295
    1228
    1298
    1314
    1297
    1316
    1268
    1259
    1257
    1284
    1173
    1225
    1216
    1251
    1179
    1200
    1165
    1193
    1207
    1189
    1174
    1132
    1169
    1246
    1187
    1161
    1229
    1151
    1153
    1207
    1160
    1150
    1162
    1145
    1144
    1171
    1150
    1153
    1137
    1126
    1132
    1137
    1184
    1141
    1109
    1098
    1092
    1069
    1093
    1106
    1081
    1155
    1096
    1054
    1079
    1050
    1060
    1006
    1035
    1040
    1125
    1077
    1046
    1040
    1128
    1010
    1048
    1100
    1021
     998
    1024
    1008
    1021
    1050
    1019
    1000
    1037
     949
    1059
    1043
     965
     964
    1051
     984
     984
    1023
    1014
     971
     917
     982
     944
     993
    1323
    1208
    1036
     896
     931
     967
     927
    1009
     948
     923
     983
     974
     949
     993
     996
     926
     953
     951
     946
     953
     928
     904
     941
     918
     905
     964
     968
     919
     932
     942
     879
     957
     950
     972
     914
     936
     881
     857
     925
     905
     881
     848
     854
     865
     848
     899
     898
     898
     847
     923
     944
     913
     866
     840
     889
     884
     888
     910
     845
     839
     861
     899
     874
     860
     874
     889
     903
     825
     853
     903
     838
     875
     839
     772
     830
     878
     800
     825
     879
     797
     811
     834
     891
     818
     813
     802
     825
     844
     860
     836
     858
     831
     850
     850
     856
     836
     858
     841
     795
     815
     837
     833
     823
     834
     832
     788
     868
     797
     821
     803
     799
     864
     830
     780
     844
     833
     855
     815
     834
     803
     834
     831
     803
     897
     767
     795
     765
     791
     765
     780
     795
     773
     793
     809
     857
     774
     781
     764
     796
     785
     813
     747
     733
     726
     742
     805
     799
     772
     797
     730
     752
     803
     750
     752
     791
     795
     776
     754
     807
     780
     771
     771
     822
     779
     780
     740
     797
     819
     768
     803
     752
     789
     719
     793
     782
     751
     787
     733
     702
     760
     695
     762
     783
     732
     733
     689
     724
     786
     774
     737
     827
     758
     753
     794
     741
     731
     756
     817
     770
     758
     769
     740
     785
     790
     751
     767
     733
     753
     758
     733
     780
     777
     723
     776
     757
     762
     754
     795
     710
     759
     733
     687
     766
     694
     748
     796
     748
     721
     750
     779
     726
     717
     774
     705
     725
     764
     762
     785
     771
     743
     734
     781
     738
     730
     783
     699
     691
     708
     751
     709
     759
     746
     713
     730
     730
     763
     702
     711
     760
     775
     751
     703
     699
     708
     710
     682
     753
     745
     755
     777
     774
     742
     834
     804
     737
     782
     739
     748
     727
     754
     716
     767
     782
     725
     681
     717
     698
     707
     677
     701
     733
     744
     734
     681
     726
     689
     733
     774
     767
     705
     746
     745
     736
     753
     695
     731
     728
     698
     758
     712
     705
     720
     703
     713
     714
     686
     719
     704
     743
     724
     713
     759
     699
     696
     710
     716
     830
     738
     762
     731
     710
     697
     702
     703
     763
     726
     758
     747
     728
     747
     725
     691
     736
     727
     724
     716
     739
     668
     725
     721
     730
     705
     793
     757
     741
     736
     766
     767
     724
     720
     752
     812
     739
     728
     744
     724
     723
     742
     729
     716
     751
     726
     729
     714
     758
     704
     732
     707
     707
     723
     735
     676
     719
     773
     738
     758
     694
     693
     747
     745
     725
     781
     752
     730
     758
     714
     685
     731
     709
     707
     695
     706
     768
     690
     723
     757
     710
     767
     770
     735
     760
     692
     719
     773
     740
     734
     716
     685
     730
     728
     760
     716
     700
     774
     756
     713
     710
     733
     746
     725
     784
     651
     785
     664
     717
     723
     766
     677
     774
     805
     716
     717
     744
     727
     738
     753
     679
     771
     700
     731
     757
     753
     710
     710
     798
     690
     711
     757
     746
     712
     721
     688
     742
     763
     740
     760
     747
     699
     739
     755
     727
     715
     713
     805
     776
     753
     769
     764
     770
     757
     754
     763
     764
     715
     761
     783
     755
     748
     725
     753
     761
     797
     756
     728
     723
     702
     743
     768
     783
     772
     724
     736
     764
     712
     730
     788
     746
     728
     733
     717
     743
     761
     766
     763
     716
     788
     697
     733
     759
     760
     759
     803
     784
     730
     770
     691
     733
     704
     732
     742
     780
     739
     739
     763
     776
     788
     761
     731
     763
     821
     757
     758
     706
     761
     724
     745
     750
     783
     707
     775
     757
     762
     790
     789
     776
     755
     710
     753
     783
     740
     821
     723
     767
     732
     775
     724
     791
     756
     744
     777
     778
     713
     789
     750
     733
     751
     751
     818
     809
     756
     834
     766
     743
     771
     774
     774
     762
     846
     783
     790
     713
     792
     749
     724
     837
     795
     806
     796
     796
     719
     793
     813
     764
     794
     775
     805
     752
     771
     750
     799
     797
     787
     795
     770
     784
     809
     802
     801
     822
     847
     787
     799
     776
     834
     787
     802
     763
     833
     780
     778
     738
     767
     765
     787
     798
     747
     766
     773
     776
     748
     804
     816
     799
     762
     770
     756
     807
     830
     853
     781
     796
     804
     839
     813
     766
     826
     851
     805
     850
     817
     810
     854
     825
     774
     811
     809
     796
     797
     856
     837
     776
     827
     836
     879
     797
     844
     807
     776
     777
     838
     836
     855
     863
     854
     879
     879
     828
     828
     829
     813
     831
     798
     824
     851
     850
     943
     902
     907
     913
     861
     843
     859
     903
     794
     891
     886
     909
     801
     883
     889
     869
     884
     896
     826
     867
     898
     865
     903
     840
     789
     881
     834
     919
     850
     847
     908
     899
     887
     934
     920
     886
     866
     888
     943
     930
     890
     877
     876
     886
     916
     857
     867
     921
     898
     966
     947
     907
     968
     874
     903
     911
     979
     937
     938
     968
     967
     940
     940
     924
     978
     969
     957
     959
     942
     944
     944
     953
     945
    1022
    1008
     906
     943
     983
    1029
     993
     979
    1021
     955
    1026
    1063
     927
    1028
     993
     945
     989
     955
     985
    1001
     974
     969
    1010
    1038
    1090
    1087
    1069
    1038
    1060
    1062
    1057
    1065
    1067
    1100
    1118
    1103
    1040
    1070
    1100
    1108
    1085
    1095
    1079
    1041
    1074
    1162
    1103
    1160
    1134
    1107
    1122
    1120
    1131
    1147
    1159
    1110
    1128
    1126
    1173
    1135
    1124
    1165
    1144
    1218
    1152
    1282
    1213
    1142
    1169
    1137
    1227
    1281
    1268
    1272
    1220
    1209
    1319
    1241
    1233
    1293
    1265
    1274
    1331
    1298
    1370
    1286
    1361
    1369
    1374
    1283
    1302
    1354
    1296
    1300
    1311
    1385
    1349
    1314
    1309
    1443
    1367
    1374
    1337
    1449
    1350
    1386
    1396
    1390
    1316
    1402
    1441
    1396
    1381
    1407
    1321
    1311
    1310
    1303
    1256
    1242
    1211
    1193
    1113
    1066
    1045
     975
    1007
    1054
    1003
     939
     976
    1009
     946
     924
     926
     984
     942
     913
     882
    1004
     953
     885
     921
     957
     876
     918
     925
     891
     908
     876
     913
     872
     924
     931
     865
     838
     882
     855
     896
     869
     843
     895
     864
     853
     830
     814
     846
     893
     850
     861
     827
     849
     894
     807
     842
     875
     819
     878
     839
     799
     823
     805
     932
     795
     847
     817
     844
     837
     849
     865
     851
     782
     832
     791
     864
     842
     854
     787
     853
     783
     798
     841
     806
     825
     843
     789
     794
     770
     788
     819
     829
     794
     829
     817
     796
     835
     764
     776
     784
     818
     804
     802
     816
     735
     836
     824
     745
     853
     807
     754
     759
     806
     776
     793
     785
     787
     810
     800
     794
     787
     759
     793
     769
     781
     773
     742
     788
     804
     804
     725
     742
     807
     767
     790
     803
     764
     737
     759
     778
     741
     717
     768
     783
     783
     803
     801
     771
     805
     803
     774
     806
     825
     802
     798
     806
     841
     798
     821
     810
     832
     849
     757
     803
     838
     846
     824
     873
     838
     870
     855
     853
     842
     847
     849
     861
     827
     869
     881
     881
     850
     858
     933
     895
     900
     887
     906
     966
     916
     890
     889
     903
     912
     922
     910
     872
     879
     926
     930
     867
     951
     855
     931
     875
     828
     908
     850
     857
     772
     755
     807
     760
     705
     667
     639
     655
     579
     609
     585
     519
     549
     556
     545
     518
     497
     528
     534
     460
     488
     477
     484
     477
     499
     478
     466
     436
     481
     459
     456
     490
     464
     429
     441
     415
     444
     429
     400
     425
     455
     425
     391
     415
     422
     397
     403
     425
     427
     442
     398
     397
     375
     405
     401
     357
     376
     378
     372
     400
     402
     367
     393
     357
     409
     463
     484
     547
     588
     684
     713
     795
     882
     973
    1178
    1603
    3313
   10509
   24857
   27790
   13943
    3722
     761
     358
     312
     305
     290
     294
     279
     269
     256
     267
     250
     280
     250
     250
     278
     264
     244
     237
     257
     232
     249
     240
     247
     263
     237
     248
     236
     216
     231
     199
     224
     213
     194
     205
     181
     186
     215
     195
     171
     198
     212
     175
     189
     179
     176
     180
     160
     184
     154
     158
     171
     162
     150
     133
     154
     143
     134
     130
     154
     135
     128
     140
     133
     142
     144
     116
     116
     127
     110
     112
     121
     107
     107
     112
     121
     123
      95
      92
     123
     114
      97
     100
     104
      86
      97
      65
      96
      93
      71
      76
      86
      93
      81
      79
      93
      73
      66
      68
      73
      65
      74
      94
      64
      73
      73
      56
      81
      65
      70
      60
      73
      65
      66
      75
      65
      71
      81
      76
      70
      58
      65
      58
      60
      65
      61
      52
      69
      62
      65
      52
      54
      53
      48
      58
      72
      58
      68
      67
      81
      67
      69
      66
      66
      67
      64
      57
      69
      46
      78
      64
      65
      60
      72
      47
      65
      74
      45
      51
      56
      53
      60
      62
      51
      41
      60
      43
      44
      59
      57
      59
      48
      58
      51
      44
      50
      46
      56
      46
      54
      41
      53
      62
      50
      56
      46
      59
      64
      53
      43
      54
      49
      58
      64
      58
      75
      60
      74
      71
      90
      88
     144
     195
     247
     303
     362
     403
     501
     556
     711
     971
    1800
    5117
   14629
   23708
   18619
    7348
    1558
     229
      65
      44
      30
      34
      27
      23
      29
      41
      26
      22
      29
      31
      25
      30
      28
      17
      28
      31
      31
      23
      24
      24
      30
      29
      23
      27
      29
      20
      21
      25
      20
      27
      28
      21
      25
      25
      27
      21
      26
      26
      28
      18
      23
      25
      20
      23
      42
      33
      27
      19
      26
      22
      26
      23
      32
      25
      25
      24
      20
      24
      17
      29
      24
      26
      20
      20
      21
      31
      25
      18
      25
      20
      23
      20
      18
      17
      15
      19
      19
      21
      29
      19
      28
      30
      24
      35
      18
      26
      29
      22
      20
      14
      22
      33
      30
      20
      25
      23
      22
      23
      26
      21
      26
      31
      25
      18
      21
      30
      22
      12
      20
      17
      18
      17
      21
      23
      26
      15
      21
      20
      21
      23
      17
      27
      17
      19
      18
      24
      14
      27
      18
      22
      24
      27
      29
      14
      20
      21
      23
      10
      18
      20
      29
      23
      20
      23
      23
      21
      12
      28
      24
      27
      14
      20
      20
      26
      20
      21
      20
      19
      20
      24
      28
      19
      20
      32
      27
      32
      37
      64
      69
      45
      32
      25
      19
      23
      16
      30
      15
      15
      22
      29
      14
      19
      14
      24
      16
      12
      16
      16
      24
      19
      15
      13
      21
      17
      15
      19
      21
       0
       0
       0
       0
       0
       0
       0
       0
       0
       0
       0
       0
       0
       0
       0
       0
       0
       0
       0
       0
       0
       0
       0
       0
       0
       0
       0
       0
       0
       0
       0
       0
$ROI:
0
$PRESETS:
None
0
0
$ENER_FIT:
0.000000 0.731044
$MCA_CAL:
3
0.000000E+000 7.310444E-001 0.000000E+000 keV
$SHAPE_CAL:
3
0.000000E+000 0.000000E+000 0.000000E+000
