$SPEC_ID:
No sample description was entered.
$SPEC_REM:
DET# 4
DETDESC# JLAB-20 MCB 131
AP# Maestro Version 7.01
$DATE_MEA:
10/07/2025 04:40:02
$MEAS_TIM:
579 599
$DATA:
0 2047
       0
       0
       0
       0
       0
       0
       0
       0
       0
       0
       0
       0
       0
       0
       0
       0
       0
       0
       0
       0
       0
       0
       0
       0
       0
       0
       0
       0
       0
       0
       0
       0
       0
       0
       0
       0
       0
       0
       0
       0
       0
       0
       0
       0
       0
       0
       0
       0
       0
       0
       0
       0
       0
       0
       0
       0
       0
       0
       0
       0
       0
       0
       0
       0
       0
       0
       0
       0
       0
      40
    1313
    1338
    1428
    1401
    1404
    1408
    1293
    1344
    1376
    1433
    1358
    1405
    1342
    1388
    1397
    1355
    1400
    1395
    1316
    1374
    1305
    1407
    1366
    1388
    1301
    1355
    1403
    1344
    1485
    1456
    1405
    1549
    1530
    1367
    1396
    1370
    1293
    1301
    1285
    1345
    1329
    1299
    1311
    1354
    1342
    1437
    1364
    1310
    1376
    1412
    1359
    1290
    1299
    1294
    1335
    1262
    1321
    1344
    1372
    1327
    1285
    1306
    1361
    1322
    1373
    1343
    1309
    1304
    1287
    1321
    1339
    1322
    1366
    1314
    1255
    1306
    1369
    1324
    1289
    1310
    1314
    1331
    1251
    1336
    1272
    1313
    1305
    1337
    1299
    1341
    1288
    1330
    1257
    1311
    1333
    1243
    1309
    1293
    1333
    1299
    1293
    1318
    1342
    1272
    1292
    1312
    1363
    1336
    1297
    1304
    1338
    1301
    1331
    1320
    1277
    1260
    1342
    1325
    1270
    1303
    1306
    1291
    1292
    1306
    1286
    1274
    1252
    1257
    1294
    1334
    1222
    1250
    1289
    1294
    1267
    1359
    1384
    1290
    1236
    1281
    1210
    1254
    1238
    1218
    1285
    1274
    1248
    1236
    1258
    1226
    1207
    1279
    1251
    1268
    1212
    1180
    1243
    1285
    1242
    1166
    1238
    1196
    1228
    1219
    1238
    1203
    1161
    1254
    1253
    1221
    1265
    1221
    1219
    1195
    1171
    1162
    1225
    1217
    1252
    1193
    1117
    1183
    1203
    1205
    1248
    1100
    1207
    1186
    1173
    1216
    1211
    1211
    1227
    1218
    1163
    1173
    1212
    1149
    1201
    1179
    1169
    1187
    1212
    1237
    1113
    1228
    1217
    1177
    1220
    1171
    1234
    1246
    1242
    1200
    1285
    1337
    1329
    1362
    1454
    1368
    1496
    1482
    1462
    1557
    1509
    1453
    1576
    1484
    1539
    1486
    1434
    1506
    1465
    1435
    1515
    1439
    1368
    1453
    1438
    1393
    1409
    1435
    1404
    1329
    1317
    1296
    1330
    1309
    1387
    1364
    1366
    1280
    1388
    1295
    1371
    1306
    1331
    1333
    1302
    1304
    1324
    1244
    1317
    1254
    1153
    1259
    1241
    1289
    1258
    1246
    1226
    1191
    1271
    1209
    1208
    1224
    1260
    1279
    1183
    1215
    1209
    1149
    1200
    1265
    1185
    1167
    1237
    1133
    1184
    1124
    1126
    1187
    1180
    1156
    1146
    1161
    1080
    1148
    1099
    1048
    1191
    1138
    1141
    1152
    1105
    1141
    1132
    1020
    1112
    1114
    1073
    1109
    1089
    1063
    1090
    1040
    1046
    1054
    1155
    1060
    1098
    1068
    1084
    1012
    1132
    1088
    1010
    1004
    1038
    1036
    1073
    1074
    1041
    1007
    1021
     981
    1077
    1017
    1052
    1024
    1022
     993
    1019
     944
    1015
    1002
     982
    1001
     968
    1034
     992
    1033
    1204
    1160
    1063
     952
     933
     945
     952
     960
     926
    1022
    1016
     995
     939
     877
     934
     960
     988
     912
     997
     904
     946
     930
     915
     965
     943
     942
     938
     933
     978
     904
     897
     921
     958
     886
     897
     937
     897
     901
     923
     888
     867
     879
     878
     880
     913
     896
     899
     887
     850
     885
     936
     892
     857
     886
     868
     933
     874
     938
     882
     887
     857
     875
     862
     826
     842
     807
     846
     828
     857
     834
     876
     861
     785
     828
     810
     811
     812
     887
     849
     820
     841
     805
     837
     852
     869
     855
     849
     871
     755
     832
     788
     793
     808
     868
     813
     813
     789
     841
     802
     813
     812
     814
     796
     826
     879
     847
     790
     799
     792
     814
     835
     840
     854
     852
     832
     797
     842
     813
     787
     842
     815
     804
     819
     806
     808
     839
     804
     795
     760
     789
     828
     769
     791
     761
     836
     801
     796
     772
     795
     804
     819
     759
     794
     807
     803
     766
     769
     773
     800
     812
     773
     833
     815
     758
     759
     773
     777
     780
     765
     777
     767
     764
     748
     781
     726
     739
     821
     803
     720
     780
     798
     766
     707
     746
     762
     762
     761
     742
     765
     773
     774
     767
     776
     791
     727
     766
     740
     723
     708
     770
     810
     782
     771
     756
     783
     768
     753
     768
     770
     778
     787
     800
     777
     765
     727
     780
     757
     749
     783
     739
     758
     707
     747
     784
     758
     755
     775
     737
     765
     719
     733
     740
     719
     746
     749
     724
     750
     725
     738
     717
     727
     759
     743
     711
     707
     718
     749
     705
     777
     721
     774
     708
     776
     728
     703
     737
     754
     764
     784
     729
     753
     715
     746
     741
     708
     794
     743
     724
     733
     732
     726
     766
     770
     754
     725
     755
     765
     785
     739
     738
     750
     815
     798
     789
     750
     789
     746
     709
     735
     742
     698
     787
     699
     750
     753
     702
     736
     758
     723
     762
     703
     742
     716
     803
     751
     746
     704
     684
     720
     715
     743
     700
     716
     771
     753
     763
     770
     682
     775
     720
     751
     761
     767
     729
     728
     739
     742
     734
     695
     743
     702
     691
     728
     710
     746
     715
     750
     736
     773
     735
     763
     714
     719
     728
     721
     755
     710
     727
     719
     744
     713
     760
     747
     739
     736
     737
     734
     759
     721
     732
     756
     714
     697
     697
     735
     765
     759
     741
     747
     756
     712
     739
     745
     713
     755
     777
     731
     705
     684
     722
     690
     730
     741
     758
     765
     709
     665
     729
     735
     768
     771
     691
     767
     731
     754
     731
     763
     748
     726
     738
     694
     733
     713
     712
     732
     736
     746
     720
     663
     706
     735
     713
     719
     763
     719
     725
     775
     795
     707
     751
     693
     771
     738
     729
     709
     703
     681
     780
     727
     739
     709
     765
     705
     698
     730
     721
     722
     709
     752
     758
     762
     719
     686
     784
     749
     721
     815
     753
     787
     703
     746
     734
     747
     687
     739
     741
     803
     740
     708
     733
     700
     673
     784
     740
     746
     781
     765
     765
     751
     738
     774
     715
     741
     720
     726
     700
     749
     786
     740
     726
     735
     747
     718
     697
     759
     754
     735
     756
     764
     764
     712
     743
     751
     730
     739
     737
     767
     719
     722
     768
     756
     767
     710
     771
     739
     737
     734
     787
     766
     695
     743
     723
     756
     691
     730
     743
     754
     732
     757
     717
     705
     747
     780
     786
     685
     741
     786
     727
     759
     772
     740
     745
     758
     795
     809
     695
     757
     721
     735
     715
     776
     768
     728
     705
     792
     775
     730
     749
     728
     751
     688
     758
     727
     758
     749
     773
     740
     783
     793
     706
     770
     785
     771
     790
     795
     792
     751
     752
     814
     702
     760
     698
     735
     780
     758
     744
     812
     757
     738
     762
     766
     740
     735
     785
     732
     754
     760
     709
     750
     736
     750
     799
     851
     710
     705
     815
     753
     752
     738
     735
     747
     751
     772
     760
     786
     863
     762
     787
     757
     776
     812
     799
     745
     771
     829
     762
     809
     792
     827
     764
     824
     724
     756
     793
     829
     768
     821
     813
     767
     826
     804
     772
     789
     812
     810
     819
     806
     792
     854
     773
     769
     750
     783
     800
     806
     797
     777
     811
     806
     798
     797
     813
     824
     790
     811
     795
     773
     823
     795
     794
     821
     754
     848
     784
     814
     786
     804
     796
     839
     808
     752
     853
     826
     783
     829
     882
     831
     785
     772
     892
     825
     804
     802
     848
     838
     827
     783
     868
     871
     931
     792
     839
     805
     847
     810
     832
     845
     904
     856
     826
     905
     820
     799
     838
     927
     895
     910
     888
     834
     871
     886
     916
     845
     875
     841
     872
     807
     866
     841
     839
     871
     896
     861
     889
     921
     859
     902
     865
     882
     853
     857
     856
     880
     932
     887
     856
     828
     882
     885
     866
     845
     915
     928
     966
     911
     908
     934
     943
     900
     887
     892
     939
     943
     942
     933
     885
     917
     922
     966
     913
     878
     865
     940
     954
     935
     928
     915
     851
     966
     965
     942
     968
     967
     956
     965
     995
     941
     916
     940
     991
    1002
     992
     992
     938
     979
    1003
     963
     988
    1015
     984
    1006
    1030
     986
    1008
    1023
    1068
     970
    1010
    1061
    1038
     976
    1079
    1030
    1010
    1002
    1029
    1055
    1068
    1072
    1110
    1024
    1030
    1036
    1033
    1148
    1107
    1031
    1064
    1063
    1070
    1133
    1091
    1151
    1145
    1148
    1152
    1127
    1105
    1203
    1179
    1114
    1137
    1166
    1191
    1126
    1187
    1231
    1255
    1157
    1171
    1099
    1163
    1197
    1229
    1181
    1240
    1237
    1242
    1222
    1203
    1243
    1245
    1238
    1277
    1244
    1307
    1256
    1289
    1241
    1271
    1230
    1294
    1294
    1261
    1336
    1260
    1373
    1271
    1291
    1294
    1274
    1354
    1319
    1426
    1362
    1380
    1358
    1361
    1396
    1353
    1325
    1446
    1407
    1402
    1365
    1386
    1352
    1389
    1372
    1350
    1370
    1336
    1356
    1324
    1285
    1261
    1326
    1305
    1245
    1183
    1164
    1042
    1066
    1054
    1062
    1063
    1020
     967
     980
     930
     938
     948
     965
     938
     868
     938
     883
     973
     860
     925
     912
     845
     822
     905
     877
     937
     884
     898
     912
     881
     880
     928
     937
     898
     889
     847
     823
     795
     816
     893
     820
     890
     864
     832
     884
     842
     816
     839
     877
     815
     854
     870
     825
     888
     863
     788
     907
     872
     883
     835
     830
     832
     835
     877
     806
     855
     822
     788
     801
     814
     853
     811
     832
     806
     829
     818
     797
     831
     831
     823
     832
     822
     822
     752
     822
     797
     819
     826
     789
     792
     773
     781
     767
     772
     792
     748
     749
     815
     787
     816
     778
     798
     763
     794
     757
     806
     776
     811
     784
     804
     778
     784
     827
     811
     748
     780
     787
     793
     780
     796
     776
     797
     786
     796
     787
     786
     789
     777
     746
     741
     769
     732
     773
     787
     750
     786
     797
     769
     724
     837
     747
     766
     796
     792
     733
     775
     782
     823
     798
     873
     749
     804
     791
     805
     785
     799
     762
     856
     762
     781
     792
     797
     818
     805
     870
     821
     806
     867
     862
     836
     855
     852
     826
     917
     841
     865
     846
     862
     870
     885
     928
     870
     852
     919
     866
     892
     835
     941
     984
     861
     882
     914
     919
     901
     913
     906
     859
     917
     913
     876
     886
     923
     823
     889
     867
     859
     763
     824
     741
     711
     648
     660
     623
     574
     621
     569
     571
     548
     516
     485
     494
     489
     475
     531
     475
     508
     468
     453
     485
     483
     454
     469
     433
     441
     468
     442
     453
     402
     474
     432
     428
     408
     453
     421
     423
     414
     421
     445
     371
     419
     401
     404
     406
     385
     370
     346
     371
     416
     381
     428
     379
     361
     400
     380
     366
     394
     390
     427
     381
     448
     435
     476
     542
     588
     657
     754
     802
     853
     932
    1137
    1587
    3046
    9507
   23370
   28428
   15497
    4364
     920
     345
     302
     313
     271
     279
     284
     295
     280
     254
     278
     279
     271
     261
     259
     269
     255
     222
     236
     249
     224
     224
     233
     232
     240
     272
     225
     221
     223
     217
     230
     203
     204
     181
     194
     190
     185
     192
     200
     188
     196
     186
     197
     191
     184
     190
     168
     184
     151
     169
     168
     152
     146
     148
     163
     151
     138
     144
     114
     136
     132
     123
     123
     135
     136
     126
     122
     107
     115
     107
     119
     120
     115
     109
      94
     100
     115
     114
      93
     110
      98
     107
      94
      90
     115
      86
      94
      91
      75
      80
      87
      84
      70
      79
      80
      72
      81
      70
      74
      88
      79
      70
      62
      60
      74
      73
      64
      79
      65
      87
      77
      69
      65
      60
      78
      54
      70
      66
      67
      57
      64
      76
      57
      67
      67
      60
      69
      61
      63
      73
      63
      67
      59
      69
      69
      71
      60
      66
      70
      60
      77
      71
      62
      57
      71
      61
      59
      68
      63
      60
      56
      74
      57
      57
      58
      64
      58
      48
      50
      50
      59
      53
      53
      56
      59
      46
      64
      54
      61
      62
      51
      48
      42
      50
      47
      56
      53
      43
      66
      51
      52
      37
      56
      66
      63
      51
      58
      59
      56
      52
      45
      61
      68
      54
      66
      69
      77
      72
      80
      97
     138
     182
     211
     267
     379
     413
     463
     560
     708
     892
    1680
    4493
   13570
   23272
   19682
    8309
    1886
     307
      52
      46
      33
      29
      26
      27
      24
      27
      25
      26
      34
      26
      28
      37
      20
      26
      36
      31
      19
      23
      23
      22
      23
      34
      18
      26
      24
      25
      25
      26
      30
      23
      29
      20
      25
      22
      22
      33
      20
      24
      36
      30
      27
      20
      16
      29
      20
      20
      17
      17
      27
      21
      18
      15
      28
      25
      24
      22
      22
      29
      28
      16
      16
      19
      17
      23
      23
      21
      16
      20
      21
      24
      18
      24
      23
      28
      18
      24
      27
      24
      25
      18
      29
      19
      18
      19
      26
      26
      23
      26
      24
      23
      25
      33
      23
      19
      13
      20
      28
      22
      28
      20
      25
      20
      14
      15
      20
      19
      16
      23
      23
      23
      16
      16
      30
      29
      24
      19
      16
      20
      18
      20
      19
      23
      22
      24
      21
      19
      16
      14
      25
      21
      11
      25
      20
      23
      25
      20
      21
      23
      28
      22
      24
      18
      18
      27
      15
      13
      20
      18
      18
      17
      11
       8
      26
      13
      18
      21
      20
      19
      23
      16
      20
      26
      21
      30
      21
      30
      46
      83
      76
      42
      40
      23
      25
      18
      14
      14
      29
      16
      21
      23
      17
       9
      16
      20
      17
      20
      21
      22
      13
      23
      21
      16
      14
      12
      21
      23
      10
       0
       0
       0
       0
       0
       0
       0
       0
       0
       0
       0
       0
       0
       0
       0
       0
       0
       0
       0
       0
       0
       0
       0
       0
       0
       0
       0
       0
       0
       0
       0
       0
$ROI:
0
$PRESETS:
None
0
0
$ENER_FIT:
0.000000 0.731044
$MCA_CAL:
3
0.000000E+000 7.310444E-001 0.000000E+000 keV
$SHAPE_CAL:
3
0.000000E+000 0.000000E+000 0.000000E+000
