$SPEC_ID:
No sample description was entered.
$SPEC_REM:
DET# 4
DETDESC# JLAB-20 MCB 131
AP# Maestro Version 7.01
$DATE_MEA:
10/08/2025 08:10:02
$MEAS_TIM:
579 599
$DATA:
0 2047
       0
       0
       0
       0
       0
       0
       0
       0
       0
       0
       0
       0
       0
       0
       0
       0
       0
       0
       0
       0
       0
       0
       0
       0
       0
       0
       0
       0
       0
       0
       0
       0
       0
       0
       0
       0
       0
       0
       0
       0
       0
       0
       0
       0
       0
       0
       0
       0
       0
       0
       0
       0
       0
       0
       0
       0
       0
       0
       0
       0
       0
       0
       0
       0
       0
       0
       0
       0
       0
      54
    1298
    1390
    1314
    1383
    1431
    1388
    1417
    1368
    1331
    1445
    1410
    1292
    1298
    1420
    1366
    1254
    1297
    1324
    1327
    1304
    1305
    1337
    1354
    1377
    1303
    1321
    1325
    1399
    1412
    1451
    1348
    1579
    1531
    1339
    1359
    1416
    1235
    1372
    1325
    1304
    1287
    1347
    1350
    1342
    1361
    1351
    1268
    1335
    1342
    1408
    1293
    1303
    1390
    1338
    1279
    1353
    1324
    1305
    1338
    1299
    1290
    1329
    1358
    1325
    1331
    1275
    1256
    1329
    1244
    1309
    1322
    1307
    1415
    1289
    1354
    1290
    1312
    1320
    1299
    1269
    1234
    1304
    1264
    1373
    1385
    1301
    1340
    1293
    1288
    1296
    1284
    1310
    1294
    1267
    1278
    1317
    1326
    1257
    1318
    1361
    1313
    1353
    1301
    1343
    1276
    1326
    1232
    1307
    1298
    1385
    1302
    1327
    1310
    1349
    1405
    1229
    1333
    1314
    1289
    1301
    1250
    1264
    1314
    1310
    1322
    1299
    1208
    1337
    1281
    1269
    1272
    1301
    1267
    1283
    1332
    1355
    1369
    1237
    1318
    1279
    1247
    1269
    1311
    1249
    1280
    1330
    1264
    1189
    1296
    1206
    1252
    1209
    1223
    1241
    1284
    1216
    1272
    1282
    1258
    1289
    1254
    1179
    1242
    1264
    1237
    1257
    1222
    1229
    1259
    1232
    1187
    1273
    1159
    1273
    1236
    1251
    1205
    1247
    1194
    1174
    1164
    1154
    1156
    1151
    1133
    1202
    1153
    1140
    1170
    1227
    1177
    1195
    1239
    1117
    1137
    1146
    1123
    1191
    1161
    1149
    1254
    1215
    1145
    1170
    1197
    1170
    1178
    1256
    1273
    1172
    1168
    1221
    1225
    1226
    1274
    1321
    1388
    1424
    1435
    1370
    1430
    1424
    1499
    1511
    1448
    1517
    1490
    1502
    1477
    1490
    1404
    1520
    1453
    1461
    1423
    1470
    1432
    1406
    1395
    1374
    1447
    1461
    1419
    1352
    1388
    1380
    1360
    1323
    1322
    1404
    1343
    1342
    1296
    1366
    1352
    1351
    1331
    1256
    1260
    1239
    1275
    1304
    1243
    1234
    1308
    1258
    1245
    1221
    1339
    1238
    1208
    1246
    1192
    1223
    1225
    1260
    1225
    1202
    1208
    1178
    1222
    1182
    1185
    1196
    1193
    1137
    1224
    1153
    1230
    1152
    1206
    1183
    1140
    1138
    1110
    1160
    1110
    1134
    1054
    1099
    1114
    1077
    1129
    1084
    1097
    1041
    1090
    1105
    1111
    1109
    1149
    1144
    1071
    1042
    1064
    1102
    1046
    1078
    1063
    1039
    1083
    1056
    1049
    1079
    1063
    1042
    1060
    1025
    1034
    1027
    1051
    1059
    1024
    1005
    1000
    1036
     984
    1002
     998
    1083
     994
     934
     983
    1026
     978
     977
     971
     936
    1060
     955
     965
    1016
    1298
    1195
    1029
     999
    1037
    1007
     962
    1010
     977
    1000
     990
     923
     940
     937
     926
     917
     915
     955
     919
     991
     893
     936
     920
     928
     919
     947
     928
     879
     944
     942
     930
     931
     862
     936
     911
     850
     896
     922
     905
     862
     892
     942
     894
     896
     887
     904
     910
     854
     896
     867
     869
     892
     832
     883
     928
     850
     911
     908
     859
     835
     879
     867
     885
     874
     876
     850
     914
     857
     819
     792
     842
     850
     861
     875
     838
     847
     869
     809
     863
     866
     838
     849
     858
     827
     864
     805
     861
     820
     850
     807
     874
     837
     821
     777
     771
     863
     787
     856
     813
     811
     754
     844
     853
     777
     810
     770
     822
     825
     816
     758
     769
     859
     804
     803
     786
     813
     830
     781
     806
     796
     768
     799
     835
     775
     736
     785
     790
     820
     845
     794
     792
     810
     789
     809
     801
     797
     765
     821
     804
     785
     838
     780
     788
     794
     761
     783
     801
     791
     769
     762
     775
     815
     773
     784
     784
     730
     790
     790
     754
     751
     793
     742
     801
     772
     764
     750
     782
     805
     794
     745
     747
     863
     750
     760
     726
     783
     772
     754
     791
     773
     738
     751
     779
     758
     716
     785
     780
     807
     738
     700
     752
     738
     774
     758
     776
     741
     776
     773
     808
     784
     753
     697
     772
     731
     828
     763
     758
     760
     781
     748
     774
     739
     737
     741
     753
     759
     753
     717
     769
     811
     773
     785
     700
     779
     665
     735
     791
     751
     762
     779
     726
     766
     739
     743
     751
     814
     712
     685
     719
     762
     760
     736
     712
     756
     730
     737
     759
     691
     778
     747
     750
     718
     705
     739
     728
     696
     721
     696
     719
     767
     761
     713
     743
     702
     724
     761
     733
     717
     756
     803
     735
     784
     770
     813
     832
     750
     781
     735
     771
     734
     725
     662
     789
     745
     714
     716
     742
     778
     744
     733
     703
     779
     732
     755
     688
     721
     711
     742
     748
     719
     718
     745
     741
     759
     773
     755
     711
     702
     746
     729
     733
     743
     706
     737
     668
     719
     783
     707
     735
     730
     734
     715
     694
     696
     741
     715
     734
     685
     770
     750
     694
     715
     745
     740
     737
     720
     708
     765
     678
     759
     764
     713
     711
     729
     735
     782
     806
     764
     741
     757
     713
     721
     703
     688
     762
     741
     721
     689
     739
     742
     709
     758
     685
     743
     779
     733
     727
     734
     773
     706
     747
     730
     762
     800
     725
     762
     747
     699
     738
     742
     676
     784
     726
     755
     753
     738
     707
     769
     751
     726
     683
     711
     690
     699
     699
     693
     709
     721
     734
     722
     743
     718
     707
     724
     777
     723
     735
     808
     738
     729
     760
     764
     706
     704
     755
     759
     721
     744
     710
     734
     723
     719
     721
     759
     710
     751
     727
     726
     726
     711
     739
     706
     740
     726
     654
     765
     680
     745
     698
     771
     739
     750
     739
     780
     709
     750
     727
     731
     714
     748
     733
     698
     695
     723
     739
     703
     750
     724
     746
     737
     748
     755
     726
     731
     758
     724
     709
     727
     756
     729
     738
     730
     733
     766
     725
     743
     757
     770
     753
     761
     705
     763
     663
     722
     762
     691
     740
     682
     682
     731
     702
     758
     748
     730
     772
     755
     754
     774
     745
     770
     707
     728
     739
     743
     704
     760
     697
     746
     742
     795
     694
     727
     767
     782
     699
     747
     727
     754
     712
     714
     707
     766
     756
     770
     777
     717
     746
     748
     764
     737
     748
     726
     734
     785
     704
     779
     732
     730
     749
     693
     748
     778
     752
     763
     718
     725
     708
     732
     775
     761
     763
     773
     745
     730
     712
     727
     751
     762
     746
     750
     752
     765
     754
     725
     763
     756
     747
     778
     766
     760
     756
     711
     730
     771
     736
     741
     759
     732
     755
     743
     750
     788
     749
     780
     732
     764
     780
     750
     737
     787
     779
     802
     732
     759
     738
     799
     762
     797
     833
     784
     751
     788
     798
     802
     794
     781
     784
     777
     834
     750
     794
     767
     825
     787
     763
     786
     778
     777
     803
     771
     803
     798
     829
     753
     838
     804
     792
     782
     779
     826
     800
     786
     763
     805
     736
     723
     780
     774
     817
     837
     772
     797
     779
     773
     749
     801
     762
     800
     787
     805
     802
     785
     814
     782
     812
     830
     780
     804
     791
     865
     807
     813
     806
     818
     846
     809
     809
     783
     836
     827
     760
     760
     778
     830
     840
     850
     839
     832
     855
     804
     801
     823
     836
     837
     875
     841
     817
     842
     862
     834
     881
     864
     888
     868
     936
     969
     892
     879
     863
     861
     856
     850
     821
     868
     842
     827
     853
     841
     867
     881
     913
     781
     832
     872
     863
     817
     854
     894
     852
     905
     892
     823
     902
     883
     923
     891
     851
     911
     864
     843
     896
     893
     930
     861
     921
     863
     902
     871
     921
     935
     917
     919
    1022
     961
     921
     877
     889
     863
     944
     906
     917
     924
     939
     870
     982
     904
    1000
     933
     972
     911
     995
    1025
     930
     971
     965
     947
    1001
     914
     991
     997
    1049
     988
    1054
    1018
    1022
    1016
     954
    1010
     982
     991
    1015
     996
     989
    1059
     975
     999
     990
    1037
    1073
     988
     949
    1086
    1020
    1009
    1018
    1110
    1020
    1058
    1121
     986
    1076
    1033
    1030
    1084
    1092
    1092
    1126
    1118
    1092
    1118
    1097
    1163
    1041
    1100
    1125
    1094
    1120
    1155
    1171
    1158
    1183
    1174
    1085
    1175
    1108
    1201
    1121
    1190
    1222
    1169
    1146
    1189
    1193
    1140
    1204
    1254
    1222
    1202
    1213
    1149
    1181
    1199
    1248
    1241
    1219
    1342
    1264
    1290
    1277
    1257
    1238
    1259
    1332
    1351
    1271
    1366
    1341
    1254
    1250
    1303
    1308
    1341
    1324
    1312
    1358
    1324
    1356
    1332
    1468
    1329
    1390
    1361
    1342
    1385
    1372
    1380
    1488
    1466
    1407
    1349
    1395
    1343
    1407
    1417
    1300
    1294
    1289
    1253
    1190
    1178
    1146
    1082
    1047
    1106
    1018
    1031
     991
    1008
     973
     847
     962
     966
     996
     924
     924
     878
     930
     906
     930
     913
     930
     930
     906
     906
     851
     840
     903
     856
     907
     866
     850
     888
     876
     911
     874
     802
     856
     874
     862
     847
     801
     864
     875
     775
     878
     826
     880
     825
     876
     839
     844
     802
     828
     879
     839
     791
     832
     853
     817
     862
     832
     801
     825
     824
     835
     840
     856
     811
     839
     793
     807
     777
     791
     805
     855
     805
     822
     809
     828
     873
     851
     847
     843
     805
     816
     798
     866
     816
     808
     780
     787
     806
     799
     778
     753
     785
     778
     742
     775
     776
     814
     818
     790
     760
     771
     782
     731
     793
     775
     814
     753
     803
     777
     810
     803
     790
     758
     798
     778
     778
     770
     740
     776
     815
     792
     732
     790
     788
     765
     780
     805
     776
     821
     784
     808
     764
     752
     827
     746
     799
     779
     796
     809
     804
     783
     795
     757
     759
     790
     749
     877
     801
     824
     786
     765
     800
     772
     818
     735
     816
     836
     825
     792
     764
     859
     842
     847
     795
     815
     854
     817
     881
     851
     859
     865
     867
     878
     848
     902
     911
     870
     816
     912
     897
     898
     876
     851
     849
     858
     910
     878
     942
     908
     890
     861
     926
     894
     841
     875
     893
     908
     894
     822
     903
     875
     821
     819
     786
     744
     719
     648
     647
     626
     594
     521
     524
     499
     517
     517
     462
     503
     472
     469
     499
     512
     460
     486
     479
     436
     463
     423
     433
     475
     456
     439
     467
     481
     474
     443
     439
     456
     431
     388
     426
     404
     404
     431
     455
     428
     418
     396
     407
     410
     409
     440
     370
     394
     406
     390
     397
     397
     408
     417
     364
     435
     402
     403
     392
     393
     440
     405
     480
     536
     628
     675
     750
     767
     864
     933
    1110
    1493
    2884
    8510
   22402
   28843
   16569
    4692
    1029
     381
     283
     285
     293
     292
     288
     303
     265
     297
     248
     263
     292
     261
     240
     265
     247
     262
     262
     228
     216
     225
     263
     235
     229
     235
     233
     218
     230
     227
     203
     234
     205
     216
     202
     188
     209
     209
     205
     171
     171
     173
     188
     165
     177
     171
     176
     155
     164
     149
     141
     152
     164
     131
     157
     140
     128
     134
     162
     149
     144
     122
     125
     114
     130
     121
     115
     122
     128
     132
     137
      92
     142
     101
     106
      78
     103
     117
     104
      93
     104
      95
      96
     100
     109
      75
      93
      80
     104
      71
      82
      84
      80
      82
      69
      80
      77
      78
      70
      65
      96
      67
      77
      58
      70
      61
      69
      72
      62
      86
      57
      68
      59
      59
      72
      64
      66
      57
      65
      51
      72
      65
      65
      69
      76
      66
      62
      58
      61
      62
      68
      72
      68
      63
      53
      65
      55
      51
      71
      59
      71
      64
      64
      64
      64
      63
      62
      71
      52
      51
      48
      52
      67
      47
      64
      54
      48
      60
      48
      60
      69
      53
      64
      61
      54
      46
      52
      55
      45
      65
      67
      59
      63
      65
      58
      43
      43
      52
      68
      53
      58
      53
      55
      51
      63
      52
      47
      57
      48
      53
      55
      57
      66
      64
      57
      70
      77
      96
      88
      96
     142
     152
     245
     284
     335
     384
     453
     547
     684
     860
    1506
    4079
   12058
   22706
   21033
    9273
    2221
     348
      61
      38
      35
      24
      22
      31
      27
      27
      23
      30
      42
      42
      36
      26
      30
      15
      21
      20
      24
      34
      25
      22
      39
      21
      28
      18
      20
      27
      16
      30
      28
      24
      28
      30
      28
      28
      23
      26
      25
      21
      27
      20
      24
      31
      17
      26
      20
      15
      22
      29
      18
      33
      24
      22
      35
      31
      27
      27
      24
      25
      24
      23
      23
      26
      22
      29
      28
      35
      11
      18
      23
      27
      18
      18
      28
      17
      24
      21
      26
      28
      19
      29
      28
      20
      28
      15
      24
      24
      26
      28
      21
      27
      23
      27
      22
      31
      12
      22
      23
      21
      25
      26
      25
      25
      24
      22
      18
      20
      24
      20
      30
      16
      19
      21
      14
      22
      16
      21
      25
      16
      16
      16
      18
      21
      21
      27
      22
      22
      17
      29
      18
      18
      20
      29
      15
      22
      32
      20
      20
      20
      21
       9
       9
      18
      25
      24
      21
      20
      19
      21
      16
      19
      18
      20
      18
      18
      19
      29
      12
      30
      11
      19
      26
      21
      17
      27
      23
      28
      43
      83
      77
      31
      32
      27
      21
      17
      15
      18
      20
      21
      23
      31
      18
      21
      14
      16
      26
      17
      22
      17
      15
      19
      13
      12
      24
      14
      15
      13
      15
       0
       0
       0
       0
       0
       0
       0
       0
       0
       0
       0
       0
       0
       0
       0
       0
       0
       0
       0
       0
       0
       0
       0
       0
       0
       0
       0
       0
       0
       0
       0
       0
$ROI:
0
$PRESETS:
None
0
0
$ENER_FIT:
0.000000 0.731044
$MCA_CAL:
3
0.000000E+000 7.310444E-001 0.000000E+000 keV
$SHAPE_CAL:
3
0.000000E+000 0.000000E+000 0.000000E+000
