$SPEC_ID:
No sample description was entered.
$SPEC_REM:
DET# 4
DETDESC# JLAB-20 MCB 131
AP# Maestro Version 7.01
$DATE_MEA:
10/07/2025 15:20:02
$MEAS_TIM:
579 599
$DATA:
0 2047
       0
       0
       0
       0
       0
       0
       0
       0
       0
       0
       0
       0
       0
       0
       0
       0
       0
       0
       0
       0
       0
       0
       0
       0
       0
       0
       0
       0
       0
       0
       0
       0
       0
       0
       0
       0
       0
       0
       0
       0
       0
       0
       0
       0
       0
       0
       0
       0
       0
       0
       0
       0
       0
       0
       0
       0
       0
       0
       0
       0
       0
       0
       0
       0
       0
       0
       0
       0
       0
      37
    1297
    1369
    1378
    1303
    1388
    1392
    1319
    1403
    1350
    1370
    1335
    1365
    1354
    1370
    1350
    1350
    1403
    1409
    1318
    1275
    1417
    1387
    1339
    1317
    1333
    1333
    1333
    1400
    1418
    1520
    1378
    1474
    1538
    1399
    1454
    1308
    1377
    1340
    1293
    1314
    1261
    1344
    1339
    1341
    1358
    1440
    1389
    1338
    1358
    1353
    1326
    1308
    1353
    1388
    1240
    1326
    1317
    1330
    1314
    1340
    1292
    1329
    1314
    1292
    1290
    1325
    1311
    1290
    1342
    1289
    1322
    1250
    1250
    1247
    1265
    1372
    1278
    1326
    1266
    1335
    1230
    1260
    1303
    1272
    1269
    1304
    1306
    1296
    1316
    1275
    1254
    1243
    1322
    1297
    1257
    1336
    1303
    1335
    1289
    1309
    1269
    1392
    1297
    1260
    1321
    1292
    1285
    1306
    1315
    1373
    1342
    1303
    1334
    1331
    1295
    1264
    1285
    1340
    1255
    1337
    1287
    1367
    1253
    1233
    1372
    1302
    1291
    1202
    1326
    1314
    1294
    1338
    1284
    1288
    1296
    1324
    1345
    1212
    1263
    1345
    1224
    1296
    1366
    1297
    1248
    1297
    1241
    1194
    1252
    1272
    1319
    1233
    1249
    1279
    1261
    1194
    1245
    1272
    1252
    1155
    1237
    1237
    1266
    1205
    1207
    1258
    1203
    1223
    1184
    1298
    1240
    1254
    1165
    1209
    1266
    1261
    1214
    1206
    1179
    1215
    1118
    1173
    1211
    1250
    1267
    1189
    1228
    1197
    1203
    1164
    1142
    1187
    1155
    1213
    1201
    1172
    1166
    1188
    1184
    1217
    1263
    1184
    1095
    1164
    1188
    1193
    1172
    1162
    1133
    1194
    1232
    1226
    1273
    1283
    1283
    1322
    1372
    1332
    1395
    1441
    1456
    1420
    1482
    1479
    1493
    1555
    1426
    1449
    1523
    1513
    1460
    1500
    1434
    1502
    1532
    1432
    1444
    1426
    1366
    1405
    1410
    1359
    1422
    1394
    1394
    1260
    1390
    1365
    1373
    1301
    1393
    1301
    1284
    1303
    1368
    1379
    1270
    1282
    1343
    1314
    1232
    1285
    1272
    1216
    1303
    1245
    1295
    1231
    1242
    1295
    1156
    1200
    1232
    1227
    1266
    1215
    1189
    1205
    1281
    1178
    1238
    1222
    1212
    1195
    1193
    1242
    1190
    1163
    1117
    1189
    1121
    1174
    1204
    1123
    1154
    1133
    1142
    1206
    1109
    1119
    1128
    1074
    1156
    1109
    1121
    1069
    1131
    1122
    1123
    1133
    1055
    1105
    1052
    1068
    1068
    1098
    1113
    1078
    1082
    1034
    1035
    1108
    1037
    1101
    1009
    1025
    1018
    1043
    1003
    1041
    1065
    1047
    1050
    1006
    1047
    1013
    1051
    1018
    1029
    1059
    1034
    1007
    1018
     975
     975
     956
     983
     980
     979
    1015
    1014
    1003
    1220
    1194
    1049
    1000
     965
     951
     963
     974
     949
     902
     931
     906
     875
     868
     930
     998
     943
     929
     889
     985
    1030
     890
     927
     922
     917
     901
     880
     921
     951
     922
     936
     992
     907
     953
     883
     915
     964
     918
     956
     909
     913
     904
     968
     859
     878
     901
     947
     935
     908
     873
     879
     928
     944
     896
     874
     864
     898
     906
     841
     877
     869
     859
     841
     819
     882
     839
     816
     898
     823
     824
     893
     878
     837
     806
     797
     883
     818
     792
     873
     843
     832
     822
     850
     813
     879
     840
     860
     808
     808
     842
     826
     812
     788
     835
     810
     805
     826
     843
     809
     824
     820
     785
     823
     888
     828
     792
     839
     786
     777
     824
     789
     854
     841
     812
     825
     819
     798
     832
     858
     733
     779
     821
     841
     795
     747
     826
     830
     786
     769
     775
     752
     785
     817
     772
     782
     777
     783
     771
     828
     809
     816
     826
     783
     794
     778
     794
     780
     738
     758
     758
     785
     783
     762
     780
     768
     763
     779
     805
     762
     804
     783
     777
     803
     802
     719
     813
     785
     783
     798
     749
     797
     762
     761
     807
     786
     767
     714
     758
     771
     772
     792
     776
     777
     745
     783
     749
     678
     811
     797
     773
     760
     808
     765
     789
     784
     783
     777
     742
     733
     774
     765
     720
     746
     740
     754
     740
     714
     747
     785
     759
     787
     734
     758
     721
     715
     757
     773
     773
     750
     727
     726
     755
     728
     747
     745
     772
     747
     738
     758
     740
     753
     740
     724
     784
     752
     750
     758
     724
     781
     725
     718
     768
     703
     763
     748
     767
     711
     756
     697
     746
     716
     806
     736
     746
     727
     758
     735
     746
     722
     747
     733
     753
     774
     760
     763
     747
     673
     695
     771
     724
     740
     753
     770
     802
     777
     767
     746
     750
     761
     741
     753
     756
     754
     771
     704
     734
     747
     779
     764
     699
     739
     797
     704
     745
     774
     771
     718
     712
     757
     760
     741
     691
     742
     710
     762
     721
     767
     754
     733
     756
     724
     725
     677
     728
     731
     746
     725
     764
     771
     714
     729
     734
     779
     773
     733
     704
     728
     731
     682
     732
     726
     738
     728
     746
     732
     728
     702
     741
     743
     725
     717
     744
     726
     713
     746
     761
     688
     717
     697
     751
     711
     740
     738
     738
     729
     719
     736
     689
     675
     710
     731
     699
     719
     724
     694
     700
     697
     730
     741
     724
     723
     763
     726
     734
     768
     722
     693
     737
     707
     717
     752
     704
     742
     721
     719
     745
     729
     727
     734
     750
     724
     749
     705
     768
     742
     725
     693
     745
     697
     752
     711
     743
     717
     721
     736
     738
     751
     805
     777
     732
     750
     747
     708
     737
     722
     763
     751
     721
     755
     712
     730
     724
     658
     733
     711
     739
     758
     748
     721
     752
     748
     655
     717
     736
     742
     730
     724
     750
     693
     750
     723
     738
     711
     717
     755
     693
     751
     752
     714
     726
     711
     707
     758
     714
     783
     728
     788
     714
     739
     728
     761
     774
     696
     723
     765
     731
     775
     706
     743
     803
     774
     791
     711
     697
     737
     689
     699
     765
     715
     794
     784
     756
     713
     723
     730
     720
     768
     722
     750
     730
     683
     724
     753
     716
     714
     779
     772
     753
     769
     681
     751
     750
     797
     708
     777
     753
     719
     754
     784
     761
     746
     748
     769
     765
     708
     736
     713
     724
     752
     764
     729
     782
     743
     718
     741
     735
     788
     749
     768
     733
     773
     755
     730
     739
     744
     743
     764
     770
     721
     721
     739
     739
     733
     733
     810
     757
     739
     772
     810
     772
     699
     768
     700
     780
     767
     742
     764
     761
     757
     721
     796
     771
     754
     738
     774
     801
     719
     762
     804
     798
     741
     760
     778
     757
     750
     756
     743
     778
     792
     768
     776
     723
     751
     747
     751
     744
     778
     738
     775
     764
     792
     793
     804
     732
     725
     779
     787
     785
     807
     749
     704
     775
     731
     760
     765
     739
     779
     807
     803
     776
     793
     731
     806
     790
     721
     740
     794
     799
     752
     779
     791
     745
     806
     772
     771
     767
     800
     785
     754
     836
     810
     768
     793
     795
     758
     762
     804
     780
     815
     825
     806
     786
     806
     798
     747
     810
     815
     812
     796
     782
     826
     833
     815
     798
     824
     832
     810
     845
     803
     875
     824
     813
     783
     840
     846
     845
     806
     832
     817
     836
     850
     824
     857
     797
     827
     780
     779
     810
     854
     830
     838
     830
     841
     880
     803
     882
     837
     831
     860
     799
     823
     871
     841
     866
     912
     952
     924
     848
     884
     826
     873
     912
     844
     816
     845
     850
     913
     862
     868
     856
     873
     844
     900
     838
     814
     907
     879
     864
     854
     887
     873
     889
     933
     926
     895
     877
     880
     894
     915
     887
     894
     876
     872
     924
     909
     852
     884
     919
     919
     901
     918
     896
     868
     925
     886
     902
     917
     917
     941
     959
     880
     951
     960
     868
     917
     974
     935
     964
     960
     924
     951
     989
    1013
     995
     967
     971
     963
    1004
     992
     988
     931
    1008
     938
     945
     936
     975
    1020
     976
     932
     985
    1013
     989
     999
    1035
    1007
     986
    1076
    1001
    1018
    1018
    1038
    1034
    1105
     999
     983
    1030
    1017
    1019
    1072
    1070
    1046
    1073
    1114
    1104
    1174
    1080
    1067
    1088
    1078
    1102
    1105
    1129
    1112
    1067
    1073
    1111
    1128
    1099
    1189
    1145
    1119
    1146
    1064
    1161
    1102
    1167
    1197
    1143
    1130
    1156
    1123
    1208
    1237
    1252
    1187
    1230
    1221
    1142
    1228
    1224
    1252
    1217
    1240
    1223
    1233
    1291
    1334
    1288
    1254
    1251
    1264
    1304
    1312
    1296
    1266
    1285
    1365
    1252
    1303
    1300
    1308
    1393
    1360
    1419
    1415
    1388
    1344
    1305
    1351
    1342
    1381
    1416
    1359
    1382
    1363
    1425
    1380
    1329
    1343
    1322
    1353
    1427
    1331
    1226
    1353
    1422
    1267
    1289
    1212
    1116
    1178
    1146
    1075
    1069
    1038
     965
    1000
    1016
     969
    1023
     958
     950
     948
     914
     947
     904
     907
     953
     910
     857
     929
     858
     911
     913
     896
     925
     881
     841
     836
     881
     849
     918
     878
     882
     876
     860
     854
     825
     866
     817
     843
     849
     876
     842
     824
     813
     808
     825
     859
     829
     876
     850
     835
     870
     852
     830
     856
     839
     916
     840
     865
     831
     849
     794
     816
     815
     830
     826
     805
     837
     870
     803
     821
     820
     839
     780
     795
     795
     785
     811
     821
     823
     773
     839
     793
     823
     771
     819
     814
     827
     745
     756
     840
     793
     823
     880
     788
     788
     853
     746
     768
     791
     776
     790
     828
     753
     797
     790
     847
     817
     781
     849
     758
     746
     764
     789
     785
     791
     792
     746
     773
     752
     782
     791
     793
     718
     781
     711
     751
     778
     760
     776
     754
     820
     809
     802
     746
     761
     774
     693
     812
     777
     793
     753
     758
     828
     736
     801
     800
     791
     802
     817
     769
     770
     815
     827
     850
     813
     792
     823
     812
     845
     861
     801
     795
     826
     862
     851
     878
     878
     868
     798
     850
     888
     820
     880
     893
     880
     838
     839
     873
     893
     896
     947
     905
     894
     905
     924
     913
     912
     926
     914
     910
     881
     937
     893
     884
     950
     890
     936
     882
     909
     842
     840
     808
     885
     825
     787
     719
     679
     678
     654
     590
     610
     615
     558
     511
     549
     531
     516
     513
     480
     515
     510
     479
     509
     436
     465
     489
     473
     443
     499
     494
     418
     422
     465
     417
     457
     450
     424
     437
     423
     416
     402
     373
     431
     422
     427
     401
     451
     448
     428
     422
     395
     412
     391
     388
     414
     399
     384
     402
     407
     431
     415
     432
     386
     388
     363
     414
     384
     465
     480
     567
     632
     690
     748
     827
     850
     967
    1102
    1503
    2976
    9183
   23331
   28840
   15965
    4401
     893
     375
     296
     294
     312
     303
     269
     279
     293
     274
     294
     255
     270
     280
     287
     262
     270
     263
     239
     234
     252
     243
     225
     227
     243
     242
     267
     231
     199
     228
     240
     224
     228
     225
     204
     183
     189
     218
     182
     182
     194
     186
     165
     174
     161
     180
     187
     157
     164
     178
     130
     145
     143
     144
     157
     143
     146
     128
     143
     140
     126
     123
     162
     117
     132
     129
     112
     102
     117
     115
     129
     125
     109
     120
     118
     105
     105
     101
      90
      89
      95
      83
      78
     101
      97
      96
      92
      97
      91
      81
      76
      90
      74
      94
      88
      76
      78
      89
      79
      72
      76
      69
      92
      76
      69
      76
      61
      63
      68
      83
      61
      80
      73
      70
      55
      67
      68
      67
      68
      66
      76
      60
      66
      69
      59
      79
      64
      74
      63
      53
      58
      70
      71
      56
      54
      62
      62
      56
      67
      65
      52
      75
      65
      70
      67
      69
      63
      52
      47
      56
      55
      60
      63
      64
      62
      70
      56
      51
      43
      52
      72
      57
      58
      55
      56
      46
      53
      55
      53
      66
      59
      54
      56
      61
      48
      46
      55
      43
      54
      55
      52
      44
      66
      55
      56
      40
      58
      65
      57
      51
      51
      56
      49
      60
      60
      78
      48
      71
      82
     106
     127
     199
     244
     289
     347
     386
     468
     521
     650
     919
    1628
    4388
   12989
   22911
   20056
    8447
    2050
     319
      67
      25
      28
      31
      29
      32
      32
      39
      31
      23
      26
      26
      28
      27
      37
      36
      30
      23
      22
      24
      24
      26
      21
      30
      20
      38
      27
      33
      24
      27
      29
      19
      18
      30
      19
      27
      15
      15
      21
      24
      17
      34
      19
      29
      23
      29
      22
      25
      21
      27
      21
      24
      17
      22
      20
      29
      20
      24
      15
      23
      25
      30
      23
      19
      20
      19
      25
      20
      26
      17
      26
      23
      27
      20
      28
      28
      22
      30
      23
      24
      20
      28
      16
      29
      15
      29
      29
      20
      15
      23
      17
      31
      11
      31
      29
      21
      26
      26
      26
      24
      22
      25
      17
      21
      22
      19
      21
      18
      29
      34
      21
      16
      19
      14
      17
      24
      24
      21
      22
      23
      32
      22
      17
      13
      19
      17
      16
      27
      27
      18
      18
      29
      21
      19
      24
      15
      30
      20
      22
      30
      25
      21
      25
      19
      34
      22
      17
      26
      19
      22
      13
      24
      24
      15
      20
      20
      15
      21
      22
      17
      14
      26
      24
      20
      31
      32
      27
      31
      46
      61
      69
      49
      29
      16
      20
      19
      20
      29
      24
      19
      17
      18
      23
      15
      19
      25
      17
      28
      21
      22
      17
      14
      22
      24
      20
      13
      12
      13
      24
       0
       0
       0
       0
       0
       0
       0
       0
       0
       0
       0
       0
       0
       0
       0
       0
       0
       0
       0
       0
       0
       0
       0
       0
       0
       0
       0
       0
       0
       0
       0
       0
$ROI:
0
$PRESETS:
None
0
0
$ENER_FIT:
0.000000 0.731044
$MCA_CAL:
3
0.000000E+000 7.310444E-001 0.000000E+000 keV
$SHAPE_CAL:
3
0.000000E+000 0.000000E+000 0.000000E+000
