$SPEC_ID:
No sample description was entered.
$SPEC_REM:
DET# 4
DETDESC# JLAB-20 MCB 131
AP# Maestro Version 7.01
$DATE_MEA:
10/07/2025 01:30:02
$MEAS_TIM:
579 599
$DATA:
0 2047
       0
       0
       0
       0
       0
       0
       0
       0
       0
       0
       0
       0
       0
       0
       0
       0
       0
       0
       0
       0
       0
       0
       0
       0
       0
       0
       0
       0
       0
       0
       0
       0
       0
       0
       0
       0
       0
       0
       0
       0
       0
       0
       0
       0
       0
       0
       0
       0
       0
       0
       0
       0
       0
       0
       0
       0
       0
       0
       0
       0
       0
       0
       0
       0
       0
       0
       0
       0
       0
      38
    1290
    1378
    1345
    1386
    1393
    1428
    1375
    1385
    1364
    1378
    1339
    1348
    1359
    1355
    1404
    1327
    1386
    1338
    1366
    1357
    1321
    1361
    1376
    1349
    1348
    1366
    1285
    1330
    1424
    1483
    1364
    1530
    1502
    1369
    1368
    1385
    1360
    1317
    1382
    1319
    1350
    1305
    1323
    1271
    1385
    1423
    1377
    1327
    1397
    1355
    1310
    1299
    1421
    1325
    1340
    1340
    1304
    1336
    1334
    1357
    1384
    1277
    1307
    1330
    1334
    1352
    1338
    1296
    1379
    1367
    1307
    1260
    1330
    1325
    1358
    1328
    1304
    1302
    1332
    1274
    1317
    1284
    1298
    1352
    1293
    1284
    1362
    1275
    1291
    1252
    1323
    1226
    1363
    1265
    1250
    1275
    1367
    1329
    1338
    1326
    1312
    1341
    1301
    1277
    1331
    1339
    1322
    1329
    1272
    1329
    1314
    1258
    1345
    1324
    1333
    1335
    1277
    1325
    1375
    1274
    1278
    1363
    1323
    1277
    1315
    1346
    1332
    1287
    1301
    1315
    1262
    1307
    1264
    1275
    1309
    1266
    1405
    1300
    1323
    1251
    1300
    1300
    1226
    1240
    1276
    1283
    1223
    1332
    1267
    1231
    1170
    1307
    1211
    1246
    1237
    1278
    1249
    1329
    1201
    1242
    1204
    1223
    1292
    1239
    1262
    1211
    1188
    1215
    1195
    1188
    1230
    1196
    1196
    1195
    1193
    1245
    1239
    1188
    1164
    1173
    1140
    1235
    1188
    1187
    1185
    1159
    1177
    1209
    1159
    1167
    1198
    1212
    1151
    1187
    1213
    1248
    1172
    1130
    1190
    1173
    1151
    1146
    1213
    1182
    1195
    1190
    1174
    1274
    1197
    1244
    1195
    1173
    1269
    1145
    1333
    1292
    1363
    1377
    1372
    1406
    1469
    1428
    1466
    1446
    1473
    1491
    1555
    1474
    1479
    1506
    1472
    1451
    1519
    1504
    1437
    1501
    1399
    1479
    1519
    1406
    1429
    1383
    1405
    1317
    1402
    1268
    1333
    1336
    1407
    1317
    1401
    1330
    1347
    1328
    1285
    1374
    1238
    1273
    1249
    1355
    1310
    1362
    1274
    1219
    1204
    1284
    1209
    1257
    1246
    1257
    1287
    1219
    1196
    1216
    1293
    1206
    1215
    1207
    1227
    1163
    1190
    1218
    1251
    1132
    1164
    1100
    1169
    1231
    1164
    1186
    1153
    1184
    1148
    1123
    1148
    1133
    1171
    1113
    1248
    1071
    1136
    1079
    1121
    1143
    1082
    1155
    1090
    1112
    1055
    1142
    1179
    1171
    1060
    1035
    1096
    1064
    1093
    1070
    1107
    1084
    1094
    1044
    1024
    1006
    1020
    1064
    1048
     987
    1045
    1075
    1053
    1026
    1068
    1055
     994
     979
    1013
    1019
     956
    1048
     973
    1029
    1038
     932
    1013
     960
     912
     962
     975
    1043
     993
    1021
    1272
    1242
     980
     980
     939
     979
     985
     989
    1009
     953
     933
    1004
     895
     895
     920
     920
     924
     921
     945
     912
     930
     897
     877
     950
     916
     944
     868
     953
     954
     907
     925
     904
     943
     905
     909
     939
     848
     896
     928
     893
     861
     905
     898
     848
     914
     878
     884
     886
     917
     892
     875
     899
     859
     834
     876
     890
     940
     914
     877
     834
     841
     902
     865
     860
     875
     818
     841
     817
     898
     902
     860
     876
     925
     840
     901
     872
     867
     868
     849
     831
     861
     868
     873
     825
     775
     865
     846
     770
     808
     843
     833
     849
     836
     836
     806
     844
     836
     839
     826
     800
     844
     817
     810
     847
     799
     837
     772
     795
     828
     833
     850
     829
     791
     803
     874
     812
     782
     785
     777
     767
     791
     819
     746
     771
     725
     810
     804
     748
     770
     762
     861
     821
     829
     828
     789
     780
     835
     795
     751
     792
     836
     781
     846
     798
     732
     790
     792
     813
     822
     758
     806
     770
     788
     773
     787
     789
     737
     756
     789
     760
     773
     783
     720
     793
     747
     761
     721
     814
     766
     725
     798
     747
     747
     774
     761
     727
     774
     805
     737
     715
     772
     754
     783
     783
     752
     764
     723
     748
     802
     796
     788
     749
     788
     748
     762
     777
     748
     790
     767
     752
     747
     793
     750
     718
     762
     766
     776
     750
     752
     724
     785
     729
     719
     831
     735
     730
     731
     793
     745
     729
     762
     755
     723
     735
     709
     778
     758
     759
     763
     738
     738
     733
     737
     780
     721
     772
     762
     746
     775
     724
     760
     710
     737
     736
     722
     722
     779
     703
     785
     697
     766
     805
     834
     759
     761
     808
     698
     767
     714
     724
     765
     755
     757
     720
     697
     761
     773
     701
     776
     729
     732
     760
     762
     777
     735
     726
     773
     757
     726
     716
     757
     756
     730
     728
     782
     723
     717
     758
     727
     705
     739
     713
     777
     758
     731
     751
     740
     704
     756
     754
     697
     760
     741
     702
     738
     721
     713
     738
     706
     724
     714
     707
     739
     723
     722
     776
     739
     728
     741
     768
     748
     726
     764
     728
     800
     677
     716
     717
     702
     740
     743
     683
     730
     698
     766
     682
     750
     751
     754
     686
     718
     741
     729
     719
     737
     750
     775
     728
     783
     763
     720
     733
     759
     744
     780
     704
     736
     722
     745
     807
     727
     689
     740
     765
     712
     742
     710
     761
     720
     778
     751
     813
     737
     718
     749
     725
     783
     742
     729
     749
     752
     733
     741
     685
     674
     726
     747
     664
     708
     733
     703
     696
     691
     728
     702
     709
     718
     760
     710
     714
     687
     715
     772
     774
     726
     760
     772
     804
     776
     728
     720
     726
     724
     718
     712
     726
     773
     818
     725
     728
     751
     746
     742
     735
     750
     703
     729
     709
     730
     720
     716
     714
     728
     727
     721
     724
     736
     781
     729
     790
     697
     775
     745
     738
     689
     721
     739
     782
     739
     687
     696
     717
     718
     748
     708
     685
     743
     716
     749
     724
     775
     729
     692
     751
     707
     758
     779
     727
     728
     760
     776
     734
     711
     788
     735
     762
     747
     731
     740
     769
     712
     720
     770
     732
     714
     771
     757
     764
     733
     701
     775
     808
     689
     747
     778
     711
     717
     726
     721
     722
     723
     775
     744
     735
     705
     728
     719
     755
     733
     746
     768
     703
     762
     713
     728
     737
     764
     770
     744
     761
     779
     737
     748
     727
     716
     738
     763
     736
     768
     810
     774
     734
     762
     704
     743
     759
     766
     707
     793
     783
     773
     754
     781
     751
     769
     765
     782
     746
     790
     794
     758
     769
     779
     744
     748
     781
     711
     758
     794
     814
     718
     764
     754
     760
     774
     780
     790
     803
     729
     784
     764
     729
     766
     720
     745
     757
     762
     778
     767
     717
     738
     725
     787
     781
     752
     783
     784
     777
     739
     802
     761
     707
     794
     764
     809
     741
     746
     770
     740
     758
     774
     815
     777
     756
     835
     814
     769
     821
     787
     804
     778
     769
     839
     780
     819
     735
     749
     748
     757
     779
     788
     793
     814
     786
     782
     729
     768
     834
     783
     822
     807
     802
     837
     796
     881
     775
     813
     784
     817
     791
     818
     816
     774
     823
     861
     812
     832
     832
     799
     795
     775
     850
     801
     838
     780
     831
     771
     839
     875
     796
     788
     788
     878
     835
     804
     809
     811
     813
     780
     793
     821
     837
     824
     863
     835
     804
     833
     850
     858
     829
     851
     852
     884
     877
     799
     815
     836
     830
     939
     833
     832
     848
     830
     860
     909
     881
     928
     876
     867
     863
     808
     877
     823
     894
     882
     889
     910
     913
     829
     866
     921
     874
     891
     856
     880
     842
     949
     856
     825
     882
     890
     889
     906
     892
     894
     842
     873
     925
     835
     959
     856
     893
     874
     875
     863
     896
     903
     886
     927
     966
     887
     929
     879
     962
     939
     903
     914
     915
     911
     888
     979
     908
     974
     930
     902
     948
     902
     940
     925
     959
     949
     933
    1013
     946
     950
     951
    1022
     968
     911
     993
    1021
     975
    1003
     985
     992
    1002
     947
     959
    1028
    1069
     969
    1013
     991
    1006
    1049
     990
    1013
    1022
    1047
    1058
    1048
    1019
    1025
    1079
    1063
    1078
    1059
    1033
    1062
    1099
    1090
    1081
    1086
    1090
    1038
    1053
    1048
    1032
    1088
    1022
    1105
    1055
    1080
    1130
    1092
    1144
    1108
    1196
    1154
    1170
    1191
    1168
    1160
    1120
    1170
    1155
    1139
    1200
    1216
    1184
    1208
    1241
    1166
    1217
    1213
    1191
    1186
    1198
    1182
    1241
    1239
    1210
    1258
    1237
    1178
    1250
    1271
    1255
    1339
    1298
    1309
    1288
    1384
    1326
    1329
    1323
    1316
    1328
    1268
    1323
    1327
    1329
    1364
    1239
    1335
    1372
    1358
    1339
    1426
    1386
    1340
    1348
    1410
    1428
    1379
    1427
    1392
    1366
    1385
    1400
    1335
    1331
    1403
    1375
    1315
    1292
    1251
    1258
    1130
    1251
    1131
    1074
    1062
    1032
    1027
     997
    1046
     971
     968
     956
     923
     901
     923
     935
     914
     943
     993
     906
     938
     828
     912
     906
     887
     910
     908
     887
     904
     866
     875
     940
     860
     881
     922
     883
     871
     868
     889
     878
     915
     827
     881
     844
     832
     787
     838
     890
     820
     837
     879
     856
     806
     845
     825
     861
     832
     849
     899
     825
     818
     811
     818
     830
     834
     883
     804
     841
     794
     827
     842
     864
     799
     835
     815
     767
     823
     846
     817
     789
     763
     818
     781
     853
     806
     806
     783
     815
     840
     790
     762
     813
     775
     821
     790
     804
     747
     805
     821
     820
     780
     756
     802
     796
     762
     761
     810
     818
     770
     777
     766
     771
     770
     771
     752
     777
     813
     753
     792
     807
     789
     756
     790
     735
     795
     742
     778
     770
     756
     736
     779
     754
     798
     829
     756
     796
     764
     758
     863
     767
     804
     761
     787
     756
     758
     756
     764
     823
     758
     757
     859
     800
     837
     764
     790
     767
     849
     757
     782
     823
     821
     788
     861
     840
     813
     813
     806
     800
     847
     817
     835
     912
     843
     805
     829
     871
     841
     886
     881
     880
     920
     824
     895
     861
     853
     859
     897
     917
     900
     885
     885
     950
     880
     907
     857
     925
     936
     894
     876
     932
     988
     885
     962
     883
     892
     809
     839
     822
     841
     778
     720
     701
     679
     663
     647
     572
     563
     560
     592
     551
     508
     529
     507
     502
     529
     504
     475
     502
     506
     489
     474
     437
     489
     424
     467
     494
     425
     447
     421
     420
     427
     440
     452
     437
     430
     397
     395
     419
     420
     430
     411
     439
     413
     436
     414
     399
     388
     399
     395
     415
     393
     413
     376
     392
     418
     353
     396
     393
     390
     382
     413
     432
     467
     467
     499
     597
     657
     726
     782
     867
     956
    1114
    1433
    2922
    8827
   23293
   28907
   16066
    4459
     926
     400
     300
     287
     273
     280
     270
     248
     303
     276
     274
     272
     271
     271
     282
     259
     272
     269
     240
     276
     257
     260
     210
     236
     214
     232
     219
     232
     204
     212
     201
     208
     168
     208
     205
     204
     181
     174
     181
     193
     190
     194
     192
     168
     178
     179
     176
     161
     165
     153
     156
     156
     148
     143
     128
     146
     156
     141
     152
     110
     143
     110
     123
     134
     135
     144
     126
     104
     107
     120
     111
     125
     108
     120
     102
     107
     101
     103
     103
     117
      96
      87
      96
     106
      83
      96
     108
      85
      93
      98
      84
      79
      90
      81
      77
      81
      83
      73
      96
      62
      78
      60
      60
      94
      62
      66
      82
      67
      80
      70
      65
      58
      69
      75
      68
      70
      67
      73
      57
      75
      51
      67
      74
      61
      73
      62
      61
      53
      60
      68
      65
      46
      61
      57
      51
      66
      74
      75
      56
      66
      55
      62
      67
      44
      57
      58
      64
      68
      50
      61
      55
      61
      65
      55
      50
      66
      58
      78
      50
      61
      64
      46
      73
      47
      56
      57
      50
      51
      50
      55
      54
      55
      48
      59
      55
      41
      73
      58
      56
      52
      45
      53
      75
      52
      58
      53
      41
      58
      51
      56
      43
      46
      56
      59
      62
      61
      74
      72
      85
     103
     133
     142
     239
     286
     333
     408
     499
     520
     634
     898
    1586
    4328
   12593
   22853
   20441
    8899
    2005
     331
      63
      32
      28
      26
      33
      29
      29
      30
      36
      45
      26
      43
      27
      32
      20
      26
      35
      24
      29
      23
      28
      30
      19
      28
      28
      28
      14
      28
      22
      28
      30
      22
      25
      30
      31
      25
      22
      32
      22
      15
      37
      34
      21
      19
      21
      24
      28
      21
      27
      26
      21
      23
      22
      21
      16
      18
      34
      32
      27
      25
      27
      20
      23
      18
      18
      31
      24
      21
      18
      20
      17
      25
      33
      29
      30
      19
      26
      32
      13
      26
      13
      21
      15
      26
      25
      16
      23
      25
      26
      28
      16
      28
      16
      19
      27
      20
      28
      24
      17
      24
      17
      16
      18
      18
      30
      21
      18
      18
      22
      26
      19
      16
      30
      22
      25
      19
      24
      19
      21
      22
      15
      30
      22
      17
      16
      22
      20
      19
      19
      18
      15
      22
      23
      22
      20
      24
       6
      20
      21
      24
      20
      24
      10
      24
      18
      20
      17
      25
      22
      17
      23
      18
      19
      24
      16
      15
      17
      21
      15
      19
      18
      21
      20
      27
      27
      28
      23
      26
      40
      52
      82
      68
      29
      22
      28
      19
      20
      15
      26
      16
      16
      15
      22
      20
      18
      12
      17
      21
      21
      19
      18
      18
      24
      18
      15
      16
      15
      17
      32
       0
       0
       0
       0
       0
       0
       0
       0
       0
       0
       0
       0
       0
       0
       0
       0
       0
       0
       0
       0
       0
       0
       0
       0
       0
       0
       0
       0
       0
       0
       0
       0
$ROI:
0
$PRESETS:
None
0
0
$ENER_FIT:
0.000000 0.731044
$MCA_CAL:
3
0.000000E+000 7.310444E-001 0.000000E+000 keV
$SHAPE_CAL:
3
0.000000E+000 0.000000E+000 0.000000E+000
