$SPEC_ID:
No sample description was entered.
$SPEC_REM:
DET# 4
DETDESC# JLAB-20 MCB 131
AP# Maestro Version 7.01
$DATE_MEA:
10/06/2025 19:50:02
$MEAS_TIM:
579 599
$DATA:
0 2047
       0
       0
       0
       0
       0
       0
       0
       0
       0
       0
       0
       0
       0
       0
       0
       0
       0
       0
       0
       0
       0
       0
       0
       0
       0
       0
       0
       0
       0
       0
       0
       0
       0
       0
       0
       0
       0
       0
       0
       0
       0
       0
       0
       0
       0
       0
       0
       0
       0
       0
       0
       0
       0
       0
       0
       0
       0
       0
       0
       0
       0
       0
       0
       0
       0
       0
       0
       0
       0
      42
    1343
    1371
    1395
    1439
    1417
    1404
    1315
    1381
    1366
    1379
    1392
    1383
    1393
    1384
    1371
    1334
    1375
    1386
    1369
    1393
    1396
    1327
    1355
    1365
    1389
    1339
    1345
    1342
    1513
    1483
    1380
    1546
    1541
    1443
    1376
    1410
    1320
    1338
    1277
    1326
    1320
    1335
    1296
    1351
    1270
    1334
    1467
    1333
    1346
    1413
    1341
    1352
    1381
    1286
    1338
    1322
    1293
    1279
    1309
    1392
    1333
    1334
    1324
    1324
    1406
    1270
    1327
    1287
    1324
    1249
    1325
    1381
    1226
    1297
    1300
    1373
    1286
    1243
    1316
    1304
    1318
    1305
    1325
    1252
    1238
    1341
    1317
    1335
    1263
    1349
    1316
    1339
    1343
    1351
    1292
    1297
    1305
    1249
    1276
    1313
    1337
    1231
    1337
    1298
    1347
    1375
    1311
    1279
    1265
    1280
    1317
    1315
    1334
    1325
    1272
    1330
    1280
    1298
    1319
    1337
    1350
    1298
    1312
    1292
    1338
    1274
    1312
    1344
    1298
    1277
    1303
    1272
    1335
    1286
    1280
    1322
    1367
    1320
    1254
    1251
    1218
    1191
    1292
    1221
    1262
    1219
    1257
    1321
    1275
    1298
    1272
    1229
    1258
    1286
    1265
    1260
    1262
    1249
    1199
    1257
    1233
    1271
    1211
    1249
    1252
    1263
    1243
    1210
    1176
    1198
    1249
    1183
    1214
    1182
    1180
    1157
    1216
    1261
    1221
    1179
    1252
    1235
    1143
    1136
    1222
    1199
    1199
    1200
    1163
    1183
    1145
    1168
    1133
    1196
    1138
    1152
    1178
    1150
    1191
    1191
    1235
    1186
    1099
    1229
    1237
    1160
    1193
    1206
    1215
    1213
    1229
    1212
    1331
    1277
    1258
    1335
    1399
    1364
    1376
    1417
    1450
    1507
    1479
    1450
    1528
    1479
    1526
    1463
    1521
    1415
    1466
    1483
    1498
    1498
    1419
    1349
    1373
    1394
    1432
    1428
    1390
    1436
    1384
    1447
    1320
    1297
    1379
    1408
    1353
    1330
    1340
    1302
    1372
    1319
    1370
    1325
    1274
    1337
    1248
    1299
    1321
    1313
    1259
    1298
    1282
    1248
    1315
    1285
    1254
    1249
    1221
    1252
    1198
    1188
    1193
    1226
    1277
    1156
    1126
    1233
    1196
    1226
    1195
    1145
    1155
    1167
    1130
    1140
    1155
    1182
    1159
    1103
    1161
    1107
    1142
    1091
    1112
    1097
    1102
    1127
    1177
    1147
    1156
    1136
    1064
    1138
    1083
    1103
    1048
    1107
    1089
    1065
    1060
    1081
    1068
    1093
    1061
     993
    1056
    1022
    1064
    1009
    1043
    1091
    1041
    1015
    1080
    1058
    1062
    1113
    1016
     989
    1058
     980
    1048
    1035
    1021
     986
    1010
     988
    1060
    1062
     992
     975
     987
     930
    1056
     971
     999
     947
    1029
    1026
    1235
    1193
     950
     969
     953
     959
     960
     918
     971
     929
     963
     914
     971
     928
     898
     943
     957
     892
     959
     931
     902
     933
     925
     949
     909
     880
     986
     960
     907
     962
     973
     952
     910
     967
     909
     917
     919
     853
     925
     947
     907
     880
     925
     890
     917
     902
     839
     863
     956
     874
     935
     926
     874
     845
     870
     856
     891
     906
     868
     872
     925
     837
     896
     929
     895
     857
     869
     829
     853
     904
     834
     783
     793
     841
     850
     859
     901
     851
     865
     848
     900
     814
     797
     909
     812
     829
     834
     845
     866
     840
     896
     796
     898
     875
     803
     829
     829
     844
     829
     780
     924
     852
     761
     815
     805
     892
     811
     809
     874
     833
     870
     793
     796
     809
     830
     821
     796
     759
     823
     869
     820
     792
     812
     770
     826
     821
     794
     806
     815
     769
     834
     758
     747
     816
     824
     785
     789
     803
     831
     807
     794
     784
     767
     783
     773
     792
     808
     769
     806
     777
     785
     819
     824
     833
     787
     796
     780
     834
     804
     767
     748
     803
     721
     814
     810
     786
     771
     789
     774
     771
     831
     780
     782
     721
     785
     807
     800
     757
     743
     730
     778
     754
     796
     751
     741
     765
     776
     768
     773
     779
     761
     795
     759
     767
     752
     748
     780
     812
     731
     781
     771
     732
     770
     837
     764
     788
     818
     738
     777
     790
     754
     808
     748
     725
     709
     718
     768
     704
     733
     735
     668
     772
     778
     835
     749
     741
     748
     766
     732
     729
     767
     749
     785
     773
     786
     750
     791
     728
     718
     770
     717
     744
     757
     748
     766
     726
     742
     727
     740
     758
     727
     760
     792
     711
     714
     786
     722
     802
     760
     787
     688
     765
     754
     734
     752
     741
     731
     735
     755
     715
     763
     742
     800
     796
     786
     736
     722
     722
     729
     747
     705
     714
     712
     723
     759
     739
     755
     701
     729
     748
     740
     752
     794
     732
     721
     705
     745
     797
     689
     728
     737
     755
     757
     681
     739
     729
     755
     722
     745
     756
     715
     765
     738
     720
     743
     724
     739
     698
     723
     667
     798
     720
     805
     730
     770
     737
     716
     707
     774
     726
     723
     757
     692
     730
     707
     739
     766
     755
     704
     689
     735
     706
     729
     716
     779
     707
     695
     731
     689
     712
     730
     777
     728
     745
     765
     714
     755
     743
     744
     717
     715
     777
     697
     726
     709
     724
     719
     750
     700
     773
     742
     747
     764
     711
     742
     668
     730
     723
     707
     756
     738
     749
     746
     727
     727
     752
     734
     738
     742
     748
     693
     808
     764
     713
     731
     702
     741
     694
     713
     672
     764
     727
     682
     708
     762
     706
     735
     754
     769
     745
     721
     769
     707
     685
     773
     738
     701
     754
     769
     765
     768
     709
     711
     742
     697
     750
     749
     730
     774
     727
     783
     745
     727
     708
     765
     716
     700
     749
     728
     716
     758
     758
     714
     726
     762
     689
     726
     730
     729
     717
     741
     741
     713
     708
     758
     726
     762
     727
     694
     678
     732
     770
     763
     696
     757
     692
     694
     735
     712
     716
     762
     723
     714
     725
     759
     668
     809
     804
     736
     746
     720
     747
     740
     754
     731
     686
     696
     768
     789
     711
     731
     749
     739
     743
     735
     795
     728
     714
     789
     721
     724
     795
     748
     755
     725
     766
     695
     750
     675
     694
     754
     757
     776
     796
     719
     739
     721
     741
     762
     745
     791
     755
     754
     755
     689
     765
     725
     765
     768
     749
     749
     796
     715
     778
     701
     685
     742
     766
     731
     746
     798
     793
     698
     806
     807
     798
     731
     766
     727
     779
     736
     744
     739
     707
     818
     749
     752
     757
     771
     769
     707
     800
     767
     757
     770
     789
     714
     717
     767
     755
     742
     755
     754
     776
     810
     714
     776
     820
     795
     729
     790
     796
     775
     745
     776
     762
     761
     797
     771
     756
     768
     806
     779
     734
     773
     781
     819
     781
     763
     757
     769
     782
     803
     773
     823
     773
     807
     756
     768
     803
     815
     792
     770
     819
     810
     778
     770
     827
     773
     813
     773
     796
     762
     844
     801
     818
     750
     799
     781
     796
     797
     813
     785
     744
     859
     801
     829
     788
     787
     828
     845
     763
     805
     840
     813
     779
     827
     799
     774
     812
     824
     819
     849
     833
     767
     802
     778
     785
     824
     801
     838
     823
     848
     838
     765
     802
     778
     816
     830
     830
     822
     812
     861
     868
     825
     786
     790
     847
     844
     805
     810
     853
     806
     829
     852
     822
     828
     830
     871
     825
     841
     843
     851
     851
     970
     930
     936
     839
     858
     869
     846
     888
     928
     868
     821
     872
     883
     935
     874
     842
     843
     872
     850
     891
     886
     898
     870
     917
     824
     896
     867
     939
     892
     904
     944
     817
     910
     853
     901
     892
     892
     922
     858
     896
     867
     863
     946
     892
     958
     875
     907
     969
     943
     902
     997
     906
     923
     936
     938
     927
     974
     974
     956
     949
     908
     917
     943
     922
     913
     946
     957
     918
     875
     952
     925
     894
     947
     928
     984
     958
     988
    1009
     983
    1013
     988
     986
     977
    1011
     995
     968
    1049
     981
     989
     985
    1084
    1066
    1009
    1047
    1075
     994
     970
    1003
    1054
     983
    1030
    1013
    1107
    1039
    1091
    1102
    1008
    1110
    1113
    1027
    1028
    1072
    1153
    1120
    1069
    1048
    1079
    1088
    1148
    1146
    1045
    1176
    1134
    1109
    1133
    1165
    1156
    1128
    1137
    1115
    1173
    1141
    1232
    1149
    1172
    1183
    1171
    1226
    1182
    1260
    1221
    1204
    1193
    1202
    1174
    1242
    1241
    1225
    1313
    1223
    1256
    1240
    1264
    1298
    1310
    1260
    1292
    1305
    1248
    1311
    1314
    1301
    1298
    1282
    1374
    1378
    1367
    1317
    1434
    1343
    1326
    1336
    1348
    1350
    1290
    1297
    1389
    1384
    1355
    1418
    1411
    1360
    1378
    1417
    1378
    1375
    1289
    1421
    1364
    1299
    1308
    1287
    1252
    1266
    1188
    1186
    1119
    1121
    1060
    1045
     977
    1068
    1012
     934
     883
     978
     938
     940
     948
     931
     924
     893
     872
     929
     910
     903
     896
     885
     891
     913
     922
     899
     867
     897
     860
     872
     931
     862
     891
     882
     875
     875
     957
     859
     849
     820
     821
     878
     898
     846
     887
     880
     893
     851
     841
     814
     902
     814
     853
     830
     815
     876
     848
     871
     909
     828
     900
     806
     862
     845
     840
     887
     811
     862
     812
     835
     837
     847
     786
     792
     824
     829
     824
     818
     858
     787
     799
     802
     778
     802
     857
     806
     854
     792
     812
     827
     808
     745
     784
     821
     852
     805
     756
     819
     777
     794
     807
     809
     788
     755
     776
     769
     743
     805
     778
     760
     751
     772
     755
     822
     754
     776
     767
     789
     785
     796
     774
     718
     810
     757
     777
     770
     774
     821
     791
     733
     807
     784
     743
     759
     779
     796
     752
     761
     769
     751
     767
     813
     803
     822
     809
     773
     822
     806
     781
     766
     842
     828
     799
     820
     811
     861
     837
     808
     844
     817
     808
     828
     782
     826
     890
     841
     828
     854
     826
     895
     867
     869
     888
     873
     875
     930
     902
     886
     862
     879
     876
     872
     853
     925
     883
     874
     886
     884
     924
     882
     890
     890
     920
     937
     949
     854
     878
     926
     943
     924
     896
     882
     881
     901
     836
     844
     801
     817
     766
     689
     690
     657
     580
     595
     595
     601
     567
     529
     520
     474
     535
     475
     481
     484
     495
     493
     457
     500
     456
     463
     446
     457
     426
     472
     472
     480
     425
     439
     431
     433
     434
     451
     431
     392
     426
     415
     450
     443
     439
     446
     411
     381
     392
     402
     410
     407
     395
     399
     400
     382
     376
     397
     378
     415
     400
     403
     385
     416
     400
     396
     438
     469
     527
     644
     693
     732
     780
     873
    1005
    1141
    1655
    3356
   10845
   25388
   27543
   13674
    3687
     755
     344
     304
     311
     284
     278
     279
     302
     269
     283
     253
     311
     251
     255
     250
     226
     257
     259
     267
     249
     252
     217
     241
     228
     222
     212
     211
     239
     230
     204
     209
     214
     212
     198
     195
     181
     209
     184
     177
     181
     189
     195
     180
     195
     188
     158
     162
     174
     155
     168
     137
     115
     150
     145
     146
     138
     133
     145
     125
     169
     121
     141
     141
     142
     122
     120
     144
     132
     113
     115
     109
      99
     101
     104
     108
     106
      99
      97
     114
      97
      91
      84
      92
      88
      76
      92
     106
      99
     106
      86
      81
      78
      92
      92
      82
      68
      71
      65
      84
      83
      86
      74
      73
      63
      71
      62
      64
      74
      72
      64
      57
      57
      75
      65
      54
      74
      83
      60
      54
      69
      55
      54
      72
      63
      66
      64
      71
      61
      60
      58
      72
      71
      68
      71
      56
      51
      71
      66
      60
      50
      74
      71
      61
      71
      62
      64
      66
      72
      60
      60
      66
      65
      54
      61
      58
      64
      45
      43
      49
      51
      59
      54
      54
      61
      52
      61
      46
      53
      53
      39
      58
      51
      49
      59
      67
      54
      49
      56
      46
      39
      58
      60
      64
      61
      67
      60
      54
      48
      45
      45
      64
      64
      47
      57
      57
      61
      59
      77
      79
     114
     130
     184
     232
     298
     396
     425
     477
     564
     682
     981
    1885
    5191
   14981
   23976
   18326
    7140
    1561
     224
      49
      27
      38
      44
      25
      38
      23
      31
      29
      30
      24
      34
      29
      23
      29
      20
      26
      31
      29
      29
      27
      34
      29
      21
      31
      23
      24
      26
      15
      28
      31
      19
      25
      21
      17
      25
      31
      19
      26
      24
      28
      31
      25
      21
      29
      14
      15
      18
      29
      24
      13
      17
      24
      27
      23
      25
      27
      28
      26
      17
      28
      20
      24
      23
      23
      20
      25
      22
      23
      33
      19
      24
      20
      28
      24
      22
      25
      18
      21
      18
      30
      21
      22
      21
      24
      20
      18
      13
      24
      23
      23
      22
      25
      19
      22
      13
      22
      20
      15
      28
      16
      27
      18
      13
      16
      21
      23
      21
      16
      20
      27
      21
      20
      21
      19
      26
      19
      21
      15
      15
      14
      24
      19
      20
      15
      22
      18
      20
      14
      20
      23
      12
      14
      28
      24
      18
      26
      13
      23
      25
      19
      18
      21
      19
      18
      16
      17
      16
      26
      24
      21
      18
      20
      14
      19
      27
      20
      19
      25
      20
      16
      21
      18
      29
      25
      21
      22
      24
      48
      55
      73
      41
      36
      18
      19
      24
      18
      19
      14
      15
      20
      17
      25
      15
      17
       9
      23
      22
      18
      20
      21
      18
      18
      25
      23
      17
      17
      22
      22
       0
       0
       0
       0
       0
       0
       0
       0
       0
       0
       0
       0
       0
       0
       0
       0
       0
       0
       0
       0
       0
       0
       0
       0
       0
       0
       0
       0
       0
       0
       0
       0
$ROI:
0
$PRESETS:
None
0
0
$ENER_FIT:
0.000000 0.731044
$MCA_CAL:
3
0.000000E+000 7.310444E-001 0.000000E+000 keV
$SHAPE_CAL:
3
0.000000E+000 0.000000E+000 0.000000E+000
