$SPEC_ID:
No sample description was entered.
$SPEC_REM:
DET# 4
DETDESC# JLAB-20 MCB 131
AP# Maestro Version 7.01
$DATE_MEA:
10/07/2025 20:20:02
$MEAS_TIM:
579 600
$DATA:
0 2047
       0
       0
       0
       0
       0
       0
       0
       0
       0
       0
       0
       0
       0
       0
       0
       0
       0
       0
       0
       0
       0
       0
       0
       0
       0
       0
       0
       0
       0
       0
       0
       0
       0
       0
       0
       0
       0
       0
       0
       0
       0
       0
       0
       0
       0
       0
       0
       0
       0
       0
       0
       0
       0
       0
       0
       0
       0
       0
       0
       0
       0
       0
       0
       0
       0
       0
       0
       0
       0
      26
    1377
    1381
    1330
    1346
    1418
    1387
    1393
    1401
    1346
    1390
    1374
    1440
    1343
    1365
    1324
    1353
    1367
    1431
    1357
    1308
    1319
    1342
    1311
    1369
    1361
    1415
    1419
    1330
    1415
    1478
    1401
    1505
    1581
    1349
    1350
    1411
    1336
    1352
    1308
    1317
    1327
    1217
    1358
    1300
    1336
    1405
    1392
    1358
    1411
    1365
    1343
    1336
    1360
    1354
    1322
    1379
    1281
    1298
    1252
    1376
    1291
    1315
    1364
    1290
    1327
    1294
    1322
    1371
    1361
    1304
    1317
    1275
    1288
    1261
    1357
    1336
    1316
    1310
    1322
    1316
    1287
    1296
    1294
    1375
    1275
    1306
    1294
    1298
    1215
    1361
    1278
    1275
    1286
    1333
    1308
    1295
    1333
    1339
    1221
    1325
    1363
    1310
    1309
    1263
    1318
    1333
    1327
    1266
    1255
    1304
    1328
    1286
    1374
    1314
    1300
    1347
    1248
    1312
    1283
    1290
    1291
    1283
    1304
    1360
    1339
    1304
    1308
    1268
    1283
    1367
    1277
    1275
    1295
    1273
    1353
    1373
    1420
    1300
    1294
    1294
    1298
    1239
    1230
    1228
    1266
    1298
    1274
    1264
    1303
    1242
    1239
    1255
    1271
    1251
    1271
    1247
    1219
    1198
    1236
    1201
    1232
    1215
    1188
    1260
    1213
    1223
    1251
    1213
    1191
    1202
    1216
    1218
    1228
    1195
    1173
    1229
    1244
    1194
    1235
    1185
    1191
    1213
    1190
    1173
    1128
    1141
    1193
    1174
    1187
    1120
    1191
    1162
    1174
    1257
    1160
    1182
    1176
    1135
    1129
    1227
    1119
    1162
    1190
    1144
    1275
    1197
    1141
    1201
    1202
    1160
    1236
    1253
    1223
    1317
    1298
    1393
    1374
    1383
    1399
    1391
    1491
    1451
    1493
    1452
    1515
    1548
    1594
    1575
    1485
    1451
    1480
    1462
    1459
    1449
    1384
    1452
    1484
    1439
    1429
    1328
    1388
    1376
    1416
    1395
    1360
    1312
    1284
    1379
    1399
    1307
    1389
    1313
    1379
    1375
    1400
    1326
    1331
    1273
    1359
    1280
    1247
    1306
    1289
    1241
    1245
    1227
    1180
    1258
    1248
    1234
    1137
    1246
    1179
    1181
    1271
    1193
    1181
    1189
    1211
    1207
    1215
    1246
    1190
    1232
    1205
    1218
    1159
    1144
    1176
    1185
    1163
    1151
    1128
    1128
    1126
    1110
    1236
    1113
    1094
    1108
    1107
    1131
    1169
    1118
    1083
    1167
    1086
    1102
    1054
    1101
    1086
    1161
    1042
    1140
    1095
    1093
    1064
    1068
    1033
    1046
    1055
    1047
    1083
    1082
    1012
    1017
     987
     975
    1009
    1023
    1016
    1006
    1083
    1080
    1026
    1008
    1012
    1074
    1027
    1012
    1010
     940
     972
     936
     977
     993
    1006
    1008
    1015
     953
     975
    1025
    1258
    1223
    1062
    1019
    1000
    1016
     917
     899
     962
     991
     975
     941
     963
     951
     936
     937
     936
     962
     957
     890
     941
     978
     977
     898
     934
     949
     867
     869
     903
     906
     883
     922
     894
     921
     911
     910
     887
     924
     872
     895
     861
     943
     882
     877
     835
     870
     867
     871
     853
     874
     915
     918
     837
     848
     884
     889
     855
     884
     826
     821
     901
     890
     912
     948
     791
     913
     848
     845
     844
     853
     876
     844
     848
     844
     876
     832
     814
     882
     823
     856
     864
     826
     847
     881
     802
     858
     919
     835
     865
     852
     892
     829
     840
     849
     859
     836
     813
     823
     816
     798
     836
     805
     821
     823
     816
     844
     855
     864
     851
     830
     829
     818
     811
     859
     806
     866
     815
     795
     824
     805
     773
     823
     829
     784
     806
     767
     799
     791
     816
     794
     755
     805
     715
     779
     773
     829
     784
     797
     774
     791
     870
     759
     756
     824
     783
     816
     798
     773
     708
     806
     820
     794
     799
     759
     777
     787
     797
     815
     764
     759
     776
     772
     826
     790
     764
     809
     809
     834
     803
     760
     772
     791
     773
     738
     720
     745
     786
     757
     757
     783
     755
     780
     756
     803
     748
     764
     765
     756
     745
     801
     725
     771
     800
     691
     776
     726
     781
     809
     798
     762
     792
     794
     750
     729
     785
     762
     736
     763
     803
     695
     769
     756
     757
     747
     762
     755
     726
     714
     793
     764
     769
     715
     777
     765
     755
     776
     791
     752
     721
     763
     751
     801
     780
     746
     732
     771
     761
     754
     671
     743
     751
     732
     822
     752
     765
     719
     712
     715
     705
     776
     799
     704
     736
     750
     725
     802
     693
     735
     752
     758
     803
     690
     729
     774
     734
     743
     670
     750
     722
     755
     774
     773
     765
     784
     833
     743
     756
     767
     707
     770
     717
     701
     787
     708
     739
     775
     716
     780
     738
     770
     698
     718
     780
     718
     746
     749
     712
     740
     798
     696
     722
     723
     741
     685
     712
     730
     725
     718
     716
     744
     766
     713
     736
     783
     667
     756
     754
     734
     747
     744
     668
     731
     747
     690
     735
     766
     691
     753
     776
     743
     750
     727
     742
     740
     756
     702
     699
     718
     727
     718
     807
     691
     761
     727
     707
     721
     763
     786
     636
     740
     780
     719
     719
     726
     777
     736
     726
     719
     685
     720
     725
     718
     749
     732
     771
     759
     717
     718
     724
     708
     714
     753
     715
     718
     746
     683
     757
     713
     762
     726
     754
     708
     712
     658
     704
     738
     786
     685
     720
     713
     702
     702
     731
     692
     738
     693
     717
     730
     724
     734
     693
     725
     747
     715
     713
     768
     691
     816
     737
     730
     732
     744
     770
     743
     745
     737
     762
     675
     690
     746
     730
     725
     729
     681
     702
     741
     721
     721
     772
     744
     722
     762
     735
     754
     679
     682
     741
     708
     708
     683
     698
     699
     758
     688
     763
     729
     767
     768
     726
     715
     722
     759
     699
     759
     765
     738
     753
     707
     753
     758
     728
     706
     711
     734
     732
     688
     736
     765
     728
     725
     700
     758
     747
     724
     762
     738
     733
     770
     769
     752
     755
     733
     739
     722
     724
     712
     753
     777
     705
     750
     750
     712
     746
     782
     708
     744
     703
     709
     773
     751
     741
     680
     717
     768
     735
     697
     768
     751
     776
     717
     736
     747
     752
     736
     729
     779
     754
     774
     720
     718
     717
     769
     734
     755
     765
     722
     699
     715
     754
     733
     742
     725
     756
     767
     787
     733
     720
     723
     745
     689
     758
     699
     747
     751
     773
     754
     805
     740
     797
     744
     765
     753
     752
     803
     749
     767
     764
     773
     796
     760
     800
     796
     746
     737
     746
     676
     770
     720
     773
     757
     743
     711
     753
     818
     745
     747
     737
     749
     839
     779
     777
     772
     797
     784
     755
     808
     775
     826
     818
     773
     821
     758
     767
     741
     751
     827
     762
     781
     802
     765
     733
     841
     761
     744
     776
     757
     777
     771
     802
     779
     771
     750
     803
     766
     811
     798
     764
     768
     756
     760
     753
     773
     749
     765
     791
     766
     781
     804
     820
     798
     825
     792
     845
     767
     786
     793
     839
     741
     828
     810
     731
     797
     826
     800
     783
     797
     789
     787
     785
     785
     791
     830
     837
     796
     760
     850
     811
     799
     823
     817
     783
     821
     779
     785
     824
     810
     785
     884
     763
     865
     823
     785
     796
     804
     806
     796
     824
     882
     777
     818
     846
     799
     844
     858
     822
     841
     836
     836
     862
     863
     838
     850
     876
     946
     879
     937
     933
     922
     848
     793
     881
     800
     891
     853
     808
     839
     866
     842
     863
     898
     849
     928
     874
     873
     919
     892
     890
     939
     837
     906
     909
     873
     896
     850
     869
     938
     919
     887
     890
     896
     894
     921
     873
     932
     904
     894
     921
     874
     882
     920
     941
     897
     888
     861
     877
     930
     983
     912
     905
     922
     921
     967
     924
    1006
     879
     881
     921
     999
     926
     950
     900
     967
     954
     911
     973
     963
     965
     949
     882
     953
     933
     977
    1049
    1000
     980
     943
    1016
    1027
     932
     976
     995
    1034
    1037
    1080
    1012
    1014
    1022
     976
    1038
    1024
    1009
    1038
    1047
    1094
    1027
    1011
    1073
    1079
    1088
    1057
    1085
     996
    1078
    1061
    1061
    1086
    1109
    1050
    1089
    1105
    1052
    1168
    1088
    1076
    1065
    1146
    1139
    1115
    1122
    1131
    1133
    1172
    1102
    1154
    1069
    1139
    1145
    1204
    1105
    1172
    1227
    1172
    1270
    1166
    1220
    1174
    1236
    1214
    1257
    1253
    1260
    1212
    1302
    1256
    1301
    1256
    1258
    1227
    1239
    1307
    1301
    1329
    1298
    1291
    1258
    1284
    1261
    1394
    1347
    1353
    1395
    1267
    1375
    1362
    1336
    1389
    1405
    1372
    1373
    1344
    1341
    1311
    1332
    1388
    1323
    1424
    1494
    1321
    1346
    1324
    1445
    1366
    1352
    1295
    1317
    1307
    1330
    1272
    1202
    1168
    1158
    1103
    1077
    1074
    1002
    1024
     975
     995
     971
     988
     901
     884
     924
     917
     905
     929
     876
     912
     935
     924
     923
     909
     850
     893
     908
     872
     920
     926
     925
     863
     878
     880
     906
     824
     846
     877
     871
     858
     864
     841
     899
     831
     841
     853
     875
     864
     912
     862
     865
     875
     784
     819
     872
     921
     859
     825
     817
     885
     819
     812
     856
     808
     844
     856
     870
     829
     850
     787
     820
     820
     822
     798
     817
     817
     816
     767
     865
     870
     801
     832
     810
     796
     794
     785
     824
     819
     841
     796
     791
     771
     801
     798
     794
     794
     799
     837
     817
     813
     799
     774
     768
     764
     808
     776
     717
     767
     761
     809
     731
     750
     744
     770
     776
     746
     806
     797
     795
     770
     789
     777
     768
     804
     778
     766
     778
     737
     767
     764
     750
     779
     783
     768
     769
     730
     755
     776
     777
     824
     774
     815
     787
     758
     782
     741
     764
     774
     756
     795
     771
     806
     761
     794
     818
     758
     842
     794
     748
     806
     782
     802
     836
     827
     769
     845
     842
     842
     847
     853
     812
     798
     861
     838
     881
     881
     853
     885
     879
     878
     884
     885
     857
     877
     867
     890
     894
     856
     875
     902
     934
     881
     918
     896
     896
     855
     897
     897
     912
     897
     870
     935
     922
     839
     893
     827
     863
     796
     831
     744
     763
     700
     688
     689
     624
     604
     595
     569
     594
     579
     497
     510
     500
     513
     539
     508
     477
     468
     461
     456
     466
     409
     446
     449
     431
     458
     478
     445
     474
     441
     433
     436
     432
     396
     430
     440
     433
     434
     391
     400
     410
     422
     416
     440
     429
     378
     387
     378
     399
     400
     415
     389
     402
     368
     388
     411
     388
     409
     386
     390
     423
     430
     418
     467
     526
     629
     665
     734
     788
     859
     955
    1144
    1568
    2820
    8710
   22313
   29149
   16755
    4757
    1007
     393
     271
     298
     287
     313
     325
     283
     277
     263
     264
     275
     266
     250
     244
     242
     279
     269
     253
     227
     250
     233
     241
     231
     258
     220
     249
     234
     217
     229
     215
     197
     238
     217
     206
     219
     181
     183
     192
     185
     197
     177
     175
     187
     190
     197
     193
     167
     139
     163
     190
     151
     158
     145
     154
     141
     137
     144
     147
     151
     159
     147
     123
     129
     118
     126
     117
     125
     106
     109
     107
     108
      94
     123
     101
     102
     112
     102
      92
      94
      93
      92
     109
      90
      87
     106
     110
     105
      80
      69
      73
      72
      97
      81
      98
      72
      73
      56
      67
      69
      62
      70
      65
      71
      64
      73
      61
      77
      80
      66
      88
      61
      79
      63
      80
      66
      65
      64
      53
      62
      61
      62
      56
      61
      69
      68
      46
      77
      65
      64
      52
      72
      65
      61
      52
      59
      53
      73
      66
      53
      59
      45
      64
      69
      61
      63
      47
      68
      48
      54
      65
      71
      71
      52
      62
      61
      61
      65
      48
      59
      61
      60
      50
      52
      40
      54
      55
      80
      43
      56
      56
      48
      59
      64
      50
      52
      62
      50
      50
      42
      52
      49
      42
      65
      57
      47
      48
      58
      59
      53
      65
      61
      49
      55
      68
      71
      76
      70
      70
      91
     121
     172
     209
     287
     311
     428
     511
     555
     665
     863
    1513
    4075
   12165
   22625
   20637
    9193
    2272
     388
      71
      46
      35
      42
      27
      23
      36
      23
      31
      28
      25
      34
      28
      34
      25
      31
      36
      23
      22
      31
      16
      29
      20
      22
      29
      21
      17
      25
      31
      27
      22
      26
      29
      22
      21
      27
      20
      21
      26
      20
      17
      31
      21
      25
      16
      15
      21
      19
      24
      33
      26
      20
      26
      18
      24
      30
      22
      33
      29
      20
      29
      23
      22
      19
      14
      22
      19
      25
      32
      26
      19
      19
      23
      19
      19
      19
      25
      24
      29
      22
      22
      30
      21
      23
      22
      24
      16
      24
      21
      19
      24
      22
      24
      31
      31
      15
      20
      26
      23
      27
      20
      19
      21
      19
      23
      18
      19
      18
      25
      19
      15
      23
      22
      18
      17
      16
      18
      17
      15
      27
      23
      20
      21
      18
      25
      18
      20
      26
      28
      19
      20
      14
      25
      23
      19
      15
      25
      24
      22
      16
      23
      23
      15
      22
      27
      29
      22
      19
      12
      24
      23
      22
      16
      17
      14
      23
      18
      20
      23
      22
      26
      15
      16
      17
      16
      18
      24
      21
      45
      66
      73
      53
      33
      33
      19
      23
      15
      17
      18
      25
      19
      17
      19
      14
      20
      18
      24
      24
      13
      15
      18
      22
      19
      18
      31
      15
      25
      14
      21
       0
       0
       0
       0
       0
       0
       0
       0
       0
       0
       0
       0
       0
       0
       0
       0
       0
       0
       0
       0
       0
       0
       0
       0
       0
       0
       0
       0
       0
       0
       0
       0
$ROI:
0
$PRESETS:
None
0
0
$ENER_FIT:
0.000000 0.731044
$MCA_CAL:
3
0.000000E+000 7.310444E-001 0.000000E+000 keV
$SHAPE_CAL:
3
0.000000E+000 0.000000E+000 0.000000E+000
