$SPEC_ID:
No sample description was entered.
$SPEC_REM:
DET# 4
DETDESC# JLAB-20 MCB 131
AP# Maestro Version 7.01
$DATE_MEA:
10/06/2025 16:50:02
$MEAS_TIM:
579 599
$DATA:
0 2047
       0
       0
       0
       0
       0
       0
       0
       0
       0
       0
       0
       0
       0
       0
       0
       0
       0
       0
       0
       0
       0
       0
       0
       0
       0
       0
       0
       0
       0
       0
       0
       0
       0
       0
       0
       0
       0
       0
       0
       0
       0
       0
       0
       0
       0
       0
       0
       0
       0
       0
       0
       0
       0
       0
       0
       0
       0
       0
       0
       0
       0
       0
       0
       0
       0
       0
       0
       0
       0
      53
    1339
    1394
    1397
    1429
    1427
    1433
    1436
    1432
    1344
    1362
    1349
    1342
    1353
    1379
    1425
    1409
    1388
    1300
    1313
    1352
    1339
    1364
    1335
    1288
    1384
    1387
    1283
    1327
    1419
    1458
    1379
    1518
    1539
    1357
    1337
    1355
    1286
    1227
    1376
    1414
    1331
    1356
    1277
    1347
    1353
    1443
    1420
    1361
    1357
    1425
    1224
    1325
    1342
    1299
    1395
    1344
    1324
    1406
    1418
    1337
    1261
    1323
    1289
    1324
    1336
    1296
    1357
    1312
    1348
    1336
    1274
    1328
    1269
    1378
    1300
    1309
    1287
    1343
    1327
    1266
    1284
    1361
    1384
    1291
    1310
    1267
    1228
    1255
    1322
    1280
    1294
    1270
    1354
    1313
    1280
    1318
    1227
    1350
    1371
    1291
    1290
    1336
    1293
    1356
    1321
    1283
    1278
    1345
    1323
    1350
    1288
    1341
    1323
    1291
    1310
    1377
    1249
    1312
    1257
    1334
    1320
    1299
    1277
    1241
    1288
    1278
    1360
    1309
    1277
    1230
    1311
    1334
    1218
    1299
    1322
    1351
    1342
    1308
    1178
    1280
    1246
    1204
    1347
    1288
    1275
    1260
    1277
    1277
    1309
    1215
    1266
    1208
    1267
    1232
    1244
    1220
    1248
    1188
    1188
    1238
    1238
    1224
    1180
    1277
    1188
    1234
    1234
    1276
    1231
    1308
    1215
    1255
    1276
    1204
    1171
    1214
    1147
    1182
    1201
    1184
    1230
    1162
    1199
    1148
    1143
    1184
    1169
    1185
    1122
    1195
    1227
    1244
    1098
    1189
    1214
    1122
    1189
    1212
    1208
    1237
    1153
    1182
    1180
    1225
    1167
    1229
    1118
    1157
    1264
    1190
    1183
    1258
    1213
    1283
    1301
    1260
    1380
    1382
    1366
    1447
    1457
    1424
    1425
    1479
    1555
    1455
    1536
    1475
    1513
    1421
    1472
    1415
    1520
    1423
    1452
    1471
    1426
    1442
    1466
    1423
    1398
    1429
    1404
    1385
    1305
    1351
    1287
    1419
    1379
    1366
    1368
    1291
    1330
    1309
    1362
    1376
    1303
    1263
    1284
    1252
    1230
    1240
    1301
    1290
    1189
    1269
    1210
    1268
    1258
    1235
    1250
    1238
    1249
    1197
    1226
    1268
    1219
    1216
    1165
    1142
    1197
    1117
    1181
    1208
    1129
    1166
    1216
    1178
    1174
    1227
    1206
    1156
    1163
    1149
    1148
    1068
    1143
    1135
    1198
    1146
    1170
    1118
    1104
    1070
    1117
    1129
    1111
    1085
    1076
    1110
    1102
    1085
    1054
    1120
    1161
    1026
    1086
    1116
    1069
    1039
    1061
    1071
    1054
    1127
    1058
     998
    1021
     998
    1035
    1007
    1085
    1061
    1016
    1009
     995
    1034
    1026
    1009
    1005
     994
     992
    1038
    1048
     952
     926
     932
     992
     996
    1017
     998
    1013
    1038
    1277
    1218
    1035
    1016
     965
     965
     979
     940
     928
     996
     954
     962
     928
     912
     940
     969
     999
     935
     963
     955
     899
     979
     982
     915
     939
     889
     926
     896
     933
     945
     866
     945
     910
     896
     916
     947
     939
     914
     951
     897
     903
     908
     895
     881
     912
     878
     848
     906
     859
     904
     892
     874
     885
     903
     922
     834
     883
     973
     873
     864
     906
     875
     827
     886
     870
     911
     867
     825
     870
     914
     865
     871
     868
     879
     873
     841
     897
     826
     893
     878
     811
     831
     830
     832
     815
     826
     842
     851
     778
     800
     794
     818
     823
     836
     786
     749
     761
     858
     806
     791
     824
     801
     805
     781
     783
     837
     830
     789
     847
     821
     878
     842
     833
     786
     818
     785
     798
     839
     763
     821
     816
     806
     762
     842
     813
     875
     805
     812
     777
     811
     813
     780
     779
     780
     780
     818
     725
     818
     755
     790
     807
     744
     816
     744
     808
     757
     799
     787
     819
     808
     787
     815
     801
     826
     777
     804
     791
     803
     778
     847
     695
     780
     742
     767
     810
     807
     719
     770
     725
     777
     775
     775
     830
     847
     801
     802
     782
     738
     775
     760
     765
     759
     734
     776
     798
     759
     795
     763
     816
     751
     797
     768
     735
     757
     756
     716
     706
     764
     773
     785
     733
     758
     754
     777
     785
     747
     758
     778
     781
     741
     733
     746
     735
     768
     779
     779
     760
     735
     762
     744
     744
     747
     789
     774
     724
     752
     757
     756
     837
     738
     730
     691
     766
     742
     728
     701
     734
     753
     776
     711
     750
     736
     750
     755
     732
     753
     764
     770
     751
     803
     736
     717
     743
     767
     723
     772
     743
     763
     726
     762
     760
     764
     803
     692
     712
     772
     743
     727
     729
     746
     710
     772
     767
     794
     739
     762
     748
     739
     717
     747
     793
     753
     747
     731
     713
     710
     709
     691
     737
     764
     751
     705
     751
     752
     730
     715
     735
     724
     730
     709
     748
     695
     708
     768
     722
     731
     731
     710
     712
     715
     721
     703
     740
     729
     726
     747
     776
     792
     734
     717
     730
     747
     722
     741
     723
     716
     713
     779
     709
     753
     769
     684
     734
     738
     728
     738
     698
     701
     703
     722
     679
     755
     709
     778
     718
     718
     745
     756
     728
     724
     721
     730
     758
     714
     775
     726
     770
     738
     684
     705
     711
     748
     741
     765
     756
     723
     751
     729
     725
     733
     703
     768
     732
     736
     736
     738
     724
     714
     724
     724
     727
     709
     775
     731
     712
     749
     689
     697
     721
     733
     708
     692
     773
     725
     721
     714
     667
     726
     716
     749
     765
     725
     753
     756
     722
     705
     713
     797
     771
     697
     715
     713
     743
     724
     739
     764
     685
     713
     729
     720
     704
     723
     727
     728
     783
     772
     722
     750
     753
     723
     711
     744
     757
     701
     712
     716
     748
     741
     745
     705
     770
     697
     717
     708
     735
     811
     735
     729
     740
     741
     767
     771
     728
     756
     720
     737
     765
     730
     727
     754
     700
     717
     758
     761
     738
     681
     756
     718
     697
     722
     765
     770
     756
     790
     721
     716
     782
     745
     731
     711
     771
     700
     772
     770
     729
     820
     768
     740
     764
     698
     730
     723
     749
     766
     769
     692
     737
     781
     696
     739
     741
     741
     751
     724
     752
     766
     767
     757
     718
     740
     679
     714
     770
     760
     752
     721
     731
     761
     806
     713
     749
     723
     718
     756
     735
     761
     728
     741
     748
     805
     758
     773
     764
     738
     748
     788
     706
     772
     767
     765
     724
     749
     744
     751
     797
     755
     785
     765
     739
     752
     718
     746
     701
     784
     771
     732
     780
     765
     792
     733
     781
     801
     762
     726
     748
     772
     746
     758
     816
     751
     805
     770
     775
     799
     767
     813
     738
     761
     743
     755
     751
     726
     769
     780
     809
     750
     753
     766
     785
     725
     735
     724
     805
     769
     758
     775
     743
     723
     756
     745
     770
     725
     804
     768
     773
     717
     802
     763
     770
     804
     788
     785
     740
     805
     765
     808
     824
     810
     814
     763
     773
     751
     775
     748
     788
     746
     746
     727
     756
     815
     789
     786
     787
     780
     802
     775
     787
     791
     801
     801
     794
     785
     767
     822
     814
     821
     822
     784
     826
     827
     826
     782
     824
     806
     869
     780
     798
     804
     808
     837
     843
     751
     820
     806
     850
     820
     851
     851
     830
     799
     815
     845
     813
     802
     859
     847
     809
     821
     807
     803
     854
     727
     800
     861
     845
     869
     818
     783
     822
     845
     859
     860
     897
     889
     912
     897
     886
     880
     899
     818
     831
     873
     857
     876
     846
     851
     878
     892
     847
     807
     865
     866
     846
     898
     867
     848
     881
     908
     886
     860
     899
     939
     872
     832
     891
     891
     937
     904
     891
     936
     886
     900
     897
     892
     870
     918
     889
     870
     891
     905
     924
     901
     953
     927
     934
     858
     896
     915
     924
     936
     926
     941
     956
     906
     915
     904
    1030
     967
     934
     983
     942
     958
     954
    1003
     908
     995
     978
     947
     927
    1013
     959
     991
    1005
     957
     980
     951
     974
    1002
     996
     954
     988
    1010
    1012
     974
    1063
    1043
    1029
    1061
    1051
    1022
    1049
    1052
    1021
    1037
    1039
    1042
    1073
    1047
    1038
    1067
    1086
    1092
    1057
     998
    1103
    1074
    1111
    1069
    1091
    1105
    1088
    1117
    1102
    1143
    1137
    1146
    1164
    1152
    1119
    1126
    1176
    1115
    1150
    1221
    1189
    1173
    1194
    1129
    1119
    1120
    1184
    1193
    1219
    1248
    1186
    1255
    1206
    1239
    1253
    1308
    1205
    1256
    1266
    1255
    1261
    1304
    1245
    1245
    1253
    1331
    1314
    1295
    1368
    1292
    1327
    1216
    1267
    1302
    1418
    1321
    1336
    1301
    1357
    1329
    1315
    1369
    1281
    1375
    1401
    1420
    1365
    1339
    1314
    1414
    1408
    1403
    1419
    1393
    1364
    1421
    1378
    1415
    1337
    1329
    1296
    1281
    1233
    1213
    1189
    1181
    1098
    1113
    1067
    1021
     996
    1011
     970
     999
     998
     967
    1003
     891
     941
     970
     946
     928
     901
     949
     893
     927
     940
     939
     925
     878
     881
     873
     837
     878
     905
     885
     856
     821
     918
     910
     826
     895
     866
     860
     839
     895
     835
     881
     816
     904
     872
     928
     868
     878
     884
     851
     871
     841
     879
     853
     885
     823
     875
     836
     867
     859
     830
     812
     841
     801
     781
     805
     795
     800
     838
     873
     829
     818
     796
     863
     836
     818
     793
     813
     826
     785
     830
     821
     845
     785
     806
     758
     813
     803
     782
     785
     780
     766
     810
     736
     828
     799
     764
     789
     787
     799
     773
     781
     747
     789
     759
     758
     769
     808
     745
     757
     832
     773
     781
     771
     756
     794
     715
     772
     746
     758
     748
     768
     777
     780
     772
     784
     724
     747
     865
     769
     738
     797
     783
     779
     763
     770
     805
     778
     738
     781
     778
     825
     814
     757
     803
     791
     806
     794
     779
     803
     778
     839
     803
     787
     837
     793
     842
     800
     832
     903
     836
     858
     791
     810
     805
     840
     817
     806
     809
     856
     898
     870
     919
     869
     883
     941
     838
     913
     902
     891
     904
     841
     931
     894
     897
     863
     921
     921
     877
     920
     915
     944
     907
     909
     932
     960
     885
     908
     933
     908
     886
     878
     934
     830
     877
     843
     820
     722
     751
     721
     726
     679
     615
     559
     595
     553
     574
     546
     508
     478
     517
     464
     471
     481
     463
     479
     454
     459
     494
     463
     451
     484
     456
     445
     446
     448
     467
     442
     431
     403
     454
     417
     429
     423
     419
     405
     408
     446
     413
     411
     398
     405
     379
     381
     400
     387
     400
     347
     394
     409
     430
     382
     367
     386
     404
     340
     421
     384
     395
     426
     454
     513
     592
     627
     688
     735
     810
     892
    1030
    1249
    1957
    4765
   14999
   28034
   24167
    9704
    2223
     553
     333
     288
     300
     293
     295
     250
     289
     274
     281
     283
     302
     262
     267
     249
     284
     268
     242
     241
     254
     216
     255
     232
     233
     234
     241
     244
     224
     203
     215
     204
     191
     175
     209
     189
     192
     192
     193
     183
     168
     184
     156
     181
     184
     167
     167
     155
     163
     166
     170
     164
     139
     156
     156
     143
     130
     132
     140
     129
     128
     125
     134
     129
     107
     137
     112
     119
     123
     123
     115
     119
     109
     104
     115
     116
      98
     108
     104
     105
      97
      93
     100
     107
      88
      95
      85
      73
      80
      94
      71
      79
     101
      89
      75
      79
      84
      76
      79
      81
      85
      80
      86
      91
      76
      84
      68
      79
      70
      78
      90
      60
      76
      68
      63
      65
      65
      62
      58
      56
      69
      55
      64
      65
      77
      73
      55
      64
      75
      54
      68
      59
      75
      67
      62
      61
      64
      73
      64
      60
      65
      58
      55
      65
      62
      73
      41
      59
      47
      58
      65
      46
      66
      57
      59
      60
      59
      63
      60
      54
      47
      46
      51
      62
      62
      48
      40
      51
      60
      46
      71
      48
      56
      48
      48
      60
      58
      43
      44
      73
      65
      59
      46
      65
      60
      44
      59
      62
      60
      57
      51
      46
      58
      72
      58
      68
      66
      64
      90
      82
     119
     154
     215
     254
     312
     368
     458
     513
     568
     760
    1184
    2507
    7847
   18849
   23783
   14297
    4522
     800
     137
      39
      43
      32
      25
      32
      27
      27
      22
      33
      37
      29
      24
      19
      30
      36
      30
      30
      35
      29
      18
      20
      22
      23
      42
      19
      24
      25
      29
      23
      24
      24
      21
      20
      26
      19
      31
      26
      22
      26
      23
      22
      39
      20
      25
      20
      25
      26
      23
      29
      33
      24
      27
      22
      25
      18
      31
      19
      33
      29
      17
      17
      24
      26
      14
      29
      24
      24
      16
      24
      15
      13
      31
      21
      28
      18
      17
      17
      24
      28
      35
      23
      39
      16
      23
      24
      17
      14
      19
      30
      32
      27
      19
      21
      27
      24
      19
      20
      25
      24
      27
      22
      17
      21
      22
      18
      26
      25
      18
      22
      14
      22
      26
      25
      28
      29
      32
      23
      21
      16
      19
      26
      21
      17
      30
      32
      21
      19
      11
      21
      20
      20
      26
      15
      19
      25
      13
      29
      20
      14
      24
      19
      19
      16
      21
      19
      17
      14
      20
      19
      15
      24
      19
      16
       8
      18
      28
      21
      29
      15
      22
      14
      16
      15
      26
      19
      18
      23
      23
      52
      63
      56
      44
      23
      20
      17
      20
      18
      25
      21
       7
      15
      19
      19
      22
      21
      23
      26
      15
      23
      24
      12
      25
      24
      27
      21
      23
      25
      20
      22
       0
       0
       0
       0
       0
       0
       0
       0
       0
       0
       0
       0
       0
       0
       0
       0
       0
       0
       0
       0
       0
       0
       0
       0
       0
       0
       0
       0
       0
       0
       0
       0
$ROI:
0
$PRESETS:
None
0
0
$ENER_FIT:
0.000000 0.731044
$MCA_CAL:
3
0.000000E+000 7.310444E-001 0.000000E+000 keV
$SHAPE_CAL:
3
0.000000E+000 0.000000E+000 0.000000E+000
