$SPEC_ID:
No sample description was entered.
$SPEC_REM:
DET# 4
DETDESC# JLAB-20 MCB 131
AP# Maestro Version 7.01
$DATE_MEA:
10/06/2025 15:10:02
$MEAS_TIM:
579 600
$DATA:
0 2047
       0
       0
       0
       0
       0
       0
       0
       0
       0
       0
       0
       0
       0
       0
       0
       0
       0
       0
       0
       0
       0
       0
       0
       0
       0
       0
       0
       0
       0
       0
       0
       0
       0
       0
       0
       0
       0
       0
       0
       0
       0
       0
       0
       0
       0
       0
       0
       0
       0
       0
       0
       0
       0
       0
       0
       0
       0
       0
       0
       0
       0
       0
       0
       0
       0
       0
       0
       0
       0
      50
    1256
    1394
    1352
    1439
    1352
    1364
    1423
    1279
    1369
    1353
    1378
    1422
    1398
    1345
    1356
    1369
    1392
    1399
    1388
    1315
    1328
    1337
    1357
    1339
    1392
    1390
    1354
    1392
    1431
    1448
    1375
    1497
    1598
    1328
    1336
    1376
    1332
    1288
    1374
    1359
    1349
    1365
    1365
    1333
    1392
    1432
    1341
    1303
    1346
    1326
    1305
    1364
    1341
    1338
    1267
    1332
    1276
    1371
    1328
    1383
    1286
    1410
    1266
    1303
    1327
    1305
    1330
    1296
    1349
    1315
    1281
    1369
    1320
    1314
    1281
    1285
    1317
    1264
    1289
    1399
    1341
    1278
    1259
    1303
    1314
    1361
    1336
    1297
    1326
    1334
    1302
    1276
    1318
    1359
    1285
    1298
    1305
    1376
    1263
    1296
    1249
    1323
    1301
    1335
    1260
    1319
    1348
    1358
    1289
    1253
    1300
    1336
    1362
    1308
    1425
    1306
    1335
    1277
    1318
    1282
    1297
    1294
    1335
    1342
    1336
    1349
    1298
    1347
    1252
    1315
    1255
    1329
    1314
    1275
    1291
    1336
    1327
    1312
    1278
    1301
    1306
    1224
    1246
    1252
    1251
    1198
    1287
    1329
    1263
    1329
    1234
    1220
    1229
    1298
    1224
    1259
    1250
    1176
    1234
    1229
    1194
    1246
    1267
    1226
    1173
    1253
    1215
    1223
    1247
    1165
    1266
    1219
    1306
    1227
    1273
    1240
    1205
    1172
    1199
    1221
    1161
    1177
    1192
    1180
    1218
    1220
    1228
    1203
    1213
    1138
    1172
    1178
    1189
    1179
    1184
    1155
    1182
    1227
    1197
    1179
    1145
    1209
    1199
    1197
    1211
    1263
    1178
    1170
    1184
    1236
    1282
    1225
    1289
    1311
    1350
    1301
    1364
    1421
    1457
    1404
    1445
    1429
    1466
    1564
    1505
    1510
    1498
    1523
    1496
    1455
    1455
    1427
    1445
    1448
    1502
    1456
    1376
    1449
    1471
    1340
    1379
    1353
    1373
    1378
    1377
    1317
    1363
    1368
    1293
    1377
    1284
    1397
    1315
    1366
    1412
    1266
    1277
    1314
    1309
    1257
    1288
    1311
    1275
    1228
    1233
    1245
    1275
    1261
    1225
    1271
    1230
    1324
    1166
    1279
    1252
    1204
    1129
    1208
    1210
    1150
    1231
    1231
    1227
    1198
    1220
    1183
    1122
    1199
    1160
    1199
    1144
    1158
    1123
    1127
    1146
    1152
    1129
    1200
    1116
    1131
    1092
    1113
    1131
    1170
    1122
    1055
    1066
    1100
    1097
    1094
    1060
    1095
    1111
    1131
    1071
    1064
    1089
    1061
    1056
    1104
    1081
    1102
    1050
    1088
    1068
     991
    1075
    1009
    1019
    1050
    1038
    1022
    1040
    1023
    1074
    1028
     989
     997
    1003
    1035
     978
     990
     970
    1030
    1049
     980
     963
    1000
     939
    1033
     989
    1068
    1263
    1167
     995
     956
     960
     939
     977
     971
     932
     951
     937
     946
     988
     970
     917
     953
     924
     959
     884
     940
     901
     970
     947
     935
     974
     934
     953
     953
     938
     912
     922
     904
     940
     965
     940
     898
     943
     916
     922
     935
     877
     916
     902
     889
     916
     900
     895
     856
     853
     910
     887
     846
     930
     889
     839
     863
     940
     928
     857
     878
     832
     872
     851
     831
     842
     874
     873
     896
     864
     858
     818
     872
     835
     856
     829
     845
     844
     830
     813
     816
     779
     905
     853
     808
     887
     815
     835
     812
     876
     816
     835
     848
     814
     887
     842
     779
     795
     816
     822
     812
     796
     784
     855
     832
     829
     826
     816
     826
     858
     820
     799
     825
     773
     829
     822
     747
     790
     817
     800
     805
     812
     855
     810
     819
     828
     819
     765
     828
     762
     777
     803
     767
     787
     758
     824
     804
     817
     785
     794
     869
     794
     817
     785
     857
     783
     787
     790
     779
     757
     827
     789
     760
     754
     826
     748
     761
     777
     806
     804
     771
     826
     795
     737
     775
     814
     775
     833
     775
     783
     764
     732
     833
     780
     767
     769
     768
     770
     790
     765
     776
     769
     746
     787
     772
     756
     782
     810
     708
     768
     797
     721
     761
     762
     739
     710
     702
     753
     782
     792
     769
     732
     764
     762
     745
     746
     764
     754
     812
     764
     699
     728
     794
     789
     804
     759
     752
     774
     749
     751
     691
     771
     733
     784
     752
     707
     716
     717
     744
     780
     766
     751
     796
     766
     725
     768
     772
     801
     770
     743
     739
     751
     746
     781
     757
     777
     742
     762
     732
     705
     693
     736
     778
     785
     710
     684
     719
     747
     748
     759
     703
     725
     786
     732
     746
     703
     725
     784
     750
     695
     745
     766
     753
     766
     798
     790
     780
     766
     760
     775
     761
     694
     750
     745
     777
     734
     749
     710
     768
     727
     727
     769
     705
     767
     757
     772
     695
     711
     765
     703
     704
     742
     733
     750
     689
     722
     746
     750
     687
     710
     716
     752
     709
     750
     720
     722
     737
     688
     697
     736
     719
     748
     723
     736
     717
     750
     691
     706
     709
     754
     717
     796
     672
     710
     705
     759
     724
     722
     760
     714
     723
     734
     738
     718
     704
     769
     731
     738
     717
     749
     710
     728
     726
     725
     749
     736
     690
     728
     728
     742
     735
     734
     732
     725
     757
     732
     744
     760
     702
     701
     733
     726
     738
     730
     705
     724
     734
     702
     696
     725
     780
     707
     726
     737
     787
     717
     706
     718
     726
     741
     742
     744
     769
     753
     741
     708
     690
     744
     726
     689
     729
     702
     719
     725
     719
     759
     738
     773
     788
     721
     714
     789
     735
     727
     738
     743
     746
     719
     737
     698
     681
     751
     687
     705
     809
     763
     729
     729
     749
     731
     724
     721
     734
     718
     771
     749
     742
     696
     760
     746
     734
     658
     709
     779
     744
     709
     758
     701
     724
     753
     666
     751
     755
     697
     774
     721
     772
     728
     728
     705
     671
     739
     709
     737
     778
     747
     739
     782
     736
     741
     785
     795
     683
     751
     784
     786
     757
     648
     756
     775
     711
     743
     726
     742
     777
     758
     758
     728
     691
     778
     736
     723
     770
     728
     745
     717
     724
     794
     707
     775
     769
     754
     805
     759
     778
     739
     721
     719
     767
     746
     748
     732
     734
     798
     751
     754
     727
     751
     754
     718
     676
     794
     775
     739
     747
     703
     693
     699
     711
     726
     722
     765
     743
     723
     748
     759
     751
     783
     783
     723
     807
     733
     760
     779
     743
     768
     741
     762
     774
     732
     801
     762
     708
     777
     768
     775
     767
     730
     748
     786
     807
     769
     776
     727
     734
     764
     768
     828
     768
     725
     744
     784
     753
     788
     724
     752
     748
     752
     822
     763
     754
     757
     793
     745
     762
     785
     736
     724
     788
     812
     738
     769
     780
     783
     748
     804
     789
     802
     813
     788
     796
     811
     762
     822
     815
     768
     809
     773
     790
     818
     797
     761
     818
     774
     756
     787
     776
     779
     728
     753
     814
     802
     832
     842
     797
     841
     859
     801
     782
     780
     741
     767
     737
     825
     824
     808
     780
     834
     803
     750
     834
     844
     818
     813
     801
     808
     800
     809
     799
     847
     855
     820
     761
     815
     825
     830
     802
     808
     810
     802
     780
     818
     819
     788
     788
     809
     813
     792
     856
     802
     823
     827
     805
     837
     789
     839
     833
     842
     837
     802
     784
     822
     822
     861
     850
     803
     890
     833
     852
     796
     830
     796
     860
     840
     859
     856
     918
     967
     875
     896
     890
     841
     849
     849
     895
     882
     849
     837
     821
     878
     884
     838
     826
     896
     905
     819
     904
     877
     861
     873
     887
     860
     886
     896
     886
     880
     930
     907
     910
     874
     885
     884
     928
     931
     916
     914
     895
     961
     887
     908
     918
     882
     986
     902
     928
     913
     858
     940
     982
     940
     918
     974
     912
     984
     916
     914
    1004
     954
     960
     998
     953
     893
     974
     943
     926
     925
     957
    1041
     942
     926
     947
     966
     959
    1039
     979
    1024
     956
     991
     992
     997
    1014
     990
    1038
    1041
    1061
     979
    1060
    1010
    1027
    1056
    1021
    1033
    1096
    1067
    1085
    1037
    1070
    1043
    1075
    1038
    1030
    1072
    1051
    1118
    1025
    1079
    1056
    1189
    1085
    1100
    1037
    1110
    1116
    1118
    1117
    1133
    1123
    1156
    1169
    1148
    1193
    1114
    1180
    1137
    1197
    1132
    1207
    1156
    1228
    1156
    1136
    1180
    1162
    1264
    1206
    1149
    1174
    1245
    1209
    1240
    1266
    1253
    1311
    1230
    1265
    1263
    1178
    1251
    1255
    1257
    1259
    1284
    1313
    1263
    1294
    1301
    1285
    1294
    1342
    1345
    1360
    1358
    1346
    1325
    1342
    1307
    1422
    1412
    1366
    1400
    1381
    1329
    1409
    1390
    1419
    1392
    1405
    1436
    1383
    1339
    1308
    1384
    1402
    1401
    1361
    1340
    1345
    1300
    1326
    1193
    1155
    1134
    1060
    1044
     982
    1034
     956
     994
     980
     982
     921
     990
     943
     930
     863
     924
     902
     945
     944
    1001
     873
     902
     905
     890
     923
     901
     917
     866
     868
     876
     909
     849
     876
     862
     837
     850
     903
     868
     899
     894
     888
     879
     870
     889
     841
     840
     903
     871
     868
     869
     838
     837
     845
     858
     849
     802
     845
     888
     852
     811
     802
     791
     845
     828
     795
     802
     850
     856
     847
     819
     814
     864
     828
     847
     827
     829
     807
     806
     770
     787
     815
     834
     809
     808
     762
     832
     771
     771
     768
     795
     833
     774
     768
     801
     764
     771
     820
     839
     831
     805
     745
     802
     746
     813
     779
     808
     752
     772
     769
     790
     767
     780
     733
     735
     778
     755
     767
     792
     790
     776
     796
     803
     791
     762
     784
     748
     804
     800
     796
     798
     730
     754
     750
     774
     808
     764
     837
     748
     833
     784
     817
     806
     769
     810
     760
     789
     817
     763
     788
     791
     774
     802
     804
     813
     792
     838
     812
     812
     870
     798
     877
     852
     815
     868
     818
     839
     799
     816
     883
     857
     875
     830
     813
     860
     851
     854
     820
     876
     935
     898
     858
     875
     885
     930
     895
     903
     895
     858
     907
     893
     901
     912
     848
     961
     908
     881
     874
     913
     899
     974
     888
     909
     911
     932
     860
     903
     781
     849
     747
     758
     721
     686
     650
     646
     562
     601
     556
     564
     585
     527
     542
     508
     471
     486
     504
     489
     493
     500
     443
     516
     476
     436
     446
     445
     445
     446
     444
     447
     421
     467
     442
     415
     454
     431
     419
     389
     444
     437
     381
     419
     434
     447
     414
     405
     403
     421
     375
     397
     419
     437
     388
     388
     376
     409
     430
     388
     414
     379
     431
     368
     420
     428
     479
     524
     654
     684
     806
     829
     887
    1021
    1197
    1741
    3823
   12214
   26576
   26722
   12153
    3024
     648
     331
     320
     297
     290
     261
     292
     257
     281
     283
     260
     264
     289
     249
     249
     255
     239
     227
     295
     256
     254
     242
     251
     221
     230
     225
     227
     212
     246
     222
     210
     206
     210
     216
     225
     174
     225
     183
     210
     196
     195
     189
     182
     168
     182
     163
     170
     169
     182
     173
     167
     161
     152
     163
     163
     153
     144
     134
     151
     125
     117
     122
     121
     137
     130
     114
     120
     127
     120
     133
     101
     111
      88
     117
     114
     114
     104
     102
      92
     106
      94
     103
      97
      92
      97
      83
      84
      87
      85
      95
      89
      90
      72
     101
      84
      84
      76
      57
      61
      79
      76
      70
      77
      66
      81
      63
      75
      76
      66
      74
      80
      73
      54
      62
      66
      62
      56
      78
      71
      60
      50
      72
      63
      66
      59
      70
      68
      65
      75
      66
      59
      59
      66
      58
      61
      70
      62
      61
      44
      63
      56
      57
      60
      58
      71
      64
      72
      50
      61
      58
      61
      56
      70
      69
      50
      48
      59
      52
      64
      52
      60
      46
      71
      55
      60
      58
      44
      53
      56
      55
      61
      64
      52
      71
      55
      54
      63
      65
      55
      54
      61
      52
      70
      53
      68
      54
      53
      61
      59
      55
      62
      65
      53
      63
      72
      74
      58
      83
      84
     129
     136
     206
     223
     309
     394
     434
     501
     554
     711
    1092
    2122
    6112
   16634
   24222
   17102
    5930
    1213
     192
      53
      40
      35
      35
      34
      37
      22
      30
      24
      37
      35
      31
      21
      35
      26
      28
      32
      33
      27
      25
      28
      18
      11
      35
      38
      27
      28
      28
      33
      27
      23
      21
      24
      25
      26
      25
      28
      27
      29
      12
      26
      23
      21
      33
      27
      19
      21
      24
      36
      19
      22
      22
      18
      25
      23
      20
      33
      28
      27
      26
      17
      21
      34
      27
      20
      22
      26
      22
      22
      19
      21
      24
      30
      24
      22
      23
      30
      17
      30
      27
      26
      25
      16
      25
      29
      24
      22
      22
      27
      28
      21
      20
      19
      21
      25
      18
      18
      27
      23
      25
      22
      24
      26
      14
      24
      14
      28
      23
      23
      23
      21
      16
      14
      24
      25
      21
      24
      27
      19
      23
      26
      16
      24
      15
      25
      28
      29
      23
      14
      17
      19
      20
      19
      33
      32
      19
      14
      28
      24
      17
      15
      23
      19
      22
      13
      21
      20
      20
      13
      19
      17
      13
      21
      24
      23
      24
      22
      25
      23
      10
      19
      21
      20
      16
      18
      17
      27
      20
      42
      80
      71
      47
      28
      23
      24
      22
      17
      18
      18
      15
      22
      14
      14
      14
      22
      21
      20
      20
      10
      18
      21
      23
      18
      13
      25
      13
      24
      23
      15
       0
       0
       0
       0
       0
       0
       0
       0
       0
       0
       0
       0
       0
       0
       0
       0
       0
       0
       0
       0
       0
       0
       0
       0
       0
       0
       0
       0
       0
       0
       0
       0
$ROI:
0
$PRESETS:
None
0
0
$ENER_FIT:
0.000000 0.731044
$MCA_CAL:
3
0.000000E+000 7.310444E-001 0.000000E+000 keV
$SHAPE_CAL:
3
0.000000E+000 0.000000E+000 0.000000E+000
