$SPEC_ID:
No sample description was entered.
$SPEC_REM:
DET# 4
DETDESC# JLAB-20 MCB 131
AP# Maestro Version 7.01
$DATE_MEA:
10/07/2025 21:40:02
$MEAS_TIM:
579 600
$DATA:
0 2047
       0
       0
       0
       0
       0
       0
       0
       0
       0
       0
       0
       0
       0
       0
       0
       0
       0
       0
       0
       0
       0
       0
       0
       0
       0
       0
       0
       0
       0
       0
       0
       0
       0
       0
       0
       0
       0
       0
       0
       0
       0
       0
       0
       0
       0
       0
       0
       0
       0
       0
       0
       0
       0
       0
       0
       0
       0
       0
       0
       0
       0
       0
       0
       0
       0
       0
       0
       0
       0
      34
    1304
    1394
    1328
    1416
    1339
    1432
    1395
    1433
    1350
    1365
    1329
    1368
    1316
    1350
    1338
    1409
    1343
    1379
    1355
    1425
    1320
    1315
    1321
    1315
    1400
    1395
    1437
    1356
    1460
    1453
    1302
    1539
    1654
    1380
    1413
    1379
    1264
    1323
    1305
    1283
    1362
    1277
    1371
    1387
    1320
    1411
    1351
    1325
    1417
    1363
    1333
    1294
    1315
    1246
    1344
    1323
    1308
    1327
    1323
    1377
    1380
    1251
    1354
    1286
    1325
    1370
    1364
    1311
    1291
    1284
    1313
    1322
    1277
    1295
    1339
    1283
    1254
    1282
    1310
    1361
    1336
    1274
    1285
    1310
    1248
    1284
    1274
    1323
    1304
    1271
    1288
    1282
    1356
    1283
    1290
    1321
    1242
    1293
    1303
    1330
    1344
    1341
    1384
    1347
    1336
    1333
    1349
    1363
    1305
    1276
    1288
    1296
    1285
    1337
    1253
    1317
    1229
    1320
    1271
    1300
    1335
    1289
    1278
    1270
    1274
    1236
    1302
    1311
    1334
    1259
    1293
    1256
    1328
    1331
    1279
    1331
    1346
    1266
    1271
    1276
    1223
    1298
    1246
    1274
    1245
    1241
    1322
    1171
    1300
    1284
    1267
    1218
    1253
    1240
    1250
    1239
    1244
    1235
    1226
    1215
    1235
    1311
    1215
    1237
    1207
    1202
    1166
    1182
    1205
    1251
    1210
    1274
    1259
    1303
    1189
    1206
    1238
    1203
    1187
    1131
    1192
    1181
    1158
    1169
    1204
    1248
    1217
    1218
    1177
    1189
    1214
    1145
    1098
    1174
    1118
    1132
    1152
    1158
    1138
    1141
    1185
    1153
    1201
    1183
    1161
    1172
    1173
    1200
    1196
    1187
    1214
    1247
    1272
    1270
    1393
    1303
    1362
    1425
    1368
    1439
    1401
    1530
    1469
    1565
    1511
    1515
    1552
    1554
    1519
    1471
    1486
    1438
    1506
    1475
    1428
    1491
    1407
    1435
    1417
    1384
    1400
    1263
    1392
    1446
    1340
    1340
    1370
    1358
    1379
    1315
    1323
    1284
    1345
    1312
    1332
    1362
    1311
    1272
    1392
    1347
    1231
    1220
    1289
    1304
    1266
    1253
    1330
    1179
    1177
    1225
    1255
    1259
    1275
    1207
    1213
    1187
    1210
    1233
    1215
    1208
    1227
    1265
    1180
    1176
    1217
    1194
    1151
    1228
    1156
    1149
    1156
    1124
    1170
    1105
    1151
    1081
    1126
    1130
    1106
    1071
    1119
    1116
    1160
    1020
    1027
    1122
    1090
    1140
    1089
    1114
    1050
    1102
    1134
    1058
    1053
    1074
    1123
    1082
    1091
    1082
    1077
    1111
    1050
    1070
    1024
    1048
    1032
     978
    1037
    1014
     982
    1024
    1077
     964
    1026
     983
    1010
    1079
    1017
    1020
     986
    1064
    1004
    1032
    1017
    1058
     990
    1003
     931
     990
     963
     919
    1228
    1248
     991
     991
     986
     967
     979
     968
    1050
     939
    1020
     959
     902
     953
     926
     921
     962
     944
    1022
     960
     942
     939
     880
     911
     919
     936
     888
     924
     907
     871
     907
     947
     920
     945
     907
     911
     881
     862
     886
     883
     899
     845
     858
     853
     875
     893
     917
     859
     893
     868
     879
     865
     858
     896
     879
     837
     925
     891
     858
     882
     798
     897
     828
     859
     876
     868
     866
     867
     833
     904
     822
     867
     887
     794
     884
     861
     820
     843
     878
     877
     812
     876
     864
     833
     786
     826
     831
     852
     810
     823
     798
     802
     848
     869
     830
     792
     833
     873
     792
     796
     886
     818
     812
     847
     834
     803
     821
     837
     809
     810
     789
     828
     771
     789
     805
     823
     776
     846
     818
     738
     810
     788
     828
     842
     779
     793
     789
     820
     828
     822
     836
     777
     788
     801
     824
     838
     827
     771
     857
     771
     780
     783
     787
     769
     759
     797
     776
     778
     768
     820
     793
     795
     810
     819
     767
     775
     822
     749
     821
     786
     741
     756
     783
     768
     781
     756
     804
     793
     773
     781
     801
     746
     739
     738
     755
     785
     816
     753
     764
     771
     770
     784
     734
     769
     786
     726
     688
     809
     776
     765
     782
     811
     768
     817
     755
     726
     782
     787
     743
     735
     803
     741
     714
     764
     761
     821
     763
     722
     721
     720
     747
     721
     736
     735
     757
     717
     740
     763
     769
     745
     778
     774
     796
     756
     748
     750
     770
     747
     775
     756
     704
     721
     716
     757
     769
     732
     742
     697
     690
     769
     699
     783
     791
     702
     729
     733
     729
     781
     713
     770
     730
     740
     736
     748
     749
     759
     766
     767
     720
     765
     737
     775
     729
     759
     718
     664
     740
     745
     756
     758
     756
     763
     733
     788
     790
     757
     749
     704
     786
     757
     756
     799
     773
     713
     758
     741
     727
     743
     713
     783
     759
     740
     716
     724
     750
     705
     772
     792
     778
     774
     763
     687
     749
     738
     740
     794
     744
     741
     698
     709
     717
     720
     744
     753
     754
     773
     719
     703
     714
     718
     716
     770
     721
     685
     738
     699
     748
     745
     708
     690
     720
     691
     733
     721
     767
     738
     734
     721
     738
     761
     737
     714
     743
     768
     769
     746
     788
     783
     724
     722
     737
     727
     744
     742
     685
     776
     760
     751
     761
     736
     728
     739
     679
     758
     732
     706
     745
     711
     756
     709
     747
     729
     726
     750
     757
     708
     782
     748
     736
     701
     722
     712
     702
     778
     710
     754
     726
     736
     710
     662
     721
     740
     720
     690
     723
     711
     689
     744
     678
     783
     726
     764
     736
     735
     756
     693
     786
     812
     753
     768
     750
     730
     730
     722
     721
     716
     725
     751
     748
     706
     720
     752
     741
     758
     703
     721
     739
     786
     758
     686
     765
     743
     783
     788
     723
     686
     709
     788
     766
     754
     721
     711
     738
     743
     728
     772
     724
     755
     678
     733
     774
     766
     768
     714
     671
     710
     741
     699
     709
     760
     765
     732
     735
     724
     730
     708
     764
     731
     732
     729
     746
     742
     698
     744
     746
     753
     733
     734
     738
     760
     735
     717
     718
     746
     759
     730
     724
     776
     781
     688
     702
     759
     755
     755
     725
     759
     718
     764
     750
     793
     700
     689
     753
     725
     736
     772
     728
     797
     738
     774
     754
     728
     753
     738
     709
     679
     764
     694
     756
     755
     755
     749
     720
     741
     785
     748
     709
     694
     716
     728
     738
     736
     757
     732
     696
     712
     726
     720
     741
     774
     746
     711
     717
     742
     772
     789
     762
     781
     761
     723
     779
     732
     755
     757
     800
     737
     729
     705
     762
     766
     755
     756
     804
     752
     747
     772
     747
     793
     804
     721
     762
     774
     781
     752
     770
     758
     722
     766
     721
     771
     760
     792
     768
     722
     754
     769
     751
     718
     782
     800
     786
     755
     764
     774
     764
     795
     772
     839
     809
     797
     777
     788
     717
     821
     820
     782
     803
     800
     786
     791
     805
     835
     807
     772
     806
     838
     757
     796
     839
     831
     740
     805
     800
     819
     770
     799
     819
     818
     815
     816
     823
     830
     787
     743
     854
     806
     838
     800
     782
     787
     749
     808
     761
     799
     794
     791
     756
     811
     825
     787
     856
     806
     839
     877
     812
     820
     845
     853
     798
     780
     811
     755
     795
     798
     828
     833
     767
     804
     803
     871
     822
     813
     831
     841
     844
     815
     803
     777
     848
     847
     818
     859
     861
     870
     797
     882
     855
     858
     835
     814
     805
     818
     804
     868
     860
     929
     847
     874
     883
     853
     839
     824
     860
     887
     922
     876
     878
     886
     891
     884
     863
     897
     887
     917
     886
     883
     863
     907
     858
     875
     921
     903
     875
     874
     877
     886
     929
     925
     862
     920
     877
     876
     922
     878
     887
     871
     906
     843
     858
     961
     925
     863
     909
     916
     873
     924
     950
     941
     890
    1003
     916
     937
     882
     943
     946
     945
     961
     946
     923
     903
     936
     954
     925
     990
     906
     915
     981
     979
    1004
     928
     944
    1016
     961
     933
    1023
    1007
     961
     953
     999
    1024
     981
    1015
    1055
     970
    1046
    1002
    1012
    1033
    1024
    1041
    1036
    1074
    1069
    1027
    1012
    1016
    1051
    1079
    1044
    1063
    1041
    1029
    1071
    1051
     990
    1100
    1101
    1115
    1089
    1065
    1075
    1085
    1090
    1181
    1061
    1101
    1166
    1139
    1136
    1127
    1143
    1102
    1144
    1152
    1160
    1117
    1112
    1143
    1180
    1179
    1170
    1244
    1212
    1140
    1235
    1244
    1176
    1166
    1227
    1285
    1257
    1187
    1137
    1273
    1209
    1229
    1283
    1299
    1316
    1266
    1338
    1222
    1292
    1325
    1286
    1257
    1326
    1239
    1308
    1370
    1263
    1353
    1318
    1366
    1351
    1365
    1327
    1386
    1428
    1359
    1350
    1394
    1365
    1388
    1317
    1454
    1456
    1397
    1437
    1394
    1334
    1371
    1405
    1350
    1315
    1290
    1323
    1293
    1292
    1139
    1153
    1065
     999
    1088
    1064
    1032
     996
     938
     996
     926
     913
     950
     976
     896
     933
     907
     947
     939
     893
     898
     872
     895
     898
     861
     954
     845
     878
     924
     895
     876
     893
     810
     932
     844
     890
     920
     896
     832
     873
     923
     879
     859
     854
     860
     883
     815
     875
     836
     860
     850
     838
     815
     804
     769
     837
     820
     793
     792
     803
     884
     851
     777
     800
     836
     824
     852
     846
     854
     829
     796
     792
     829
     820
     850
     828
     774
     820
     801
     764
     832
     784
     806
     794
     781
     779
     839
     830
     776
     752
     789
     819
     781
     792
     819
     819
     814
     813
     768
     810
     776
     741
     823
     798
     773
     764
     800
     751
     780
     805
     773
     774
     798
     808
     771
     792
     768
     742
     728
     775
     744
     749
     793
     749
     816
     780
     755
     784
     784
     800
     756
     772
     814
     745
     765
     746
     789
     738
     725
     780
     715
     783
     818
     773
     757
     776
     794
     753
     812
     792
     809
     820
     780
     776
     809
     806
     829
     781
     803
     837
     839
     839
     868
     824
     852
     811
     820
     821
     825
     896
     825
     843
     845
     860
     864
     862
     828
     890
     865
     849
     903
     910
     885
     907
     883
     857
     926
     921
     888
     942
     896
     909
     890
     979
     952
     877
     899
     930
     898
     882
     917
     928
     918
     905
     861
     836
     801
     803
     753
     771
     715
     660
     621
     613
     591
     552
     566
     587
     523
     524
     496
     501
     502
     537
     520
     497
     449
     467
     457
     486
     470
     473
     450
     448
     437
     438
     451
     449
     455
     420
     429
     417
     444
     405
     406
     459
     412
     412
     415
     423
     408
     450
     412
     408
     403
     375
     379
     390
     401
     382
     393
     367
     392
     394
     378
     398
     387
     381
     367
     411
     426
     441
     460
     557
     582
     646
     706
     775
     863
     956
    1119
    1466
    2892
    8319
   22096
   28583
   17342
    4963
    1038
     383
     282
     293
     260
     274
     296
     301
     277
     282
     291
     268
     272
     268
     244
     276
     255
     229
     248
     229
     249
     240
     235
     263
     260
     198
     222
     227
     220
     213
     216
     211
     224
     209
     206
     218
     218
     190
     197
     186
     190
     185
     179
     193
     158
     165
     154
     179
     162
     185
     153
     178
     151
     166
     155
     137
     119
     126
     122
     150
     140
     139
     136
     118
     121
     136
     127
     123
     122
     112
     102
     124
     118
     102
      83
     128
      95
      96
     109
      89
     111
     103
      86
      79
      94
      97
      93
      84
      85
     106
      73
      87
      80
      68
      79
      77
      71
      69
      73
      80
      75
      86
      80
      80
      77
      77
      55
      74
      62
      74
      67
      64
      70
      78
      72
      57
      77
      70
      53
      66
      60
      54
      49
      54
      56
      63
      49
      65
      58
      59
      58
      66
      63
      63
      63
      63
      66
      57
      53
      56
      52
      67
      52
      65
      80
      59
      68
      58
      48
      63
      59
      56
      61
      79
      66
      60
      68
      57
      66
      66
      55
      53
      59
      46
      54
      51
      61
      57
      48
      60
      60
      51
      68
      56
      50
      48
      62
      58
      73
      57
      64
      55
      47
      46
      48
      53
      44
      64
      62
      49
      50
      64
      61
      60
      64
      52
      67
      77
      71
     111
     122
     176
     241
     306
     326
     401
     466
     526
     642
     943
    1580
    3951
   11867
   22545
   20921
    9607
    2311
     350
      75
      48
      30
      31
      30
      27
      29
      30
      30
      25
      29
      24
      25
      19
      24
      26
      24
      18
      30
      27
      24
      27
      33
      32
      25
      21
      30
      22
      28
      24
      24
      31
      22
      26
      15
      21
      27
      24
      25
      19
      25
      21
      19
      30
      22
      25
      24
      30
      26
      32
      32
      20
      32
      18
      18
      28
      29
      28
      32
      25
      22
      22
      21
      25
      26
      29
      18
      20
      22
      31
      23
      27
      32
      13
      22
      26
      19
      30
      14
      21
      23
      30
      21
      26
      17
      29
      21
      23
      22
      20
      20
      15
      25
      21
      20
      29
      25
      17
      25
      25
      21
      22
      22
      23
      23
      28
      24
      24
      21
      19
      17
      15
      17
      20
      21
      16
      21
      29
      18
      24
      29
      17
      25
      22
      25
      20
      20
      23
      29
      24
      27
      17
      20
      28
      20
      15
       8
      24
      17
      18
      27
      27
      15
      22
      28
      13
      20
      13
      19
      31
      21
      20
      17
      17
      20
      19
       8
      27
      16
      19
      17
      16
      27
      22
      28
      18
      22
      28
      44
      55
      89
      47
      35
      25
      20
      17
      21
      21
      18
      17
      15
      26
      16
      22
      12
      20
      18
      17
      17
      21
      19
      20
      16
      24
      16
      37
      18
      22
      17
       0
       0
       0
       0
       0
       0
       0
       0
       0
       0
       0
       0
       0
       0
       0
       0
       0
       0
       0
       0
       0
       0
       0
       0
       0
       0
       0
       0
       0
       0
       0
       0
$ROI:
0
$PRESETS:
None
0
0
$ENER_FIT:
0.000000 0.731044
$MCA_CAL:
3
0.000000E+000 7.310444E-001 0.000000E+000 keV
$SHAPE_CAL:
3
0.000000E+000 0.000000E+000 0.000000E+000
