$SPEC_ID:
No sample description was entered.
$SPEC_REM:
DET# 4
DETDESC# JLAB-20 MCB 131
AP# Maestro Version 7.01
$DATE_MEA:
10/07/2025 17:50:02
$MEAS_TIM:
579 599
$DATA:
0 2047
       0
       0
       0
       0
       0
       0
       0
       0
       0
       0
       0
       0
       0
       0
       0
       0
       0
       0
       0
       0
       0
       0
       0
       0
       0
       0
       0
       0
       0
       0
       0
       0
       0
       0
       0
       0
       0
       0
       0
       0
       0
       0
       0
       0
       0
       0
       0
       0
       0
       0
       0
       0
       0
       0
       0
       0
       0
       0
       0
       0
       0
       0
       0
       0
       0
       0
       0
       0
       0
      43
    1310
    1370
    1409
    1376
    1371
    1384
    1410
    1346
    1385
    1422
    1406
    1359
    1355
    1342
    1389
    1358
    1379
    1344
    1396
    1378
    1390
    1325
    1354
    1326
    1290
    1315
    1300
    1364
    1451
    1559
    1327
    1547
    1588
    1406
    1378
    1415
    1289
    1318
    1273
    1327
    1265
    1326
    1294
    1290
    1311
    1400
    1342
    1267
    1342
    1340
    1362
    1267
    1321
    1380
    1289
    1348
    1360
    1390
    1270
    1309
    1317
    1290
    1300
    1319
    1284
    1316
    1384
    1223
    1304
    1358
    1362
    1236
    1284
    1328
    1317
    1350
    1285
    1272
    1297
    1335
    1253
    1339
    1287
    1298
    1284
    1274
    1312
    1314
    1307
    1285
    1275
    1366
    1294
    1289
    1310
    1299
    1250
    1338
    1351
    1337
    1300
    1267
    1325
    1284
    1370
    1369
    1305
    1339
    1287
    1266
    1310
    1302
    1305
    1304
    1338
    1351
    1299
    1302
    1354
    1278
    1278
    1310
    1338
    1309
    1284
    1295
    1217
    1285
    1297
    1242
    1383
    1310
    1296
    1319
    1238
    1367
    1375
    1354
    1263
    1299
    1287
    1287
    1245
    1291
    1247
    1241
    1249
    1247
    1262
    1245
    1192
    1248
    1286
    1238
    1260
    1253
    1305
    1256
    1271
    1276
    1216
    1263
    1239
    1233
    1202
    1226
    1289
    1205
    1245
    1222
    1179
    1180
    1192
    1150
    1203
    1274
    1193
    1221
    1209
    1218
    1202
    1172
    1209
    1151
    1145
    1169
    1127
    1181
    1180
    1170
    1169
    1249
    1195
    1178
    1170
    1178
    1196
    1145
    1158
    1143
    1156
    1168
    1209
    1152
    1219
    1202
    1144
    1205
    1210
    1183
    1230
    1217
    1276
    1247
    1347
    1278
    1314
    1381
    1417
    1449
    1403
    1457
    1466
    1477
    1543
    1537
    1530
    1484
    1479
    1447
    1516
    1437
    1461
    1529
    1477
    1435
    1423
    1386
    1465
    1403
    1396
    1457
    1424
    1330
    1394
    1356
    1375
    1384
    1394
    1276
    1382
    1332
    1276
    1318
    1390
    1299
    1287
    1333
    1260
    1285
    1312
    1265
    1254
    1304
    1263
    1261
    1254
    1271
    1223
    1237
    1286
    1264
    1182
    1187
    1198
    1216
    1195
    1183
    1187
    1217
    1206
    1214
    1215
    1173
    1240
    1181
    1135
    1144
    1146
    1111
    1143
    1168
    1208
    1116
    1123
    1143
    1109
    1161
    1151
    1145
    1106
    1105
    1115
    1172
    1164
    1120
    1046
    1090
    1078
    1084
    1062
    1044
    1097
    1141
    1082
    1036
    1045
    1108
    1107
    1106
    1084
    1048
    1036
    1119
    1026
    1084
    1041
    1043
    1054
    1008
    1075
     995
    1043
     962
     972
    1044
     994
    1004
    1003
    1031
    1014
     978
     993
    1022
    1076
     975
     964
     967
     930
    1006
     992
    1028
    1208
    1223
    1007
     919
    1010
    1016
     984
     948
     922
     950
     999
     954
     993
     920
     965
     927
     921
     981
     939
     913
     995
     940
     953
     901
     946
     925
     930
     914
     927
     950
     874
     927
     948
     907
     947
     871
     840
     872
     873
     897
     968
     879
     923
     897
     857
     913
     867
     885
     903
     907
     907
     825
     809
     883
     843
     874
     827
     914
     934
     879
     869
     889
     864
     858
     829
     898
     833
     874
     902
     876
     814
     824
     806
     848
     914
     852
     857
     803
     842
     900
     818
     817
     828
     834
     849
     802
     808
     852
     841
     855
     827
     791
     795
     803
     814
     820
     872
     782
     855
     812
     805
     787
     818
     761
     860
     815
     858
     819
     781
     850
     872
     843
     802
     824
     833
     821
     809
     849
     832
     818
     849
     813
     860
     828
     825
     802
     792
     740
     766
     837
     803
     813
     805
     784
     836
     827
     760
     801
     797
     852
     748
     802
     760
     725
     798
     812
     786
     761
     799
     754
     766
     790
     803
     833
     757
     746
     791
     813
     791
     759
     768
     763
     834
     806
     766
     793
     776
     763
     783
     773
     799
     748
     775
     784
     757
     800
     725
     758
     791
     769
     789
     780
     754
     793
     760
     831
     784
     813
     782
     749
     770
     772
     794
     772
     771
     768
     805
     746
     798
     767
     775
     808
     775
     766
     718
     756
     774
     713
     736
     735
     773
     771
     828
     707
     743
     756
     782
     762
     739
     762
     763
     766
     740
     758
     797
     727
     756
     775
     690
     770
     808
     726
     768
     720
     729
     791
     691
     778
     727
     763
     740
     748
     787
     745
     736
     690
     772
     747
     708
     679
     741
     760
     712
     771
     739
     757
     705
     694
     764
     774
     735
     699
     721
     733
     696
     737
     731
     743
     742
     744
     708
     753
     802
     780
     795
     737
     763
     732
     709
     703
     739
     732
     765
     702
     736
     750
     684
     727
     694
     759
     724
     702
     683
     755
     720
     740
     716
     732
     726
     794
     696
     750
     736
     736
     754
     774
     722
     696
     712
     757
     725
     734
     732
     715
     742
     729
     731
     765
     722
     741
     737
     739
     738
     708
     701
     740
     737
     747
     740
     787
     664
     745
     725
     717
     704
     730
     734
     640
     686
     788
     752
     739
     744
     732
     678
     758
     726
     757
     709
     722
     687
     724
     694
     711
     755
     709
     740
     698
     735
     748
     716
     770
     720
     706
     737
     698
     734
     729
     700
     719
     716
     773
     736
     685
     734
     721
     694
     698
     752
     697
     742
     672
     779
     779
     704
     725
     703
     710
     729
     741
     664
     725
     743
     700
     739
     735
     756
     687
     725
     733
     713
     684
     779
     687
     665
     781
     714
     783
     788
     759
     718
     721
     687
     724
     730
     709
     753
     696
     758
     738
     742
     792
     746
     730
     738
     775
     714
     745
     755
     678
     710
     683
     772
     751
     736
     706
     728
     697
     691
     706
     724
     697
     722
     713
     696
     771
     773
     763
     755
     730
     703
     767
     763
     745
     713
     699
     751
     728
     748
     720
     711
     725
     707
     744
     778
     727
     733
     752
     731
     738
     694
     708
     693
     744
     746
     737
     766
     825
     767
     728
     729
     726
     739
     746
     748
     754
     777
     758
     763
     701
     707
     762
     759
     778
     743
     747
     802
     718
     747
     751
     711
     769
     794
     759
     766
     726
     770
     721
     742
     744
     742
     746
     725
     740
     722
     738
     727
     753
     688
     781
     690
     694
     684
     772
     690
     711
     744
     748
     767
     733
     721
     788
     743
     745
     743
     764
     770
     722
     713
     787
     771
     773
     732
     749
     729
     740
     717
     757
     720
     753
     738
     744
     808
     805
     777
     715
     723
     722
     732
     755
     769
     786
     790
     756
     732
     756
     786
     796
     717
     749
     748
     758
     781
     755
     740
     711
     709
     768
     793
     748
     750
     747
     807
     786
     737
     777
     745
     776
     753
     806
     804
     775
     804
     737
     750
     775
     776
     734
     758
     781
     719
     772
     779
     771
     748
     793
     776
     750
     745
     790
     815
     794
     724
     794
     734
     777
     769
     793
     797
     777
     786
     804
     771
     785
     790
     793
     764
     827
     790
     812
     763
     813
     761
     797
     802
     787
     791
     855
     795
     821
     785
     791
     803
     810
     824
     774
     834
     789
     841
     812
     886
     796
     878
     831
     834
     790
     831
     786
     817
     829
     805
     815
     791
     805
     839
     807
     828
     836
     829
     831
     803
     873
     845
     808
     815
     840
     802
     853
     846
     800
     837
     855
     765
     839
     838
     889
     868
     837
     829
     809
     838
     875
     897
     921
     938
     885
    1016
     903
     815
     796
     837
     874
     832
     819
     852
     866
     845
     855
     875
     872
     834
     865
     876
     828
     914
     853
     863
     830
     866
     846
     911
     896
     859
     854
     863
     951
     854
     873
     846
     918
     917
     901
     903
     890
     916
     877
     874
     888
     902
     943
     898
     902
     900
     939
     925
     915
     986
     919
    1001
     920
     898
     922
     952
     979
     903
     953
     953
     939
     930
     899
     955
     945
     928
     957
     922
    1014
     946
     952
     982
     910
     950
     940
     994
     971
    1016
    1024
     988
     946
    1005
    1010
     963
     991
    1066
    1046
    1010
     964
    1005
    1032
    1014
    1030
     995
    1079
    1060
    1008
    1101
     978
    1037
    1024
    1050
    1066
    1051
    1104
    1049
    1063
    1140
    1063
    1100
    1146
    1057
    1070
    1072
    1130
    1075
    1064
    1175
    1120
    1133
    1115
    1137
    1135
    1189
    1172
    1166
    1170
    1104
    1160
    1143
    1124
    1201
    1114
    1196
    1164
    1181
    1192
    1252
    1179
    1208
    1200
    1227
    1267
    1221
    1193
    1253
    1241
    1191
    1272
    1210
    1261
    1249
    1185
    1349
    1332
    1275
    1269
    1261
    1266
    1279
    1327
    1354
    1349
    1337
    1314
    1311
    1326
    1352
    1341
    1412
    1360
    1300
    1360
    1367
    1418
    1416
    1350
    1385
    1438
    1375
    1365
    1373
    1332
    1328
    1342
    1350
    1322
    1321
    1310
    1225
    1285
    1156
    1213
    1140
    1114
    1089
    1053
    1033
    1038
     961
     937
     969
     939
     900
     884
     953
     930
     908
     878
     890
     962
    1030
     938
     893
     872
     890
     875
     853
     904
     880
     881
     874
     856
     915
     945
     858
     873
     905
     879
     880
     866
     908
     861
     828
     864
     805
     829
     866
     892
     858
     821
     864
     895
     880
     878
     841
     854
     789
     799
     788
     841
     869
     864
     917
     799
     813
     863
     832
     852
     829
     853
     871
     821
     876
     830
     792
     789
     844
     797
     805
     851
     744
     814
     795
     831
     848
     826
     757
     839
     829
     831
     764
     773
     831
     782
     821
     851
     780
     791
     795
     786
     748
     824
     764
     796
     730
     779
     804
     763
     769
     770
     768
     757
     773
     785
     795
     710
     778
     751
     728
     744
     770
     791
     814
     801
     760
     769
     775
     760
     771
     805
     739
     766
     756
     815
     724
     744
     780
     734
     731
     815
     765
     752
     777
     733
     776
     792
     779
     746
     788
     816
     772
     821
     789
     812
     848
     816
     850
     844
     817
     816
     868
     864
     878
     820
     807
     841
     846
     842
     829
     836
     830
     816
     880
     841
     838
     836
     820
     866
     878
     825
     865
     880
     867
     909
     906
     903
     925
     868
     915
     937
     908
     913
     908
     923
     862
     881
     860
     925
     909
     935
     963
     837
     862
     864
     899
     858
     796
     844
     853
     807
     767
     752
     668
     692
     643
     621
     638
     586
     555
     534
     511
     512
     492
     541
     439
     480
     502
     474
     461
     484
     461
     456
     505
     454
     476
     464
     420
     452
     470
     434
     431
     454
     424
     428
     424
     389
     403
     402
     409
     438
     422
     416
     447
     438
     424
     409
     386
     391
     453
     411
     443
     408
     381
     367
     377
     399
     386
     399
     390
     388
     392
     400
     469
     484
     545
     619
     641
     775
     812
     830
     941
    1175
    1517
    3260
   10379
   24542
   27568
   14231
    3769
     854
     372
     316
     313
     312
     322
     272
     279
     271
     300
     268
     241
     268
     285
     258
     222
     287
     269
     233
     265
     240
     240
     243
     220
     263
     225
     196
     221
     263
     213
     204
     224
     229
     212
     226
     206
     201
     205
     198
     200
     176
     183
     174
     184
     199
     159
     164
     179
     155
     167
     131
     183
     154
     151
     133
     158
     145
     148
     138
     129
     121
     161
     134
     110
     117
      99
     103
     120
     109
     123
     115
      99
     101
      99
     105
     119
     117
      92
      91
     102
      92
      96
      97
      92
     101
      88
     103
      63
      85
      88
      87
     100
      71
      80
      79
      91
      71
      83
      80
      78
      71
      67
      75
      85
      66
      58
      64
      74
      89
      57
      62
      67
      63
      69
      59
      73
      69
      69
      63
      64
      62
      80
      64
      76
      41
      67
      60
      66
      63
      63
      52
      65
      64
      64
      59
      57
      57
      62
      63
      59
      51
      63
      73
      59
      50
      59
      61
      68
      52
      49
      60
      52
      63
      50
      53
      64
      55
      56
      57
      58
      55
      69
      49
      61
      53
      54
      64
      65
      49
      60
      64
      52
      58
      49
      55
      62
      46
      48
      35
      53
      47
      70
      45
      43
      50
      58
      65
      59
      50
      54
      44
      68
      59
      77
      66
      65
      74
      74
      83
      94
     129
     170
     229
     313
     367
     402
     527
     561
     668
     912
    1730
    5022
   14214
   23803
   18922
    7660
    1730
     247
      60
      45
      33
      27
      34
      21
      30
      30
      36
      25
      28
      19
      30
      24
      24
      27
      21
      21
      18
      33
      33
      23
      31
      31
      31
      24
      23
      27
      32
      23
      26
      24
      28
      28
      20
      22
      23
      24
      25
      29
      26
      17
      24
      30
      21
      20
      34
      26
      21
      28
      15
      18
      27
      32
      21
      32
      23
      18
      27
      27
      31
      25
      24
      22
      24
      22
      25
      22
      21
      24
      28
      23
      30
      17
      17
      27
      22
      28
      24
      25
      30
      28
      23
      24
      18
      23
      26
      23
      25
      27
      27
      24
      18
      23
      27
      22
      22
      38
      21
      21
      18
      23
      24
      25
      22
      23
      22
      21
      18
      21
      30
      26
      27
      21
      17
      23
      27
      17
      19
      20
      20
      19
      30
      21
      18
      25
      22
      19
      22
      30
      16
      18
      21
      25
      19
      22
      16
      15
      21
      22
      23
      22
      21
      24
      32
      17
      26
      24
      19
      20
      26
      18
      24
      16
      16
      20
      13
      16
      19
      18
      17
      23
      18
      16
      23
      21
      13
      24
      47
      62
      78
      37
      24
      26
      24
      18
      27
      22
      19
      18
       7
      20
      23
      19
      21
      17
      20
      20
      21
      23
      16
      31
      19
      21
      19
      20
      10
      19
      19
       0
       0
       0
       0
       0
       0
       0
       0
       0
       0
       0
       0
       0
       0
       0
       0
       0
       0
       0
       0
       0
       0
       0
       0
       0
       0
       0
       0
       0
       0
       0
       0
$ROI:
0
$PRESETS:
None
0
0
$ENER_FIT:
0.000000 0.731044
$MCA_CAL:
3
0.000000E+000 7.310444E-001 0.000000E+000 keV
$SHAPE_CAL:
3
0.000000E+000 0.000000E+000 0.000000E+000
