$SPEC_ID:
No sample description was entered.
$SPEC_REM:
DET# 4
DETDESC# JLAB-20 MCB 131
AP# Maestro Version 7.01
$DATE_MEA:
10/06/2025 21:30:02
$MEAS_TIM:
579 599
$DATA:
0 2047
       0
       0
       0
       0
       0
       0
       0
       0
       0
       0
       0
       0
       0
       0
       0
       0
       0
       0
       0
       0
       0
       0
       0
       0
       0
       0
       0
       0
       0
       0
       0
       0
       0
       0
       0
       0
       0
       0
       0
       0
       0
       0
       0
       0
       0
       0
       0
       0
       0
       0
       0
       0
       0
       0
       0
       0
       0
       0
       0
       0
       0
       0
       0
       0
       0
       0
       0
       0
       0
      47
    1350
    1409
    1382
    1379
    1369
    1443
    1413
    1420
    1381
    1320
    1439
    1406
    1381
    1358
    1281
    1351
    1339
    1420
    1343
    1349
    1420
    1326
    1363
    1343
    1344
    1431
    1364
    1411
    1371
    1480
    1398
    1522
    1663
    1384
    1376
    1408
    1375
    1367
    1236
    1335
    1296
    1322
    1314
    1334
    1346
    1416
    1321
    1364
    1443
    1338
    1410
    1332
    1288
    1312
    1318
    1309
    1361
    1328
    1357
    1394
    1330
    1253
    1312
    1337
    1376
    1277
    1266
    1304
    1294
    1350
    1287
    1323
    1343
    1281
    1341
    1337
    1314
    1299
    1269
    1282
    1240
    1277
    1373
    1256
    1283
    1305
    1315
    1279
    1370
    1303
    1316
    1323
    1341
    1234
    1233
    1260
    1285
    1336
    1282
    1344
    1324
    1277
    1331
    1355
    1322
    1266
    1344
    1340
    1332
    1290
    1347
    1330
    1293
    1200
    1303
    1320
    1359
    1317
    1336
    1293
    1263
    1271
    1299
    1295
    1298
    1302
    1261
    1326
    1324
    1271
    1219
    1313
    1299
    1262
    1316
    1351
    1369
    1344
    1359
    1275
    1308
    1324
    1282
    1257
    1253
    1238
    1247
    1231
    1240
    1225
    1204
    1252
    1223
    1288
    1218
    1200
    1277
    1225
    1233
    1271
    1231
    1174
    1272
    1254
    1202
    1210
    1202
    1215
    1219
    1148
    1222
    1209
    1223
    1240
    1200
    1204
    1266
    1192
    1158
    1182
    1168
    1207
    1223
    1208
    1284
    1235
    1155
    1230
    1257
    1238
    1179
    1209
    1180
    1164
    1171
    1177
    1185
    1196
    1186
    1176
    1173
    1199
    1169
    1131
    1173
    1181
    1224
    1295
    1194
    1203
    1266
    1208
    1236
    1203
    1266
    1325
    1309
    1406
    1387
    1380
    1488
    1496
    1538
    1550
    1544
    1495
    1470
    1603
    1475
    1480
    1516
    1527
    1475
    1496
    1431
    1482
    1505
    1427
    1480
    1416
    1378
    1373
    1443
    1383
    1382
    1434
    1367
    1316
    1334
    1378
    1335
    1384
    1288
    1244
    1320
    1309
    1373
    1277
    1300
    1287
    1292
    1311
    1252
    1242
    1236
    1235
    1155
    1269
    1261
    1181
    1173
    1288
    1228
    1263
    1233
    1185
    1233
    1194
    1238
    1177
    1147
    1182
    1187
    1182
    1178
    1159
    1157
    1211
    1182
    1238
    1192
    1146
    1141
    1168
    1159
    1135
    1168
    1171
    1128
    1142
    1135
    1194
    1077
    1123
    1211
    1113
    1134
    1095
    1075
    1122
    1089
    1106
    1118
    1083
    1150
    1076
     991
    1022
    1033
    1063
    1047
    1051
    1115
    1004
    1041
    1086
    1031
    1047
    1088
    1074
    1002
    1015
    1086
    1031
    1027
    1014
    1031
    1009
     947
    1013
     952
    1040
    1045
    1020
    1051
    1039
     975
     975
     980
    1009
     943
    1030
    1251
    1201
    1055
     978
     939
     958
    1014
     971
    1009
     951
     916
     944
     938
     967
     930
     965
     920
     935
     965
     934
     940
     918
     978
     925
     951
     952
     924
     890
     946
     969
     841
     888
     990
     910
     886
     855
     986
     875
     908
     952
     905
     902
     900
     895
     826
     854
     905
     904
     878
     882
     933
     920
     849
     862
     909
     871
     960
     876
     920
     892
     882
     837
     766
     836
     884
     882
     857
     897
     854
     835
     846
     849
     854
     809
     863
     899
     890
     857
     906
     863
     872
     814
     879
     819
     871
     856
     831
     833
     845
     843
     871
     872
     851
     915
     817
     843
     820
     792
     856
     829
     823
     871
     832
     861
     811
     828
     801
     827
     809
     796
     807
     784
     863
     786
     788
     832
     809
     788
     768
     824
     769
     825
     806
     842
     836
     795
     734
     781
     835
     778
     781
     772
     726
     790
     779
     780
     826
     814
     841
     803
     767
     740
     832
     790
     725
     808
     765
     773
     785
     785
     798
     775
     780
     782
     812
     818
     751
     747
     732
     789
     787
     722
     749
     725
     782
     812
     740
     788
     756
     698
     766
     743
     797
     756
     774
     810
     751
     743
     766
     792
     783
     770
     793
     758
     802
     793
     752
     784
     723
     767
     749
     738
     716
     738
     796
     767
     729
     793
     778
     733
     736
     770
     758
     769
     784
     740
     728
     769
     733
     734
     753
     794
     759
     806
     760
     773
     756
     749
     707
     725
     720
     764
     698
     785
     744
     738
     740
     801
     816
     731
     725
     720
     727
     761
     754
     807
     727
     752
     748
     777
     743
     743
     726
     767
     714
     764
     760
     762
     754
     771
     733
     706
     683
     755
     771
     702
     731
     784
     696
     776
     739
     735
     774
     729
     797
     751
     740
     758
     740
     728
     721
     694
     778
     762
     781
     762
     699
     764
     774
     741
     724
     789
     719
     735
     718
     768
     720
     684
     753
     745
     737
     693
     744
     717
     757
     729
     711
     777
     725
     732
     741
     715
     758
     735
     698
     759
     718
     678
     753
     685
     684
     732
     730
     695
     741
     786
     732
     704
     690
     744
     729
     686
     755
     767
     726
     708
     734
     763
     740
     706
     734
     655
     773
     752
     734
     709
     743
     701
     720
     753
     693
     728
     708
     711
     707
     754
     745
     750
     761
     710
     771
     747
     701
     728
     755
     737
     740
     746
     686
     751
     697
     735
     727
     707
     723
     702
     750
     714
     678
     669
     769
     747
     681
     747
     729
     725
     743
     712
     735
     733
     732
     738
     712
     759
     733
     733
     740
     747
     733
     726
     678
     720
     737
     705
     745
     737
     711
     728
     712
     716
     701
     712
     757
     761
     716
     721
     771
     805
     726
     732
     734
     687
     666
     753
     768
     739
     729
     724
     663
     767
     718
     761
     739
     763
     709
     723
     718
     735
     709
     688
     749
     756
     742
     713
     745
     725
     742
     763
     753
     715
     726
     749
     792
     688
     741
     719
     749
     769
     719
     732
     724
     716
     707
     728
     724
     733
     720
     690
     749
     772
     764
     686
     766
     728
     743
     727
     777
     690
     728
     750
     751
     738
     781
     759
     736
     720
     754
     760
     797
     760
     725
     769
     766
     754
     710
     755
     752
     776
     727
     723
     772
     771
     734
     770
     710
     736
     702
     748
     743
     688
     719
     775
     755
     744
     723
     769
     776
     730
     728
     772
     746
     729
     779
     756
     732
     732
     731
     756
     754
     717
     755
     793
     728
     690
     740
     741
     722
     786
     717
     776
     729
     753
     759
     740
     763
     803
     786
     779
     728
     729
     705
     729
     744
     763
     796
     755
     727
     771
     797
     744
     755
     735
     781
     791
     764
     728
     724
     714
     790
     791
     736
     772
     793
     778
     772
     760
     778
     748
     736
     757
     751
     738
     722
     784
     758
     770
     723
     768
     785
     772
     735
     748
     758
     788
     770
     747
     780
     780
     724
     781
     785
     769
     740
     750
     776
     820
     794
     748
     775
     817
     793
     799
     862
     784
     810
     785
     777
     763
     791
     754
     755
     823
     799
     768
     764
     812
     793
     781
     801
     849
     784
     851
     726
     788
     788
     756
     807
     776
     781
     757
     769
     795
     790
     795
     816
     788
     800
     796
     791
     788
     809
     848
     852
     842
     720
     808
     790
     824
     821
     808
     816
     791
     816
     777
     844
     828
     814
     858
     794
     847
     786
     791
     811
     806
     805
     833
     780
     802
     823
     804
     845
     829
     817
     873
     799
     882
     831
     852
     859
     842
     808
     818
     861
     874
     845
     856
     878
     850
     868
     851
     860
     874
     909
     890
     912
     928
     937
     878
     860
     897
     879
     866
     889
     863
     881
     912
     817
     931
     836
     927
     874
     841
     866
     862
     886
     847
     853
     869
     870
     867
     882
     858
     830
     890
     925
     854
     890
     906
     856
     914
     845
     938
     938
     920
     955
     892
     891
     906
     919
     873
     905
     916
     868
     885
     925
     928
     928
     969
     974
     980
     869
     961
     909
     923
     937
     926
     965
     933
     978
     897
    1002
     989
     913
     965
     998
     938
     970
     987
     957
     993
     936
     950
     963
     953
    1030
     997
    1012
    1001
     955
     999
     939
    1044
    1053
     981
    1007
     991
    1041
    1059
     965
    1025
    1042
    1050
     982
     999
    1057
     974
    1101
    1057
    1108
    1008
    1066
    1032
    1057
    1152
    1096
    1120
    1134
    1078
    1079
    1100
    1075
    1130
    1136
    1112
    1189
    1171
    1159
    1115
    1158
    1150
    1143
    1189
    1178
    1144
    1141
    1147
    1234
    1151
    1216
    1215
    1221
    1137
    1202
    1211
    1163
    1216
    1237
    1202
    1255
    1188
    1267
    1290
    1277
    1228
    1260
    1270
    1266
    1259
    1295
    1292
    1251
    1328
    1298
    1270
    1340
    1336
    1301
    1337
    1337
    1372
    1344
    1378
    1369
    1346
    1384
    1354
    1377
    1410
    1429
    1411
    1297
    1388
    1358
    1405
    1406
    1375
    1393
    1373
    1415
    1443
    1379
    1382
    1324
    1321
    1348
    1272
    1256
    1284
    1235
    1194
    1137
    1072
    1107
    1002
     998
    1045
     989
     979
     991
     887
     918
     911
     936
     930
     883
     948
     941
     950
     909
     920
     906
     888
     901
     923
     903
     865
     859
     901
     849
     886
     847
     891
     899
     881
     871
     883
     847
     890
     862
     905
     860
     866
     883
     892
     803
     826
     880
     866
     875
     821
     826
     836
     914
     778
     862
     882
     862
     857
     881
     865
     867
     859
     883
     863
     779
     832
     892
     836
     823
     878
     835
     801
     816
     819
     819
     799
     810
     782
     812
     798
     803
     787
     775
     809
     821
     807
     806
     795
     885
     769
     808
     812
     836
     818
     785
     786
     737
     792
     781
     770
     785
     788
     773
     805
     786
     809
     777
     810
     743
     772
     828
     752
     739
     729
     705
     719
     798
     796
     800
     809
     755
     734
     755
     774
     779
     769
     755
     771
     771
     782
     758
     774
     777
     802
     772
     770
     834
     814
     760
     776
     735
     828
     732
     777
     789
     774
     775
     833
     833
     777
     791
     781
     794
     793
     800
     799
     788
     813
     847
     833
     836
     829
     834
     853
     878
     865
     825
     839
     833
     838
     860
     845
     849
     864
     831
     849
     878
     895
     819
     869
     848
     918
     891
     881
     888
     897
     916
     943
     935
     911
     879
     957
     936
     926
     964
     928
     930
     943
     952
     926
     905
     940
     893
     855
     827
     869
     855
     780
     768
     734
     669
     563
     643
     657
     553
     591
     575
     529
     515
     484
     509
     464
     466
     529
     464
     500
     458
     509
     454
     456
     455
     452
     460
     406
     468
     436
     416
     420
     441
     397
     439
     449
     444
     412
     408
     394
     409
     401
     422
     414
     419
     362
     393
     425
     387
     396
     386
     408
     429
     410
     393
     392
     387
     430
     383
     394
     394
     403
     416
     432
     434
     518
     518
     619
     688
     747
     792
     943
     954
    1188
    1557
    3303
   10111
   24452
   28349
   14427
    3845
     808
     370
     334
     277
     291
     291
     255
     268
     266
     284
     293
     319
     278
     241
     245
     280
     227
     256
     240
     212
     238
     266
     237
     216
     206
     192
     218
     224
     223
     246
     207
     200
     230
     197
     182
     216
     223
     200
     206
     202
     212
     188
     206
     158
     182
     180
     174
     156
     186
     135
     152
     166
     161
     140
     146
     139
     138
     152
     155
     134
     120
     120
     142
     119
     145
      99
     121
     148
     129
     114
      97
     114
      94
     112
     110
     117
      96
     108
      99
      87
      99
     111
     111
      93
      88
     110
      93
      92
      96
     101
      81
      87
      74
      88
      69
      80
      90
      82
      77
      69
      76
      60
      63
      74
      67
      74
      65
      86
      76
      63
      58
      62
      76
      61
      77
      60
      73
      67
      70
      67
      63
      58
      75
      78
      50
      62
      63
      75
      80
      62
      54
      68
      58
      58
      83
      65
      70
      69
      65
      60
      63
      64
      65
      53
      36
      64
      54
      66
      50
      61
      53
      52
      47
      61
      55
      55
      61
      61
      72
      61
      57
      52
      50
      57
      61
      57
      49
      47
      53
      68
      64
      65
      61
      70
      48
      51
      60
      66
      59
      55
      59
      53
      56
      40
      54
      57
      43
      44
      36
      59
      49
      68
      62
      60
      62
      68
      79
      73
      72
     108
     150
     172
     238
     300
     356
     412
     456
     598
     678
     934
    1772
    4821
   14128
   23633
   18778
    7489
    1698
     267
      52
      36
      29
      22
      23
      32
      23
      28
      18
      30
      28
      31
      21
      28
      29
      21
      25
      28
      18
      23
      29
      22
      28
      30
      22
      23
      24
      23
      31
      22
      23
      30
      30
      27
      39
      24
      16
      23
      27
      32
      29
      33
      26
      31
      25
      18
      35
      20
      23
      30
      24
      23
      31
      23
      32
      32
      20
      26
      24
      26
      24
      26
      21
      23
      24
      17
      20
      34
      21
      25
      27
      19
      18
      31
      21
      17
      19
      31
      28
      21
      28
      29
      41
      21
      30
      20
      22
      18
      23
      29
      24
      21
      27
      17
      30
      20
      26
      29
      18
      18
      26
      16
      25
      14
      22
      23
      20
      20
      22
      18
      26
      21
      18
      18
      22
      17
      18
      24
      17
      24
      20
      15
      20
      16
      25
      13
      22
      19
      18
      28
      23
      19
      18
      17
      19
      23
      20
      16
      12
      15
      19
      22
      18
      22
      25
      14
      12
      29
      15
      20
      26
      21
      29
      19
      20
      17
      19
      25
      28
      19
      21
      20
      25
      16
      23
      32
      19
      30
      48
      72
      68
      44
      30
      22
      24
      17
      14
      26
      20
      17
      26
      16
      18
      24
      20
      18
      17
      18
      14
      17
      14
      20
      30
      23
      21
      13
      12
      14
      12
       0
       0
       0
       0
       0
       0
       0
       0
       0
       0
       0
       0
       0
       0
       0
       0
       0
       0
       0
       0
       0
       0
       0
       0
       0
       0
       0
       0
       0
       0
       0
       0
$ROI:
0
$PRESETS:
None
0
0
$ENER_FIT:
0.000000 0.731044
$MCA_CAL:
3
0.000000E+000 7.310444E-001 0.000000E+000 keV
$SHAPE_CAL:
3
0.000000E+000 0.000000E+000 0.000000E+000
