$SPEC_ID:
No sample description was entered.
$SPEC_REM:
DET# 4
DETDESC# JLAB-20 MCB 131
AP# Maestro Version 7.01
$DATE_MEA:
10/08/2025 01:20:02
$MEAS_TIM:
579 599
$DATA:
0 2047
       0
       0
       0
       0
       0
       0
       0
       0
       0
       0
       0
       0
       0
       0
       0
       0
       0
       0
       0
       0
       0
       0
       0
       0
       0
       0
       0
       0
       0
       0
       0
       0
       0
       0
       0
       0
       0
       0
       0
       0
       0
       0
       0
       0
       0
       0
       0
       0
       0
       0
       0
       0
       0
       0
       0
       0
       0
       0
       0
       0
       0
       0
       0
       0
       0
       0
       0
       0
       0
      23
    1211
    1415
    1386
    1385
    1379
    1383
    1374
    1378
    1372
    1463
    1388
    1354
    1418
    1348
    1399
    1370
    1369
    1369
    1388
    1397
    1347
    1320
    1337
    1323
    1332
    1379
    1365
    1331
    1367
    1458
    1365
    1522
    1535
    1337
    1373
    1398
    1350
    1289
    1375
    1297
    1297
    1284
    1297
    1365
    1343
    1484
    1417
    1335
    1336
    1302
    1281
    1321
    1278
    1345
    1319
    1312
    1330
    1380
    1300
    1360
    1248
    1332
    1371
    1357
    1373
    1339
    1331
    1348
    1341
    1326
    1409
    1323
    1323
    1375
    1316
    1323
    1241
    1352
    1303
    1317
    1239
    1335
    1240
    1307
    1335
    1324
    1323
    1319
    1282
    1298
    1325
    1278
    1308
    1304
    1316
    1332
    1359
    1311
    1285
    1300
    1287
    1366
    1319
    1210
    1327
    1345
    1324
    1299
    1275
    1262
    1347
    1334
    1395
    1289
    1346
    1310
    1312
    1334
    1341
    1217
    1255
    1303
    1319
    1323
    1281
    1278
    1297
    1364
    1238
    1279
    1316
    1378
    1310
    1307
    1293
    1364
    1303
    1263
    1224
    1269
    1275
    1266
    1304
    1278
    1307
    1236
    1261
    1271
    1329
    1320
    1239
    1245
    1198
    1244
    1266
    1239
    1192
    1234
    1250
    1191
    1214
    1221
    1142
    1266
    1248
    1222
    1290
    1210
    1202
    1210
    1196
    1213
    1201
    1231
    1202
    1200
    1219
    1226
    1183
    1196
    1218
    1218
    1159
    1212
    1176
    1213
    1171
    1187
    1211
    1166
    1188
    1188
    1217
    1166
    1130
    1208
    1173
    1153
    1176
    1251
    1160
    1153
    1212
    1191
    1214
    1147
    1145
    1207
    1233
    1247
    1263
    1286
    1209
    1255
    1318
    1324
    1343
    1360
    1448
    1423
    1446
    1433
    1491
    1533
    1537
    1515
    1534
    1528
    1525
    1491
    1520
    1459
    1451
    1447
    1477
    1480
    1396
    1386
    1397
    1348
    1367
    1411
    1381
    1370
    1364
    1409
    1484
    1337
    1327
    1333
    1281
    1290
    1264
    1306
    1352
    1319
    1396
    1226
    1295
    1321
    1255
    1304
    1281
    1132
    1272
    1202
    1285
    1274
    1211
    1223
    1291
    1191
    1245
    1168
    1233
    1213
    1187
    1203
    1149
    1156
    1243
    1162
    1215
    1178
    1168
    1205
    1208
    1134
    1166
    1150
    1180
    1128
    1152
    1170
    1115
    1192
    1118
    1062
    1114
    1175
    1113
    1100
    1134
    1109
    1125
    1192
    1143
    1110
    1056
    1102
    1142
    1060
    1050
    1083
    1078
    1115
    1115
    1066
    1076
     993
    1042
    1066
    1079
    1017
    1027
    1045
    1047
    1079
    1030
    1042
    1076
     991
    1031
    1029
     986
     983
     996
    1010
     979
    1060
     992
     994
     981
     994
     952
    1037
     933
     979
     967
     927
     950
     977
    1209
    1252
     989
    1000
     940
     952
     931
     961
     973
     954
     946
     951
     941
     954
    1009
     913
     910
     958
     977
     899
     979
     983
     893
     939
     898
     916
     982
     929
     872
     881
     878
     883
     922
     929
     916
     936
     968
     897
     937
     887
     860
     946
     902
     903
     907
     871
     897
     847
     871
     895
     916
     919
     844
     912
     847
     872
     913
     932
     886
     886
     898
     851
     865
     890
     844
     842
     833
     850
     811
     848
     850
     822
     848
     875
     845
     844
     894
     841
     923
     915
     844
     836
     883
     799
     853
     824
     879
     806
     821
     862
     847
     839
     833
     797
     831
     805
     807
     806
     818
     852
     822
     786
     845
     840
     866
     848
     838
     799
     823
     906
     799
     855
     824
     780
     799
     800
     833
     823
     797
     842
     713
     828
     802
     812
     827
     799
     854
     765
     785
     786
     821
     771
     786
     826
     759
     790
     808
     791
     785
     791
     798
     780
     832
     795
     774
     832
     767
     750
     796
     782
     764
     744
     785
     732
     797
     711
     795
     844
     789
     778
     735
     753
     769
     781
     753
     747
     805
     755
     741
     791
     770
     781
     785
     759
     740
     788
     796
     766
     812
     773
     779
     821
     765
     759
     752
     770
     794
     768
     796
     746
     767
     756
     769
     751
     806
     755
     722
     727
     739
     774
     758
     778
     723
     726
     759
     724
     750
     748
     778
     711
     738
     757
     739
     754
     806
     740
     770
     777
     760
     794
     737
     740
     723
     740
     731
     750
     768
     713
     719
     785
     829
     753
     745
     734
     776
     746
     735
     687
     754
     789
     732
     763
     769
     742
     705
     762
     716
     727
     750
     763
     816
     740
     780
     810
     770
     745
     758
     733
     731
     738
     746
     724
     708
     753
     729
     733
     709
     735
     748
     754
     760
     739
     759
     762
     738
     765
     747
     709
     702
     730
     660
     729
     757
     730
     774
     712
     710
     742
     728
     746
     725
     692
     737
     705
     751
     751
     814
     777
     743
     708
     715
     703
     756
     767
     707
     713
     710
     785
     726
     741
     754
     736
     730
     708
     743
     738
     734
     763
     748
     706
     726
     682
     743
     731
     751
     726
     733
     724
     724
     704
     738
     703
     727
     756
     730
     749
     725
     702
     749
     737
     721
     765
     760
     714
     695
     712
     741
     727
     722
     708
     731
     729
     734
     772
     709
     725
     703
     747
     747
     722
     687
     717
     779
     701
     731
     686
     725
     689
     701
     745
     692
     741
     757
     755
     720
     717
     733
     751
     696
     759
     734
     769
     738
     757
     694
     725
     688
     683
     718
     716
     681
     771
     744
     745
     707
     758
     701
     727
     727
     758
     701
     719
     707
     725
     745
     775
     775
     793
     737
     771
     748
     763
     790
     776
     731
     729
     793
     666
     718
     741
     715
     719
     727
     719
     763
     725
     693
     753
     702
     724
     733
     730
     741
     774
     724
     737
     759
     727
     725
     707
     718
     774
     760
     737
     741
     716
     722
     765
     718
     727
     708
     680
     700
     722
     674
     683
     803
     735
     760
     704
     712
     765
     735
     735
     774
     725
     750
     769
     721
     762
     724
     752
     714
     741
     723
     724
     740
     741
     758
     761
     765
     748
     714
     703
     741
     722
     773
     774
     722
     751
     695
     740
     726
     746
     717
     725
     763
     757
     710
     779
     687
     746
     763
     735
     752
     771
     683
     707
     767
     718
     712
     715
     721
     734
     747
     754
     729
     773
     712
     777
     739
     754
     728
     731
     729
     731
     735
     740
     763
     718
     720
     778
     740
     784
     727
     744
     767
     773
     763
     749
     762
     773
     743
     761
     756
     732
     754
     788
     738
     742
     735
     780
     772
     752
     711
     738
     783
     791
     740
     771
     771
     776
     762
     763
     754
     755
     753
     819
     719
     728
     784
     771
     733
     716
     768
     782
     696
     733
     807
     770
     781
     709
     772
     794
     762
     812
     757
     733
     731
     752
     778
     761
     742
     773
     763
     777
     747
     798
     731
     812
     739
     739
     758
     735
     759
     764
     754
     705
     747
     856
     772
     774
     805
     803
     792
     823
     786
     812
     836
     810
     787
     777
     807
     784
     768
     860
     806
     822
     788
     787
     798
     801
     750
     788
     807
     801
     805
     838
     820
     794
     836
     851
     802
     785
     839
     801
     808
     808
     820
     794
     856
     782
     827
     825
     834
     822
     819
     844
     797
     802
     789
     791
     859
     826
     783
     798
     824
     815
     862
     797
     793
     815
     799
     791
     848
     857
     790
     793
     817
     812
     811
     817
     831
     827
     828
     847
     833
     850
     870
     826
     838
     829
     830
     831
     860
     899
     910
     879
     901
     815
     861
     845
     857
     881
     864
     903
     842
     853
     864
     859
     857
     953
     858
     877
     906
     884
     916
     850
     865
     846
     819
     836
     890
     901
     866
     846
     879
     936
     894
     872
     898
     868
     893
     902
     892
     862
     871
     948
     872
     909
     877
     918
     895
     921
     946
     885
     915
     930
     965
     960
     970
     954
     849
     905
     938
     976
     921
     989
     940
     916
     986
     941
     952
     975
     994
     962
     972
     928
     975
     969
     959
     931
    1006
     990
    1004
     947
     957
     979
    1053
     992
    1017
     960
    1010
    1030
    1012
     978
     991
    1030
    1008
    1050
    1048
     993
    1037
    1073
    1036
    1023
    1005
    1043
    1064
    1060
    1081
    1113
    1118
    1083
    1083
    1035
    1078
    1080
    1119
    1067
    1192
    1105
    1085
    1044
    1158
    1144
    1122
    1188
    1128
    1111
    1147
    1086
    1178
    1183
    1138
    1149
    1211
    1227
    1114
    1156
    1219
    1267
    1212
    1183
    1240
    1164
    1184
    1165
    1202
    1222
    1264
    1273
    1243
    1245
    1282
    1205
    1246
    1296
    1286
    1327
    1227
    1264
    1262
    1324
    1301
    1319
    1237
    1289
    1311
    1340
    1348
    1376
    1353
    1291
    1414
    1385
    1334
    1397
    1389
    1442
    1392
    1378
    1402
    1338
    1353
    1395
    1403
    1377
    1421
    1374
    1375
    1317
    1346
    1339
    1306
    1300
    1252
    1264
    1178
    1119
    1115
    1040
    1078
    1038
     996
    1016
     946
     918
     969
    1010
     981
     981
     965
     903
     898
     918
     924
     882
     850
     917
     904
     892
     841
     869
     863
     895
     896
     866
     908
     908
     923
     876
     857
     828
     870
     873
     861
     880
     873
     849
     872
     874
     846
     897
     893
     859
     858
     828
     844
     882
     836
     853
     849
     883
     816
     873
     820
     840
     845
     817
     849
     833
     853
     844
     815
     812
     843
     872
     822
     836
     863
     832
     803
     805
     868
     842
     755
     809
     840
     826
     820
     763
     815
     832
     835
     806
     827
     793
     789
     829
     774
     801
     818
     801
     754
     834
     769
     817
     830
     799
     816
     787
     781
     764
     777
     763
     752
     728
     764
     758
     802
     740
     766
     756
     794
     768
     800
     800
     750
     794
     773
     727
     737
     717
     751
     776
     811
     758
     718
     799
     740
     757
     780
     797
     811
     724
     768
     768
     782
     798
     750
     808
     764
     802
     817
     797
     758
     765
     759
     783
     863
     764
     848
     794
     834
     761
     794
     793
     824
     838
     776
     778
     862
     856
     851
     864
     809
     863
     913
     814
     842
     842
     867
     845
     838
     896
     803
     850
     868
     832
     845
     885
     862
     864
     870
     910
     908
     907
     918
     863
     881
     873
     899
     897
     899
     951
     908
     916
     884
     910
     931
     901
     834
     867
     809
     825
     797
     808
     803
     782
     671
     690
     674
     597
     572
     511
     514
     532
     488
     522
     495
     531
     477
     484
     486
     492
     461
     470
     461
     472
     465
     442
     435
     456
     427
     441
     425
     429
     436
     413
     414
     445
     456
     400
     446
     426
     423
     414
     412
     428
     384
     407
     393
     382
     424
     418
     406
     412
     368
     411
     357
     395
     376
     433
     384
     356
     375
     389
     408
     428
     423
     455
     498
     583
     666
     708
     828
     865
     960
    1072
    1364
    2446
    7038
   20006
   29269
   19410
    6211
    1270
     414
     321
     284
     305
     292
     274
     286
     259
     269
     252
     259
     256
     288
     262
     256
     217
     269
     255
     240
     284
     265
     234
     263
     247
     218
     225
     232
     218
     202
     219
     238
     213
     187
     219
     221
     186
     225
     194
     200
     189
     184
     213
     180
     175
     189
     157
     169
     167
     155
     186
     157
     157
     139
     172
     150
     167
     135
     149
     139
     137
     145
     135
     133
     109
     110
     122
     118
     122
     106
     101
     116
      98
      89
     108
     100
     107
     106
     101
      89
      88
     102
      95
      99
     111
      93
     106
      77
      78
      97
      81
     103
      89
      80
      78
      73
      81
      79
      73
      78
      68
      87
      68
      58
      69
      77
      81
      58
      67
      64
      70
      74
      72
      63
      77
      65
      57
      66
      64
      63
      67
      62
      65
      64
      45
      82
      65
      65
      67
      47
      58
      60
      75
      60
      87
      51
      55
      59
      60
      45
      69
      70
      54
      61
      64
      56
      60
      59
      69
      53
      43
      56
      73
      60
      69
      56
      61
      59
      54
      62
      54
      54
      48
      47
      59
      55
      65
      61
      43
      60
      54
      56
      64
      60
      55
      58
      33
      48
      54
      56
      52
      56
      61
      55
      51
      48
      59
      57
      61
      58
      56
      58
      73
      86
      55
      57
      64
      67
      90
     113
     134
     155
     228
     266
     380
     406
     443
     503
     635
     789
    1307
    3290
   10233
   21428
   22210
   11434
    3136
     578
      96
      29
      33
      30
      29
      30
      28
      42
      30
      27
      23
      20
      22
      25
      22
      23
      31
      25
      34
      24
      26
      22
      26
      22
      31
      30
      23
      32
      28
      19
      28
      15
      25
      25
      26
      26
      17
      29
      31
      27
      28
      19
      20
      20
      19
      18
      27
      32
      24
      26
      27
      26
      30
      23
      22
      29
      26
      23
      20
      22
      28
      23
      21
      22
      25
      23
      29
      34
      24
      27
      17
      17
      21
      27
      22
      22
      20
      24
      15
      16
      20
      33
      16
      27
      22
      20
      20
      21
      28
      15
      23
      29
      28
      21
      31
      29
      21
      24
      30
      20
      22
      21
      33
      31
      22
      20
      21
      22
      20
      12
      20
      29
      23
      15
      24
      29
      16
      22
      32
      18
      23
      14
      17
      15
      23
      24
      21
      18
      22
      20
      23
      14
      19
      28
      22
      26
      19
      21
      16
      24
      28
      20
      16
      32
      25
      21
      17
      20
      27
      25
      31
      18
      16
      25
      17
      10
      19
      12
      21
      20
      28
      20
      18
      28
      22
      26
      16
      24
      35
      65
      88
      62
      43
      29
      34
      21
      20
      20
      28
      17
      22
      19
      18
      15
      22
      23
      21
      18
      28
      21
      16
      15
      27
      19
      26
      18
      21
      16
      12
       0
       0
       0
       0
       0
       0
       0
       0
       0
       0
       0
       0
       0
       0
       0
       0
       0
       0
       0
       0
       0
       0
       0
       0
       0
       0
       0
       0
       0
       0
       0
       0
$ROI:
0
$PRESETS:
None
0
0
$ENER_FIT:
0.000000 0.731044
$MCA_CAL:
3
0.000000E+000 7.310444E-001 0.000000E+000 keV
$SHAPE_CAL:
3
0.000000E+000 0.000000E+000 0.000000E+000
