$SPEC_ID:
No sample description was entered.
$SPEC_REM:
DET# 4
DETDESC# JLAB-20 MCB 131
AP# Maestro Version 7.01
$DATE_MEA:
10/08/2025 06:30:02
$MEAS_TIM:
579 599
$DATA:
0 2047
       0
       0
       0
       0
       0
       0
       0
       0
       0
       0
       0
       0
       0
       0
       0
       0
       0
       0
       0
       0
       0
       0
       0
       0
       0
       0
       0
       0
       0
       0
       0
       0
       0
       0
       0
       0
       0
       0
       0
       0
       0
       0
       0
       0
       0
       0
       0
       0
       0
       0
       0
       0
       0
       0
       0
       0
       0
       0
       0
       0
       0
       0
       0
       0
       0
       0
       0
       0
       0
      41
    1298
    1368
    1328
    1389
    1376
    1417
    1397
    1418
    1428
    1353
    1396
    1362
    1352
    1388
    1417
    1389
    1321
    1331
    1389
    1397
    1369
    1344
    1371
    1399
    1309
    1328
    1360
    1383
    1392
    1490
    1393
    1481
    1582
    1301
    1442
    1400
    1332
    1348
    1345
    1329
    1335
    1353
    1389
    1338
    1369
    1446
    1353
    1313
    1370
    1378
    1381
    1328
    1331
    1350
    1332
    1336
    1343
    1362
    1370
    1330
    1290
    1275
    1324
    1311
    1255
    1306
    1364
    1329
    1310
    1320
    1327
    1247
    1352
    1277
    1315
    1337
    1313
    1355
    1341
    1296
    1276
    1334
    1352
    1283
    1285
    1239
    1231
    1314
    1264
    1410
    1372
    1291
    1264
    1339
    1362
    1272
    1331
    1281
    1291
    1347
    1341
    1311
    1320
    1351
    1309
    1303
    1264
    1299
    1367
    1329
    1285
    1315
    1316
    1294
    1327
    1270
    1240
    1235
    1306
    1288
    1299
    1360
    1291
    1272
    1291
    1269
    1249
    1278
    1277
    1335
    1300
    1310
    1294
    1339
    1284
    1345
    1353
    1297
    1271
    1318
    1259
    1309
    1228
    1243
    1249
    1308
    1281
    1267
    1294
    1236
    1220
    1262
    1261
    1186
    1212
    1246
    1195
    1274
    1227
    1233
    1275
    1286
    1235
    1236
    1276
    1234
    1188
    1265
    1265
    1218
    1275
    1186
    1201
    1233
    1157
    1153
    1284
    1271
    1179
    1175
    1164
    1191
    1217
    1175
    1183
    1218
    1185
    1217
    1138
    1209
    1161
    1174
    1170
    1224
    1192
    1183
    1234
    1164
    1193
    1141
    1224
    1166
    1182
    1129
    1182
    1166
    1157
    1202
    1201
    1197
    1218
    1213
    1240
    1291
    1246
    1231
    1356
    1379
    1398
    1505
    1428
    1464
    1460
    1485
    1523
    1487
    1527
    1529
    1443
    1443
    1460
    1434
    1462
    1428
    1344
    1487
    1412
    1411
    1376
    1450
    1352
    1305
    1401
    1396
    1361
    1335
    1322
    1349
    1336
    1331
    1307
    1349
    1389
    1338
    1332
    1338
    1312
    1311
    1233
    1238
    1285
    1292
    1314
    1260
    1272
    1251
    1245
    1279
    1274
    1230
    1281
    1249
    1264
    1176
    1252
    1173
    1170
    1185
    1171
    1184
    1185
    1243
    1232
    1209
    1181
    1209
    1217
    1152
    1143
    1141
    1117
    1120
    1135
    1135
    1195
    1143
    1092
    1109
    1167
    1171
    1148
    1084
    1184
    1128
    1035
    1142
    1119
    1170
    1096
    1108
    1091
    1137
    1054
    1094
    1107
    1107
    1072
    1077
    1070
    1043
    1068
    1069
    1080
    1005
    1008
     992
    1077
    1049
    1061
     991
     997
    1014
    1044
    1037
     993
    1008
    1025
    1003
    1000
    1044
    1008
     935
     959
    1041
     949
     947
     939
     926
     987
     961
    1007
    1015
    1227
    1264
    1048
     967
     925
     980
     926
     933
     971
     943
     944
     958
     954
     889
     939
     950
     924
     951
     899
     975
     933
     889
     897
     915
     893
     950
     893
     957
     890
     954
     904
     937
     912
     934
     927
     984
     867
     867
     919
     859
     863
     875
     872
     933
     916
     933
     857
     912
     887
     863
     879
     869
     849
     863
     879
     874
     890
     863
     921
     833
     858
     883
     833
     887
     908
     849
     816
     876
     869
     857
     860
     836
     770
     887
     835
     899
     827
     840
     904
     850
     778
     805
     855
     791
     882
     801
     857
     818
     824
     842
     825
     821
     837
     849
     869
     841
     873
     852
     810
     851
     788
     854
     822
     810
     781
     845
     773
     829
     806
     820
     815
     788
     767
     805
     823
     831
     813
     775
     821
     836
     792
     785
     803
     811
     775
     833
     813
     792
     877
     840
     740
     765
     787
     775
     784
     782
     794
     804
     807
     783
     762
     809
     760
     813
     768
     837
     724
     783
     771
     753
     773
     812
     803
     831
     810
     818
     794
     809
     789
     756
     813
     781
     734
     829
     733
     775
     803
     748
     748
     730
     771
     778
     735
     791
     786
     752
     773
     780
     819
     765
     754
     766
     774
     783
     763
     715
     743
     750
     747
     718
     784
     791
     732
     761
     771
     769
     776
     733
     686
     784
     731
     761
     766
     758
     714
     746
     737
     802
     795
     754
     754
     734
     752
     772
     764
     728
     770
     776
     769
     772
     753
     743
     789
     737
     704
     719
     812
     792
     750
     789
     789
     785
     744
     757
     743
     796
     778
     753
     737
     817
     758
     755
     715
     751
     757
     766
     771
     728
     771
     733
     734
     725
     755
     707
     684
     715
     775
     754
     765
     702
     752
     756
     746
     773
     698
     764
     795
     721
     751
     734
     733
     750
     741
     777
     796
     797
     745
     683
     774
     701
     769
     732
     772
     735
     729
     755
     707
     763
     761
     772
     715
     712
     692
     719
     682
     709
     793
     702
     731
     731
     732
     731
     768
     740
     713
     770
     708
     740
     752
     708
     739
     779
     704
     704
     738
     692
     743
     727
     738
     723
     709
     763
     720
     710
     695
     696
     782
     742
     744
     756
     722
     737
     675
     730
     726
     703
     726
     753
     745
     750
     744
     701
     700
     724
     739
     718
     757
     781
     781
     764
     702
     675
     712
     707
     724
     770
     731
     668
     713
     754
     724
     802
     730
     692
     682
     753
     771
     742
     734
     789
     758
     725
     722
     744
     708
     730
     737
     772
     748
     715
     743
     747
     753
     713
     719
     709
     681
     744
     685
     760
     723
     721
     699
     749
     705
     718
     722
     693
     733
     719
     719
     712
     730
     728
     722
     686
     730
     721
     755
     754
     685
     716
     724
     762
     761
     709
     734
     722
     661
     734
     737
     710
     719
     764
     711
     702
     733
     759
     762
     744
     751
     788
     724
     710
     729
     773
     749
     720
     704
     747
     705
     770
     713
     720
     690
     730
     710
     692
     731
     716
     730
     726
     717
     717
     709
     737
     744
     739
     746
     777
     725
     746
     715
     737
     748
     721
     750
     762
     757
     675
     752
     777
     718
     765
     700
     744
     798
     750
     783
     733
     731
     720
     750
     761
     770
     727
     787
     765
     772
     700
     722
     720
     699
     737
     733
     710
     740
     722
     719
     708
     724
     697
     753
     698
     750
     739
     772
     729
     652
     739
     761
     744
     753
     739
     736
     744
     747
     739
     685
     725
     758
     744
     785
     712
     743
     760
     708
     758
     701
     744
     754
     778
     796
     733
     732
     756
     724
     771
     753
     728
     754
     835
     755
     750
     783
     733
     735
     778
     752
     743
     769
     716
     765
     729
     710
     803
     708
     728
     771
     724
     756
     767
     775
     739
     747
     735
     767
     784
     772
     667
     745
     773
     707
     786
     753
     764
     773
     756
     788
     761
     797
     753
     782
     758
     709
     756
     807
     788
     779
     765
     739
     776
     775
     780
     772
     756
     751
     741
     761
     756
     782
     764
     798
     781
     761
     763
     794
     790
     728
     742
     786
     817
     798
     773
     735
     785
     772
     771
     806
     785
     756
     762
     777
     849
     824
     797
     792
     828
     754
     825
     828
     801
     795
     785
     802
     827
     771
     800
     806
     792
     796
     865
     817
     804
     792
     790
     792
     781
     811
     812
     841
     811
     763
     823
     833
     822
     831
     826
     817
     804
     795
     850
     813
     813
     802
     786
     837
     813
     778
     855
     818
     812
     813
     850
     859
     785
     870
     802
     773
     819
     821
     842
     796
     817
     846
     822
     852
     806
     874
     813
     775
     829
     832
     862
     960
     960
     910
     946
     944
     903
     831
     822
     854
     847
     834
     817
     857
     857
     842
     854
     845
     867
     885
     855
     857
     814
     792
     859
     928
     791
     843
     897
     922
     934
     899
     890
     853
     891
     847
     909
     910
     910
     906
     911
     888
     931
     868
     905
     908
     885
     925
     938
     930
     931
     898
     876
     913
     928
     954
     956
     908
     939
     880
     968
     921
     867
     930
     922
     876
     894
     982
     979
     963
     899
     983
     971
     974
     982
     994
     964
    1022
     971
     981
     969
     972
     994
     995
     992
     957
    1008
     979
    1003
    1029
     953
     989
     965
     970
    1068
    1013
    1057
    1058
    1048
    1036
    1024
    1063
    1109
    1065
    1096
    1047
     941
    1008
    1018
    1067
    1078
    1113
    1043
    1090
    1134
    1104
    1030
    1060
    1097
    1067
    1150
    1079
    1125
    1114
    1104
    1120
    1175
    1175
    1093
    1171
    1197
    1095
    1207
    1182
    1186
    1208
    1140
    1218
    1142
    1210
    1200
    1139
    1204
    1260
    1239
    1221
    1244
    1237
    1204
    1251
    1237
    1217
    1278
    1331
    1261
    1281
    1280
    1282
    1286
    1329
    1254
    1288
    1293
    1329
    1336
    1294
    1417
    1300
    1383
    1361
    1431
    1321
    1384
    1400
    1405
    1386
    1344
    1357
    1391
    1342
    1351
    1384
    1403
    1360
    1402
    1354
    1446
    1382
    1332
    1359
    1300
    1315
    1260
    1289
    1239
    1205
    1259
    1143
    1077
    1093
     999
    1030
    1044
    1006
    1004
     942
     970
     992
     963
     983
     863
     951
     937
     899
     882
     882
     929
     893
     880
     911
     891
     807
     915
     893
     862
     844
     866
     950
     864
     922
     907
     898
     837
     870
     862
     904
     865
     899
     800
     868
     861
     833
     876
     833
     869
     838
     860
     883
     815
     886
     836
     870
     912
     850
     919
     860
     827
     829
     814
     827
     761
     799
     855
     858
     814
     798
     808
     792
     798
     785
     856
     835
     798
     825
     797
     800
     806
     797
     850
     855
     758
     812
     782
     832
     842
     814
     744
     785
     846
     778
     832
     825
     771
     842
     788
     753
     829
     740
     803
     763
     761
     792
     781
     809
     755
     817
     803
     732
     766
     787
     781
     743
     775
     829
     743
     738
     751
     731
     763
     775
     749
     772
     763
     809
     766
     776
     789
     753
     773
     768
     781
     726
     781
     735
     758
     800
     741
     738
     815
     763
     834
     824
     774
     782
     792
     831
     826
     841
     764
     832
     795
     802
     804
     760
     794
     798
     842
     799
     866
     806
     860
     827
     779
     804
     856
     884
     807
     849
     820
     834
     831
     872
     861
     876
     884
     893
     873
     917
     847
     851
     872
     878
     931
     877
     891
     878
     924
     883
     910
     898
     873
     927
     953
     878
     912
     923
     919
     933
     888
     888
     902
     823
     836
     825
     761
     725
     736
     731
     673
     624
     627
     532
     562
     559
     544
     538
     519
     481
     513
     516
     542
     488
     431
     507
     425
     499
     448
     461
     482
     476
     456
     468
     449
     488
     431
     389
     440
     436
     435
     365
     428
     422
     423
     437
     417
     422
     395
     443
     409
     396
     422
     423
     399
     400
     380
     426
     423
     408
     418
     367
     425
     380
     379
     383
     382
     389
     427
     430
     472
     498
     602
     648
     730
     744
     878
     994
    1020
    1315
    2238
    6053
   18178
   29184
   21082
    7332
    1513
     456
     339
     322
     296
     325
     260
     276
     305
     262
     276
     266
     266
     264
     252
     242
     249
     230
     255
     254
     232
     226
     238
     226
     227
     266
     224
     217
     224
     249
     218
     198
     218
     195
     179
     197
     203
     203
     187
     194
     187
     182
     188
     176
     195
     159
     168
     175
     141
     172
     184
     153
     169
     172
     144
     157
     144
     139
     139
     127
     146
     145
     122
     119
     117
     130
     125
     140
     115
     137
     116
     135
      95
      92
     108
     118
     111
      91
     113
     112
     104
     103
      95
      91
     103
      88
     120
      83
      99
      94
      82
      83
      83
      96
      93
     107
      85
      75
      75
      77
      73
      80
      70
      55
      71
      57
      75
      74
      59
      63
      68
      62
      69
      67
      65
      70
      67
      65
      57
      82
      75
      51
      72
      76
      48
      68
      77
      71
      63
      71
      62
      65
      56
      63
      55
      79
      72
      61
      65
      55
      68
      59
      48
      59
      77
      50
      67
      59
      70
      53
      58
      76
      59
      51
      57
      72
      48
      40
      44
      63
      51
      63
      75
      65
      57
      51
      64
      53
      64
      44
      55
      64
      55
      58
      59
      46
      72
      58
      57
      49
      48
      56
      61
      59
      51
      51
      38
      52
      56
      58
      67
      55
      49
      55
      65
      74
      80
      85
      86
      89
     148
     156
     223
     290
     355
     435
     456
     547
     595
     815
    1256
    2794
    8806
   20197
   22788
   12949
    3671
     670
     124
      41
      26
      38
      36
      35
      12
      33
      27
      32
      27
      21
      22
      23
      26
      19
      28
      25
      26
      19
      28
      29
      27
      25
      28
      25
      20
      31
      29
      30
      24
      33
      21
      30
      13
      26
      29
      19
      26
      23
      22
      16
      18
      22
      17
      22
      20
      29
      13
      26
      26
      20
      26
      21
      25
      13
      22
      19
      32
      19
      30
      22
      29
      20
      22
      23
      21
      23
      23
      27
      18
      24
      16
      22
      17
      29
      20
      25
      17
      26
      22
      25
      27
      19
      20
      17
      16
      26
      28
      16
      31
      22
      18
      19
      18
      27
      18
      28
      31
      11
      24
      21
      17
      23
      30
      17
      21
      22
      21
      19
      18
      28
      26
      19
      20
      27
      31
      16
      20
      25
      18
      16
      22
      19
      18
      25
      32
      17
      24
      16
      21
      23
      19
      23
      16
      16
      31
      11
      22
      30
      17
      21
      18
      22
      23
      20
      23
      18
      12
      15
      26
      15
      14
      24
      16
      16
      21
      19
      19
      21
      22
      20
      22
      19
      20
      20
      22
      32
      31
      54
      85
      71
      43
      15
      23
      22
      20
      30
      24
      22
      16
      21
      19
      23
      22
      20
      12
      24
      20
      19
      13
      13
      18
      23
      20
      22
      20
      18
      17
       0
       0
       0
       0
       0
       0
       0
       0
       0
       0
       0
       0
       0
       0
       0
       0
       0
       0
       0
       0
       0
       0
       0
       0
       0
       0
       0
       0
       0
       0
       0
       0
$ROI:
0
$PRESETS:
None
0
0
$ENER_FIT:
0.000000 0.731044
$MCA_CAL:
3
0.000000E+000 7.310444E-001 0.000000E+000 keV
$SHAPE_CAL:
3
0.000000E+000 0.000000E+000 0.000000E+000
