$SPEC_ID:
No sample description was entered.
$SPEC_REM:
DET# 4
DETDESC# JLAB-20 MCB 131
AP# Maestro Version 7.01
$DATE_MEA:
10/07/2025 23:30:02
$MEAS_TIM:
579 600
$DATA:
0 2047
       0
       0
       0
       0
       0
       0
       0
       0
       0
       0
       0
       0
       0
       0
       0
       0
       0
       0
       0
       0
       0
       0
       0
       0
       0
       0
       0
       0
       0
       0
       0
       0
       0
       0
       0
       0
       0
       0
       0
       0
       0
       0
       0
       0
       0
       0
       0
       0
       0
       0
       0
       0
       0
       0
       0
       0
       0
       0
       0
       0
       0
       0
       0
       0
       0
       0
       0
       0
       0
      35
    1387
    1438
    1391
    1421
    1410
    1404
    1385
    1396
    1351
    1389
    1422
    1417
    1400
    1371
    1365
    1401
    1400
    1323
    1334
    1395
    1340
    1327
    1285
    1389
    1350
    1352
    1324
    1337
    1411
    1476
    1377
    1578
    1489
    1363
    1347
    1335
    1313
    1415
    1322
    1335
    1352
    1284
    1347
    1323
    1325
    1417
    1334
    1354
    1406
    1393
    1281
    1412
    1334
    1398
    1288
    1305
    1326
    1286
    1365
    1325
    1313
    1297
    1312
    1324
    1285
    1425
    1379
    1324
    1299
    1290
    1305
    1310
    1336
    1308
    1282
    1376
    1307
    1197
    1292
    1276
    1335
    1275
    1353
    1314
    1300
    1382
    1279
    1287
    1339
    1291
    1356
    1288
    1336
    1303
    1302
    1240
    1335
    1331
    1311
    1272
    1318
    1354
    1351
    1314
    1309
    1312
    1293
    1286
    1302
    1295
    1285
    1303
    1298
    1310
    1417
    1297
    1323
    1264
    1335
    1319
    1308
    1289
    1305
    1338
    1302
    1298
    1258
    1281
    1233
    1373
    1204
    1358
    1328
    1347
    1326
    1383
    1368
    1325
    1273
    1343
    1236
    1259
    1311
    1284
    1242
    1334
    1208
    1262
    1217
    1297
    1309
    1257
    1233
    1214
    1171
    1280
    1186
    1233
    1187
    1216
    1256
    1223
    1212
    1179
    1219
    1245
    1259
    1198
    1275
    1142
    1175
    1197
    1205
    1192
    1162
    1271
    1204
    1216
    1212
    1197
    1204
    1201
    1222
    1183
    1200
    1252
    1134
    1195
    1115
    1163
    1165
    1181
    1156
    1120
    1112
    1237
    1244
    1185
    1189
    1140
    1209
    1172
    1238
    1208
    1196
    1189
    1205
    1098
    1205
    1171
    1240
    1155
    1267
    1312
    1252
    1268
    1368
    1439
    1518
    1484
    1445
    1431
    1486
    1485
    1507
    1464
    1547
    1420
    1514
    1523
    1576
    1465
    1393
    1474
    1445
    1370
    1391
    1425
    1374
    1381
    1362
    1365
    1338
    1467
    1339
    1399
    1333
    1355
    1447
    1347
    1294
    1293
    1341
    1392
    1345
    1343
    1267
    1326
    1251
    1300
    1263
    1316
    1278
    1262
    1235
    1250
    1220
    1235
    1184
    1238
    1240
    1306
    1232
    1260
    1218
    1229
    1256
    1158
    1196
    1213
    1184
    1232
    1183
    1188
    1156
    1223
    1193
    1181
    1201
    1211
    1194
    1191
    1141
    1150
    1149
    1138
    1164
    1104
    1158
    1129
    1102
    1081
    1108
    1202
    1086
    1133
    1143
    1176
    1070
    1094
    1067
    1156
    1062
    1083
    1073
    1094
    1091
    1020
    1077
    1078
    1093
    1004
    1081
    1054
    1046
    1024
    1051
    1003
    1023
    1019
    1050
    1044
    1043
    1020
    1045
    1028
    1037
    1016
    1023
    1047
     974
    1042
    1027
    1058
     950
     990
     978
     989
     983
     959
     882
    1008
    1307
    1197
    1042
    1032
     958
     980
     949
     994
     981
     953
    1019
     897
     953
     952
    1015
     973
     946
     944
     908
     884
     934
     873
     931
     941
     885
     932
     918
     914
     941
     912
     938
     881
     950
     934
     900
     892
     885
     926
     922
     904
     898
     903
     896
     884
     868
     853
     864
     810
     884
     890
     897
     920
     847
     860
     890
     892
     866
     911
     875
     840
     912
     898
     823
     784
     904
     907
     878
     840
     893
     920
     865
     843
     886
     870
     899
     835
     893
     859
     832
     879
     827
     832
     830
     840
     824
     827
     881
     876
     832
     819
     836
     862
     810
     801
     841
     773
     802
     797
     818
     859
     894
     827
     780
     800
     781
     830
     802
     840
     835
     811
     796
     774
     793
     753
     814
     786
     824
     833
     795
     745
     845
     776
     849
     841
     804
     786
     801
     808
     768
     723
     807
     779
     781
     756
     731
     785
     810
     796
     814
     742
     776
     759
     768
     776
     812
     792
     756
     796
     779
     710
     767
     777
     812
     748
     814
     797
     736
     784
     731
     786
     771
     772
     793
     804
     776
     762
     773
     770
     777
     753
     772
     795
     713
     767
     804
     724
     811
     772
     726
     736
     760
     731
     743
     730
     806
     738
     733
     762
     790
     732
     808
     769
     782
     793
     797
     726
     755
     711
     821
     786
     765
     758
     768
     797
     778
     769
     690
     728
     766
     787
     733
     754
     745
     763
     774
     748
     708
     740
     780
     766
     762
     736
     746
     779
     793
     698
     750
     711
     703
     783
     794
     707
     684
     770
     788
     736
     791
     753
     764
     742
     752
     753
     786
     695
     737
     793
     757
     665
     762
     791
     747
     783
     717
     753
     669
     727
     746
     745
     742
     788
     752
     753
     752
     721
     746
     752
     766
     762
     736
     723
     725
     763
     760
     785
     763
     735
     742
     785
     753
     746
     760
     729
     715
     730
     733
     772
     766
     712
     728
     755
     729
     784
     688
     719
     745
     716
     732
     767
     730
     746
     759
     738
     754
     739
     779
     727
     707
     736
     720
     696
     779
     744
     723
     757
     697
     717
     752
     761
     730
     735
     699
     701
     723
     710
     740
     657
     701
     693
     725
     728
     735
     689
     712
     715
     681
     743
     744
     737
     741
     690
     712
     755
     657
     754
     712
     734
     777
     705
     690
     690
     738
     724
     699
     706
     724
     728
     778
     744
     735
     717
     694
     744
     747
     728
     769
     746
     753
     718
     743
     704
     734
     710
     730
     697
     743
     735
     750
     691
     742
     681
     693
     715
     696
     706
     686
     740
     741
     743
     709
     728
     714
     708
     747
     754
     691
     750
     738
     736
     713
     750
     760
     748
     714
     709
     677
     738
     751
     727
     776
     775
     668
     784
     749
     748
     738
     751
     725
     710
     728
     711
     680
     706
     732
     743
     791
     669
     714
     742
     704
     726
     729
     705
     721
     748
     708
     713
     727
     703
     689
     712
     768
     745
     674
     713
     684
     742
     755
     722
     735
     770
     716
     755
     748
     744
     719
     709
     740
     744
     792
     750
     697
     719
     765
     726
     756
     741
     699
     758
     716
     740
     766
     712
     728
     725
     695
     749
     786
     725
     755
     721
     759
     728
     719
     719
     717
     763
     761
     760
     727
     719
     726
     764
     736
     751
     761
     734
     726
     763
     747
     833
     785
     728
     757
     770
     709
     769
     723
     713
     770
     722
     780
     783
     708
     737
     693
     770
     771
     809
     757
     714
     737
     715
     730
     765
     777
     755
     743
     740
     742
     767
     740
     770
     759
     794
     778
     755
     758
     767
     783
     793
     744
     760
     721
     768
     760
     796
     740
     811
     753
     749
     741
     709
     774
     778
     768
     735
     776
     699
     690
     804
     722
     774
     729
     685
     762
     749
     753
     784
     734
     760
     773
     743
     748
     740
     733
     793
     767
     722
     733
     794
     731
     746
     804
     780
     775
     767
     782
     721
     756
     761
     816
     783
     772
     828
     787
     775
     832
     780
     777
     773
     774
     749
     759
     780
     736
     790
     813
     737
     811
     790
     829
     762
     795
     730
     756
     783
     839
     764
     870
     766
     769
     832
     753
     804
     799
     827
     740
     772
     778
     788
     784
     818
     793
     827
     787
     804
     834
     801
     806
     762
     765
     825
     835
     876
     757
     802
     829
     841
     818
     759
     835
     774
     791
     836
     785
     802
     847
     827
     810
     808
     801
     783
     838
     751
     850
     832
     798
     778
     820
     782
     865
     846
     787
     836
     819
     865
     765
     792
     816
     849
     836
     840
     815
     873
     846
     820
     828
     842
     875
     810
     853
     835
     820
     833
     902
     926
     974
     882
     883
     884
     836
     912
     895
     837
     916
     836
     914
     930
     861
     841
     891
     874
     871
     873
     888
     900
     853
     887
     865
     891
     858
     847
     902
     855
     845
     887
     882
     899
     876
     913
     828
     888
     912
     907
     889
     849
     913
     947
     906
     944
     915
     907
     904
     917
     905
     909
     948
     883
     928
     862
     896
     930
     976
     866
     932
     938
     974
     951
     934
     973
    1009
     966
     951
    1000
     999
     955
     922
     970
     992
     961
    1016
     922
     989
     990
     981
     978
    1022
    1024
    1011
     911
    1036
     943
    1002
     974
     998
     997
    1087
    1061
     963
    1031
    1026
    1010
    1015
    1077
    1062
    1014
     992
    1056
    1053
    1064
    1044
    1063
    1073
    1093
    1086
    1105
    1077
    1055
    1166
    1081
    1109
    1057
    1070
    1197
    1223
    1144
    1099
    1208
    1133
    1162
    1151
    1113
    1159
    1199
    1158
    1162
    1124
    1151
    1157
    1142
    1183
    1221
    1124
    1198
    1216
    1232
    1223
    1218
    1229
    1199
    1190
    1240
    1227
    1255
    1258
    1244
    1311
    1252
    1230
    1248
    1335
    1324
    1253
    1238
    1357
    1364
    1361
    1309
    1327
    1387
    1369
    1356
    1297
    1330
    1401
    1354
    1361
    1370
    1321
    1395
    1288
    1350
    1349
    1376
    1418
    1268
    1450
    1430
    1367
    1312
    1378
    1332
    1357
    1360
    1329
    1328
    1317
    1202
    1260
    1163
    1138
    1112
    1124
    1074
    1066
     988
     975
    1002
     990
     934
     970
     900
     944
     923
     892
     917
     930
     882
     888
     966
     838
     920
     924
     888
     896
     924
     843
     882
     929
     865
     847
     921
     879
     856
     847
     861
     879
     872
     845
     854
     837
     830
     867
     861
     838
     867
     888
     863
     794
     888
     816
     857
     790
     823
     796
     851
     877
     836
     832
     837
     827
     846
     804
     836
     826
     788
     780
     810
     816
     808
     869
     771
     830
     854
     810
     842
     802
     840
     813
     870
     804
     783
     825
     788
     774
     799
     802
     753
     834
     788
     790
     856
     720
     800
     802
     837
     756
     761
     733
     830
     783
     756
     777
     769
     768
     771
     744
     725
     722
     802
     770
     824
     772
     772
     793
     747
     796
     770
     754
     751
     745
     747
     760
     736
     736
     794
     774
     735
     800
     783
     811
     776
     774
     764
     793
     772
     801
     791
     801
     738
     762
     734
     777
     760
     766
     773
     842
     799
     822
     812
     776
     788
     806
     806
     800
     801
     773
     805
     827
     782
     792
     900
     822
     834
     814
     876
     827
     816
     870
     856
     836
     834
     826
     858
     799
     859
     874
     846
     861
     880
     866
     874
     865
     904
     892
     918
     925
     938
     909
     911
     936
     947
     957
     936
     913
     962
     883
     875
     907
     910
     892
     926
     885
     889
     893
     781
     832
     774
     755
     712
     710
     655
     647
     556
     580
     587
     565
     551
     499
     551
     492
     488
     501
     514
     472
     493
     447
     485
     408
     445
     468
     460
     437
     458
     428
     448
     406
     454
     428
     412
     472
     434
     437
     411
     391
     440
     444
     383
     388
     413
     420
     424
     373
     366
     383
     363
     418
     390
     381
     409
     388
     362
     367
     391
     395
     350
     375
     394
     364
     422
     420
     451
     603
     551
     652
     760
     784
     905
     977
    1142
    1536
    2928
    9110
   23312
   28785
   15894
    4466
     944
     335
     328
     308
     281
     258
     295
     295
     287
     260
     288
     266
     288
     258
     312
     281
     260
     258
     238
     227
     249
     253
     257
     227
     221
     251
     212
     215
     229
     200
     203
     228
     215
     224
     194
     238
     216
     199
     195
     197
     197
     210
     169
     171
     174
     160
     178
     158
     156
     160
     145
     160
     142
     153
     148
     145
     145
     142
     141
     144
     134
     125
     124
     125
     118
     116
     134
     145
     129
     135
     120
     120
     125
     103
     109
     104
     103
      94
     114
      98
      90
      99
     105
      97
      96
      91
      84
     108
      85
      68
      91
      80
      87
      94
      87
      70
      67
      66
      65
      57
     108
      87
      60
      73
      68
      75
      65
      60
      72
      73
      56
      74
      81
      79
      63
      58
      75
      66
      59
      73
      71
      65
      52
      67
      60
      68
      72
      56
      69
      69
      48
      66
      56
      76
      58
      60
      48
      61
      55
      68
      46
      73
      54
      48
      63
      62
      50
      66
      54
      41
      61
      48
      55
      50
      60
      63
      67
      61
      56
      42
      62
      69
      66
      47
      51
      46
      50
      48
      60
      51
      53
      61
      66
      53
      72
      48
      62
      41
      52
      57
      54
      42
      56
      60
      54
      48
      53
      53
      65
      47
      55
      64
      69
      58
      80
      67
      83
      78
      83
     110
     125
     181
     247
     283
     310
     408
     478
     576
     656
     891
    1595
    4302
   13023
   23133
   20111
    8371
    2046
     324
      72
      44
      29
      30
      36
      23
      30
      22
      28
      29
      23
      22
      23
      30
      23
      36
      20
      23
      27
      26
      25
      31
      24
      37
      27
      27
      30
      30
      25
      38
      32
      25
      20
      31
      23
      27
      20
      22
      28
      18
      26
      21
      20
      20
      23
      32
      27
      21
      34
      23
      21
      28
      26
      24
      26
      21
      22
      28
      27
      30
      28
      27
      22
      23
      21
      23
      28
      19
      19
      17
      21
      23
      23
      29
      23
      18
      18
      23
      24
      27
      25
      21
      28
      30
      22
      23
      21
      27
      27
      27
      26
      18
      18
      19
      27
      24
      32
      21
      22
      16
      30
      35
      27
      21
      24
      18
      27
      28
      22
      19
      26
      18
      27
      21
      22
      26
      25
      22
      24
      29
      18
      29
      25
      27
      18
      26
      17
      18
      22
      18
      10
      16
      18
      19
      17
      24
      14
      21
      29
      26
      25
      15
      19
      28
      25
      17
      20
      19
      34
      30
      19
      14
      21
      13
      23
      27
      16
      23
      21
      17
      22
      21
      21
      22
      29
      18
      26
      35
      32
      63
      78
      45
      32
      26
      21
      13
      18
      18
      17
      25
      23
      18
      23
      23
      23
      30
      23
      15
      16
      17
      19
      21
      24
      10
      19
      22
      19
      18
      22
       0
       0
       0
       0
       0
       0
       0
       0
       0
       0
       0
       0
       0
       0
       0
       0
       0
       0
       0
       0
       0
       0
       0
       0
       0
       0
       0
       0
       0
       0
       0
       0
$ROI:
0
$PRESETS:
None
0
0
$ENER_FIT:
0.000000 0.731044
$MCA_CAL:
3
0.000000E+000 7.310444E-001 0.000000E+000 keV
$SHAPE_CAL:
3
0.000000E+000 0.000000E+000 0.000000E+000
