$SPEC_ID:
No sample description was entered.
$SPEC_REM:
DET# 4
DETDESC# JLAB-20 MCB 131
AP# Maestro Version 7.01
$DATE_MEA:
10/06/2025 19:00:02
$MEAS_TIM:
579 599
$DATA:
0 2047
       0
       0
       0
       0
       0
       0
       0
       0
       0
       0
       0
       0
       0
       0
       0
       0
       0
       0
       0
       0
       0
       0
       0
       0
       0
       0
       0
       0
       0
       0
       0
       0
       0
       0
       0
       0
       0
       0
       0
       0
       0
       0
       0
       0
       0
       0
       0
       0
       0
       0
       0
       0
       0
       0
       0
       0
       0
       0
       0
       0
       0
       0
       0
       0
       0
       0
       0
       0
       0
      47
    1281
    1408
    1429
    1349
    1364
    1324
    1408
    1300
    1439
    1332
    1315
    1444
    1398
    1414
    1316
    1411
    1423
    1371
    1384
    1372
    1401
    1317
    1314
    1319
    1396
    1385
    1405
    1321
    1467
    1500
    1381
    1476
    1579
    1412
    1376
    1345
    1336
    1292
    1357
    1294
    1310
    1292
    1355
    1347
    1333
    1380
    1365
    1401
    1390
    1366
    1328
    1321
    1341
    1391
    1326
    1379
    1317
    1293
    1364
    1332
    1271
    1336
    1307
    1362
    1335
    1296
    1348
    1299
    1313
    1340
    1319
    1334
    1227
    1285
    1331
    1267
    1269
    1335
    1297
    1342
    1303
    1277
    1257
    1324
    1276
    1328
    1273
    1342
    1295
    1260
    1300
    1230
    1226
    1299
    1344
    1301
    1301
    1299
    1332
    1301
    1309
    1279
    1294
    1290
    1358
    1319
    1302
    1316
    1340
    1321
    1320
    1283
    1338
    1315
    1304
    1317
    1270
    1319
    1231
    1330
    1249
    1239
    1323
    1301
    1277
    1295
    1317
    1257
    1283
    1260
    1308
    1274
    1343
    1306
    1259
    1342
    1370
    1287
    1276
    1275
    1297
    1295
    1242
    1246
    1193
    1255
    1309
    1196
    1282
    1274
    1246
    1236
    1225
    1186
    1215
    1216
    1260
    1180
    1264
    1284
    1213
    1246
    1222
    1184
    1227
    1229
    1135
    1234
    1209
    1185
    1166
    1187
    1241
    1241
    1217
    1224
    1173
    1155
    1173
    1191
    1192
    1194
    1133
    1257
    1198
    1280
    1202
    1239
    1130
    1133
    1199
    1149
    1155
    1151
    1174
    1200
    1173
    1226
    1188
    1111
    1164
    1157
    1191
    1207
    1214
    1211
    1212
    1200
    1184
    1206
    1176
    1196
    1277
    1292
    1317
    1309
    1412
    1417
    1432
    1397
    1440
    1448
    1426
    1514
    1431
    1459
    1559
    1502
    1485
    1510
    1437
    1511
    1418
    1448
    1440
    1414
    1405
    1453
    1388
    1374
    1408
    1317
    1437
    1393
    1320
    1354
    1388
    1406
    1328
    1409
    1328
    1378
    1334
    1283
    1339
    1312
    1282
    1239
    1334
    1286
    1283
    1281
    1230
    1265
    1241
    1244
    1262
    1289
    1262
    1165
    1275
    1236
    1203
    1232
    1227
    1198
    1185
    1227
    1278
    1190
    1214
    1216
    1189
    1173
    1172
    1173
    1234
    1181
    1195
    1144
    1189
    1187
    1166
    1141
    1188
    1151
    1156
    1144
    1142
    1131
    1120
    1122
    1147
    1127
    1110
    1154
    1035
    1100
    1099
    1120
    1091
    1081
    1137
    1095
    1109
    1106
    1051
    1080
    1033
    1088
    1079
    1029
    1027
    1030
    1127
    1060
    1035
    1075
    1005
    1058
    1000
    1047
     979
    1059
    1000
     974
    1054
     961
     992
    1006
     968
    1031
    1075
     962
     956
    1059
     944
     999
     966
     937
    1004
    1082
    1262
    1168
     956
     969
     969
     968
     962
    1005
     966
     948
     988
     971
     934
     929
     917
     904
     960
     884
     965
     920
     948
     961
     949
     907
     923
     944
     937
     906
     878
     938
     927
     945
     910
     921
     925
     883
     872
     907
     904
     936
     874
     898
     842
     877
     888
     856
     936
     885
     908
     886
     965
     893
     804
     871
     866
     877
     859
     890
     870
     943
     877
     892
     824
     866
     869
     867
     903
     822
     836
     897
     838
     842
     840
     860
     852
     826
     851
     856
     849
     771
     839
     855
     828
     799
     878
     819
     810
     819
     829
     817
     838
     858
     843
     847
     849
     892
     827
     869
     828
     860
     809
     848
     841
     829
     778
     889
     841
     839
     810
     815
     760
     793
     862
     859
     826
     814
     778
     820
     801
     789
     781
     814
     829
     804
     791
     829
     756
     821
     818
     799
     842
     776
     788
     784
     767
     813
     823
     835
     752
     794
     827
     802
     794
     795
     820
     781
     783
     800
     792
     837
     771
     778
     782
     802
     771
     767
     833
     825
     765
     746
     814
     780
     791
     781
     785
     714
     766
     798
     799
     751
     783
     770
     778
     794
     753
     751
     794
     803
     783
     762
     775
     809
     720
     778
     769
     754
     750
     751
     758
     764
     725
     761
     810
     805
     807
     789
     773
     748
     784
     746
     711
     772
     753
     770
     806
     782
     695
     798
     783
     775
     780
     759
     731
     802
     769
     813
     758
     789
     763
     759
     774
     743
     759
     767
     791
     795
     735
     715
     702
     709
     736
     790
     720
     780
     728
     727
     765
     750
     706
     790
     747
     742
     755
     776
     690
     778
     713
     697
     776
     732
     712
     731
     776
     720
     728
     730
     708
     733
     742
     774
     703
     720
     752
     695
     718
     800
     721
     749
     757
     702
     727
     767
     816
     766
     792
     755
     749
     715
     718
     736
     755
     774
     705
     747
     727
     714
     707
     736
     768
     778
     757
     732
     762
     710
     744
     741
     727
     729
     669
     699
     731
     721
     760
     746
     738
     758
     730
     740
     710
     735
     707
     703
     751
     732
     736
     723
     729
     756
     760
     696
     722
     701
     716
     754
     733
     695
     691
     730
     748
     765
     738
     720
     726
     746
     703
     787
     766
     663
     740
     681
     720
     694
     740
     754
     722
     772
     743
     721
     738
     725
     713
     735
     762
     712
     767
     688
     731
     738
     731
     717
     693
     763
     747
     715
     731
     799
     732
     730
     753
     791
     732
     809
     765
     747
     692
     698
     734
     697
     697
     748
     716
     805
     748
     717
     764
     694
     770
     755
     714
     735
     789
     722
     714
     720
     715
     727
     711
     706
     729
     733
     716
     701
     737
     716
     688
     717
     784
     771
     693
     756
     710
     735
     713
     696
     744
     735
     734
     729
     762
     701
     724
     776
     720
     700
     777
     673
     766
     748
     757
     685
     695
     719
     725
     715
     732
     711
     777
     734
     729
     707
     698
     718
     740
     738
     726
     707
     809
     784
     722
     765
     726
     749
     773
     719
     759
     728
     683
     719
     705
     761
     721
     752
     677
     733
     755
     771
     725
     750
     728
     707
     718
     740
     748
     724
     731
     714
     806
     773
     779
     733
     752
     757
     706
     763
     730
     731
     735
     706
     752
     749
     733
     777
     722
     801
     747
     743
     763
     743
     731
     741
     775
     744
     740
     706
     767
     679
     738
     704
     761
     778
     736
     784
     731
     771
     768
     737
     807
     763
     747
     753
     753
     717
     690
     789
     719
     777
     754
     738
     737
     741
     744
     759
     800
     782
     763
     770
     743
     775
     752
     723
     763
     720
     729
     773
     775
     759
     749
     741
     734
     758
     745
     737
     766
     804
     759
     765
     789
     732
     791
     744
     761
     795
     763
     783
     838
     769
     807
     795
     737
     767
     764
     760
     768
     763
     786
     773
     752
     771
     764
     706
     725
     757
     768
     753
     795
     728
     815
     808
     755
     733
     818
     774
     761
     749
     809
     785
     754
     768
     734
     734
     750
     811
     755
     779
     809
     806
     725
     785
     796
     790
     786
     820
     748
     775
     817
     747
     799
     770
     740
     790
     779
     816
     804
     800
     735
     798
     756
     800
     801
     780
     846
     813
     812
     773
     784
     768
     790
     832
     781
     807
     871
     800
     856
     844
     781
     810
     811
     831
     806
     784
     784
     828
     777
     819
     794
     780
     820
     798
     881
     795
     836
     764
     819
     830
     789
     844
     823
     823
     785
     849
     853
     831
     843
     816
     819
     796
     807
     838
     891
     795
     775
     765
     833
     850
     889
     842
     826
     815
     792
     852
     826
     909
     904
     873
     956
     934
     912
     888
     892
     862
     901
     830
     931
     855
     808
     831
     801
     871
     850
     827
     840
     866
     857
     834
     872
     844
     896
     891
     895
     862
     868
     871
     887
     880
     919
     847
     870
     864
     895
     834
     922
     921
     910
     924
     908
     896
     907
     935
     939
     926
     910
     969
     964
     992
     869
     855
     850
     928
     947
     969
     920
     939
     948
     926
     902
     915
     953
     969
     982
     920
     966
     943
     958
     996
     971
     956
     975
     938
     930
    1053
     995
    1026
     957
     958
     967
     964
    1038
    1034
     954
     975
    1016
    1004
    1007
    1045
    1021
    1003
    1066
    1030
     990
    1002
    1039
    1047
     988
    1036
    1049
    1044
    1005
    1056
    1009
    1089
    1047
    1109
    1082
    1069
    1141
    1119
    1110
    1037
    1094
    1086
    1078
    1054
    1156
    1179
    1125
    1151
    1203
    1160
    1134
    1124
    1087
    1172
    1108
    1163
    1149
    1136
    1181
    1187
    1169
    1213
    1245
    1219
    1197
    1218
    1192
    1224
    1150
    1254
    1238
    1193
    1235
    1207
    1263
    1207
    1194
    1172
    1250
    1266
    1281
    1288
    1319
    1334
    1263
    1292
    1346
    1337
    1355
    1277
    1298
    1347
    1374
    1324
    1441
    1364
    1349
    1386
    1347
    1388
    1372
    1317
    1371
    1392
    1410
    1368
    1378
    1367
    1342
    1434
    1395
    1431
    1416
    1350
    1353
    1252
    1331
    1326
    1319
    1262
    1218
    1148
    1139
    1087
    1047
    1039
    1028
    1031
     933
     967
     971
     950
     954
     921
     932
     873
     928
     918
     928
     953
     928
     866
     887
     934
     885
     885
     903
     878
     891
     902
     817
     898
     897
     883
     860
     899
     847
     889
     883
     873
     885
     859
     911
     849
     832
     825
     855
     845
     838
     847
     850
     895
     884
     837
     819
     866
     845
     855
     853
     858
     825
     855
     824
     845
     815
     769
     858
     827
     815
     859
     827
     822
     838
     820
     802
     856
     792
     809
     760
     822
     840
     810
     802
     865
     841
     794
     805
     823
     816
     821
     782
     839
     760
     780
     783
     811
     853
     742
     809
     823
     778
     797
     739
     809
     803
     745
     799
     805
     783
     757
     748
     836
     793
     739
     788
     759
     780
     735
     786
     798
     779
     748
     758
     810
     775
     757
     738
     788
     750
     738
     790
     770
     757
     777
     749
     775
     821
     741
     788
     737
     806
     764
     773
     767
     774
     719
     794
     783
     812
     738
     782
     770
     786
     753
     807
     809
     743
     815
     777
     824
     840
     840
     813
     820
     865
     863
     825
     859
     851
     830
     846
     812
     888
     857
     896
     865
     843
     855
     862
     875
     874
     896
     892
     916
     885
     888
     960
     896
     923
     873
     898
     959
     889
     857
     933
     917
     873
     909
     911
     886
     910
     876
     858
     862
     835
     878
     887
     806
     832
     755
     784
     695
     648
     693
     648
     625
     568
     544
     582
     556
     545
     517
     515
     478
     541
     500
     500
     495
     467
     457
     480
     458
     476
     480
     417
     487
     445
     413
     452
     451
     462
     455
     456
     441
     411
     413
     467
     426
     418
     415
     463
     400
     396
     391
     367
     354
     389
     393
     356
     409
     400
     424
     387
     374
     363
     380
     400
     403
     396
     380
     391
     423
     457
     526
     544
     574
     704
     772
     862
     970
     994
    1213
    1789
    4148
   13063
   27201
   25621
   11205
    2620
     647
     314
     297
     280
     339
     266
     299
     287
     288
     293
     239
     284
     252
     268
     276
     255
     262
     293
     260
     244
     261
     249
     246
     223
     216
     253
     237
     219
     226
     216
     215
     222
     219
     205
     209
     181
     197
     232
     186
     185
     182
     175
     152
     160
     187
     165
     178
     171
     188
     150
     171
     163
     166
     138
     138
     134
     141
     142
     117
     136
     123
     141
     102
     106
     105
     131
     128
     125
     103
     119
     114
     119
     111
     129
     111
     112
      89
      95
      93
     100
     101
     101
      91
      98
     102
      85
     103
      80
      83
      73
      77
      93
      66
      72
      70
      86
      71
      81
      81
      87
      75
      92
      76
      92
      77
      66
      71
      68
      64
      75
      79
      81
      63
      65
      64
      58
      69
      69
      69
      68
      61
      69
      60
      70
      84
      66
      68
      75
      62
      65
      72
      51
      61
      68
      76
      72
      59
      78
      59
      71
      66
      65
      82
      55
      47
      67
      66
      60
      73
      55
      57
      69
      48
      56
      70
      49
      50
      55
      39
      58
      61
      69
      60
      53
      51
      63
      59
      44
      58
      61
      64
      49
      57
      49
      59
      55
      48
      44
      55
      61
      46
      49
      58
      45
      54
      47
      53
      49
      45
      44
      47
      67
      74
      73
      78
      59
      97
      70
     102
     118
     134
     182
     247
     303
     395
     459
     482
     615
     733
    1052
    2147
    6712
   17461
   24135
   15983
    5495
    1061
     142
      42
      39
      34
      18
      17
      21
      34
      32
      32
      25
      23
      34
      25
      33
      26
      32
      26
      21
      17
      28
      34
      32
      27
      23
      28
      27
      24
      29
      27
      39
      25
      26
      29
      25
      27
      22
      22
      27
      24
      26
      34
      29
      30
      22
      18
      19
      22
      25
      31
      28
      25
      18
      24
      16
      20
      26
      30
      26
      26
      21
      21
      16
      22
      17
      23
      22
      25
      25
      21
      29
      15
      27
      22
      18
      16
      22
      18
      26
      23
      28
      27
      31
      21
      21
      28
      22
      21
      23
      25
      27
      22
      16
      22
      23
      32
      14
      28
      26
      28
      27
      17
      15
      20
      26
      22
      10
      26
      18
      22
      18
      21
      24
      18
      28
      27
      17
      25
      22
      26
      19
      25
      27
      17
      19
      26
      14
      15
      20
      28
      21
      21
      18
      17
      23
      22
      24
      17
      15
      24
      24
      24
      27
      13
      12
      18
      14
      19
      26
      31
      20
      22
      24
      17
      18
      24
      19
      20
      24
      30
      15
      19
      24
      21
      15
      27
      19
      27
      22
      51
      81
      87
      53
      34
      23
      27
      32
      20
      19
      19
      22
      19
      18
      14
      27
      19
      20
      19
      16
      23
      14
      18
      18
      17
      21
      20
      18
      26
      15
      11
       0
       0
       0
       0
       0
       0
       0
       0
       0
       0
       0
       0
       0
       0
       0
       0
       0
       0
       0
       0
       0
       0
       0
       0
       0
       0
       0
       0
       0
       0
       0
       0
$ROI:
0
$PRESETS:
None
0
0
$ENER_FIT:
0.000000 0.731044
$MCA_CAL:
3
0.000000E+000 7.310444E-001 0.000000E+000 keV
$SHAPE_CAL:
3
0.000000E+000 0.000000E+000 0.000000E+000
