$SPEC_ID:
No sample description was entered.
$SPEC_REM:
DET# 4
DETDESC# JLAB-20 MCB 131
AP# Maestro Version 7.01
$DATE_MEA:
10/07/2025 07:00:02
$MEAS_TIM:
579 599
$DATA:
0 2047
       0
       0
       0
       0
       0
       0
       0
       0
       0
       0
       0
       0
       0
       0
       0
       0
       0
       0
       0
       0
       0
       0
       0
       0
       0
       0
       0
       0
       0
       0
       0
       0
       0
       0
       0
       0
       0
       0
       0
       0
       0
       0
       0
       0
       0
       0
       0
       0
       0
       0
       0
       0
       0
       0
       0
       0
       0
       0
       0
       0
       0
       0
       0
       0
       0
       0
       0
       0
       0
      45
    1326
    1438
    1390
    1423
    1408
    1387
    1389
    1368
    1357
    1374
    1356
    1355
    1294
    1391
    1367
    1392
    1356
    1385
    1385
    1363
    1318
    1387
    1349
    1372
    1355
    1379
    1360
    1352
    1458
    1452
    1355
    1606
    1587
    1433
    1378
    1400
    1363
    1312
    1322
    1368
    1304
    1319
    1343
    1354
    1402
    1355
    1346
    1328
    1342
    1277
    1339
    1336
    1377
    1339
    1291
    1292
    1296
    1280
    1305
    1263
    1309
    1346
    1283
    1319
    1311
    1307
    1246
    1331
    1301
    1348
    1307
    1358
    1259
    1274
    1303
    1350
    1267
    1292
    1284
    1347
    1320
    1248
    1329
    1314
    1306
    1284
    1345
    1273
    1230
    1290
    1306
    1305
    1323
    1301
    1334
    1312
    1347
    1270
    1339
    1236
    1328
    1269
    1363
    1275
    1305
    1249
    1349
    1310
    1351
    1319
    1274
    1261
    1254
    1350
    1316
    1333
    1377
    1292
    1325
    1271
    1245
    1274
    1364
    1345
    1291
    1253
    1285
    1234
    1268
    1332
    1262
    1319
    1316
    1278
    1288
    1315
    1355
    1241
    1307
    1267
    1343
    1296
    1191
    1211
    1271
    1292
    1284
    1234
    1281
    1246
    1289
    1259
    1219
    1275
    1224
    1280
    1255
    1255
    1251
    1192
    1260
    1268
    1212
    1242
    1221
    1227
    1186
    1158
    1247
    1222
    1146
    1172
    1199
    1143
    1163
    1180
    1169
    1265
    1170
    1270
    1207
    1151
    1225
    1229
    1183
    1237
    1165
    1212
    1148
    1182
    1170
    1182
    1160
    1201
    1188
    1191
    1113
    1145
    1182
    1226
    1155
    1220
    1189
    1199
    1196
    1248
    1239
    1164
    1165
    1152
    1317
    1249
    1263
    1268
    1289
    1356
    1376
    1386
    1396
    1379
    1471
    1460
    1406
    1553
    1467
    1454
    1494
    1560
    1526
    1468
    1463
    1486
    1474
    1405
    1480
    1418
    1465
    1477
    1386
    1421
    1285
    1384
    1405
    1441
    1380
    1395
    1404
    1311
    1360
    1264
    1389
    1367
    1323
    1340
    1330
    1312
    1270
    1269
    1240
    1297
    1302
    1239
    1308
    1308
    1297
    1287
    1276
    1215
    1229
    1283
    1258
    1226
    1250
    1282
    1216
    1226
    1181
    1233
    1216
    1200
    1259
    1165
    1165
    1198
    1188
    1152
    1169
    1232
    1132
    1227
    1178
    1138
    1195
    1115
    1123
    1146
    1125
    1138
    1162
    1129
    1109
    1080
    1113
    1149
    1143
    1066
    1103
    1101
    1021
    1052
    1172
    1096
    1131
    1125
    1078
    1099
    1113
    1072
    1034
    1154
    1031
    1025
    1001
    1050
    1037
    1051
    1006
    1024
    1029
    1009
    1083
     989
    1032
    1052
    1087
     989
    1050
    1033
     989
     996
    1042
     996
    1000
     949
     989
    1012
    1001
    1014
     984
    1072
    1014
    1026
    1331
    1173
    1059
     966
     989
     985
     972
     985
     954
     970
     957
     955
     957
     954
     936
     936
     913
     946
     987
     918
     948
     873
     894
     935
     928
     940
     875
     963
     905
     941
     923
     928
     910
     896
     881
     922
     896
     940
     875
     933
     911
     901
     916
     865
     827
     799
     863
     900
     876
     880
     962
     884
     847
     933
     872
     854
     854
     906
     877
     836
     860
     909
     859
     924
     853
     861
     833
     887
     912
     904
     872
     873
     840
     863
     878
     767
     931
     867
     854
     886
     793
     799
     826
     841
     870
     859
     843
     799
     871
     794
     855
     831
     861
     844
     813
     850
     815
     822
     857
     814
     769
     809
     786
     824
     838
     795
     802
     865
     837
     826
     792
     874
     817
     853
     826
     854
     793
     799
     776
     715
     752
     786
     845
     784
     828
     810
     808
     789
     778
     790
     833
     772
     787
     802
     797
     786
     802
     813
     758
     813
     786
     773
     716
     756
     823
     790
     818
     810
     764
     791
     818
     859
     808
     786
     780
     765
     796
     771
     764
     747
     734
     768
     783
     792
     807
     768
     713
     804
     730
     768
     820
     737
     781
     781
     741
     771
     796
     784
     740
     793
     803
     791
     703
     819
     820
     813
     690
     784
     777
     797
     765
     784
     761
     792
     754
     773
     742
     773
     801
     767
     814
     699
     841
     745
     743
     773
     784
     751
     798
     722
     757
     745
     787
     786
     758
     784
     794
     802
     759
     751
     775
     763
     707
     747
     738
     721
     800
     728
     753
     777
     726
     734
     739
     740
     724
     750
     756
     726
     742
     707
     750
     748
     757
     737
     730
     724
     776
     699
     761
     796
     746
     755
     789
     762
     744
     735
     722
     732
     727
     773
     765
     717
     737
     761
     754
     709
     764
     772
     717
     760
     740
     785
     770
     773
     704
     789
     725
     757
     763
     724
     747
     754
     733
     721
     706
     742
     741
     760
     714
     729
     740
     734
     765
     730
     725
     709
     741
     732
     753
     748
     752
     718
     736
     727
     747
     706
     735
     702
     741
     735
     752
     768
     755
     751
     742
     721
     706
     720
     737
     766
     711
     722
     696
     766
     756
     703
     673
     774
     669
     705
     752
     724
     741
     773
     740
     727
     751
     755
     703
     702
     731
     755
     737
     710
     713
     764
     741
     758
     750
     706
     751
     731
     748
     717
     684
     758
     767
     703
     697
     688
     752
     768
     690
     717
     730
     726
     730
     722
     726
     687
     726
     813
     702
     759
     718
     731
     719
     738
     714
     685
     690
     737
     780
     722
     722
     703
     762
     724
     735
     705
     708
     687
     770
     702
     782
     766
     765
     741
     715
     690
     692
     804
     723
     770
     697
     741
     754
     817
     766
     704
     774
     712
     683
     755
     703
     695
     739
     707
     733
     701
     758
     693
     756
     756
     734
     731
     776
     703
     747
     722
     776
     687
     721
     732
     707
     737
     769
     730
     707
     729
     771
     695
     719
     761
     752
     724
     692
     735
     747
     703
     702
     672
     761
     737
     772
     776
     685
     723
     774
     709
     715
     711
     766
     720
     763
     743
     721
     757
     711
     726
     691
     671
     744
     740
     767
     691
     755
     753
     750
     806
     777
     763
     790
     734
     731
     764
     753
     731
     736
     763
     730
     724
     709
     776
     739
     653
     731
     753
     727
     755
     732
     749
     776
     743
     731
     730
     765
     747
     707
     805
     725
     776
     757
     767
     751
     754
     691
     730
     698
     746
     739
     749
     710
     687
     744
     732
     770
     775
     732
     775
     740
     760
     718
     820
     770
     754
     745
     745
     744
     736
     744
     750
     787
     714
     749
     748
     769
     722
     811
     770
     750
     771
     722
     769
     703
     739
     812
     798
     788
     791
     736
     766
     740
     746
     708
     745
     761
     752
     839
     780
     748
     732
     747
     710
     734
     759
     771
     798
     766
     782
     769
     833
     755
     737
     743
     748
     742
     723
     779
     768
     745
     765
     750
     730
     759
     778
     812
     781
     749
     793
     809
     718
     766
     802
     736
     829
     797
     730
     736
     810
     758
     743
     743
     790
     839
     726
     789
     789
     800
     795
     791
     783
     722
     824
     760
     736
     793
     826
     767
     797
     796
     724
     826
     744
     788
     768
     845
     770
     766
     827
     796
     789
     831
     847
     784
     747
     840
     838
     811
     835
     783
     869
     778
     791
     802
     808
     802
     825
     777
     806
     782
     813
     785
     803
     846
     798
     815
     815
     853
     842
     835
     821
     874
     827
     888
     807
     862
     825
     825
     845
     856
     806
     859
     870
     852
     827
     814
     846
     817
     864
     826
     864
     847
     857
     921
     950
     964
     911
     866
     870
     828
     891
     888
     930
     900
     878
     855
     854
     893
     874
     876
     841
     807
     838
     875
     887
     877
     839
     899
     856
     867
     913
     962
     900
     883
     892
     879
     941
     872
     903
     907
     913
     844
     887
     926
     896
     916
     920
     918
     926
     840
     869
     891
     908
     887
     932
     897
     921
     932
     882
     881
     866
     940
     936
     926
     941
     944
     960
     970
     947
     869
     966
     968
     928
     936
     914
     979
     945
    1001
     971
     993
     980
     983
     968
     994
     973
     995
    1014
    1012
    1024
    1012
    1081
    1051
    1011
    1016
     969
    1016
     998
    1085
    1018
    1039
    1042
    1030
    1055
    1124
    1076
    1029
    1039
    1021
    1050
    1092
    1166
    1076
    1104
    1089
    1113
    1153
    1138
    1141
    1062
    1086
    1127
    1078
    1107
    1103
    1085
    1124
    1137
    1110
    1115
    1142
    1184
    1179
    1124
    1167
    1086
    1174
    1190
    1212
    1215
    1202
    1121
    1295
    1203
    1198
    1122
    1243
    1215
    1226
    1144
    1240
    1292
    1258
    1255
    1222
    1254
    1282
    1307
    1276
    1374
    1268
    1294
    1267
    1335
    1370
    1279
    1323
    1259
    1325
    1314
    1352
    1374
    1402
    1357
    1375
    1385
    1419
    1403
    1330
    1315
    1392
    1389
    1380
    1376
    1419
    1465
    1301
    1417
    1344
    1343
    1406
    1460
    1354
    1381
    1305
    1291
    1350
    1290
    1208
    1213
    1154
    1090
    1089
    1012
    1021
     985
    1042
     939
     957
     936
     948
     954
     933
     977
     909
     898
     907
     949
     901
     939
     919
     898
     967
     941
     878
     866
     891
     877
     891
     875
     936
     861
     858
     847
     863
     922
     892
     868
     877
     858
     884
     858
     871
     833
     858
     824
     805
     835
     886
     848
     800
     838
     832
     916
     868
     800
     844
     821
     823
     788
     854
     831
     817
     790
     815
     837
     776
     825
     872
     774
     818
     805
     864
     819
     794
     776
     809
     837
     816
     791
     795
     798
     834
     787
     832
     814
     808
     746
     797
     812
     806
     782
     792
     805
     799
     796
     820
     725
     824
     786
     757
     782
     827
     764
     791
     813
     761
     812
     812
     774
     798
     768
     771
     781
     748
     794
     792
     771
     776
     799
     779
     790
     777
     793
     764
     808
     723
     778
     732
     756
     762
     796
     789
     729
     805
     744
     750
     817
     726
     778
     747
     749
     804
     753
     783
     811
     779
     743
     789
     783
     781
     797
     827
     831
     785
     821
     784
     801
     848
     848
     818
     820
     821
     855
     872
     853
     830
     780
     806
     859
     886
     847
     850
     796
     901
     879
     890
     894
     849
     880
     918
     918
     934
     935
     869
     880
     898
     945
     902
     921
     881
     874
     884
     949
     933
     900
     910
     925
     873
     857
     864
     890
     883
     836
     855
     864
     767
     834
     811
     693
     671
     653
     572
     614
     605
     539
     538
     543
     553
     549
     501
     486
     529
     477
     486
     506
     478
     452
     499
     469
     458
     467
     479
     447
     408
     408
     421
     465
     420
     467
     440
     412
     453
     430
     466
     440
     444
     458
     373
     427
     413
     398
     407
     420
     407
     436
     390
     414
     397
     407
     381
     397
     430
     385
     417
     398
     414
     395
     385
     405
     405
     487
     561
     600
     709
     741
     800
     832
     962
    1202
    1549
    3105
    9257
   23494
   28561
   15354
    4303
     905
     383
     268
     289
     287
     288
     299
     300
     271
     277
     267
     281
     261
     280
     267
     238
     266
     226
     259
     251
     262
     273
     253
     243
     233
     240
     217
     231
     225
     203
     220
     201
     178
     196
     223
     183
     191
     205
     187
     207
     207
     169
     192
     181
     185
     178
     165
     162
     189
     165
     155
     137
     146
     162
     147
     136
     129
     150
     139
     142
     163
     133
     117
     127
     128
     144
     106
     126
     113
     116
     112
     112
     109
     109
     111
      98
     110
     104
     117
      99
      84
      92
     109
     100
      90
     102
      90
      75
      92
     103
      83
      93
      84
      71
      88
      91
      68
      91
      67
      63
      80
      71
      65
      89
      71
      67
      71
      62
      80
      74
      69
      72
      70
      57
      78
      56
      64
      73
      64
      72
      67
      63
      74
      72
      65
      51
      70
      61
      62
      48
      74
      63
      59
      62
      60
      65
      62
      60
      48
      57
      56
      54
      61
      61
      59
      65
      66
      45
      59
      53
      55
      62
      55
      55
      67
      53
      74
      53
      53
      64
      54
      61
      58
      62
      49
      54
      57
      50
      51
      67
      59
      60
      63
      60
      44
      63
      55
      55
      62
      62
      60
      51
      61
      66
      44
      56
      68
      55
      41
      58
      52
      59
      63
      64
      50
      57
      72
      72
      85
      90
     146
     165
     245
     293
     358
     402
     466
     531
     679
     886
    1552
    4557
   13202
   23322
   19777
    8583
    2013
     308
      47
      47
      32
      37
      26
      25
      25
      34
      25
      17
      14
      30
      22
      27
      32
      29
      22
      21
      30
      29
      27
      23
      18
      22
      19
      32
      28
      26
      33
      35
      26
      23
      32
      24
      30
      20
      16
      30
      28
      16
      21
      26
      20
      22
      27
      13
      25
      23
      28
      20
      29
      28
      13
      30
      23
      26
      26
      30
      29
      23
      14
      31
      31
      21
      15
      16
      24
      22
      34
      26
      38
      25
      20
      19
      17
      27
      24
      27
      22
      33
      21
      30
      21
      18
      25
      20
      19
      18
      25
      21
      17
      26
      19
      22
      17
      20
      28
      22
      33
      26
      20
      17
      22
      18
      23
      25
      24
      19
      24
      22
      17
      19
      19
      20
      25
      26
      26
      23
      19
      20
      18
      22
      19
      29
      20
      21
      22
      32
      23
      17
      18
      14
      25
      16
      16
      25
      24
      23
      17
      24
      27
      15
      22
      22
      20
      18
      18
      16
      16
      19
      13
      18
      15
      23
      14
      24
      18
      30
      15
      23
      18
      24
      20
      20
      22
      27
      29
      21
      43
      69
      66
      56
      34
      19
      28
      19
      15
      16
      21
      25
      16
      16
      20
      15
      12
      18
      23
      19
      23
      18
      11
      21
      20
      22
      16
      20
      19
      23
      17
       0
       0
       0
       0
       0
       0
       0
       0
       0
       0
       0
       0
       0
       0
       0
       0
       0
       0
       0
       0
       0
       0
       0
       0
       0
       0
       0
       0
       0
       0
       0
       0
$ROI:
0
$PRESETS:
None
0
0
$ENER_FIT:
0.000000 0.731044
$MCA_CAL:
3
0.000000E+000 7.310444E-001 0.000000E+000 keV
$SHAPE_CAL:
3
0.000000E+000 0.000000E+000 0.000000E+000
