$SPEC_ID:
No sample description was entered.
$SPEC_REM:
DET# 4
DETDESC# JLAB-20 MCB 131
AP# Maestro Version 7.01
$DATE_MEA:
10/07/2025 17:10:02
$MEAS_TIM:
579 599
$DATA:
0 2047
       0
       0
       0
       0
       0
       0
       0
       0
       0
       0
       0
       0
       0
       0
       0
       0
       0
       0
       0
       0
       0
       0
       0
       0
       0
       0
       0
       0
       0
       0
       0
       0
       0
       0
       0
       0
       0
       0
       0
       0
       0
       0
       0
       0
       0
       0
       0
       0
       0
       0
       0
       0
       0
       0
       0
       0
       0
       0
       0
       0
       0
       0
       0
       0
       0
       0
       0
       0
       0
      33
    1323
    1399
    1403
    1427
    1371
    1341
    1358
    1334
    1410
    1414
    1349
    1385
    1297
    1387
    1399
    1370
    1317
    1371
    1323
    1345
    1338
    1368
    1325
    1362
    1305
    1331
    1321
    1391
    1387
    1565
    1347
    1506
    1577
    1370
    1386
    1432
    1304
    1340
    1296
    1354
    1343
    1350
    1322
    1304
    1348
    1431
    1378
    1318
    1383
    1400
    1283
    1278
    1309
    1386
    1325
    1290
    1317
    1313
    1289
    1360
    1377
    1224
    1349
    1299
    1312
    1277
    1268
    1342
    1340
    1311
    1250
    1340
    1355
    1317
    1321
    1271
    1316
    1273
    1264
    1340
    1297
    1190
    1337
    1267
    1295
    1341
    1282
    1296
    1254
    1354
    1263
    1319
    1340
    1273
    1285
    1318
    1286
    1343
    1274
    1366
    1276
    1324
    1340
    1280
    1330
    1306
    1329
    1321
    1286
    1280
    1273
    1243
    1352
    1309
    1336
    1315
    1259
    1339
    1252
    1279
    1334
    1303
    1285
    1294
    1181
    1320
    1261
    1371
    1312
    1282
    1264
    1247
    1311
    1237
    1227
    1352
    1391
    1272
    1277
    1235
    1306
    1297
    1293
    1224
    1321
    1307
    1295
    1275
    1248
    1334
    1227
    1207
    1270
    1222
    1287
    1210
    1282
    1194
    1268
    1249
    1234
    1203
    1256
    1261
    1200
    1170
    1176
    1280
    1226
    1251
    1184
    1206
    1241
    1221
    1189
    1207
    1212
    1154
    1176
    1182
    1209
    1229
    1224
    1261
    1200
    1205
    1198
    1130
    1195
    1187
    1170
    1169
    1130
    1165
    1206
    1177
    1158
    1144
    1176
    1220
    1176
    1175
    1213
    1242
    1204
    1264
    1172
    1200
    1190
    1198
    1234
    1189
    1201
    1204
    1253
    1351
    1284
    1367
    1426
    1425
    1499
    1489
    1461
    1465
    1487
    1480
    1499
    1469
    1455
    1467
    1514
    1488
    1482
    1436
    1506
    1471
    1502
    1369
    1431
    1375
    1396
    1404
    1378
    1402
    1375
    1377
    1394
    1372
    1359
    1403
    1400
    1350
    1311
    1336
    1328
    1357
    1340
    1338
    1260
    1272
    1253
    1276
    1249
    1249
    1224
    1222
    1227
    1278
    1284
    1253
    1229
    1172
    1166
    1209
    1182
    1258
    1225
    1213
    1237
    1225
    1215
    1183
    1224
    1166
    1164
    1171
    1199
    1121
    1258
    1143
    1185
    1116
    1119
    1129
    1166
    1131
    1139
    1138
    1157
    1179
    1108
    1118
    1150
    1125
    1062
    1113
    1104
    1125
    1045
    1052
    1055
    1088
    1098
    1107
    1056
    1102
    1081
    1133
    1080
    1034
    1063
    1078
    1093
    1090
    1043
    1053
    1023
    1013
     965
     983
     952
     981
    1060
     991
    1056
    1056
     991
    1021
     975
    1037
    1007
    1014
    1064
    1026
    1028
    1013
     939
     988
     969
     991
     978
    1010
    1215
    1202
    1060
     997
     979
    1021
     930
     943
     958
     936
    1010
     954
     969
     993
    1016
     902
     922
     965
     931
     947
     933
     931
     892
     888
     958
     893
     892
     930
     917
     901
     949
     871
     910
     911
     922
     891
     951
     924
     900
     951
     923
     849
     929
     840
     901
     858
     937
     906
     905
     899
     887
     923
     899
     890
     911
     880
     917
     891
     881
     842
     899
     877
     815
     798
     906
     871
     885
     873
     850
     877
     827
     888
     882
     855
     829
     882
     825
     847
     885
     843
     871
     834
     906
     875
     853
     826
     813
     856
     782
     821
     857
     884
     793
     839
     817
     806
     863
     869
     855
     819
     826
     836
     819
     840
     830
     822
     843
     818
     811
     840
     843
     805
     842
     800
     766
     876
     806
     776
     803
     802
     810
     818
     789
     793
     841
     809
     840
     792
     813
     834
     805
     810
     807
     822
     749
     793
     789
     780
     750
     795
     798
     782
     849
     795
     784
     780
     818
     776
     769
     785
     804
     748
     832
     781
     788
     770
     752
     750
     776
     766
     765
     779
     764
     802
     780
     742
     780
     759
     738
     754
     819
     761
     804
     797
     801
     761
     783
     714
     746
     806
     772
     757
     800
     758
     819
     755
     782
     820
     784
     816
     757
     802
     819
     741
     752
     780
     755
     783
     717
     744
     726
     759
     742
     733
     797
     772
     778
     765
     737
     736
     744
     727
     752
     719
     754
     754
     772
     744
     765
     804
     709
     756
     744
     798
     709
     742
     757
     726
     761
     754
     784
     713
     773
     750
     728
     727
     761
     762
     796
     731
     737
     715
     702
     735
     746
     719
     782
     762
     744
     754
     742
     743
     715
     722
     743
     687
     730
     732
     726
     726
     758
     695
     735
     727
     707
     750
     737
     787
     738
     727
     716
     760
     804
     770
     826
     744
     796
     769
     706
     752
     722
     739
     767
     713
     748
     733
     766
     757
     751
     727
     730
     764
     735
     730
     755
     744
     721
     700
     669
     691
     735
     711
     733
     704
     725
     718
     751
     765
     701
     775
     773
     715
     720
     711
     721
     692
     737
     734
     747
     752
     741
     685
     686
     684
     780
     748
     733
     742
     766
     758
     710
     695
     721
     727
     741
     784
     725
     781
     754
     732
     779
     742
     715
     742
     699
     754
     741
     686
     733
     744
     771
     684
     754
     744
     684
     695
     688
     743
     671
     748
     742
     746
     769
     736
     695
     731
     685
     704
     738
     769
     720
     738
     739
     741
     708
     725
     773
     702
     771
     682
     744
     750
     719
     729
     740
     721
     736
     674
     723
     730
     734
     714
     694
     720
     701
     727
     709
     744
     733
     738
     699
     722
     723
     757
     776
     793
     740
     766
     717
     740
     730
     749
     734
     738
     743
     738
     728
     682
     715
     712
     719
     718
     737
     695
     767
     737
     748
     729
     714
     739
     727
     734
     725
     748
     664
     686
     710
     693
     707
     761
     714
     751
     736
     754
     769
     698
     705
     734
     698
     732
     790
     768
     722
     792
     701
     732
     745
     733
     754
     672
     733
     723
     723
     746
     758
     759
     713
     696
     743
     731
     758
     760
     740
     729
     741
     773
     746
     745
     722
     742
     772
     754
     737
     721
     756
     812
     804
     728
     722
     752
     675
     724
     772
     717
     746
     683
     774
     758
     761
     786
     769
     767
     763
     769
     778
     689
     762
     708
     706
     767
     733
     725
     758
     710
     742
     768
     776
     752
     745
     719
     736
     716
     759
     745
     754
     768
     731
     794
     751
     718
     833
     778
     730
     748
     748
     705
     783
     817
     765
     759
     719
     780
     777
     797
     739
     768
     762
     762
     755
     764
     733
     768
     790
     778
     766
     770
     790
     721
     710
     754
     738
     759
     761
     795
     734
     750
     753
     789
     751
     756
     762
     797
     722
     744
     786
     772
     773
     823
     743
     787
     735
     777
     778
     769
     805
     714
     728
     795
     706
     773
     764
     772
     730
     799
     797
     750
     765
     709
     776
     824
     760
     729
     748
     809
     775
     750
     829
     755
     754
     782
     807
     800
     775
     767
     780
     774
     836
     740
     851
     764
     766
     809
     814
     764
     803
     767
     808
     781
     741
     811
     807
     767
     791
     835
     812
     727
     832
     809
     798
     817
     869
     812
     761
     792
     801
     794
     827
     826
     771
     833
     786
     808
     740
     823
     809
     794
     820
     840
     807
     810
     819
     789
     826
     834
     869
     844
     842
     806
     826
     804
     840
     838
     831
     849
     839
     823
     810
     815
     811
     849
     843
     807
     854
     854
     871
     840
     881
     849
     844
     862
     867
     863
     892
     861
     913
     902
     944
     919
     836
     835
     845
     881
     865
     918
     946
     866
     914
     887
     906
     919
     862
     872
     845
     894
     865
     913
     854
     831
     920
     843
     876
     884
     829
     886
     860
     920
     921
     915
     898
     928
     912
     896
     881
     894
     916
     863
     894
     930
     944
     940
     887
     880
     925
     922
     880
     902
     914
     925
    1004
     963
     947
     940
     933
     904
     934
     965
     993
     972
     957
     983
     964
     914
     956
     980
    1009
    1004
     949
     958
     951
     984
    1000
     917
     937
    1036
     965
    1040
     957
     943
    1047
     996
    1083
    1040
     998
     977
     997
    1033
    1000
    1074
     988
    1086
     972
    1057
    1111
    1073
    1005
    1120
    1080
    1028
    1095
    1074
    1000
    1082
    1110
    1059
    1116
    1069
    1136
    1071
    1136
    1100
    1172
    1090
    1160
    1104
    1106
    1109
    1144
    1189
    1099
    1111
    1153
    1183
    1150
    1195
    1196
    1168
    1221
    1191
    1195
    1186
    1180
    1163
    1260
    1161
    1196
    1178
    1240
    1220
    1250
    1223
    1212
    1245
    1329
    1256
    1266
    1292
    1285
    1290
    1303
    1320
    1304
    1241
    1274
    1298
    1337
    1328
    1307
    1339
    1313
    1368
    1343
    1383
    1336
    1324
    1375
    1367
    1369
    1334
    1428
    1265
    1356
    1396
    1426
    1342
    1399
    1452
    1470
    1341
    1257
    1352
    1326
    1387
    1319
    1388
    1337
    1313
    1287
    1197
    1208
    1106
    1097
    1069
    1067
    1036
    1000
    1077
     952
    1004
     949
     962
     989
     945
     898
     910
     967
     950
     875
     905
     914
     918
     853
     897
     940
     917
     899
     888
     876
     933
     906
     870
     932
     871
     843
     911
     857
     831
     886
     854
     867
     890
     863
     850
     822
     859
     822
     868
     879
     891
     881
     844
     838
     876
     893
     868
     841
     859
     851
     901
     842
     824
     838
     893
     847
     817
     860
     840
     890
     823
     827
     786
     782
     788
     879
     809
     762
     844
     860
     835
     794
     856
     785
     776
     800
     847
     806
     849
     778
     851
     735
     794
     753
     761
     839
     780
     786
     746
     776
     771
     785
     765
     842
     803
     766
     776
     818
     781
     786
     779
     774
     793
     775
     768
     772
     777
     783
     778
     780
     777
     756
     805
     790
     798
     825
     699
     777
     720
     760
     788
     742
     731
     807
     813
     735
     787
     751
     806
     747
     768
     799
     785
     815
     798
     782
     798
     814
     770
     781
     761
     798
     755
     859
     797
     820
     744
     772
     797
     804
     807
     821
     839
     845
     825
     799
     829
     840
     823
     845
     855
     875
     888
     824
     863
     850
     842
     848
     857
     804
     831
     899
     869
     909
     912
     880
     862
     897
     862
     902
     882
     868
     889
     899
     966
     951
     970
     910
     882
     845
     919
     889
     890
     893
     875
     869
     876
     879
     837
     801
     759
     689
     717
     684
     667
     628
     585
     584
     609
     537
     501
     515
     528
     498
     516
     498
     513
     483
     466
     487
     500
     451
     438
     474
     514
     447
     436
     470
     441
     474
     418
     418
     414
     391
     416
     469
     401
     424
     405
     414
     443
     376
     408
     386
     363
     416
     405
     408
     426
     395
     404
     393
     414
     434
     387
     383
     406
     412
     408
     389
     425
     385
     399
     486
     493
     533
     598
     726
     730
     792
     880
     974
    1140
    1648
    3334
   10307
   24707
   28053
   14012
    3870
     751
     330
     304
     303
     280
     286
     316
     291
     250
     259
     273
     264
     283
     225
     243
     261
     251
     272
     241
     230
     246
     219
     234
     221
     216
     254
     238
     211
     235
     236
     214
     197
     201
     234
     203
     216
     211
     206
     176
     196
     186
     175
     161
     168
     153
     159
     169
     189
     159
     160
     151
     136
     139
     142
     142
     169
     155
     143
     154
     116
     142
     149
     138
     135
     139
     131
     123
     116
     108
     116
     104
     101
     134
     112
      86
     101
     106
     108
     105
     107
      98
      93
      88
      96
     110
      95
     105
      76
      67
      70
      73
      77
     100
      91
      85
      76
      81
      75
      72
      72
      81
      67
      85
      68
      68
      79
      77
      61
      76
      71
      69
      69
      69
      61
      78
      65
      62
      76
      62
      58
      58
      58
      65
      47
      76
      62
      63
      73
      69
      72
      60
      69
      69
      57
      59
      90
      76
      60
      66
      55
      57
      60
      74
      65
      56
      67
      63
      65
      65
      57
      49
      58
      59
      68
      67
      71
      59
      62
      47
      64
      63
      61
      62
      37
      57
      61
      40
      55
      50
      44
      68
      46
      51
      48
      45
      54
      46
      55
      57
      52
      48
      56
      53
      52
      60
      66
      62
      49
      60
      68
      54
      44
      44
      64
      72
      62
      63
      83
     108
     105
     132
     182
     246
     300
     366
     425
     511
     514
     642
     958
    1764
    5074
   14371
   23582
   18686
    7510
    1703
     245
      59
      35
      35
      37
      24
      37
      28
      30
      28
      28
      22
      33
      28
      17
      32
      23
      28
      32
      38
      25
      24
      26
      28
      27
      17
      15
      24
      30
      20
      32
      26
      20
      26
      25
      21
      31
      30
      22
      25
      35
      23
      25
      13
      35
      20
      21
      23
      26
      14
      20
      30
      19
      24
      25
      28
      14
      28
      32
      26
      30
      25
      26
      27
      21
      34
      26
      18
      25
      21
      22
      18
      23
      19
      20
      15
      25
      24
      20
      27
      30
      19
      24
      28
      15
      22
      23
      33
      19
      20
      32
      23
      24
      14
      32
      19
      28
      27
      24
      21
      27
      29
      20
      17
      30
      26
      18
      26
      26
      15
      29
      20
      18
      19
      21
      19
      17
      31
      21
      21
      17
      19
      25
      30
      19
      14
      24
      21
      20
      31
      14
      19
      16
      29
      27
      22
      23
      17
      16
      31
      14
      17
      19
      21
      21
      17
      20
      24
      18
      25
      21
      21
      15
      27
      13
      17
      17
      23
      17
      16
      21
      22
      23
      21
      25
      17
      20
      33
      30
      48
      78
      79
      50
      30
      23
      18
      24
      18
      18
      17
      12
      20
      22
      15
      21
      19
      31
      18
      30
      22
      24
      13
      26
      16
      22
      21
      20
      20
      19
      20
       0
       0
       0
       0
       0
       0
       0
       0
       0
       0
       0
       0
       0
       0
       0
       0
       0
       0
       0
       0
       0
       0
       0
       0
       0
       0
       0
       0
       0
       0
       0
       0
$ROI:
0
$PRESETS:
None
0
0
$ENER_FIT:
0.000000 0.731044
$MCA_CAL:
3
0.000000E+000 7.310444E-001 0.000000E+000 keV
$SHAPE_CAL:
3
0.000000E+000 0.000000E+000 0.000000E+000
