$SPEC_ID:
No sample description was entered.
$SPEC_REM:
DET# 4
DETDESC# JLAB-20 MCB 131
AP# Maestro Version 7.01
$DATE_MEA:
10/06/2025 18:00:02
$MEAS_TIM:
579 600
$DATA:
0 2047
       0
       0
       0
       0
       0
       0
       0
       0
       0
       0
       0
       0
       0
       0
       0
       0
       0
       0
       0
       0
       0
       0
       0
       0
       0
       0
       0
       0
       0
       0
       0
       0
       0
       0
       0
       0
       0
       0
       0
       0
       0
       0
       0
       0
       0
       0
       0
       0
       0
       0
       0
       0
       0
       0
       0
       0
       0
       0
       0
       0
       0
       0
       0
       0
       0
       0
       0
       0
       0
      47
    1347
    1331
    1385
    1429
    1313
    1324
    1369
    1412
    1311
    1378
    1430
    1401
    1332
    1312
    1329
    1358
    1345
    1368
    1324
    1376
    1336
    1378
    1391
    1420
    1299
    1331
    1349
    1308
    1381
    1452
    1397
    1559
    1618
    1406
    1374
    1343
    1343
    1301
    1287
    1300
    1355
    1302
    1282
    1344
    1344
    1459
    1388
    1364
    1379
    1338
    1331
    1343
    1315
    1326
    1359
    1355
    1342
    1322
    1288
    1346
    1318
    1311
    1297
    1314
    1348
    1378
    1291
    1336
    1331
    1288
    1359
    1311
    1371
    1334
    1370
    1314
    1322
    1293
    1333
    1329
    1344
    1308
    1357
    1269
    1269
    1297
    1347
    1294
    1285
    1259
    1298
    1287
    1306
    1324
    1346
    1313
    1330
    1304
    1272
    1264
    1269
    1261
    1342
    1316
    1353
    1317
    1311
    1348
    1275
    1303
    1279
    1306
    1264
    1356
    1338
    1300
    1343
    1243
    1245
    1341
    1318
    1348
    1299
    1316
    1248
    1317
    1343
    1315
    1280
    1289
    1308
    1317
    1301
    1263
    1257
    1359
    1344
    1273
    1219
    1321
    1308
    1253
    1240
    1180
    1294
    1266
    1258
    1262
    1234
    1276
    1216
    1243
    1212
    1253
    1276
    1210
    1231
    1270
    1262
    1202
    1234
    1233
    1180
    1258
    1254
    1243
    1231
    1164
    1263
    1223
    1220
    1206
    1206
    1217
    1206
    1236
    1204
    1190
    1200
    1190
    1193
    1137
    1248
    1167
    1179
    1198
    1201
    1219
    1173
    1160
    1169
    1137
    1156
    1182
    1183
    1166
    1179
    1165
    1226
    1161
    1190
    1157
    1214
    1162
    1149
    1157
    1207
    1227
    1286
    1248
    1196
    1288
    1242
    1227
    1308
    1361
    1420
    1424
    1369
    1393
    1475
    1459
    1467
    1524
    1514
    1474
    1528
    1519
    1486
    1490
    1438
    1465
    1546
    1486
    1497
    1422
    1415
    1367
    1394
    1451
    1421
    1405
    1319
    1390
    1346
    1343
    1370
    1350
    1363
    1320
    1451
    1323
    1320
    1321
    1379
    1323
    1308
    1266
    1292
    1294
    1288
    1277
    1285
    1221
    1296
    1259
    1275
    1148
    1234
    1233
    1193
    1256
    1244
    1256
    1231
    1277
    1200
    1173
    1241
    1286
    1191
    1242
    1147
    1136
    1201
    1143
    1230
    1119
    1133
    1190
    1190
    1168
    1150
    1227
    1104
    1145
    1156
    1154
    1153
    1095
    1136
    1103
    1107
    1061
    1111
    1154
    1104
    1071
    1112
    1080
    1098
    1090
    1149
    1069
     990
    1073
    1048
    1082
    1061
    1067
    1080
    1040
    1073
    1052
    1063
    1086
    1093
    1097
    1033
     967
    1056
    1006
    1005
    1043
    1037
     980
    1029
    1071
    1039
    1044
    1041
    1054
    1050
     952
    1007
    1029
    1007
    1008
     959
     959
     991
     973
    1209
    1157
     964
     972
    1002
     957
     984
     987
     964
     925
     938
     943
     883
     919
     944
     987
     993
     952
     926
     942
     966
     951
     935
     958
     994
     871
     968
     915
     918
     947
     938
     925
     947
     873
     952
     885
     937
     916
     969
     855
     926
     884
     893
     945
     846
     911
     857
     929
     892
     973
     839
     918
     893
     883
     840
     870
     877
     904
     886
     840
     878
     801
     869
     840
     866
     902
     850
     872
     871
     915
     839
     886
     861
     816
     867
     892
     888
     845
     848
     821
     878
     826
     834
     827
     917
     817
     860
     835
     844
     836
     799
     850
     827
     785
     811
     794
     802
     862
     834
     830
     832
     847
     843
     779
     862
     806
     839
     824
     827
     806
     851
     837
     853
     797
     835
     876
     787
     831
     779
     859
     733
     780
     789
     781
     781
     816
     835
     840
     772
     804
     821
     818
     792
     796
     817
     805
     773
     776
     769
     871
     753
     778
     858
     807
     815
     802
     857
     784
     789
     840
     741
     766
     786
     778
     844
     778
     753
     780
     750
     745
     858
     725
     752
     745
     743
     785
     785
     775
     762
     756
     727
     761
     752
     731
     748
     729
     787
     763
     760
     827
     777
     675
     800
     812
     789
     807
     814
     760
     750
     747
     778
     737
     785
     821
     764
     764
     730
     744
     757
     809
     727
     752
     759
     749
     808
     716
     727
     756
     776
     785
     722
     763
     768
     783
     724
     784
     774
     740
     764
     709
     784
     743
     722
     789
     757
     713
     787
     756
     772
     719
     771
     744
     733
     735
     763
     751
     803
     745
     742
     776
     762
     747
     711
     730
     721
     796
     760
     722
     719
     734
     745
     762
     785
     717
     702
     759
     731
     737
     777
     769
     709
     759
     779
     727
     736
     732
     736
     712
     751
     719
     725
     745
     763
     816
     727
     766
     721
     765
     738
     714
     754
     755
     781
     755
     800
     733
     713
     732
     709
     721
     771
     763
     695
     695
     714
     697
     723
     733
     704
     744
     731
     723
     745
     778
     745
     764
     771
     773
     764
     714
     749
     770
     709
     733
     758
     694
     765
     739
     717
     734
     735
     691
     750
     694
     722
     667
     744
     745
     792
     702
     752
     731
     786
     731
     730
     701
     746
     765
     708
     720
     705
     725
     752
     745
     682
     725
     679
     710
     732
     749
     707
     752
     738
     771
     749
     739
     702
     731
     720
     694
     722
     678
     799
     761
     701
     708
     769
     734
     723
     712
     775
     729
     769
     728
     750
     713
     690
     753
     713
     758
     735
     733
     734
     717
     734
     733
     774
     750
     697
     719
     716
     781
     723
     707
     711
     669
     693
     752
     783
     749
     702
     725
     712
     764
     733
     754
     753
     759
     741
     753
     754
     726
     704
     756
     736
     747
     753
     701
     675
     745
     762
     739
     769
     718
     759
     721
     747
     727
     774
     692
     751
     710
     758
     744
     708
     717
     779
     748
     710
     744
     790
     743
     702
     715
     737
     716
     745
     744
     708
     674
     700
     771
     706
     729
     754
     744
     785
     749
     702
     739
     775
     740
     773
     708
     741
     758
     748
     782
     734
     747
     730
     720
     758
     717
     710
     722
     759
     798
     751
     755
     695
     718
     734
     781
     790
     718
     766
     718
     744
     758
     764
     726
     735
     736
     751
     703
     774
     760
     777
     737
     742
     767
     693
     773
     720
     740
     792
     792
     769
     745
     729
     721
     812
     680
     751
     720
     726
     781
     698
     676
     727
     733
     737
     753
     795
     736
     740
     742
     723
     728
     731
     726
     792
     701
     710
     773
     765
     727
     721
     722
     788
     711
     733
     723
     779
     751
     765
     788
     698
     732
     778
     748
     753
     721
     734
     754
     773
     777
     722
     766
     735
     789
     733
     748
     765
     776
     735
     833
     762
     781
     784
     765
     773
     725
     733
     759
     763
     763
     760
     745
     730
     739
     707
     745
     783
     736
     746
     834
     802
     757
     799
     734
     752
     794
     744
     778
     746
     787
     785
     783
     770
     837
     771
     778
     804
     812
     791
     771
     822
     777
     748
     833
     801
     761
     760
     774
     784
     842
     787
     770
     770
     789
     803
     793
     770
     795
     778
     825
     817
     812
     818
     780
     790
     796
     828
     781
     842
     825
     795
     815
     788
     808
     802
     793
     777
     790
     764
     845
     786
     751
     818
     820
     807
     779
     837
     769
     778
     814
     808
     819
     829
     874
     845
     841
     840
     805
     797
     837
     818
     841
     797
     857
     826
     883
     918
     786
     861
     823
     822
     822
     865
     802
     814
     877
     849
     873
     837
     811
     851
     866
     882
     872
     814
     907
     889
     907
     895
     909
     826
     886
     870
     860
     863
     817
     814
     828
     889
     858
     840
     967
     900
     862
     861
     902
     884
     886
     894
     897
     807
     887
     892
     911
     926
     898
     864
     893
     908
     887
     875
     886
     854
     857
     963
     943
     937
     900
     914
     841
     919
     928
     905
     921
     914
     951
     893
     916
     898
     875
     948
     969
     929
     920
     886
     947
     912
     992
     931
     911
     940
     956
     994
     938
     962
     914
     977
    1046
     935
     949
     964
     966
     963
     965
     968
     974
    1017
    1044
     966
     987
     961
    1000
    1034
     945
    1034
    1052
    1062
     981
    1037
    1002
    1075
    1042
    1058
    1030
     982
    1045
    1060
     991
     992
    1029
    1018
    1067
    1022
    1079
    1048
    1110
    1084
    1067
    1089
    1069
    1098
    1097
    1154
    1060
    1164
    1111
    1099
    1118
    1112
    1181
    1180
    1097
    1150
    1128
    1237
    1145
    1114
    1076
    1160
    1175
    1248
    1218
    1225
    1180
    1169
    1278
    1242
    1248
    1271
    1246
    1220
    1230
    1272
    1254
    1267
    1223
    1243
    1258
    1211
    1237
    1235
    1285
    1291
    1332
    1371
    1378
    1360
    1341
    1358
    1327
    1336
    1342
    1261
    1347
    1344
    1296
    1361
    1372
    1312
    1331
    1376
    1373
    1382
    1416
    1381
    1423
    1443
    1334
    1428
    1386
    1393
    1399
    1354
    1356
    1389
    1320
    1320
    1288
    1239
    1292
    1235
    1145
    1079
    1085
    1046
     996
    1061
    1031
    1028
     929
     986
     940
     967
     951
     908
     913
     940
     878
     952
     902
     898
     926
     909
     899
     881
     904
     911
     894
     876
     878
     956
     872
     881
     896
     883
     895
     881
     824
     807
     852
     857
     887
     887
     848
     899
     900
     826
     806
     835
     855
     907
     875
     885
     786
     858
     815
     806
     868
     838
     839
     873
     827
     822
     813
     793
     854
     830
     800
     816
     821
     822
     826
     786
     777
     777
     770
     818
     814
     780
     843
     825
     838
     800
     741
     726
     781
     779
     841
     787
     796
     786
     800
     765
     822
     810
     771
     770
     812
     788
     808
     774
     815
     794
     790
     762
     760
     775
     772
     747
     773
     750
     796
     795
     745
     794
     802
     800
     778
     787
     796
     746
     772
     823
     746
     807
     753
     771
     724
     753
     811
     765
     747
     756
     753
     765
     782
     752
     710
     789
     787
     754
     754
     783
     777
     811
     766
     767
     768
     822
     782
     783
     807
     804
     808
     806
     779
     797
     824
     813
     803
     836
     789
     829
     785
     801
     853
     817
     857
     836
     839
     885
     831
     819
     854
     863
     865
     882
     924
     851
     901
     859
     887
     863
     883
     916
     906
     873
     885
     886
     866
     895
     902
     967
     926
     919
     899
     871
     896
     896
     886
     903
     889
     864
     911
     859
     846
     744
     839
     824
     755
     798
     671
     665
     714
     650
     573
     557
     541
     563
     549
     504
     511
     515
     458
     469
     482
     517
     505
     517
     442
     438
     470
     435
     455
     479
     476
     458
     428
     444
     448
     428
     414
     435
     425
     387
     413
     413
     412
     453
     396
     409
     405
     401
     387
     443
     417
     407
     395
     385
     411
     388
     409
     404
     419
     388
     388
     406
     354
     403
     418
     410
     406
     470
     495
     611
     629
     678
     748
     825
     918
    1045
    1291
    1834
    4763
   14910
   28276
   24122
    9499
    2105
     564
     313
     285
     278
     309
     292
     298
     284
     283
     278
     293
     234
     261
     238
     270
     249
     274
     235
     246
     254
     257
     238
     217
     251
     239
     218
     231
     206
     199
     209
     212
     208
     225
     198
     203
     178
     212
     195
     197
     196
     178
     174
     201
     164
     147
     170
     166
     171
     170
     179
     158
     143
     152
     165
     151
     141
     151
     152
     125
     131
     138
     107
     125
     110
     121
     124
     124
     110
     122
     121
     113
     126
     111
     114
     134
     102
     100
     110
     103
      97
      85
      89
     109
      92
      94
      92
      83
      94
      90
      83
      84
      90
      78
      93
      81
      92
      76
      79
      68
      81
      76
      82
      78
      57
      68
      75
      81
      63
      72
      54
      73
      61
      74
      58
      63
      67
      67
      75
      68
      60
      82
      71
      52
      65
      65
      69
      78
      69
      65
      67
      65
      61
      68
      75
      65
      71
      59
      62
      52
      53
      58
      60
      77
      62
      72
      58
      59
      52
      62
      52
      64
      53
      64
      66
      76
      57
      56
      60
      61
      68
      62
      44
      59
      56
      54
      55
      59
      49
      61
      70
      59
      49
      49
      54
      61
      55
      52
      47
      49
      50
      58
      57
      46
      59
      67
      53
      74
      56
      58
      51
      49
      64
      62
      67
      45
      78
      70
      79
      82
     122
     147
     190
     245
     324
     366
     454
     541
     547
     759
    1132
    2451
    7944
   19035
   23833
   14347
    4296
     790
     115
      48
      47
      29
      39
      34
      15
      31
      29
      34
      31
      24
      30
      25
      25
      28
      36
      26
      30
      31
      30
      20
      30
      35
      25
      24
      27
      25
      28
      32
      32
      28
      23
      26
      29
      31
      33
      25
      22
      30
      18
      28
      29
      34
      22
      17
      27
      19
      23
      29
      18
      22
      20
      31
      23
      21
      29
      26
      28
      15
      25
      22
      29
      34
      16
      18
      24
      26
      27
      23
      35
      19
      20
      21
      13
      20
      20
      22
      21
      22
      15
      21
      22
      35
      24
      37
      22
      23
      15
      22
      17
      26
      27
      28
      28
      20
      23
      21
      30
      19
      23
      26
      21
      18
      17
      22
      22
      15
      20
      16
      19
      16
      22
      32
      27
      24
      22
      18
      21
      25
      22
      18
      20
      20
      22
      19
      24
      23
       9
      23
      22
      29
      22
      22
      21
      23
      25
      19
      28
      24
      18
      16
      20
      18
      30
      12
      26
      16
      23
      21
      19
      16
      22
      14
      19
      16
      22
      13
      23
      15
      13
      21
      16
      13
      19
      21
      27
      19
      34
      48
      63
      59
      29
      23
      18
      24
      20
      21
      21
      26
      23
      21
      12
      20
      18
      15
      21
      15
      16
      17
      13
      21
      14
      19
      20
      16
      16
      11
      25
      23
       0
       0
       0
       0
       0
       0
       0
       0
       0
       0
       0
       0
       0
       0
       0
       0
       0
       0
       0
       0
       0
       0
       0
       0
       0
       0
       0
       0
       0
       0
       0
       0
$ROI:
0
$PRESETS:
None
0
0
$ENER_FIT:
0.000000 0.731044
$MCA_CAL:
3
0.000000E+000 7.310444E-001 0.000000E+000 keV
$SHAPE_CAL:
3
0.000000E+000 0.000000E+000 0.000000E+000
