$SPEC_ID:
No sample description was entered.
$SPEC_REM:
DET# 4
DETDESC# JLAB-20 MCB 131
AP# Maestro Version 7.01
$DATE_MEA:
10/07/2025 16:30:02
$MEAS_TIM:
579 599
$DATA:
0 2047
       0
       0
       0
       0
       0
       0
       0
       0
       0
       0
       0
       0
       0
       0
       0
       0
       0
       0
       0
       0
       0
       0
       0
       0
       0
       0
       0
       0
       0
       0
       0
       0
       0
       0
       0
       0
       0
       0
       0
       0
       0
       0
       0
       0
       0
       0
       0
       0
       0
       0
       0
       0
       0
       0
       0
       0
       0
       0
       0
       0
       0
       0
       0
       0
       0
       0
       0
       0
       0
      48
    1377
    1425
    1409
    1354
    1392
    1394
    1410
    1409
    1337
    1402
    1365
    1422
    1401
    1381
    1379
    1353
    1306
    1420
    1420
    1418
    1369
    1328
    1323
    1328
    1410
    1383
    1375
    1325
    1472
    1516
    1373
    1485
    1487
    1339
    1436
    1373
    1289
    1361
    1343
    1285
    1278
    1354
    1418
    1361
    1372
    1445
    1431
    1357
    1344
    1320
    1342
    1321
    1336
    1288
    1340
    1355
    1280
    1310
    1331
    1374
    1319
    1328
    1313
    1339
    1316
    1327
    1304
    1392
    1272
    1287
    1318
    1285
    1305
    1315
    1306
    1345
    1371
    1345
    1366
    1308
    1270
    1346
    1280
    1291
    1268
    1291
    1304
    1291
    1257
    1335
    1256
    1339
    1313
    1269
    1281
    1332
    1257
    1390
    1313
    1389
    1298
    1375
    1298
    1320
    1361
    1287
    1329
    1337
    1323
    1303
    1268
    1339
    1295
    1306
    1311
    1281
    1284
    1304
    1311
    1281
    1283
    1320
    1345
    1299
    1306
    1273
    1289
    1316
    1351
    1280
    1240
    1278
    1309
    1200
    1299
    1335
    1366
    1323
    1196
    1242
    1251
    1263
    1241
    1258
    1288
    1285
    1230
    1313
    1271
    1227
    1275
    1237
    1175
    1208
    1269
    1240
    1291
    1226
    1241
    1277
    1254
    1284
    1237
    1248
    1169
    1212
    1206
    1239
    1213
    1216
    1174
    1221
    1183
    1197
    1167
    1230
    1142
    1229
    1253
    1271
    1143
    1195
    1196
    1224
    1180
    1196
    1138
    1165
    1225
    1249
    1148
    1174
    1213
    1219
    1224
    1141
    1200
    1229
    1206
    1176
    1164
    1182
    1146
    1217
    1154
    1186
    1168
    1192
    1173
    1179
    1234
    1213
    1225
    1269
    1305
    1309
    1340
    1394
    1401
    1390
    1429
    1457
    1523
    1529
    1515
    1480
    1523
    1456
    1502
    1434
    1489
    1453
    1378
    1391
    1450
    1386
    1410
    1439
    1388
    1438
    1381
    1486
    1440
    1387
    1331
    1376
    1315
    1328
    1343
    1315
    1346
    1315
    1316
    1308
    1375
    1297
    1318
    1300
    1309
    1237
    1333
    1302
    1237
    1271
    1301
    1232
    1263
    1230
    1273
    1303
    1298
    1207
    1191
    1200
    1261
    1179
    1205
    1226
    1157
    1136
    1191
    1125
    1243
    1172
    1195
    1223
    1154
    1134
    1145
    1161
    1193
    1137
    1159
    1130
    1135
    1169
    1103
    1114
    1161
    1142
    1127
    1150
    1203
    1053
    1181
    1090
    1089
    1077
    1069
    1133
    1124
    1068
    1106
    1065
    1077
    1059
    1090
    1028
    1083
    1058
    1010
    1076
    1034
    1063
    1078
    1053
    1066
    1019
     987
     993
     983
    1096
    1066
    1036
     998
    1002
    1053
    1017
    1031
     959
    1048
    1003
    1039
     992
    1019
     989
    1039
     981
     993
     984
     944
    1011
    1260
    1168
     970
     970
     985
     941
     949
    1007
     990
     925
     946
    1004
     926
     938
     921
     939
     941
     947
     897
     927
     923
     943
     913
     948
     933
    1022
     987
     928
     890
     986
     942
     930
     892
     927
     917
     889
     961
     884
     927
     933
     902
     874
     966
     881
     963
     888
     894
     891
     879
     875
     923
     847
     882
     834
     862
     885
     901
     896
     889
     901
     874
     862
     885
     837
     802
     891
     844
     933
     892
     858
     872
     858
     859
     897
     848
     825
     878
     818
     852
     897
     847
     839
     903
     820
     880
     868
     898
     857
     859
     845
     856
     835
     851
     834
     853
     834
     873
     858
     814
     835
     855
     803
     838
     804
     816
     866
     798
     832
     862
     854
     782
     815
     769
     852
     832
     812
     788
     835
     800
     811
     854
     780
     812
     777
     833
     813
     767
     785
     821
     764
     845
     811
     799
     789
     807
     823
     789
     796
     820
     780
     777
     749
     730
     801
     750
     797
     798
     778
     781
     825
     804
     767
     786
     780
     798
     770
     850
     758
     744
     746
     851
     726
     761
     759
     748
     756
     752
     777
     771
     788
     779
     789
     805
     768
     769
     805
     751
     760
     743
     741
     774
     763
     790
     764
     784
     741
     753
     762
     714
     768
     735
     752
     771
     751
     785
     754
     768
     748
     782
     764
     722
     722
     739
     788
     749
     776
     787
     735
     789
     733
     762
     747
     738
     740
     782
     759
     731
     795
     718
     767
     757
     711
     785
     743
     735
     769
     783
     784
     681
     747
     768
     711
     769
     707
     786
     777
     785
     748
     750
     779
     759
     722
     748
     751
     780
     739
     735
     748
     737
     711
     747
     740
     758
     772
     785
     746
     739
     708
     790
     716
     736
     748
     748
     753
     750
     722
     728
     772
     747
     738
     714
     781
     789
     824
     744
     769
     714
     759
     743
     757
     699
     714
     735
     716
     707
     721
     710
     692
     740
     740
     713
     694
     701
     720
     758
     777
     751
     711
     695
     735
     756
     730
     743
     749
     732
     723
     803
     707
     696
     719
     778
     744
     700
     737
     669
     704
     734
     750
     709
     769
     761
     707
     734
     770
     780
     747
     747
     734
     720
     742
     685
     708
     709
     772
     700
     755
     720
     784
     758
     715
     736
     704
     743
     710
     717
     721
     774
     761
     760
     719
     775
     749
     717
     706
     743
     715
     724
     732
     773
     692
     704
     721
     689
     735
     753
     763
     697
     753
     707
     757
     764
     740
     756
     720
     692
     745
     738
     734
     735
     683
     742
     747
     731
     706
     744
     709
     765
     692
     736
     736
     711
     772
     711
     705
     708
     746
     688
     731
     755
     729
     747
     714
     722
     744
     758
     742
     750
     771
     710
     698
     749
     709
     731
     709
     730
     729
     774
     737
     714
     678
     736
     702
     725
     744
     688
     735
     764
     737
     782
     728
     668
     739
     750
     779
     734
     709
     730
     717
     744
     682
     731
     776
     730
     761
     692
     713
     794
     747
     668
     775
     736
     749
     697
     760
     740
     770
     736
     754
     726
     729
     715
     687
     732
     754
     726
     718
     712
     760
     739
     761
     733
     742
     756
     732
     707
     726
     703
     724
     723
     757
     760
     725
     727
     744
     716
     770
     745
     743
     764
     726
     722
     719
     768
     787
     736
     761
     779
     763
     749
     742
     714
     728
     726
     735
     760
     811
     737
     715
     762
     753
     773
     731
     777
     731
     754
     759
     682
     740
     764
     711
     745
     697
     740
     776
     756
     742
     753
     758
     733
     767
     757
     768
     745
     808
     730
     758
     761
     828
     757
     771
     763
     764
     757
     736
     851
     817
     726
     716
     756
     772
     758
     757
     771
     741
     715
     798
     798
     759
     765
     740
     674
     753
     730
     759
     754
     775
     749
     735
     739
     754
     727
     776
     739
     786
     740
     743
     823
     773
     756
     758
     740
     807
     750
     797
     785
     775
     817
     792
     776
     791
     768
     786
     734
     758
     770
     787
     791
     742
     788
     772
     734
     832
     743
     752
     810
     803
     727
     792
     768
     809
     750
     811
     809
     793
     785
     766
     733
     772
     794
     810
     852
     777
     828
     757
     751
     779
     817
     779
     773
     790
     809
     787
     754
     773
     809
     786
     852
     819
     791
     801
     800
     813
     810
     766
     788
     853
     769
     760
     830
     819
     844
     802
     828
     821
     792
     814
     815
     837
     861
     767
     838
     818
     840
     799
     837
     792
     830
     788
     882
     853
     815
     819
     863
     798
     838
     797
     807
     810
     844
     798
     775
     818
     880
     838
     825
     831
     874
     817
     855
     823
     853
     882
     908
     846
     905
     962
     922
     873
     840
     843
     825
     831
     864
     822
     800
     829
     841
     842
     890
     845
     859
     887
     866
     850
     841
     856
     885
     943
     824
     882
     860
     873
     823
     889
     932
     917
     841
     882
     884
     869
     890
     907
     873
     927
     941
     935
     872
     902
     879
     911
     953
     926
     937
     874
     889
     907
     981
     920
     915
     941
     953
     918
     924
     947
    1022
     950
     922
     911
     954
     964
     981
     931
     959
     923
     934
     937
    1010
     982
     972
    1022
     970
     951
     968
     993
     960
     959
     974
    1024
     993
    1056
    1037
    1033
    1070
     935
    1052
    1003
    1085
    1062
     995
    1056
    1012
     993
    1012
    1057
    1095
    1002
    1031
    1052
    1056
     975
    1060
    1085
    1054
    1082
    1088
    1103
    1064
    1129
    1115
    1108
    1122
    1157
    1063
    1070
    1129
    1112
    1156
    1126
    1127
    1129
    1148
    1141
    1197
    1177
    1269
    1149
    1163
    1194
    1194
    1201
    1197
    1191
    1209
    1216
    1195
    1234
    1243
    1156
    1180
    1216
    1234
    1187
    1192
    1228
    1279
    1267
    1290
    1225
    1339
    1292
    1274
    1274
    1337
    1344
    1250
    1315
    1373
    1233
    1340
    1345
    1354
    1363
    1309
    1354
    1399
    1341
    1356
    1380
    1404
    1431
    1421
    1339
    1335
    1385
    1424
    1394
    1437
    1392
    1440
    1395
    1318
    1380
    1329
    1377
    1337
    1238
    1308
    1279
    1185
    1169
    1165
    1075
    1102
     983
    1036
     957
    1014
     994
     980
    1007
     940
     983
     957
     929
     878
     911
     912
     912
     929
     901
     872
     912
     899
     862
     923
     865
     933
     890
     903
     905
     845
     928
     934
     894
     846
     832
     862
     846
     881
     874
     850
     874
     882
     834
     856
     846
     857
     833
     840
     848
     898
     869
     839
     833
     879
     832
     809
     813
     875
     817
     859
     844
     749
     837
     861
     833
     800
     805
     840
     836
     832
     889
     777
     859
     823
     833
     791
     864
     823
     801
     834
     819
     786
     788
     846
     855
     793
     780
     794
     842
     775
     804
     821
     812
     813
     763
     794
     770
     782
     771
     807
     757
     791
     791
     830
     775
     795
     758
     812
     810
     803
     809
     766
     783
     773
     795
     715
     750
     796
     759
     794
     740
     829
     741
     776
     788
     788
     794
     817
     778
     746
     776
     776
     810
     796
     748
     801
     776
     749
     812
     783
     830
     808
     820
     755
     797
     838
     789
     831
     763
     825
     774
     816
     817
     813
     809
     748
     830
     890
     833
     827
     834
     768
     809
     868
     830
     867
     852
     821
     822
     866
     838
     882
     833
     883
     858
     869
     836
     854
     856
     932
     870
     831
     891
     904
     878
     922
     877
     872
     941
     933
     911
     845
     943
     899
     858
     908
     910
     901
     918
     924
     831
     836
     817
     803
     848
     853
     820
     793
     683
     668
     650
     625
     614
     587
     536
     564
     547
     533
     535
     513
     506
     473
     454
     479
     462
     441
     464
     464
     466
     458
     451
     481
     443
     422
     441
     452
     437
     436
     437
     415
     415
     454
     429
     417
     423
     420
     423
     462
     394
     416
     412
     398
     421
     402
     391
     404
     365
     418
     398
     393
     396
     364
     348
     382
     371
     414
     425
     407
     408
     428
     507
     531
     665
     701
     754
     759
     904
     995
    1108
    1567
    3274
   10204
   24646
   27991
   14252
    3808
     750
     363
     297
     262
     325
     285
     271
     319
     269
     290
     294
     276
     253
     267
     252
     256
     241
     247
     258
     236
     230
     253
     237
     229
     234
     240
     235
     232
     216
     232
     200
     214
     176
     208
     214
     181
     185
     195
     194
     174
     175
     173
     162
     182
     189
     170
     158
     172
     152
     151
     195
     155
     145
     139
     141
     151
     154
     124
     149
     141
     147
     136
     114
     155
     136
     124
     111
     111
     128
      97
     112
     110
     103
     100
     108
     106
     127
     101
     112
     103
      92
     118
     118
      96
      95
      92
      92
     108
      76
      90
      86
      96
      86
      66
      71
      92
      79
      77
      82
      67
      76
      75
      70
      59
      72
      83
      73
      76
      76
      72
      74
      63
      60
      66
      69
      66
      74
      62
      63
      55
      78
      70
      59
      57
      69
      64
      84
      59
      66
      65
      54
      60
      57
      60
      61
      62
      62
      46
      54
      74
      59
      69
      56
      78
      46
      68
      55
      72
      59
      73
      58
      71
      50
      50
      70
      65
      66
      63
      61
      52
      50
      69
      49
      60
      52
      54
      64
      53
      52
      45
      52
      36
      39
      60
      53
      52
      45
      50
      43
      59
      57
      45
      45
      51
      59
      56
      54
      58
      48
      45
      40
      64
      55
      55
      61
      72
      83
      72
      82
     122
     133
     181
     247
     304
     365
     460
     491
     567
     672
     976
    1732
    4978
   14284
   23835
   19199
    7471
    1669
     281
      61
      38
      38
      28
      30
      21
      28
      30
      31
      32
      28
      22
      20
      21
      31
      24
      24
      20
      23
      26
      20
      20
      27
      25
      27
      30
      26
      36
      26
      28
      21
      24
      32
      22
      23
      30
      29
      15
      17
      22
      32
      31
      26
      20
      26
      31
      14
      22
      17
      21
      21
      18
      21
      17
      33
      21
      24
      31
      28
      23
      18
      21
      17
      26
      27
      17
      26
      23
      30
      24
      27
      18
      28
      16
      24
      27
      24
      23
      15
      24
      24
      25
      17
      18
      18
      19
      21
      21
      25
      21
      29
      26
      19
      23
      19
      22
      21
      27
      27
      15
      27
      20
      21
      25
      22
      28
      17
      21
      13
      18
      32
      17
      24
      17
      17
      23
      16
      31
      24
      19
      20
      16
      15
      20
      25
      18
      18
      21
      24
      13
      24
      22
      24
      19
      29
      26
      18
      17
      24
      11
      21
      21
      20
      16
      16
      17
      18
      18
      16
      25
      19
      12
      22
      27
      18
      15
      26
      26
      22
      22
      19
      15
      22
      27
      22
      24
      20
      22
      30
      63
      60
      54
      29
      24
      19
      22
      27
      16
      27
      17
      20
      18
      16
      16
      29
      23
      27
      21
      31
      19
      24
      21
      14
      24
      14
      14
      19
      13
      21
       0
       0
       0
       0
       0
       0
       0
       0
       0
       0
       0
       0
       0
       0
       0
       0
       0
       0
       0
       0
       0
       0
       0
       0
       0
       0
       0
       0
       0
       0
       0
       0
$ROI:
0
$PRESETS:
None
0
0
$ENER_FIT:
0.000000 0.731044
$MCA_CAL:
3
0.000000E+000 7.310444E-001 0.000000E+000 keV
$SHAPE_CAL:
3
0.000000E+000 0.000000E+000 0.000000E+000
