$SPEC_ID:
No sample description was entered.
$SPEC_REM:
DET# 4
DETDESC# JLAB-20 MCB 131
AP# Maestro Version 7.01
$DATE_MEA:
10/07/2025 04:50:02
$MEAS_TIM:
579 600
$DATA:
0 2047
       0
       0
       0
       0
       0
       0
       0
       0
       0
       0
       0
       0
       0
       0
       0
       0
       0
       0
       0
       0
       0
       0
       0
       0
       0
       0
       0
       0
       0
       0
       0
       0
       0
       0
       0
       0
       0
       0
       0
       0
       0
       0
       0
       0
       0
       0
       0
       0
       0
       0
       0
       0
       0
       0
       0
       0
       0
       0
       0
       0
       0
       0
       0
       0
       0
       0
       0
       0
       0
      24
    1386
    1378
    1341
    1426
    1428
    1400
    1379
    1378
    1388
    1349
    1386
    1363
    1352
    1388
    1368
    1320
    1438
    1351
    1327
    1349
    1311
    1369
    1330
    1341
    1351
    1381
    1311
    1326
    1399
    1410
    1359
    1474
    1533
    1390
    1393
    1409
    1322
    1334
    1310
    1282
    1323
    1384
    1348
    1251
    1348
    1457
    1365
    1322
    1368
    1300
    1388
    1347
    1315
    1308
    1262
    1287
    1335
    1365
    1329
    1416
    1272
    1375
    1277
    1345
    1336
    1300
    1397
    1271
    1286
    1314
    1327
    1318
    1345
    1330
    1300
    1260
    1337
    1271
    1267
    1305
    1314
    1235
    1304
    1287
    1297
    1361
    1281
    1328
    1302
    1318
    1255
    1300
    1324
    1353
    1305
    1287
    1304
    1225
    1330
    1367
    1314
    1312
    1395
    1325
    1295
    1275
    1337
    1306
    1337
    1311
    1329
    1337
    1308
    1332
    1326
    1279
    1349
    1347
    1284
    1314
    1299
    1259
    1286
    1290
    1285
    1302
    1291
    1264
    1345
    1330
    1284
    1270
    1222
    1308
    1278
    1273
    1279
    1264
    1287
    1285
    1289
    1290
    1182
    1257
    1200
    1316
    1195
    1312
    1186
    1323
    1247
    1253
    1218
    1256
    1231
    1192
    1228
    1260
    1243
    1176
    1202
    1276
    1201
    1227
    1225
    1265
    1216
    1256
    1200
    1169
    1144
    1177
    1200
    1283
    1256
    1210
    1203
    1268
    1238
    1236
    1183
    1144
    1205
    1198
    1133
    1133
    1134
    1207
    1272
    1191
    1194
    1144
    1174
    1179
    1141
    1099
    1203
    1216
    1114
    1193
    1123
    1137
    1223
    1169
    1210
    1179
    1151
    1245
    1232
    1243
    1214
    1215
    1330
    1346
    1263
    1347
    1318
    1394
    1398
    1462
    1536
    1513
    1483
    1520
    1508
    1470
    1503
    1559
    1457
    1495
    1471
    1405
    1434
    1496
    1424
    1493
    1493
    1455
    1420
    1470
    1492
    1380
    1290
    1391
    1393
    1472
    1408
    1299
    1313
    1374
    1294
    1309
    1322
    1321
    1301
    1327
    1307
    1301
    1290
    1322
    1361
    1275
    1290
    1282
    1232
    1250
    1289
    1202
    1208
    1265
    1235
    1213
    1229
    1246
    1199
    1172
    1213
    1241
    1220
    1142
    1208
    1178
    1191
    1237
    1157
    1136
    1182
    1166
    1126
    1188
    1165
    1187
    1148
    1167
    1136
    1101
    1145
    1155
    1156
    1157
    1156
    1156
    1173
    1120
    1060
    1102
    1116
    1117
    1098
    1093
    1090
     999
    1060
    1053
    1122
    1078
    1023
    1014
    1070
    1074
    1149
    1032
    1082
    1045
    1042
    1046
    1044
    1086
    1044
    1025
    1010
    1053
    1015
    1032
    1080
    1028
    1002
     995
    1048
    1027
    1058
    1017
     992
    1019
    1040
    1019
    1002
     974
     955
     986
     994
    1034
    1303
    1238
    1048
     961
     955
     995
     951
     972
     968
     939
     975
     933
     958
     960
     951
     981
     932
     939
     962
     944
     918
     930
     883
     902
     899
     940
     922
     880
     914
     940
     963
     921
     956
     968
     873
     880
     899
     933
     934
     853
     896
     874
     915
     894
     911
     854
     842
     930
     840
     885
     903
     842
     880
     881
     903
     842
     883
     905
     877
     839
     884
     916
     875
     819
     871
     853
     969
     849
     899
     859
     906
     905
     819
     865
     849
     850
     881
     863
     824
     867
     839
     884
     819
     901
     806
     866
     834
     845
     814
     816
     862
     894
     809
     882
     850
     858
     790
     850
     855
     816
     815
     840
     844
     811
     871
     808
     764
     806
     842
     836
     813
     797
     812
     793
     820
     797
     842
     862
     809
     851
     788
     818
     810
     817
     774
     800
     808
     769
     768
     748
     804
     759
     845
     813
     791
     802
     810
     808
     768
     819
     786
     792
     748
     768
     777
     762
     759
     810
     785
     755
     774
     804
     767
     786
     760
     762
     768
     786
     771
     761
     721
     762
     761
     776
     731
     833
     750
     757
     761
     764
     756
     749
     755
     769
     773
     748
     791
     766
     792
     692
     743
     772
     696
     777
     756
     788
     770
     814
     758
     788
     757
     713
     778
     756
     782
     778
     763
     786
     775
     749
     746
     745
     736
     751
     778
     786
     773
     769
     755
     810
     799
     794
     742
     781
     747
     750
     777
     695
     776
     770
     773
     758
     754
     787
     733
     732
     735
     738
     797
     718
     711
     777
     782
     763
     728
     735
     785
     686
     779
     775
     733
     727
     771
     694
     707
     747
     758
     716
     732
     694
     755
     720
     758
     749
     735
     723
     718
     745
     717
     784
     758
     725
     740
     739
     761
     745
     701
     745
     757
     755
     743
     737
     776
     784
     799
     745
     739
     788
     748
     744
     737
     722
     760
     755
     762
     738
     718
     715
     694
     747
     740
     698
     763
     735
     713
     702
     729
     733
     713
     669
     721
     743
     660
     697
     772
     713
     694
     778
     725
     726
     712
     757
     719
     723
     711
     724
     722
     739
     767
     708
     738
     737
     690
     736
     721
     767
     756
     756
     713
     753
     741
     755
     730
     750
     761
     788
     718
     736
     760
     704
     712
     747
     713
     708
     685
     753
     737
     755
     711
     731
     755
     741
     773
     740
     767
     738
     714
     698
     755
     724
     696
     716
     753
     716
     692
     762
     729
     747
     732
     730
     748
     773
     771
     751
     777
     745
     746
     723
     703
     696
     730
     708
     723
     717
     692
     724
     674
     698
     659
     759
     691
     688
     732
     728
     782
     747
     670
     734
     708
     748
     740
     725
     728
     719
     725
     720
     782
     734
     756
     749
     775
     725
     737
     703
     733
     757
     738
     697
     703
     701
     743
     719
     749
     757
     736
     689
     726
     730
     700
     684
     751
     746
     752
     716
     715
     746
     686
     720
     713
     755
     713
     778
     739
     731
     734
     723
     722
     708
     733
     753
     720
     711
     785
     752
     766
     747
     695
     717
     697
     729
     698
     688
     693
     715
     703
     736
     772
     707
     768
     737
     714
     738
     797
     754
     730
     711
     776
     767
     743
     774
     741
     761
     730
     708
     733
     690
     740
     756
     742
     752
     757
     749
     725
     763
     752
     771
     732
     723
     736
     703
     759
     717
     727
     744
     741
     727
     714
     753
     734
     730
     771
     739
     772
     766
     696
     704
     768
     735
     746
     667
     772
     717
     747
     745
     822
     774
     778
     747
     735
     756
     743
     756
     735
     691
     760
     737
     761
     738
     765
     748
     755
     741
     720
     757
     750
     775
     782
     809
     752
     781
     706
     744
     768
     745
     718
     747
     779
     797
     776
     785
     811
     745
     749
     757
     768
     749
     765
     749
     824
     765
     772
     704
     773
     741
     724
     795
     731
     767
     766
     795
     751
     755
     737
     787
     794
     815
     738
     739
     745
     756
     790
     755
     788
     789
     780
     770
     771
     785
     712
     788
     737
     765
     790
     751
     779
     796
     773
     774
     777
     757
     809
     765
     741
     738
     808
     814
     724
     802
     808
     747
     769
     746
     788
     774
     722
     816
     784
     838
     766
     754
     804
     831
     853
     753
     832
     812
     775
     807
     845
     835
     804
     782
     824
     801
     793
     742
     799
     815
     857
     787
     754
     841
     838
     818
     843
     824
     798
     816
     858
     835
     774
     804
     834
     756
     829
     787
     851
     798
     881
     834
     806
     856
     856
     818
     844
     794
     754
     801
     858
     831
     842
     853
     827
     806
     857
     774
     807
     854
     854
     857
     889
     802
     875
     875
     887
     946
     891
     928
     863
     851
     819
     806
     836
     899
     867
     872
     857
     863
     877
     873
     880
     878
     838
     874
     816
     896
     880
     906
     866
     812
     904
     837
     924
     883
     872
     864
     855
     905
     886
     901
     813
     898
     927
     919
     913
     942
     904
     926
     955
     916
     889
     909
     898
     893
     933
     954
     946
     917
     964
     912
     959
     967
     989
     899
     967
     911
     963
     944
     943
     927
     890
     969
     945
     958
     949
     949
     997
     995
     975
    1037
     921
     977
     966
    1063
     970
     974
    1039
    1033
    1055
    1050
     986
     989
    1057
    1014
    1052
     991
    1016
     990
     976
     998
    1030
    1078
    1028
    1069
    1038
    1083
    1068
    1018
    1037
    1039
    1041
    1058
    1077
    1091
    1110
    1058
    1072
    1047
    1103
    1135
    1148
    1110
    1065
    1103
    1171
    1175
    1091
    1086
    1191
    1141
    1174
    1130
    1115
    1136
    1148
    1146
    1222
    1176
    1197
    1203
    1199
    1155
    1128
    1239
    1172
    1178
    1220
    1230
    1257
    1182
    1244
    1279
    1281
    1277
    1277
    1240
    1319
    1263
    1278
    1306
    1249
    1185
    1263
    1349
    1305
    1316
    1387
    1310
    1295
    1298
    1335
    1374
    1320
    1328
    1372
    1362
    1293
    1352
    1389
    1405
    1367
    1352
    1387
    1372
    1371
    1373
    1396
    1430
    1381
    1371
    1317
    1377
    1428
    1271
    1351
    1274
    1245
    1241
    1223
    1096
    1094
    1037
    1107
    1100
    1061
    1009
     985
     965
     960
     966
     966
     927
     924
     885
     908
     884
     909
     931
     882
     893
     896
     896
     904
     927
     917
     833
     884
     905
     872
     944
     891
     837
     952
     864
     867
     865
     870
     881
     861
     889
     839
     844
     864
     838
     818
     872
     909
     864
     846
     804
     889
     838
     818
     823
     819
     810
     810
     862
     810
     868
     801
     820
     862
     877
     815
     808
     839
     827
     794
     856
     827
     817
     808
     843
     828
     757
     802
     822
     840
     832
     802
     764
     778
     802
     805
     799
     740
     811
     789
     815
     790
     824
     753
     774
     797
     792
     780
     785
     868
     737
     749
     742
     801
     772
     851
     754
     778
     746
     841
     804
     780
     772
     771
     748
     740
     776
     791
     755
     766
     751
     785
     769
     804
     767
     758
     748
     773
     743
     756
     783
     760
     796
     825
     753
     747
     785
     810
     748
     745
     766
     780
     743
     755
     831
     768
     787
     832
     750
     846
     755
     809
     820
     834
     773
     797
     811
     838
     801
     805
     857
     797
     847
     780
     818
     822
     798
     893
     828
     832
     870
     876
     848
     816
     877
     856
     821
     837
     838
     863
     888
     843
     817
     887
     915
     865
     885
     875
     927
     862
     876
     886
     899
     902
     930
     881
     927
     914
     937
     904
     896
     874
     846
     828
     875
     839
     828
     797
     797
     786
     666
     686
     681
     624
     623
     570
     579
     574
     489
     497
     517
     512
     508
     491
     502
     468
     497
     493
     463
     510
     505
     467
     470
     416
     450
     470
     425
     422
     463
     472
     476
     444
     421
     418
     462
     456
     411
     430
     445
     422
     403
     413
     410
     383
     403
     415
     393
     392
     410
     401
     418
     400
     422
     394
     401
     379
     377
     352
     395
     415
     426
     458
     484
     551
     609
     687
     739
     804
     881
    1007
    1209
    1563
    3201
   10033
   24419
   28212
   14706
    3911
     820
     369
     283
     301
     286
     296
     283
     282
     283
     301
     281
     265
     278
     255
     246
     259
     271
     240
     242
     258
     236
     224
     240
     246
     206
     221
     253
     244
     235
     206
     217
     190
     185
     180
     198
     187
     197
     188
     196
     201
     192
     187
     198
     187
     181
     163
     169
     179
     159
     158
     144
     158
     145
     149
     135
     134
     146
     141
     153
     142
     145
     135
     137
     124
     134
     126
     145
     119
     125
     121
     116
     114
     100
     111
     112
     113
     118
     121
     106
      99
      75
      81
     101
     100
      80
      70
      94
      76
      81
      90
      69
      83
      89
      94
      79
      88
      76
      99
      72
     100
      71
      77
      69
      92
      73
      81
      67
      75
      64
      73
      74
      64
      58
      62
      60
      57
      61
      49
      68
      63
      60
      71
      60
      64
      71
      59
      59
      60
      74
      66
      67
      58
      67
      62
      59
      72
      63
      75
      54
      68
      73
      74
      59
      59
      78
      54
      79
      53
      62
      62
      46
      64
      70
      57
      61
      65
      62
      50
      64
      52
      48
      61
      46
      49
      48
      59
      53
      46
      60
      53
      51
      56
      55
      45
      58
      43
      46
      46
      51
      62
      54
      57
      39
      56
      52
      57
      56
      50
      50
      66
      64
      49
      61
      65
      68
      67
      64
      78
      82
      93
     143
     184
     226
     296
     331
     450
     449
     590
     625
     913
    1734
    4886
   13883
   23636
   19418
    7870
    1788
     264
      79
      35
      34
      35
      37
      35
      25
      27
      35
      30
      21
      37
      28
      40
      23
      25
      30
      28
      34
      25
      25
      27
      18
      29
      30
      24
      29
      31
      22
      28
      37
      29
      34
      39
      22
      24
      23
      20
      20
      20
      26
      22
      26
      19
      21
      29
      21
      26
      18
      27
      24
      21
      18
      25
      29
      27
      30
      19
      26
      33
      27
      23
      20
      17
      25
      22
      29
      23
      21
      26
      13
      24
      20
      24
      23
      25
      22
      13
      16
      21
      17
      24
      24
      20
      24
      18
      19
      27
      24
      28
      27
      25
      23
      18
      27
      24
      28
      18
      26
      32
      26
      23
      25
      20
      26
      25
      30
      16
      31
      24
      28
      20
      27
      18
      19
      16
      20
      24
      21
      18
      25
      28
      27
      17
      24
      25
      22
      23
      17
      24
      26
      23
      15
      38
      26
      17
      14
      22
      14
      19
      21
      20
      15
      13
      24
      12
      24
      16
      17
      25
      20
      20
      19
      20
      19
      16
      21
      23
      22
      25
      15
      20
      13
      14
      28
      22
      20
      25
      44
      69
      83
      59
      28
      33
      30
      29
      23
      28
      18
      19
      19
      17
      29
      19
      23
      21
      17
      13
      15
      13
      28
      13
      18
      20
      21
      24
      13
      24
      16
       0
       0
       0
       0
       0
       0
       0
       0
       0
       0
       0
       0
       0
       0
       0
       0
       0
       0
       0
       0
       0
       0
       0
       0
       0
       0
       0
       0
       0
       0
       0
       0
$ROI:
0
$PRESETS:
None
0
0
$ENER_FIT:
0.000000 0.731044
$MCA_CAL:
3
0.000000E+000 7.310444E-001 0.000000E+000 keV
$SHAPE_CAL:
3
0.000000E+000 0.000000E+000 0.000000E+000
