$SPEC_ID:
No sample description was entered.
$SPEC_REM:
DET# 4
DETDESC# JLAB-20 MCB 131
AP# Maestro Version 7.01
$DATE_MEA:
10/08/2025 07:20:02
$MEAS_TIM:
579 599
$DATA:
0 2047
       0
       0
       0
       0
       0
       0
       0
       0
       0
       0
       0
       0
       0
       0
       0
       0
       0
       0
       0
       0
       0
       0
       0
       0
       0
       0
       0
       0
       0
       0
       0
       0
       0
       0
       0
       0
       0
       0
       0
       0
       0
       0
       0
       0
       0
       0
       0
       0
       0
       0
       0
       0
       0
       0
       0
       0
       0
       0
       0
       0
       0
       0
       0
       0
       0
       0
       0
       0
       0
      41
    1300
    1462
    1398
    1363
    1452
    1426
    1407
    1346
    1382
    1372
    1390
    1354
    1411
    1327
    1356
    1418
    1382
    1330
    1345
    1378
    1383
    1324
    1322
    1352
    1366
    1321
    1367
    1414
    1436
    1400
    1345
    1578
    1480
    1407
    1399
    1308
    1329
    1403
    1341
    1318
    1367
    1331
    1356
    1310
    1363
    1469
    1374
    1307
    1350
    1280
    1363
    1320
    1328
    1294
    1303
    1324
    1273
    1338
    1318
    1342
    1349
    1359
    1285
    1312
    1333
    1287
    1273
    1283
    1332
    1335
    1324
    1361
    1266
    1290
    1291
    1282
    1317
    1235
    1274
    1330
    1284
    1296
    1291
    1263
    1201
    1266
    1328
    1238
    1329
    1267
    1341
    1210
    1343
    1277
    1341
    1301
    1324
    1400
    1392
    1315
    1324
    1341
    1314
    1280
    1376
    1312
    1347
    1311
    1345
    1309
    1273
    1335
    1341
    1311
    1267
    1327
    1325
    1290
    1328
    1371
    1343
    1325
    1304
    1347
    1352
    1285
    1272
    1291
    1271
    1360
    1328
    1310
    1274
    1196
    1282
    1329
    1318
    1267
    1243
    1308
    1274
    1296
    1261
    1253
    1295
    1160
    1235
    1244
    1244
    1221
    1305
    1307
    1265
    1264
    1202
    1276
    1203
    1276
    1259
    1248
    1251
    1230
    1236
    1200
    1207
    1272
    1223
    1200
    1243
    1264
    1166
    1253
    1178
    1130
    1201
    1238
    1135
    1174
    1175
    1149
    1184
    1247
    1229
    1219
    1217
    1183
    1154
    1151
    1168
    1236
    1200
    1234
    1220
    1173
    1149
    1173
    1211
    1154
    1174
    1166
    1140
    1202
    1200
    1133
    1143
    1119
    1160
    1248
    1229
    1184
    1196
    1198
    1284
    1329
    1296
    1315
    1375
    1436
    1369
    1444
    1481
    1464
    1461
    1469
    1488
    1461
    1529
    1499
    1503
    1493
    1509
    1487
    1399
    1498
    1495
    1384
    1371
    1379
    1423
    1422
    1327
    1426
    1405
    1333
    1378
    1407
    1402
    1376
    1395
    1341
    1322
    1314
    1320
    1282
    1362
    1341
    1333
    1385
    1363
    1307
    1342
    1296
    1230
    1314
    1240
    1202
    1222
    1190
    1186
    1255
    1239
    1221
    1156
    1208
    1173
    1252
    1226
    1232
    1203
    1217
    1187
    1201
    1149
    1233
    1218
    1163
    1196
    1173
    1187
    1183
    1209
    1183
    1133
    1192
    1135
    1136
    1135
    1150
    1171
    1107
    1161
    1101
    1089
    1113
    1101
    1177
    1065
    1087
    1126
    1059
    1071
    1102
    1077
    1020
    1016
    1034
    1089
    1129
    1040
     989
    1059
    1059
    1087
    1068
    1029
    1064
    1021
    1064
    1069
    1065
    1074
    1025
    1066
    1078
    1004
     923
    1010
     928
    1020
    1047
     956
    1051
    1032
    1011
     973
    1013
     977
     987
    1002
    1091
     962
     990
    1238
    1296
    1053
    1009
     971
     991
     970
     934
    1000
     968
     990
     925
    1008
     980
     922
     926
     917
     982
     980
     918
     953
     896
     929
     904
     987
     939
     913
     953
     928
     937
     930
     905
     926
     940
     912
     867
     870
     857
     965
     878
     871
     908
     868
     931
     942
     883
     850
     977
     876
     869
     880
     852
     921
     885
     875
     909
     883
     882
     865
     889
     899
     843
     839
     836
     862
     864
     861
     873
     825
     866
     865
     872
     864
     852
     865
     864
     847
     806
     858
     812
     832
     852
     819
     831
     830
     860
     839
     889
     864
     830
     876
     817
     834
     819
     838
     821
     796
     825
     803
     834
     821
     835
     851
     836
     872
     766
     805
     843
     805
     786
     778
     880
     854
     805
     755
     824
     825
     768
     790
     792
     795
     782
     765
     820
     785
     811
     823
     799
     780
     791
     742
     763
     767
     811
     771
     806
     852
     824
     808
     753
     758
     815
     760
     775
     765
     741
     819
     833
     813
     742
     786
     788
     817
     762
     791
     769
     765
     788
     761
     784
     765
     726
     732
     782
     793
     816
     754
     801
     778
     749
     739
     774
     724
     810
     774
     754
     794
     770
     808
     727
     802
     741
     791
     802
     798
     801
     797
     769
     706
     720
     776
     762
     781
     743
     731
     808
     757
     779
     791
     743
     726
     760
     792
     730
     764
     781
     717
     716
     745
     733
     793
     743
     757
     723
     726
     770
     756
     755
     788
     760
     786
     762
     740
     753
     756
     768
     737
     741
     767
     726
     787
     728
     725
     719
     672
     741
     730
     733
     748
     758
     711
     724
     735
     732
     802
     764
     710
     746
     770
     759
     723
     768
     758
     704
     757
     744
     727
     759
     736
     783
     781
     701
     722
     719
     749
     767
     759
     748
     751
     742
     730
     723
     753
     806
     811
     819
     769
     773
     705
     743
     750
     681
     722
     728
     781
     759
     741
     730
     739
     722
     711
     722
     785
     737
     729
     750
     686
     773
     749
     791
     727
     732
     761
     738
     725
     716
     712
     724
     767
     737
     749
     737
     720
     758
     750
     747
     724
     726
     760
     794
     733
     717
     767
     774
     775
     755
     750
     718
     736
     732
     752
     679
     739
     713
     767
     775
     781
     675
     685
     711
     748
     737
     740
     719
     720
     678
     712
     736
     747
     729
     710
     713
     746
     767
     703
     713
     694
     746
     811
     693
     740
     779
     710
     692
     727
     730
     761
     761
     735
     741
     701
     701
     722
     698
     786
     697
     780
     705
     762
     720
     703
     704
     711
     683
     776
     699
     709
     754
     674
     726
     752
     714
     712
     706
     712
     680
     712
     692
     725
     745
     776
     722
     682
     777
     694
     758
     777
     738
     732
     707
     743
     717
     749
     733
     711
     717
     748
     728
     693
     737
     777
     728
     715
     705
     732
     742
     766
     720
     711
     681
     780
     674
     696
     733
     740
     741
     765
     742
     741
     732
     757
     795
     748
     736
     746
     689
     754
     701
     758
     693
     718
     754
     739
     722
     699
     757
     769
     717
     748
     731
     688
     712
     763
     728
     767
     706
     744
     728
     666
     746
     758
     733
     748
     761
     737
     739
     701
     773
     743
     724
     781
     791
     721
     757
     716
     677
     706
     725
     756
     732
     753
     775
     743
     755
     782
     748
     701
     751
     724
     761
     757
     727
     737
     679
     741
     754
     728
     718
     755
     728
     744
     760
     742
     775
     717
     757
     757
     718
     724
     723
     746
     726
     765
     708
     728
     755
     729
     799
     765
     755
     682
     783
     765
     745
     715
     732
     715
     739
     726
     756
     744
     708
     746
     788
     787
     780
     738
     717
     787
     805
     792
     757
     752
     746
     792
     725
     806
     731
     785
     763
     788
     754
     786
     784
     756
     776
     758
     757
     709
     739
     836
     762
     780
     799
     703
     785
     711
     721
     782
     729
     748
     823
     769
     788
     773
     792
     795
     747
     800
     763
     793
     723
     807
     778
     738
     793
     785
     799
     793
     775
     746
     726
     759
     807
     777
     804
     812
     785
     773
     789
     824
     803
     800
     736
     775
     749
     731
     759
     823
     824
     752
     819
     777
     782
     834
     762
     795
     768
     795
     794
     829
     821
     781
     806
     771
     825
     827
     835
     837
     816
     809
     763
     801
     799
     773
     815
     802
     830
     780
     813
     743
     840
     754
     836
     874
     819
     789
     812
     814
     822
     826
     792
     887
     787
     854
     833
     811
     773
     825
     816
     883
     806
     789
     792
     778
     820
     839
     825
     836
     838
     807
     829
     887
     805
     834
     845
     803
     797
     830
     839
     857
     830
     848
     825
     973
     938
     870
     897
     848
     883
     788
     919
     832
     807
     860
     813
     884
     838
     864
     859
     885
     877
     869
     852
     835
     848
     851
     894
     872
     869
     914
     872
     882
     837
     895
     931
     903
     926
     879
     867
     923
     866
     873
     999
     901
     961
     946
     957
     870
     883
     896
     874
     930
     911
     939
     931
     937
     900
     920
     963
     913
     920
     910
     961
     908
     921
     941
     922
     921
     945
     950
     970
     935
     911
     985
     961
     974
     963
    1047
     995
     991
     956
     976
     995
     950
     953
    1041
     987
    1001
    1026
     988
    1054
    1024
    1003
    1068
    1045
    1015
    1063
    1008
     997
    1053
    1037
    1018
    1050
    1049
    1102
    1087
    1093
    1013
    1017
    1190
    1074
    1072
    1065
    1099
    1079
    1063
    1083
    1083
    1050
    1134
    1068
    1069
    1085
    1084
    1115
    1113
    1169
    1191
    1152
    1098
    1165
    1108
    1128
    1153
    1161
    1177
    1182
    1138
    1205
    1176
    1164
    1170
    1205
    1255
    1205
    1120
    1203
    1206
    1239
    1317
    1251
    1246
    1210
    1190
    1256
    1308
    1290
    1268
    1247
    1320
    1301
    1329
    1287
    1317
    1292
    1328
    1299
    1316
    1395
    1254
    1385
    1371
    1389
    1377
    1334
    1400
    1390
    1352
    1318
    1324
    1394
    1363
    1344
    1340
    1361
    1346
    1340
    1347
    1337
    1396
    1347
    1348
    1308
    1258
    1328
    1306
    1249
    1195
    1168
    1099
    1045
    1071
    1096
     977
     999
     987
     982
     979
     952
     928
     930
     858
     945
     976
     964
     929
     898
     924
     865
     931
     942
     913
     894
     873
     873
     871
     853
     844
     878
     863
     877
     861
     936
     835
     858
     839
     845
     870
     764
     850
     834
     905
     879
     875
     857
     813
     881
     851
     876
     817
     857
     830
     877
     848
     822
     865
     866
     879
     815
     824
     834
     832
     802
     833
     862
     797
     792
     800
     822
     817
     770
     797
     829
     800
     782
     827
     801
     790
     837
     797
     796
     749
     799
     851
     787
     777
     793
     846
     796
     789
     858
     768
     769
     796
     806
     775
     767
     786
     795
     821
     785
     825
     758
     790
     821
     782
     720
     784
     776
     783
     755
     750
     762
     793
     739
     775
     783
     723
     718
     710
     720
     740
     778
     809
     712
     776
     735
     822
     749
     747
     816
     731
     744
     768
     791
     781
     851
     765
     760
     746
     790
     773
     801
     784
     746
     792
     824
     801
     840
     811
     782
     815
     806
     849
     801
     800
     732
     819
     810
     828
     879
     830
     859
     772
     839
     906
     826
     822
     885
     799
     813
     847
     895
     842
     884
     851
     849
     861
     952
     856
     906
     904
     872
     916
     915
     895
     905
     886
     885
     913
     903
     929
     880
     929
     921
     886
     916
     912
     885
     857
     869
     900
     833
     834
     837
     832
     848
     759
     723
     689
     701
     600
     597
     568
     567
     532
     516
     510
     489
     519
     482
     488
     493
     496
     451
     479
     494
     436
     424
     449
     475
     445
     457
     436
     444
     441
     415
     417
     407
     430
     411
     423
     417
     430
     412
     401
     412
     431
     456
     419
     425
     389
     440
     423
     371
     368
     382
     400
     374
     401
     394
     380
     387
     391
     400
     407
     416
     384
     381
     465
     460
     534
     619
     745
     720
     809
     884
     933
    1105
    1541
    2599
    8341
   21776
   29025
   17149
    5115
    1007
     369
     307
     300
     294
     279
     260
     250
     284
     278
     285
     289
     304
     261
     260
     271
     236
     249
     248
     213
     287
     255
     245
     249
     237
     240
     213
     227
     211
     221
     210
     203
     216
     181
     209
     208
     211
     204
     203
     199
     194
     188
     184
     194
     185
     147
     161
     152
     163
     163
     148
     142
     156
     144
     165
     139
     137
     181
     148
     131
     135
     141
     126
     118
     132
     158
     120
     102
     108
     143
     109
     104
     108
     118
      99
     114
      97
      99
      98
     115
     109
      95
      86
     122
      77
      79
     114
      87
      90
      78
      98
      86
      79
      66
      87
      83
      77
      68
      67
      65
      70
      87
      75
      67
      68
      75
      70
      63
      63
      66
      86
      66
      74
      70
      64
      68
      65
      66
      75
      71
      65
      72
      63
      74
      50
      61
      56
      61
      69
      70
      48
      67
      63
      56
      70
      69
      70
      57
      67
      57
      58
      55
      57
      54
      56
      64
      53
      65
      63
      56
      68
      53
      66
      64
      70
      48
      55
      51
      56
      53
      61
      55
      40
      58
      71
      60
      46
      53
      64
      72
      48
      56
      52
      56
      48
      51
      43
      56
      55
      58
      55
      47
      57
      45
      58
      55
      46
      60
      49
      56
      55
      47
      70
      57
      54
      68
      77
      80
      96
     123
     147
     172
     239
     306
     372
     419
     481
     564
     681
     831
    1492
    3748
   11672
   22436
   21312
    9738
    2389
     386
      69
      44
      34
      33
      36
      29
      29
      26
      24
      28
      25
      35
      31
      27
      27
      18
      29
      38
      25
      31
      24
      24
      18
      29
      20
      27
      20
      24
      27
      29
      26
      16
      21
      24
      19
      30
      23
      19
      28
      26
      32
      31
      24
      31
      28
      20
      26
      30
      20
      21
      33
      26
      27
      25
      27
      19
      32
      21
      23
      24
      17
      16
      19
      25
      19
      25
      15
      26
      15
      22
      23
      17
      23
      27
      30
      24
      27
      25
      23
      16
      26
      20
      29
      24
      15
      32
      24
      33
      25
      24
       9
      21
      17
      22
      19
      36
      23
      17
      18
      20
      18
      30
      26
      23
      25
      24
      23
      20
      21
      20
      28
      23
      21
      26
      13
      24
      25
      13
      20
      18
      22
      18
      20
      19
      28
      27
      16
      22
      21
      11
      18
      27
      22
      22
      29
      17
      17
      19
      20
      14
      15
      21
      24
      23
      21
      33
      18
      18
      14
      32
      15
      16
      21
      18
      19
      17
      23
      30
      18
      26
      24
      15
      23
      17
      22
      24
      26
      39
      39
      55
      78
      62
      30
      15
      27
      22
      15
      15
      23
      20
      21
      18
      24
      22
      21
      15
      22
      22
      20
      20
      15
      14
      17
      28
      13
      15
      21
      16
      16
       0
       0
       0
       0
       0
       0
       0
       0
       0
       0
       0
       0
       0
       0
       0
       0
       0
       0
       0
       0
       0
       0
       0
       0
       0
       0
       0
       0
       0
       0
       0
       0
$ROI:
0
$PRESETS:
None
0
0
$ENER_FIT:
0.000000 0.731044
$MCA_CAL:
3
0.000000E+000 7.310444E-001 0.000000E+000 keV
$SHAPE_CAL:
3
0.000000E+000 0.000000E+000 0.000000E+000
