$SPEC_ID:
No sample description was entered.
$SPEC_REM:
DET# 4
DETDESC# JLAB-20 MCB 131
AP# Maestro Version 7.01
$DATE_MEA:
10/07/2025 06:10:02
$MEAS_TIM:
579 600
$DATA:
0 2047
       0
       0
       0
       0
       0
       0
       0
       0
       0
       0
       0
       0
       0
       0
       0
       0
       0
       0
       0
       0
       0
       0
       0
       0
       0
       0
       0
       0
       0
       0
       0
       0
       0
       0
       0
       0
       0
       0
       0
       0
       0
       0
       0
       0
       0
       0
       0
       0
       0
       0
       0
       0
       0
       0
       0
       0
       0
       0
       0
       0
       0
       0
       0
       0
       0
       0
       0
       0
       0
      59
    1251
    1386
    1377
    1435
    1414
    1330
    1352
    1417
    1371
    1323
    1349
    1387
    1406
    1309
    1367
    1411
    1398
    1345
    1314
    1359
    1394
    1313
    1336
    1371
    1309
    1323
    1369
    1336
    1439
    1498
    1388
    1522
    1548
    1417
    1392
    1417
    1353
    1350
    1297
    1345
    1341
    1336
    1328
    1356
    1393
    1373
    1369
    1332
    1361
    1328
    1355
    1395
    1328
    1310
    1319
    1274
    1281
    1380
    1301
    1315
    1397
    1319
    1363
    1309
    1354
    1246
    1312
    1321
    1326
    1362
    1336
    1363
    1316
    1302
    1354
    1298
    1332
    1324
    1326
    1334
    1365
    1265
    1280
    1275
    1297
    1343
    1365
    1302
    1244
    1359
    1313
    1304
    1312
    1347
    1360
    1324
    1300
    1304
    1307
    1323
    1327
    1455
    1343
    1389
    1238
    1241
    1332
    1330
    1304
    1285
    1341
    1289
    1258
    1334
    1306
    1273
    1302
    1327
    1338
    1262
    1304
    1285
    1258
    1279
    1242
    1320
    1326
    1301
    1291
    1289
    1305
    1278
    1335
    1244
    1301
    1282
    1340
    1325
    1218
    1282
    1246
    1245
    1235
    1289
    1254
    1289
    1274
    1266
    1318
    1321
    1235
    1263
    1306
    1212
    1305
    1268
    1199
    1216
    1201
    1218
    1273
    1243
    1184
    1210
    1251
    1236
    1253
    1205
    1224
    1262
    1268
    1255
    1165
    1196
    1243
    1169
    1178
    1131
    1174
    1202
    1220
    1172
    1223
    1159
    1170
    1226
    1162
    1235
    1110
    1209
    1176
    1151
    1149
    1159
    1148
    1125
    1151
    1122
    1163
    1167
    1173
    1148
    1170
    1212
    1205
    1135
    1194
    1189
    1333
    1191
    1233
    1234
    1267
    1282
    1309
    1321
    1334
    1299
    1408
    1433
    1395
    1415
    1541
    1477
    1488
    1542
    1488
    1452
    1481
    1519
    1477
    1480
    1492
    1492
    1419
    1409
    1426
    1378
    1445
    1381
    1358
    1296
    1421
    1422
    1407
    1302
    1347
    1382
    1385
    1359
    1340
    1416
    1291
    1252
    1333
    1339
    1302
    1274
    1299
    1375
    1212
    1269
    1268
    1289
    1210
    1295
    1257
    1279
    1234
    1179
    1233
    1239
    1225
    1239
    1242
    1204
    1223
    1181
    1161
    1202
    1160
    1197
    1236
    1198
    1115
    1120
    1196
    1184
    1184
    1116
    1171
    1111
    1151
    1155
    1165
    1162
    1143
    1087
    1128
    1144
    1102
    1123
    1117
    1061
    1139
    1015
    1081
    1136
    1054
    1085
    1041
    1126
    1089
    1013
    1125
    1045
    1070
    1046
    1054
    1076
    1017
    1034
    1069
    1035
    1045
    1099
    1078
    1062
    1017
    1035
    1082
    1006
    1076
    1057
    1024
     992
     983
    1023
    1035
     978
    1019
    1018
     963
     934
     980
     957
     966
     966
     982
     984
     956
    1043
    1287
    1168
     989
     943
     995
     902
     964
     967
     949
     935
     959
     937
     965
     874
     946
     954
     969
     916
     974
     894
     934
     907
     893
     977
     859
     928
     899
     881
     905
     920
     925
     871
     914
     832
     915
     850
     948
     927
     899
     881
     929
     957
     924
     925
     940
     920
     923
     880
     884
     893
     846
     885
     894
     869
     870
     901
     954
     907
     812
     848
     910
     871
     887
     878
     820
     857
     884
     858
     900
     852
     822
     831
     842
     827
     817
     891
     868
     858
     847
     814
     814
     830
     833
     888
     829
     834
     874
     832
     863
     853
     773
     754
     796
     816
     821
     837
     823
     821
     803
     876
     819
     783
     863
     804
     797
     830
     884
     826
     817
     826
     803
     807
     857
     813
     829
     811
     808
     768
     777
     774
     806
     828
     753
     807
     833
     837
     826
     789
     810
     795
     841
     797
     774
     814
     797
     820
     797
     746
     760
     823
     885
     771
     780
     809
     738
     777
     787
     784
     804
     812
     819
     829
     759
     804
     783
     776
     803
     789
     749
     750
     725
     789
     777
     780
     759
     770
     760
     775
     742
     786
     757
     812
     784
     778
     782
     764
     801
     762
     745
     797
     777
     757
     790
     756
     740
     781
     800
     698
     723
     802
     813
     772
     746
     736
     723
     790
     766
     759
     762
     725
     722
     766
     731
     798
     713
     733
     730
     804
     775
     725
     802
     724
     779
     750
     776
     779
     775
     759
     725
     710
     764
     749
     717
     718
     729
     725
     781
     772
     701
     723
     745
     761
     722
     781
     730
     771
     786
     753
     774
     703
     717
     727
     693
     760
     761
     710
     753
     727
     752
     740
     705
     719
     700
     735
     756
     773
     731
     743
     723
     740
     737
     696
     728
     712
     727
     827
     663
     710
     764
     769
     746
     817
     813
     765
     740
     696
     813
     748
     757
     746
     728
     805
     725
     668
     758
     753
     757
     719
     780
     769
     726
     724
     754
     722
     743
     756
     739
     729
     745
     740
     703
     702
     767
     755
     765
     755
     768
     746
     736
     730
     713
     682
     724
     686
     759
     680
     741
     713
     719
     705
     757
     736
     736
     710
     683
     711
     687
     707
     737
     797
     708
     706
     739
     756
     765
     715
     736
     709
     720
     749
     707
     728
     746
     688
     771
     751
     727
     718
     717
     737
     723
     700
     750
     756
     721
     821
     740
     726
     693
     732
     711
     735
     775
     680
     767
     746
     736
     771
     719
     672
     772
     750
     728
     732
     698
     728
     739
     732
     736
     733
     728
     695
     692
     739
     741
     741
     776
     730
     737
     739
     733
     718
     766
     746
     715
     674
     712
     761
     719
     718
     705
     757
     756
     728
     730
     707
     736
     741
     754
     752
     710
     719
     774
     716
     731
     736
     728
     722
     748
     740
     740
     724
     748
     730
     731
     687
     721
     687
     700
     725
     740
     739
     729
     699
     721
     696
     722
     728
     736
     767
     733
     733
     694
     691
     739
     757
     731
     769
     723
     737
     754
     751
     745
     713
     769
     772
     702
     809
     731
     749
     734
     743
     691
     794
     687
     789
     744
     721
     747
     727
     778
     734
     696
     730
     727
     739
     791
     764
     684
     731
     762
     751
     787
     721
     754
     688
     754
     770
     700
     747
     756
     749
     782
     729
     792
     722
     713
     713
     746
     756
     750
     758
     744
     768
     735
     667
     787
     762
     785
     735
     738
     764
     753
     750
     760
     684
     709
     782
     767
     752
     714
     747
     745
     713
     783
     711
     789
     703
     752
     767
     763
     772
     720
     729
     781
     724
     730
     748
     749
     750
     761
     773
     768
     739
     728
     735
     738
     745
     674
     782
     714
     743
     809
     782
     747
     760
     825
     759
     827
     821
     768
     746
     775
     729
     762
     746
     750
     736
     752
     728
     750
     718
     764
     745
     764
     780
     742
     745
     769
     784
     742
     767
     830
     720
     793
     770
     762
     790
     846
     764
     768
     759
     785
     747
     788
     784
     831
     778
     805
     788
     794
     745
     796
     777
     806
     778
     769
     780
     765
     805
     775
     761
     822
     816
     772
     784
     788
     802
     806
     804
     782
     814
     817
     783
     844
     773
     802
     753
     812
     795
     849
     791
     758
     776
     828
     752
     810
     821
     765
     774
     817
     854
     815
     781
     799
     786
     806
     795
     800
     842
     817
     831
     810
     800
     806
     764
     797
     785
     791
     845
     802
     852
     833
     833
     805
     784
     805
     803
     795
     867
     850
     809
     856
     784
     861
     822
     851
     825
     839
     806
     832
     843
     831
     835
     868
     830
     868
     808
     786
     848
     816
     857
     842
     886
     910
     944
     955
     893
     857
     882
     856
     865
     796
     825
     839
     875
     816
     855
     842
     879
     898
     815
     849
     869
     856
     869
     868
     860
     867
     868
     820
     894
     929
     828
     855
     880
     912
     892
     875
     887
     924
     865
     927
     903
     863
     876
     949
     926
     884
     914
     910
     948
     975
     837
     944
     900
     966
     976
     873
     936
     934
     860
     936
     968
     975
     847
     910
     956
     923
     931
     969
     893
     924
     941
     975
     978
     939
     938
    1019
     927
     953
     956
     981
     948
     954
     960
    1032
     979
    1009
    1023
     957
    1077
    1001
     939
    1004
     996
    1019
    1010
    1065
    1120
     995
    1038
    1013
     971
    1043
     979
    1123
    1032
    1085
    1078
    1063
    1093
    1023
    1042
    1084
    1055
    1057
    1107
    1083
    1053
    1100
    1162
    1146
    1162
    1104
    1142
    1129
    1143
    1068
    1145
    1104
    1106
    1221
    1157
    1123
    1164
    1159
    1166
    1157
    1186
    1143
    1199
    1237
    1172
    1189
    1216
    1238
    1282
    1213
    1167
    1190
    1278
    1253
    1280
    1256
    1257
    1270
    1307
    1257
    1230
    1269
    1210
    1285
    1303
    1313
    1340
    1289
    1311
    1348
    1353
    1404
    1342
    1348
    1406
    1411
    1347
    1325
    1343
    1393
    1397
    1397
    1332
    1401
    1335
    1394
    1415
    1346
    1443
    1446
    1353
    1408
    1354
    1324
    1372
    1329
    1322
    1245
    1234
    1124
    1195
    1115
    1113
    1055
    1127
    1000
    1028
     980
     994
     950
    1021
     990
     907
     942
     911
     909
     972
     944
     931
     896
     937
     911
     934
     922
     854
     872
     894
     878
     885
     923
     887
     890
     883
     903
     935
     879
     840
     912
     883
     829
     870
     873
     910
     875
     820
     844
     849
     825
     849
     914
     893
     827
     849
     853
     839
     880
     821
     882
     832
     900
     821
     871
     862
     780
     816
     847
     865
     779
     806
     796
     869
     783
     781
     845
     819
     819
     787
     821
     845
     780
     837
     828
     770
     836
     807
     813
     855
     840
     825
     862
     789
     821
     801
     770
     817
     738
     816
     795
     732
     778
     768
     756
     757
     752
     754
     749
     757
     768
     816
     812
     720
     799
     792
     750
     810
     816
     784
     746
     780
     766
     801
     769
     807
     781
     752
     795
     800
     812
     778
     718
     779
     755
     755
     788
     772
     788
     836
     742
     800
     750
     817
     777
     768
     829
     781
     795
     749
     797
     784
     829
     796
     747
     793
     804
     855
     799
     828
     878
     781
     802
     778
     828
     810
     796
     846
     878
     823
     847
     880
     864
     872
     863
     869
     846
     832
     869
     847
     835
     866
     837
     928
     848
     952
     868
     842
     911
     864
     879
     873
     859
     937
     924
     888
     938
     916
     922
     934
     881
     922
     900
     931
     891
     850
     904
     847
     861
     821
     870
     757
     782
     733
     665
     696
     641
     566
     623
     558
     534
     523
     510
     550
     520
     517
     488
     465
     492
     511
     452
     501
     470
     482
     440
     465
     424
     444
     442
     466
     490
     456
     420
     381
     428
     449
     419
     414
     426
     410
     387
     418
     387
     406
     416
     411
     457
     375
     408
     370
     342
     410
     377
     432
     420
     421
     386
     422
     353
     436
     370
     383
     398
     390
     451
     477
     537
     611
     701
     704
     842
     896
    1008
    1110
    1573
    3145
    9711
   23990
   28118
   15175
    4199
     907
     358
     299
     287
     291
     257
     315
     288
     270
     263
     273
     270
     305
     242
     262
     268
     254
     233
     263
     259
     242
     261
     239
     230
     254
     240
     259
     247
     214
     229
     209
     226
     187
     243
     236
     201
     194
     201
     175
     181
     182
     189
     171
     184
     170
     173
     160
     138
     153
     146
     135
     161
     151
     163
     148
     167
     158
     124
     117
     139
     126
     134
     124
     123
     111
     123
     122
     124
     131
     134
     101
     132
     104
      90
     102
     104
     118
      95
      82
     105
      92
      81
      90
      75
     100
     108
     100
      96
      93
      93
      74
      76
      78
      61
      70
      75
      72
      84
      81
      66
      73
      65
      60
      69
      73
      84
      55
      58
      80
      70
      56
      69
      62
      62
      74
      65
      65
      61
      61
      71
      59
      64
      63
      63
      57
      68
      55
      45
      57
      63
      62
      62
      74
      58
      66
      61
      83
      57
      68
      71
      65
      72
      63
      58
      58
      60
      62
      66
      66
      67
      57
      60
      56
      53
      54
      54
      60
      49
      64
      55
      54
      52
      59
      49
      61
      53
      68
      50
      59
      49
      53
      56
      50
      53
      48
      46
      57
      58
      43
      43
      52
      50
      55
      66
      56
      59
      53
      60
      55
      60
      64
      53
      54
      65
      56
      72
      70
      71
     101
     114
     147
     194
     260
     299
     306
     404
     474
     546
     687
     930
    1702
    4660
   13691
   23452
   19712
    8039
    1788
     304
      60
      39
      42
      36
      40
      34
      25
      36
      27
      23
      28
      30
      32
      39
      29
      18
      22
      22
      24
      24
      24
      23
      25
      32
      24
      27
      22
      20
      24
      26
      18
      20
      24
      23
      26
      28
      22
      29
      18
      25
      12
      22
      26
      35
      22
      23
      32
      17
      19
      25
      20
      25
      28
      33
      20
      22
      25
      29
      25
      25
      16
      25
      26
      23
      30
      33
      26
      22
      24
      22
      21
      21
      30
      14
      22
      22
      20
      19
      13
      34
      23
      29
      37
      26
      22
      29
      25
      27
      18
      21
      26
      16
      23
      21
      20
      25
      25
      12
      16
      21
      13
      17
      29
      21
      21
      33
      26
      18
      18
      21
      26
      22
      22
      21
      12
      23
      22
      20
      19
      20
      34
      20
      14
      13
      20
      19
      26
      25
      15
      25
      22
      17
      13
      15
      23
      20
      28
      23
      29
      18
      20
      30
      20
      15
      18
      12
      21
      25
      17
      27
      20
      22
      21
      19
      14
      21
      18
      20
      25
      20
      21
      31
      18
      25
      17
      24
      18
      25
      43
      63
      73
      48
      27
      13
      15
      28
      21
      23
      24
      18
      22
      22
      20
      22
      17
      26
      17
      14
      20
      18
      16
      20
      25
      26
      25
      25
      22
      26
      16
       0
       0
       0
       0
       0
       0
       0
       0
       0
       0
       0
       0
       0
       0
       0
       0
       0
       0
       0
       0
       0
       0
       0
       0
       0
       0
       0
       0
       0
       0
       0
       0
$ROI:
0
$PRESETS:
None
0
0
$ENER_FIT:
0.000000 0.731044
$MCA_CAL:
3
0.000000E+000 7.310444E-001 0.000000E+000 keV
$SHAPE_CAL:
3
0.000000E+000 0.000000E+000 0.000000E+000
