$SPEC_ID:
No sample description was entered.
$SPEC_REM:
DET# 4
DETDESC# JLAB-20 MCB 131
AP# Maestro Version 7.01
$DATE_MEA:
10/07/2025 18:10:02
$MEAS_TIM:
579 599
$DATA:
0 2047
       0
       0
       0
       0
       0
       0
       0
       0
       0
       0
       0
       0
       0
       0
       0
       0
       0
       0
       0
       0
       0
       0
       0
       0
       0
       0
       0
       0
       0
       0
       0
       0
       0
       0
       0
       0
       0
       0
       0
       0
       0
       0
       0
       0
       0
       0
       0
       0
       0
       0
       0
       0
       0
       0
       0
       0
       0
       0
       0
       0
       0
       0
       0
       0
       0
       0
       0
       0
       0
      23
    1423
    1332
    1359
    1326
    1327
    1320
    1352
    1418
    1433
    1341
    1343
    1360
    1449
    1339
    1323
    1404
    1441
    1334
    1347
    1307
    1343
    1447
    1333
    1386
    1316
    1420
    1367
    1346
    1478
    1431
    1403
    1515
    1594
    1325
    1448
    1412
    1298
    1351
    1311
    1272
    1368
    1356
    1311
    1343
    1379
    1399
    1350
    1368
    1393
    1380
    1297
    1304
    1325
    1254
    1280
    1305
    1366
    1319
    1302
    1317
    1346
    1323
    1340
    1316
    1321
    1380
    1273
    1319
    1381
    1276
    1371
    1339
    1403
    1298
    1294
    1336
    1350
    1300
    1315
    1371
    1298
    1301
    1322
    1228
    1276
    1309
    1284
    1266
    1290
    1296
    1340
    1391
    1339
    1280
    1281
    1219
    1280
    1379
    1297
    1320
    1333
    1331
    1318
    1252
    1308
    1301
    1354
    1266
    1244
    1319
    1274
    1287
    1311
    1266
    1313
    1336
    1373
    1281
    1371
    1271
    1260
    1317
    1314
    1285
    1321
    1302
    1257
    1301
    1316
    1345
    1296
    1263
    1298
    1296
    1271
    1296
    1321
    1310
    1202
    1280
    1230
    1258
    1260
    1287
    1287
    1253
    1235
    1248
    1243
    1280
    1294
    1202
    1216
    1170
    1228
    1238
    1235
    1258
    1185
    1271
    1292
    1236
    1257
    1213
    1226
    1227
    1245
    1222
    1268
    1188
    1191
    1265
    1198
    1184
    1141
    1198
    1204
    1159
    1228
    1256
    1244
    1249
    1218
    1215
    1209
    1146
    1211
    1128
    1160
    1199
    1178
    1124
    1261
    1186
    1164
    1159
    1140
    1182
    1158
    1178
    1187
    1151
    1234
    1228
    1195
    1166
    1175
    1198
    1134
    1197
    1227
    1207
    1243
    1281
    1250
    1292
    1340
    1446
    1357
    1499
    1505
    1441
    1404
    1568
    1591
    1489
    1503
    1446
    1501
    1476
    1468
    1421
    1427
    1411
    1438
    1445
    1472
    1373
    1379
    1445
    1397
    1379
    1391
    1280
    1390
    1349
    1327
    1368
    1348
    1346
    1355
    1341
    1346
    1283
    1385
    1352
    1288
    1294
    1284
    1338
    1249
    1225
    1258
    1271
    1277
    1311
    1293
    1323
    1251
    1335
    1226
    1264
    1260
    1269
    1237
    1287
    1237
    1198
    1194
    1187
    1206
    1137
    1150
    1210
    1251
    1214
    1184
    1138
    1158
    1154
    1096
    1124
    1119
    1166
    1081
    1165
    1193
    1135
    1160
    1155
    1088
    1112
    1133
    1079
    1154
    1150
    1135
    1162
    1140
    1142
    1085
    1137
    1078
    1063
    1106
    1068
    1161
    1065
    1103
    1053
    1030
    1029
    1001
    1049
    1122
    1006
    1061
    1044
    1027
    1026
    1001
    1088
    1022
    1033
    1014
     995
    1048
     969
    1015
     985
    1012
    1038
     999
    1016
    1004
     962
     976
     997
    1001
    1011
     974
    1092
    1273
    1185
     964
     964
    1042
     925
     904
     951
     926
     942
    1017
     997
     970
     981
     960
     920
     929
     984
     926
     939
     942
     924
     939
     949
     908
     913
     889
     929
     910
     985
     996
     934
     908
     927
     935
     948
     912
     874
     863
     869
     898
     897
     921
     900
     893
     871
     864
     947
     940
     940
     915
     905
     916
     874
     840
     865
     909
     892
     927
     853
     890
     864
     867
     918
     817
     843
     808
     829
     810
     871
     863
     887
     853
     838
     838
     854
     838
     807
     808
     843
     839
     834
     896
     818
     821
     778
     840
     856
     831
     881
     849
     854
     833
     837
     835
     831
     850
     766
     842
     821
     835
     777
     871
     811
     858
     822
     816
     855
     806
     795
     822
     822
     828
     794
     820
     799
     796
     825
     775
     815
     841
     863
     855
     833
     780
     783
     810
     771
     759
     767
     759
     842
     789
     806
     811
     794
     806
     822
     796
     805
     762
     771
     829
     789
     802
     807
     798
     806
     846
     780
     747
     798
     803
     737
     743
     820
     753
     798
     787
     769
     738
     789
     777
     825
     745
     753
     767
     749
     787
     772
     770
     761
     799
     737
     800
     798
     807
     757
     835
     812
     794
     755
     784
     742
     754
     776
     778
     779
     808
     748
     756
     765
     745
     792
     777
     722
     754
     788
     783
     790
     753
     835
     739
     782
     771
     734
     825
     688
     799
     762
     729
     787
     737
     758
     744
     724
     771
     785
     731
     754
     753
     774
     753
     761
     763
     710
     696
     753
     736
     774
     727
     695
     715
     740
     741
     740
     724
     770
     759
     815
     742
     730
     738
     809
     759
     729
     756
     798
     711
     778
     751
     724
     704
     749
     717
     699
     760
     768
     734
     728
     727
     728
     743
     752
     737
     798
     759
     711
     742
     701
     749
     775
     791
     776
     790
     743
     727
     765
     735
     685
     709
     708
     699
     714
     746
     764
     719
     754
     700
     741
     702
     704
     727
     710
     720
     766
     797
     707
     710
     740
     718
     713
     775
     761
     706
     727
     788
     756
     700
     756
     764
     753
     719
     683
     739
     671
     769
     742
     748
     723
     743
     734
     730
     743
     744
     732
     734
     768
     735
     751
     727
     737
     727
     699
     692
     758
     708
     739
     723
     696
     706
     752
     736
     765
     709
     744
     703
     728
     748
     764
     758
     775
     737
     720
     716
     749
     750
     724
     743
     729
     713
     679
     739
     735
     690
     700
     755
     657
     745
     706
     726
     732
     768
     732
     700
     753
     727
     720
     722
     732
     729
     702
     713
     783
     692
     730
     725
     734
     710
     772
     772
     707
     742
     759
     697
     684
     736
     745
     748
     685
     749
     737
     748
     738
     712
     720
     759
     761
     743
     709
     714
     721
     736
     702
     729
     677
     759
     725
     703
     719
     750
     724
     709
     722
     721
     661
     715
     753
     712
     769
     688
     730
     739
     752
     772
     736
     764
     738
     755
     731
     746
     743
     727
     730
     789
     711
     695
     767
     755
     702
     744
     723
     715
     736
     741
     737
     728
     781
     735
     686
     755
     746
     740
     754
     711
     744
     730
     709
     707
     694
     740
     694
     727
     714
     670
     748
     759
     708
     736
     737
     743
     742
     781
     743
     755
     729
     754
     768
     729
     702
     783
     736
     707
     685
     699
     742
     696
     756
     751
     779
     704
     705
     764
     765
     730
     750
     795
     735
     786
     770
     734
     744
     792
     726
     745
     718
     720
     723
     763
     795
     763
     714
     776
     807
     764
     754
     750
     716
     734
     731
     749
     772
     732
     754
     720
     769
     729
     787
     740
     718
     708
     778
     735
     741
     780
     760
     778
     730
     804
     746
     739
     694
     773
     758
     802
     748
     794
     760
     748
     733
     749
     748
     821
     760
     766
     691
     752
     833
     743
     746
     756
     767
     741
     774
     794
     794
     747
     807
     771
     784
     706
     710
     756
     816
     760
     758
     816
     800
     796
     815
     762
     804
     788
     764
     775
     750
     746
     822
     840
     809
     752
     777
     771
     809
     749
     778
     725
     773
     774
     803
     771
     769
     817
     784
     789
     813
     803
     829
     799
     818
     724
     792
     815
     800
     808
     809
     792
     776
     776
     802
     789
     787
     790
     751
     786
     843
     813
     806
     846
     787
     767
     777
     790
     803
     754
     823
     774
     787
     788
     770
     785
     830
     836
     841
     818
     819
     797
     809
     796
     805
     810
     776
     756
     847
     818
     815
     842
     857
     849
     874
     824
     815
     865
     888
     823
     803
     789
     765
     789
     824
     840
     830
     841
     819
     832
     756
     864
     865
     817
     828
     862
     888
     839
     885
     932
     973
     913
     897
     858
     843
     874
     914
     849
     830
     875
     870
     840
     866
     882
     898
     872
     849
     856
     908
     873
     896
     855
     898
     909
     883
     858
     866
     901
     883
     871
     892
     849
     941
     904
     917
     916
     863
     835
     890
     929
     862
     895
     877
     880
     905
     968
     924
     919
     894
     913
     897
     932
     916
     899
     911
     898
     913
     963
     912
     946
    1020
     873
     991
     951
     980
     993
     953
     970
     936
     906
     927
     996
     993
     994
     981
     928
     976
     976
     972
     973
     980
    1022
     981
    1017
     947
     959
    1036
     984
    1046
    1026
     974
     997
     998
    1039
    1061
     997
     976
    1054
    1046
    1035
    1038
    1036
    1059
    1100
    1111
    1120
    1092
    1110
    1057
    1039
    1059
    1085
    1068
    1048
    1081
    1067
    1105
    1042
    1043
    1104
    1148
    1150
    1194
    1152
    1189
    1149
    1187
    1122
    1217
    1197
    1172
    1110
    1169
    1137
    1188
    1226
    1176
    1197
    1171
    1163
    1257
    1258
    1202
    1237
    1196
    1235
    1206
    1237
    1269
    1268
    1262
    1252
    1228
    1259
    1268
    1264
    1295
    1301
    1297
    1264
    1343
    1292
    1331
    1315
    1321
    1318
    1339
    1336
    1328
    1362
    1459
    1325
    1382
    1395
    1371
    1336
    1390
    1341
    1427
    1404
    1426
    1348
    1427
    1318
    1462
    1361
    1334
    1368
    1325
    1266
    1310
    1274
    1212
    1176
    1212
    1043
    1042
    1067
    1025
    1062
    1053
    1006
     982
     904
    1005
     947
     944
     927
     974
     934
     933
     877
     906
     939
     856
     824
     939
     949
     938
     865
     826
     891
     906
     828
     946
     864
     890
     895
     878
     830
     920
     850
     857
     876
     835
     845
     895
     860
     878
     814
     882
     843
     917
     843
     812
     841
     813
     834
     844
     804
     865
     849
     846
     817
     833
     857
     845
     824
     781
     836
     849
     798
     843
     803
     861
     816
     815
     823
     833
     791
     815
     823
     771
     859
     796
     855
     814
     775
     799
     823
     788
     796
     753
     800
     804
     762
     815
     828
     807
     795
     775
     752
     801
     770
     828
     836
     797
     756
     777
     810
     781
     823
     783
     772
     752
     791
     807
     813
     747
     816
     781
     754
     709
     740
     734
     716
     785
     751
     778
     770
     783
     790
     752
     758
     785
     793
     778
     773
     760
     809
     757
     772
     830
     770
     809
     804
     747
     801
     822
     772
     822
     819
     779
     837
     860
     795
     812
     798
     824
     801
     850
     759
     826
     815
     796
     776
     851
     871
     832
     798
     813
     857
     828
     809
     851
     848
     829
     841
     903
     839
     890
     817
     887
     844
     883
     902
     879
     938
     899
     906
     868
     885
     972
     847
     918
     903
     895
     918
     875
     928
     951
     845
     880
     884
     886
     894
     865
     884
     863
     831
     845
     846
     806
     735
     737
     705
     681
     615
     591
     595
     524
     557
     558
     551
     503
     476
     528
     507
     483
     478
     478
     492
     465
     484
     493
     453
     463
     435
     459
     478
     427
     448
     441
     463
     429
     411
     451
     396
     418
     423
     383
     434
     393
     394
     401
     387
     428
     419
     397
     397
     405
     409
     401
     401
     419
     393
     385
     383
     424
     397
     390
     397
     411
     416
     415
     458
     548
     572
     649
     688
     796
     865
     862
     971
    1220
    1706
    3700
   11514
   25661
   27022
   12988
    3204
     718
     311
     302
     289
     298
     301
     274
     279
     298
     268
     283
     252
     260
     280
     275
     230
     269
     234
     248
     250
     239
     255
     246
     218
     211
     246
     261
     201
     209
     207
     234
     222
     200
     209
     206
     213
     210
     202
     200
     202
     172
     189
     166
     201
     176
     160
     179
     179
     156
     185
     181
     165
     161
     159
     138
     137
     150
     136
     117
     146
     131
     128
     132
     111
     113
     134
     119
     113
     129
      96
     116
     110
     121
     105
     102
     113
     108
      93
      95
      84
      93
      98
      94
      99
      89
      96
      93
      86
      95
      90
      87
      89
      63
      71
      89
      64
      77
      85
      69
      90
      77
      67
      73
      64
      72
      66
      58
      75
      81
      75
      65
      72
      69
      60
      70
      70
      72
      62
      67
      63
      72
      69
      56
      66
      73
      59
      65
      54
      74
      67
      62
      54
      56
      62
      51
      68
      70
      51
      75
      62
      52
      56
      61
      56
      72
      70
      65
      74
      60
      63
      73
      59
      64
      59
      56
      47
      61
      57
      69
      49
      55
      44
      61
      67
      50
      61
      51
      59
      53
      54
      58
      42
      56
      56
      58
      46
      57
      60
      52
      56
      60
      56
      41
      50
      47
      57
      67
      52
      58
      65
      55
      46
      71
      48
      61
      75
      74
      74
     108
     117
     157
     176
     252
     290
     368
     399
     504
     586
     698
     963
    1943
    5601
   15733
   23771
   17794
    6527
    1397
     192
      61
      48
      29
      43
      29
      28
      26
      30
      30
      28
      15
      25
      20
      30
      22
      24
      17
      32
      23
      26
      27
      24
      25
      27
      26
      25
      26
      19
      34
      21
      19
      32
      26
      27
      28
      23
      29
      23
      28
      26
      27
      28
      31
      15
      24
      38
      19
      25
      30
      27
      22
      22
      18
      39
      16
      23
      27
      24
      21
      25
      20
      19
      19
      29
      19
      21
      28
      26
      21
      28
      36
      19
      21
      20
      17
      18
      21
      25
      28
      28
      30
      21
      20
      18
      34
      21
      17
      20
      19
      23
      15
      22
      17
      22
      25
      17
      16
      20
      26
      18
      22
      32
      21
      23
      22
      12
      24
      27
      33
      24
      25
      11
      21
      23
      13
      27
      28
      21
      23
      25
      23
      24
      20
      17
      20
      23
      18
      29
      28
      21
      15
      27
      17
      29
      22
      31
      21
      18
      21
      15
      18
      27
      24
      19
      16
      20
      32
      18
      18
      22
      19
      33
      17
      20
      12
      16
      24
      21
      15
      25
      20
      19
       9
      17
      20
      25
      23
      21
      49
      73
      69
      42
      33
      21
      17
      23
      18
      21
      24
      16
      21
      21
      28
      30
      27
      14
      22
      20
      15
      19
      21
      15
      12
      28
      19
      17
      19
      19
      17
       0
       0
       0
       0
       0
       0
       0
       0
       0
       0
       0
       0
       0
       0
       0
       0
       0
       0
       0
       0
       0
       0
       0
       0
       0
       0
       0
       0
       0
       0
       0
       0
$ROI:
0
$PRESETS:
None
0
0
$ENER_FIT:
0.000000 0.731044
$MCA_CAL:
3
0.000000E+000 7.310444E-001 0.000000E+000 keV
$SHAPE_CAL:
3
0.000000E+000 0.000000E+000 0.000000E+000
