$SPEC_ID:
No sample description was entered.
$SPEC_REM:
DET# 4
DETDESC# JLAB-20 MCB 131
AP# Maestro Version 7.01
$DATE_MEA:
10/06/2025 20:40:02
$MEAS_TIM:
579 599
$DATA:
0 2047
       0
       0
       0
       0
       0
       0
       0
       0
       0
       0
       0
       0
       0
       0
       0
       0
       0
       0
       0
       0
       0
       0
       0
       0
       0
       0
       0
       0
       0
       0
       0
       0
       0
       0
       0
       0
       0
       0
       0
       0
       0
       0
       0
       0
       0
       0
       0
       0
       0
       0
       0
       0
       0
       0
       0
       0
       0
       0
       0
       0
       0
       0
       0
       0
       0
       0
       0
       0
       0
      39
    1330
    1439
    1390
    1386
    1389
    1378
    1365
    1409
    1408
    1383
    1402
    1369
    1413
    1380
    1347
    1382
    1351
    1337
    1394
    1460
    1285
    1352
    1323
    1370
    1325
    1400
    1356
    1353
    1392
    1469
    1341
    1464
    1537
    1362
    1393
    1322
    1302
    1334
    1345
    1372
    1383
    1361
    1331
    1308
    1309
    1385
    1340
    1358
    1283
    1379
    1369
    1384
    1293
    1288
    1278
    1311
    1355
    1327
    1289
    1273
    1289
    1365
    1362
    1327
    1352
    1305
    1374
    1346
    1310
    1300
    1307
    1350
    1311
    1301
    1298
    1331
    1298
    1306
    1345
    1316
    1264
    1390
    1320
    1374
    1288
    1270
    1249
    1295
    1298
    1307
    1327
    1339
    1306
    1293
    1317
    1301
    1333
    1321
    1384
    1333
    1310
    1312
    1354
    1314
    1266
    1338
    1315
    1294
    1258
    1330
    1392
    1306
    1272
    1326
    1355
    1342
    1283
    1332
    1329
    1265
    1332
    1305
    1299
    1302
    1345
    1334
    1287
    1236
    1256
    1277
    1330
    1307
    1255
    1267
    1295
    1317
    1343
    1343
    1262
    1307
    1316
    1257
    1241
    1323
    1255
    1273
    1283
    1370
    1260
    1217
    1293
    1231
    1256
    1230
    1176
    1184
    1338
    1283
    1300
    1216
    1212
    1244
    1306
    1270
    1221
    1297
    1272
    1190
    1284
    1204
    1223
    1167
    1173
    1254
    1208
    1173
    1207
    1192
    1193
    1227
    1169
    1274
    1284
    1156
    1231
    1169
    1153
    1165
    1158
    1181
    1168
    1210
    1167
    1209
    1166
    1154
    1165
    1191
    1219
    1165
    1204
    1192
    1189
    1159
    1188
    1197
    1230
    1219
    1212
    1224
    1211
    1283
    1230
    1279
    1296
    1321
    1346
    1353
    1399
    1452
    1486
    1477
    1468
    1450
    1492
    1504
    1476
    1453
    1531
    1502
    1498
    1535
    1483
    1513
    1420
    1389
    1455
    1426
    1402
    1424
    1437
    1323
    1397
    1362
    1393
    1316
    1345
    1320
    1340
    1314
    1293
    1378
    1287
    1331
    1343
    1369
    1352
    1290
    1307
    1218
    1314
    1293
    1313
    1278
    1199
    1277
    1274
    1245
    1163
    1178
    1261
    1255
    1237
    1228
    1207
    1242
    1293
    1214
    1220
    1166
    1153
    1236
    1130
    1208
    1192
    1212
    1153
    1124
    1150
    1157
    1161
    1132
    1147
    1119
    1178
    1148
    1163
    1126
    1143
    1111
    1222
    1154
    1119
    1121
    1162
    1061
    1059
    1082
    1102
    1027
    1119
    1092
    1089
    1010
    1061
    1080
    1058
    1042
    1005
    1015
    1104
    1072
    1085
    1022
    1053
    1002
    1014
    1048
    1027
    1056
    1065
    1081
    1029
     999
    1002
     995
    1052
    1099
    1076
     983
    1013
     975
     947
     999
     950
     997
     968
    1011
    1031
     985
     976
    1024
    1276
    1245
    1012
     965
     926
     965
     964
     986
     933
    1022
     947
     938
     993
     932
     951
     915
     905
     930
     932
     960
     917
     938
     915
     947
     885
     889
     930
     910
     924
     938
     915
     906
     900
     897
     909
     901
     913
     913
     965
     933
     944
     893
     909
     870
     895
     882
     860
     880
     925
     898
     873
     866
     847
     881
     890
     871
     943
     919
     943
     862
     842
     885
     853
     861
     860
     853
     846
     874
     821
     849
     835
     841
     873
     842
     899
     909
     833
     866
     895
     849
     819
     853
     862
     849
     832
     859
     812
     880
     834
     814
     828
     818
     867
     840
     848
     814
     838
     808
     810
     831
     835
     778
     848
     809
     801
     849
     767
     830
     822
     839
     815
     794
     825
     793
     790
     783
     824
     793
     776
     832
     765
     780
     800
     786
     763
     810
     798
     820
     813
     756
     782
     811
     847
     788
     842
     820
     804
     768
     780
     847
     848
     774
     836
     778
     844
     798
     811
     802
     771
     767
     718
     775
     772
     737
     828
     774
     772
     779
     763
     759
     777
     757
     770
     792
     843
     782
     775
     765
     766
     757
     758
     787
     785
     753
     850
     775
     753
     777
     701
     790
     769
     716
     793
     769
     768
     760
     795
     760
     755
     737
     796
     752
     752
     780
     760
     747
     740
     799
     774
     756
     725
     774
     761
     769
     769
     737
     760
     796
     735
     760
     777
     797
     736
     744
     739
     731
     790
     771
     717
     736
     750
     758
     716
     743
     771
     744
     767
     740
     715
     728
     755
     729
     770
     729
     750
     738
     720
     715
     742
     774
     764
     760
     684
     737
     723
     762
     750
     733
     728
     753
     743
     739
     760
     781
     713
     742
     757
     743
     742
     730
     731
     730
     733
     774
     728
     787
     731
     735
     755
     765
     702
     790
     832
     835
     813
     705
     763
     740
     786
     775
     738
     744
     708
     737
     738
     701
     786
     754
     746
     744
     745
     716
     726
     694
     738
     764
     738
     744
     717
     727
     712
     728
     830
     738
     704
     752
     719
     747
     716
     686
     733
     713
     728
     696
     733
     799
     660
     719
     702
     759
     757
     743
     729
     717
     781
     727
     739
     777
     697
     762
     731
     739
     715
     711
     745
     746
     688
     716
     735
     704
     714
     695
     708
     724
     733
     739
     706
     751
     751
     753
     762
     706
     695
     702
     761
     762
     726
     768
     750
     769
     753
     759
     692
     747
     747
     711
     711
     688
     698
     737
     711
     698
     716
     712
     759
     755
     712
     741
     748
     743
     722
     716
     745
     694
     765
     749
     700
     665
     750
     708
     769
     725
     680
     751
     731
     714
     699
     717
     749
     748
     748
     769
     741
     698
     754
     738
     782
     738
     751
     767
     738
     693
     696
     725
     724
     723
     722
     732
     706
     715
     713
     727
     724
     761
     731
     733
     728
     695
     736
     781
     794
     696
     721
     749
     726
     749
     751
     762
     729
     712
     751
     729
     742
     713
     692
     721
     701
     762
     682
     766
     683
     676
     733
     700
     733
     771
     719
     761
     723
     759
     727
     710
     754
     696
     728
     717
     761
     768
     747
     747
     743
     723
     704
     768
     709
     700
     759
     751
     761
     751
     758
     726
     735
     733
     776
     738
     697
     731
     698
     788
     771
     697
     739
     773
     770
     751
     763
     745
     727
     711
     760
     730
     762
     763
     720
     782
     739
     727
     708
     739
     750
     724
     684
     791
     781
     712
     738
     705
     737
     750
     733
     747
     765
     791
     760
     748
     740
     730
     772
     777
     748
     729
     775
     729
     795
     775
     716
     726
     787
     750
     753
     766
     805
     776
     735
     764
     772
     770
     790
     695
     736
     788
     747
     791
     735
     804
     761
     754
     789
     808
     764
     780
     787
     739
     760
     748
     786
     741
     775
     791
     742
     757
     758
     788
     771
     795
     727
     765
     774
     763
     718
     770
     691
     734
     748
     757
     767
     721
     794
     762
     757
     750
     829
     741
     763
     798
     793
     761
     806
     797
     820
     734
     735
     773
     809
     758
     793
     826
     771
     820
     765
     800
     802
     804
     765
     755
     776
     789
     786
     783
     797
     798
     836
     790
     756
     785
     784
     792
     820
     788
     766
     791
     795
     799
     787
     786
     777
     813
     802
     803
     882
     815
     764
     815
     798
     799
     815
     765
     813
     870
     881
     823
     796
     818
     765
     811
     805
     741
     841
     824
     815
     849
     826
     806
     806
     855
     837
     834
     771
     862
     830
     843
     845
     834
     834
     800
     798
     797
     818
     785
     818
     818
     837
     811
     874
     861
     861
     810
     826
     838
     868
     828
     890
     886
     943
     895
     945
     905
     889
     837
     869
     884
     888
     895
     838
     845
     851
     890
     915
     855
     811
     881
     858
     893
     891
     842
     831
     906
     886
     804
     891
     904
     871
     921
     882
     832
     897
     924
     887
     858
     847
     879
     887
     898
     895
     969
     884
     873
     899
     954
     954
     920
     942
     951
     906
     862
     901
     948
     887
     999
     903
    1036
     968
     875
     944
     973
     944
     947
     952
     982
    1008
     936
     969
    1017
     955
     958
     961
     955
     868
    1001
     973
     984
    1031
     940
     971
     984
    1000
     979
     950
    1084
     995
     957
    1009
    1066
     987
    1037
    1032
    1076
    1010
    1043
    1033
    1071
    1019
    1032
    1044
    1087
    1072
    1045
    1060
    1120
    1043
    1108
    1096
    1060
    1060
    1110
    1053
    1137
    1130
    1077
    1094
    1107
    1126
    1142
    1140
    1128
    1134
    1162
    1142
    1088
    1127
    1164
    1185
    1121
    1198
    1166
    1170
    1212
    1151
    1200
    1223
    1156
    1206
    1262
    1204
    1220
    1133
    1225
    1166
    1209
    1278
    1254
    1269
    1255
    1335
    1306
    1298
    1319
    1240
    1272
    1336
    1292
    1278
    1273
    1299
    1292
    1326
    1297
    1317
    1327
    1299
    1335
    1384
    1372
    1320
    1354
    1323
    1399
    1441
    1424
    1372
    1357
    1329
    1329
    1449
    1402
    1417
    1407
    1342
    1330
    1305
    1360
    1328
    1309
    1326
    1351
    1319
    1295
    1215
    1138
    1101
    1080
    1050
    1070
     941
    1073
     965
     982
    1035
     976
     935
     938
     957
     960
     887
     923
     888
     939
     886
     918
     881
     911
     899
     864
     893
     905
     914
     886
     888
     924
     860
     903
     827
     886
     831
     924
     874
     868
     839
     877
     833
     820
     854
     866
     839
     895
     877
     858
     856
     811
     847
     887
     881
     813
     875
     871
     841
     806
     883
     828
     853
     857
     857
     828
     844
     839
     805
     844
     823
     891
     821
     829
     837
     845
     802
     846
     842
     817
     788
     853
     832
     797
     808
     775
     840
     821
     815
     791
     799
     849
     770
     772
     770
     754
     804
     833
     789
     761
     809
     776
     800
     771
     777
     800
     726
     799
     766
     793
     790
     802
     725
     763
     747
     838
     813
     748
     731
     747
     777
     790
     758
     742
     764
     733
     751
     743
     745
     776
     790
     758
     752
     811
     749
     743
     743
     797
     747
     768
     779
     792
     803
     741
     744
     740
     805
     736
     733
     818
     802
     833
     793
     793
     843
     814
     757
     813
     795
     769
     809
     843
     794
     830
     845
     900
     845
     890
     854
     860
     802
     887
     852
     905
     881
     885
     878
     878
     873
     850
     893
     881
     897
     860
     852
     930
     904
     899
     912
     950
     899
     871
     945
     868
     857
     914
     874
     910
     877
     913
     899
     906
     866
     846
     858
     940
     878
     848
     793
     769
     744
     740
     702
     666
     650
     589
     594
     531
     581
     518
     537
     523
     522
     513
     478
     526
     504
     511
     471
     478
     463
     464
     474
     471
     432
     443
     412
     416
     446
     425
     451
     425
     442
     441
     424
     400
     416
     435
     412
     400
     399
     407
     396
     400
     387
     406
     397
     402
     430
     373
     376
     401
     381
     385
     396
     381
     411
     382
     408
     397
     388
     420
     417
     469
     519
     611
     621
     709
     816
     854
    1014
    1141
    1505
    2807
    8559
   22768
   28671
   16441
    4868
    1006
     346
     334
     304
     290
     296
     302
     306
     308
     298
     290
     258
     262
     259
     251
     240
     264
     257
     278
     256
     230
     218
     255
     248
     248
     261
     208
     243
     234
     227
     213
     229
     202
     188
     207
     169
     200
     193
     197
     193
     172
     197
     186
     175
     175
     185
     173
     173
     168
     157
     189
     148
     151
     152
     140
     162
     141
     169
     139
     135
     140
     150
     127
     126
     111
     124
     103
     133
     122
     117
     117
     106
     119
     109
      90
     110
     108
     113
     126
      88
      83
      82
     100
      94
      88
      86
      97
      68
      92
      82
      92
      87
      71
      84
      85
      99
      74
      86
      71
      70
      71
      79
      75
      77
      66
      55
      83
      66
      65
      62
      59
      71
      64
      69
      72
      70
      71
      78
      64
      66
      67
      67
      58
      56
      74
      59
      61
      58
      60
      74
      68
      77
      67
      75
      67
      69
      63
      54
      63
      52
      73
      66
      61
      60
      68
      57
      60
      50
      54
      70
      59
      64
      64
      56
      70
      59
      64
      46
      66
      72
      59
      56
      59
      60
      60
      43
      73
      50
      45
      53
      61
      50
      49
      64
      66
      53
      52
      52
      52
      50
      46
      51
      56
      54
      59
      61
      56
      47
      53
      58
      63
      50
      53
      65
      51
      66
      67
      84
      88
      91
     128
     167
     235
     287
     333
     423
     484
     576
     650
     863
    1489
    4003
   12373
   22871
   20693
    9350
    2206
     332
      69
      37
      31
      39
      29
      35
      32
      27
      32
      28
      22
      27
      24
      32
      35
      26
      20
      22
      30
      24
      29
      32
      22
      21
      24
      20
      23
      18
      15
      22
      30
      31
      27
      22
      21
      29
      22
      30
      25
      24
      28
      19
      24
      22
      25
      18
      23
      31
      33
      23
      28
      20
      19
      11
      25
      21
      24
      32
      24
      23
      18
      29
      27
      16
      24
      24
      30
      25
      28
      19
      17
      22
      21
      22
      17
      23
      24
      23
      31
      17
      22
      11
      28
      21
      28
      22
      23
      16
      20
      25
      20
      17
      26
      17
      16
      16
      19
      18
      21
      26
      36
      18
      23
      19
      25
      19
      13
      24
      27
      22
      27
      18
      21
      22
      27
      19
      21
      31
      14
      18
      21
      23
      28
      14
      21
      18
      22
      21
      12
      14
      15
      16
      25
      11
      22
      21
      22
      17
      20
      23
      20
      14
      20
      19
      22
      20
      14
      13
      17
      27
      18
      19
      18
      22
      18
      21
      21
      25
      22
      14
      16
      26
      16
      19
      18
      23
      22
      33
      36
      53
      60
      58
      28
      19
      19
      21
      19
      17
      12
      24
      15
      15
      21
      12
      24
      24
      15
      22
      22
      13
      17
      12
      20
      22
      15
      24
      16
      20
      29
       0
       0
       0
       0
       0
       0
       0
       0
       0
       0
       0
       0
       0
       0
       0
       0
       0
       0
       0
       0
       0
       0
       0
       0
       0
       0
       0
       0
       0
       0
       0
       0
$ROI:
0
$PRESETS:
None
0
0
$ENER_FIT:
0.000000 0.731044
$MCA_CAL:
3
0.000000E+000 7.310444E-001 0.000000E+000 keV
$SHAPE_CAL:
3
0.000000E+000 0.000000E+000 0.000000E+000
