$SPEC_ID:
No sample description was entered.
$SPEC_REM:
DET# 4
DETDESC# JLAB-20 MCB 131
AP# Maestro Version 7.01
$DATE_MEA:
10/07/2025 13:00:02
$MEAS_TIM:
579 600
$DATA:
0 2047
       0
       0
       0
       0
       0
       0
       0
       0
       0
       0
       0
       0
       0
       0
       0
       0
       0
       0
       0
       0
       0
       0
       0
       0
       0
       0
       0
       0
       0
       0
       0
       0
       0
       0
       0
       0
       0
       0
       0
       0
       0
       0
       0
       0
       0
       0
       0
       0
       0
       0
       0
       0
       0
       0
       0
       0
       0
       0
       0
       0
       0
       0
       0
       0
       0
       0
       0
       0
       0
      32
    1320
    1445
    1390
    1447
    1368
    1366
    1360
    1391
    1414
    1426
    1424
    1351
    1339
    1377
    1413
    1352
    1339
    1393
    1423
    1346
    1359
    1317
    1331
    1322
    1306
    1337
    1374
    1369
    1404
    1409
    1347
    1566
    1616
    1412
    1289
    1394
    1324
    1272
    1336
    1270
    1341
    1308
    1354
    1330
    1367
    1443
    1430
    1383
    1324
    1342
    1328
    1291
    1303
    1322
    1436
    1380
    1379
    1358
    1359
    1330
    1337
    1376
    1311
    1319
    1378
    1302
    1354
    1353
    1306
    1310
    1279
    1299
    1311
    1330
    1304
    1347
    1308
    1290
    1337
    1226
    1317
    1224
    1222
    1221
    1272
    1303
    1303
    1243
    1329
    1277
    1319
    1287
    1258
    1295
    1246
    1315
    1315
    1310
    1305
    1298
    1302
    1316
    1305
    1280
    1328
    1386
    1392
    1294
    1290
    1256
    1341
    1308
    1333
    1253
    1353
    1320
    1309
    1288
    1322
    1257
    1292
    1270
    1319
    1304
    1202
    1292
    1257
    1268
    1297
    1317
    1303
    1324
    1302
    1315
    1310
    1329
    1331
    1282
    1300
    1256
    1330
    1260
    1313
    1255
    1242
    1275
    1282
    1244
    1220
    1260
    1254
    1257
    1235
    1243
    1291
    1225
    1201
    1255
    1280
    1234
    1213
    1175
    1229
    1287
    1219
    1193
    1241
    1171
    1179
    1215
    1203
    1149
    1169
    1245
    1266
    1187
    1239
    1205
    1239
    1192
    1186
    1147
    1202
    1232
    1223
    1204
    1208
    1187
    1194
    1175
    1204
    1209
    1232
    1128
    1229
    1161
    1130
    1176
    1160
    1142
    1192
    1142
    1205
    1151
    1117
    1200
    1205
    1203
    1226
    1168
    1194
    1253
    1287
    1269
    1376
    1314
    1294
    1378
    1366
    1450
    1538
    1433
    1473
    1448
    1451
    1459
    1486
    1479
    1589
    1463
    1433
    1521
    1421
    1451
    1483
    1426
    1390
    1404
    1436
    1465
    1453
    1341
    1414
    1369
    1335
    1448
    1338
    1335
    1372
    1306
    1357
    1317
    1352
    1371
    1363
    1352
    1246
    1320
    1274
    1323
    1296
    1306
    1258
    1228
    1301
    1272
    1293
    1238
    1215
    1208
    1224
    1159
    1220
    1226
    1215
    1224
    1226
    1199
    1175
    1206
    1226
    1205
    1165
    1217
    1186
    1145
    1145
    1152
    1185
    1182
    1205
    1112
    1163
    1184
    1126
    1184
    1159
    1173
    1174
    1111
    1151
    1132
    1144
    1168
    1080
    1100
    1067
    1113
    1087
    1068
    1073
    1104
    1088
    1086
    1108
    1074
    1116
    1057
    1040
    1069
    1089
    1076
    1088
    1058
     995
    1023
    1026
    1036
    1003
    1074
    1041
    1038
    1062
    1004
    1020
     959
     999
    1018
    1010
    1024
     987
    1040
    1019
    1002
    1018
    1020
     981
     976
    1039
     970
    1015
    1060
    1248
    1295
    1051
    1050
     984
     974
     954
     940
     921
     963
     948
     999
     933
     904
     961
     897
     968
     952
     949
     956
     960
     987
    1008
     915
     931
     953
     965
     966
     894
     905
     907
     923
     897
     957
     946
     891
     892
     895
     903
     916
     924
     866
     883
     910
     874
     864
     908
     912
     899
     840
     875
     908
     907
     880
     857
     885
     928
     911
     873
     845
     880
     913
     839
     874
     897
     896
     863
     848
     845
     879
     898
     837
     879
     853
     852
     885
     893
     839
     843
     852
     855
     840
     829
     851
     872
     870
     804
     817
     883
     846
     822
     829
     827
     869
     804
     812
     804
     850
     805
     860
     814
     799
     805
     806
     797
     823
     824
     811
     802
     806
     843
     789
     778
     800
     843
     821
     785
     853
     800
     771
     746
     803
     770
     775
     789
     774
     782
     853
     792
     772
     815
     781
     786
     778
     787
     803
     828
     831
     789
     775
     805
     805
     752
     771
     754
     808
     796
     794
     769
     826
     789
     804
     813
     840
     826
     763
     760
     791
     792
     780
     789
     755
     780
     765
     767
     784
     764
     769
     766
     735
     783
     784
     777
     761
     783
     809
     749
     792
     781
     781
     750
     788
     758
     810
     753
     702
     782
     746
     795
     701
     732
     805
     760
     729
     746
     798
     796
     792
     770
     750
     751
     753
     810
     739
     707
     774
     739
     751
     766
     767
     754
     732
     779
     705
     788
     756
     744
     752
     742
     717
     761
     728
     754
     714
     722
     766
     733
     757
     744
     820
     726
     753
     750
     763
     772
     761
     740
     768
     753
     722
     739
     757
     734
     769
     747
     749
     695
     740
     739
     700
     737
     722
     698
     808
     750
     726
     789
     721
     752
     749
     759
     710
     757
     715
     756
     777
     760
     785
     768
     747
     753
     781
     783
     756
     770
     752
     754
     755
     750
     736
     753
     768
     735
     760
     767
     747
     793
     775
     756
     689
     738
     736
     737
     701
     773
     768
     729
     680
     670
     737
     706
     719
     778
     724
     733
     763
     749
     690
     723
     737
     729
     731
     719
     763
     749
     718
     697
     702
     735
     713
     723
     739
     703
     753
     735
     739
     685
     717
     730
     742
     700
     681
     719
     747
     728
     700
     726
     746
     758
     730
     705
     737
     713
     723
     737
     721
     759
     697
     740
     717
     711
     698
     715
     751
     729
     710
     723
     703
     706
     731
     758
     749
     666
     713
     793
     720
     753
     728
     716
     760
     784
     773
     744
     708
     753
     739
     664
     719
     720
     705
     708
     744
     722
     723
     746
     742
     692
     701
     729
     726
     747
     718
     719
     706
     731
     732
     741
     745
     775
     760
     732
     694
     792
     704
     753
     702
     751
     765
     691
     788
     729
     763
     697
     696
     697
     669
     745
     741
     730
     747
     726
     755
     744
     707
     770
     713
     738
     766
     714
     701
     736
     793
     701
     751
     706
     697
     689
     720
     736
     731
     777
     706
     750
     724
     706
     735
     764
     652
     732
     752
     765
     664
     690
     709
     672
     740
     770
     735
     735
     731
     727
     751
     731
     703
     711
     767
     775
     733
     707
     733
     726
     693
     731
     738
     697
     745
     706
     753
     688
     745
     737
     718
     758
     697
     724
     736
     736
     714
     788
     698
     751
     725
     695
     731
     756
     756
     707
     720
     739
     730
     743
     698
     700
     756
     722
     729
     740
     752
     757
     752
     720
     739
     720
     768
     756
     725
     732
     688
     711
     752
     774
     757
     735
     725
     716
     782
     739
     721
     791
     762
     737
     787
     786
     746
     714
     746
     759
     746
     791
     709
     759
     775
     759
     734
     750
     783
     763
     757
     716
     721
     742
     770
     829
     738
     743
     757
     762
     774
     729
     705
     751
     765
     730
     695
     740
     763
     798
     748
     775
     780
     769
     775
     779
     761
     758
     787
     778
     745
     829
     783
     763
     749
     782
     772
     739
     772
     764
     802
     749
     769
     791
     797
     746
     757
     778
     773
     796
     775
     697
     734
     756
     799
     771
     789
     764
     714
     773
     747
     783
     772
     801
     726
     769
     777
     798
     754
     797
     748
     780
     786
     810
     777
     772
     786
     832
     799
     790
     797
     831
     766
     773
     775
     794
     768
     825
     730
     797
     757
     807
     806
     800
     808
     871
     796
     800
     764
     829
     827
     851
     840
     784
     788
     801
     869
     820
     790
     787
     793
     808
     804
     837
     822
     822
     835
     805
     828
     813
     786
     816
     832
     852
     790
     819
     854
     873
     820
     802
     856
     895
     891
     842
     808
     827
     826
     864
     844
     850
     885
     858
     867
     856
     872
     874
     915
     922
     964
     919
     942
     846
     842
     876
     844
     856
     841
     837
     872
     815
     867
     859
     860
     890
     882
     849
     854
     849
     894
     898
     909
     831
     892
     903
     892
     877
     915
     859
     852
     883
     894
     901
     925
     884
     862
     874
     888
     902
     869
     870
     909
     862
     889
     872
     861
     934
     859
     911
     954
     924
     941
     893
     934
     896
     895
     940
     969
     897
     926
     925
     949
     914
     942
     941
     977
    1000
     927
     942
    1023
     899
     902
     930
     944
     968
     974
     937
     917
     992
     941
    1020
    1004
    1006
    1003
    1045
    1002
    1014
    1020
     996
    1014
    1056
     972
    1031
     993
    1026
     995
    1039
    1044
    1059
    1033
    1085
    1110
    1041
    1068
    1092
    1068
    1094
    1095
    1117
    1102
    1121
    1126
    1094
    1165
    1049
    1092
    1086
    1066
    1043
    1168
    1134
    1162
    1074
    1198
    1101
    1122
    1153
    1170
    1159
    1123
    1142
    1176
    1184
    1143
    1155
    1215
    1207
    1250
    1127
    1202
    1228
    1196
    1192
    1207
    1253
    1208
    1189
    1236
    1177
    1224
    1224
    1248
    1224
    1222
    1316
    1253
    1350
    1378
    1291
    1223
    1346
    1296
    1386
    1366
    1360
    1303
    1395
    1388
    1378
    1336
    1417
    1348
    1408
    1322
    1340
    1363
    1412
    1352
    1384
    1366
    1315
    1330
    1335
    1431
    1324
    1374
    1418
    1352
    1358
    1287
    1352
    1177
    1228
    1122
    1114
    1127
    1109
    1061
    1014
     993
     997
     925
     938
     923
     947
     977
     906
     903
     904
     951
     911
     885
     900
     923
     903
     906
     904
     936
     901
     892
     886
     820
     943
     899
     857
     856
     922
     863
     786
     867
     871
     876
     804
     812
     883
     893
     864
     827
     813
     871
     876
     833
     874
     827
     844
     907
     838
     874
     852
     870
     840
     874
     876
     852
     778
     903
     865
     819
     893
     829
     846
     819
     845
     809
     856
     804
     815
     818
     821
     766
     819
     813
     804
     813
     790
     838
     791
     715
     829
     841
     826
     769
     817
     804
     773
     793
     799
     784
     787
     789
     805
     832
     788
     800
     782
     792
     801
     825
     793
     801
     784
     787
     814
     806
     751
     757
     802
     773
     758
     826
     797
     709
     788
     794
     761
     763
     740
     762
     776
     794
     759
     788
     826
     790
     736
     779
     743
     745
     789
     761
     799
     769
     765
     820
     777
     762
     779
     770
     786
     816
     772
     791
     791
     797
     781
     782
     825
     770
     815
     823
     798
     849
     781
     850
     789
     810
     827
     789
     826
     805
     815
     881
     824
     805
     860
     833
     856
     907
     874
     877
     850
     871
     897
     884
     898
     848
     880
     918
     898
     827
     853
     920
     947
     898
     898
     839
     906
     950
     912
     917
     862
     901
     876
     934
     882
     920
     888
     853
     834
     850
     757
     871
     794
     741
     722
     660
     652
     610
     532
     585
     562
     505
     545
     495
     475
     454
     511
     467
     473
     495
     453
     467
     462
     479
     509
     526
     463
     482
     429
     447
     448
     437
     441
     449
     435
     402
     457
     434
     447
     421
     412
     438
     408
     408
     420
     362
     401
     429
     396
     397
     370
     412
     409
     428
     418
     410
     382
     386
     425
     402
     386
     377
     367
     422
     448
     487
     555
     581
     638
     808
     797
     902
     937
    1135
    1336
    2290
    6241
   18497
   29294
   20792
    6997
    1557
     450
     326
     331
     300
     284
     266
     321
     284
     281
     260
     277
     253
     275
     271
     259
     244
     253
     238
     247
     276
     254
     233
     253
     248
     220
     224
     215
     241
     238
     209
     220
     255
     222
     193
     187
     222
     207
     191
     166
     176
     185
     194
     180
     178
     191
     179
     157
     173
     155
     154
     149
     159
     138
     146
     158
     151
     111
     136
     119
     146
     138
     152
     158
     121
     108
     119
     121
     130
     109
     125
      91
     108
     112
      94
     113
     109
     119
     100
      91
      90
     110
     110
     105
      89
      90
     103
      96
      95
      88
      79
      73
      78
      83
      68
      87
      79
      67
      90
      88
      77
      69
      82
      82
      64
      54
      72
      84
      54
      62
      74
      63
      73
      48
      55
      69
      60
      78
      82
      56
      58
      74
      63
      69
      53
      78
      74
      68
      65
      54
      66
      54
      74
      52
      76
      67
      58
      65
      55
      70
      57
      58
      69
      64
      56
      72
      70
      67
      68
      70
      50
      56
      58
      73
      55
      54
      63
      50
      56
      46
      47
      67
      55
      63
      46
      52
      64
      48
      47
      61
      66
      69
      54
      49
      58
      50
      59
      59
      52
      59
      64
      50
      48
      48
      53
      59
      46
      62
      52
      47
      51
      55
      62
      63
      54
      65
      81
      69
      81
      88
     128
     170
     217
     255
     347
     413
     436
     539
     617
     796
    1282
    2836
    8878
   20178
   22900
   12650
    3656
     631
      94
      47
      39
      25
      35
      31
      38
      26
      25
      28
      27
      22
      25
      24
      25
      39
      14
      18
      27
      17
      28
      20
      21
      29
      40
      33
      15
      23
      18
      29
      22
      27
      33
      34
      26
      20
      28
      32
      22
      31
      32
      23
      25
      22
      25
      27
      35
      28
      18
      22
      25
      28
      13
      22
      25
      23
      21
      27
      27
      34
      21
      14
      20
      25
      29
      23
      30
      33
      24
      17
      29
      17
      26
      24
      28
      24
      28
      21
      19
      18
      26
      27
      34
      18
      18
      22
      17
      24
      29
      36
      17
      19
      17
      23
      22
      21
      23
      29
      20
      33
      27
      25
      18
      17
      21
      29
      15
      30
      12
      22
      21
      28
      23
      32
      22
      19
      24
      19
      34
      24
      20
      15
      24
      22
      24
      16
      23
      21
      21
      23
      26
      26
      22
      23
      16
      17
      16
      24
      20
      23
      19
      19
      22
      16
      12
      18
      19
      19
      19
      22
      16
      20
      16
      19
      20
      14
      18
      23
      21
      22
      23
      22
      26
      25
      22
      24
      22
      27
      28
      53
      74
      76
      43
      26
      19
      24
      24
      17
      18
      18
      27
      26
      24
      16
      20
      23
      15
      14
      31
      22
      26
      14
      29
      21
      17
      18
      15
      15
      13
       0
       0
       0
       0
       0
       0
       0
       0
       0
       0
       0
       0
       0
       0
       0
       0
       0
       0
       0
       0
       0
       0
       0
       0
       0
       0
       0
       0
       0
       0
       0
       0
$ROI:
0
$PRESETS:
None
0
0
$ENER_FIT:
0.000000 0.731044
$MCA_CAL:
3
0.000000E+000 7.310444E-001 0.000000E+000 keV
$SHAPE_CAL:
3
0.000000E+000 0.000000E+000 0.000000E+000
