$SPEC_ID:
No sample description was entered.
$SPEC_REM:
DET# 4
DETDESC# JLAB-20 MCB 131
AP# Maestro Version 7.01
$DATE_MEA:
10/07/2025 22:40:02
$MEAS_TIM:
579 600
$DATA:
0 2047
       0
       0
       0
       0
       0
       0
       0
       0
       0
       0
       0
       0
       0
       0
       0
       0
       0
       0
       0
       0
       0
       0
       0
       0
       0
       0
       0
       0
       0
       0
       0
       0
       0
       0
       0
       0
       0
       0
       0
       0
       0
       0
       0
       0
       0
       0
       0
       0
       0
       0
       0
       0
       0
       0
       0
       0
       0
       0
       0
       0
       0
       0
       0
       0
       0
       0
       0
       0
       0
      30
    1230
    1375
    1409
    1385
    1359
    1388
    1362
    1392
    1373
    1395
    1364
    1389
    1347
    1313
    1422
    1350
    1352
    1347
    1335
    1347
    1302
    1363
    1344
    1320
    1322
    1333
    1359
    1373
    1422
    1468
    1359
    1520
    1581
    1374
    1446
    1336
    1347
    1325
    1289
    1314
    1355
    1371
    1290
    1329
    1378
    1420
    1354
    1370
    1376
    1347
    1378
    1364
    1332
    1322
    1316
    1339
    1335
    1355
    1357
    1347
    1296
    1274
    1421
    1256
    1327
    1286
    1275
    1326
    1360
    1366
    1345
    1324
    1332
    1310
    1304
    1287
    1288
    1312
    1335
    1320
    1338
    1296
    1299
    1370
    1317
    1359
    1315
    1255
    1286
    1327
    1308
    1339
    1293
    1355
    1314
    1306
    1326
    1324
    1351
    1293
    1282
    1277
    1319
    1287
    1306
    1287
    1280
    1286
    1266
    1294
    1299
    1204
    1326
    1288
    1286
    1362
    1317
    1345
    1340
    1317
    1352
    1312
    1260
    1307
    1256
    1276
    1312
    1285
    1252
    1290
    1306
    1292
    1219
    1281
    1282
    1365
    1253
    1264
    1361
    1261
    1283
    1323
    1251
    1310
    1236
    1203
    1248
    1161
    1246
    1323
    1233
    1231
    1278
    1263
    1172
    1253
    1183
    1269
    1243
    1250
    1208
    1229
    1206
    1259
    1166
    1209
    1172
    1278
    1301
    1219
    1214
    1221
    1216
    1184
    1285
    1176
    1234
    1150
    1188
    1241
    1210
    1202
    1212
    1131
    1203
    1216
    1200
    1201
    1187
    1211
    1232
    1176
    1181
    1186
    1204
    1174
    1156
    1176
    1173
    1150
    1248
    1209
    1190
    1137
    1195
    1121
    1216
    1166
    1187
    1220
    1226
    1223
    1261
    1265
    1330
    1292
    1336
    1399
    1452
    1459
    1446
    1495
    1513
    1530
    1488
    1539
    1410
    1491
    1505
    1427
    1588
    1461
    1476
    1457
    1457
    1421
    1452
    1382
    1428
    1438
    1373
    1375
    1371
    1375
    1358
    1289
    1303
    1327
    1376
    1347
    1357
    1301
    1304
    1295
    1298
    1280
    1309
    1362
    1379
    1324
    1319
    1308
    1269
    1290
    1264
    1223
    1226
    1268
    1270
    1202
    1261
    1243
    1193
    1263
    1218
    1247
    1249
    1205
    1208
    1181
    1167
    1177
    1197
    1127
    1173
    1242
    1220
    1171
    1133
    1235
    1107
    1126
    1195
    1138
    1074
    1135
    1171
    1173
    1172
    1127
    1126
    1138
    1060
    1163
    1152
    1075
    1094
    1079
    1117
    1125
    1069
    1063
    1099
    1062
    1115
    1063
    1064
    1063
    1101
    1046
    1023
    1005
    1055
    1033
    1035
    1072
    1005
    1065
    1065
    1061
    1049
    1052
    1016
    1057
     998
    1022
     991
    1051
    1042
     993
    1014
    1041
     983
     972
     985
     955
     980
     963
    1014
     970
     991
    1051
    1172
    1216
     994
     966
     933
     989
     969
     936
     974
     964
     965
     980
     907
     970
     945
     948
     905
     966
     887
     948
     909
     953
     925
     914
     938
    1004
     888
     887
     904
     970
     879
     859
     946
     935
     900
     891
     922
     933
     887
     912
     909
     894
     835
     901
     848
     877
     913
     825
     895
     829
     928
     914
     903
     890
     880
     864
     905
     847
     901
     859
     865
     927
     856
     812
     878
     856
     870
     797
     850
     836
     853
     816
     848
     798
     861
     813
     858
     822
     856
     857
     870
     855
     873
     843
     813
     790
     819
     858
     831
     851
     812
     810
     822
     826
     801
     844
     813
     825
     835
     829
     785
     835
     840
     813
     793
     834
     786
     830
     798
     836
     873
     849
     832
     782
     798
     803
     797
     738
     801
     844
     813
     799
     808
     796
     774
     791
     767
     785
     777
     752
     864
     781
     808
     813
     816
     795
     805
     812
     828
     789
     841
     751
     789
     818
     785
     761
     789
     768
     750
     811
     828
     793
     792
     778
     771
     780
     799
     779
     763
     767
     774
     787
     754
     760
     779
     722
     797
     833
     773
     750
     803
     850
     813
     761
     737
     738
     768
     760
     746
     746
     761
     790
     731
     764
     767
     755
     757
     762
     747
     749
     789
     772
     784
     720
     810
     769
     740
     785
     800
     743
     787
     782
     755
     770
     732
     769
     762
     779
     756
     736
     766
     756
     742
     733
     755
     748
     813
     749
     781
     797
     716
     706
     762
     753
     709
     773
     726
     734
     714
     806
     790
     775
     766
     781
     708
     703
     783
     774
     772
     744
     748
     762
     736
     755
     770
     765
     726
     775
     773
     740
     744
     738
     706
     752
     724
     756
     771
     751
     748
     751
     724
     755
     758
     778
     774
     778
     750
     792
     736
     757
     770
     781
     808
     749
     748
     744
     738
     778
     774
     730
     693
     737
     758
     736
     759
     808
     753
     754
     709
     761
     791
     719
     696
     745
     764
     697
     743
     773
     747
     746
     776
     763
     758
     758
     711
     720
     735
     741
     703
     720
     732
     752
     774
     743
     694
     734
     708
     744
     748
     776
     710
     709
     713
     733
     763
     747
     718
     704
     704
     732
     721
     731
     741
     733
     729
     725
     736
     751
     742
     733
     750
     769
     711
     767
     759
     722
     754
     695
     729
     789
     752
     705
     723
     717
     753
     713
     733
     720
     749
     719
     757
     730
     712
     718
     745
     736
     723
     746
     726
     723
     738
     753
     739
     752
     726
     707
     702
     763
     705
     689
     732
     699
     742
     690
     733
     731
     698
     737
     734
     742
     720
     728
     790
     680
     738
     716
     735
     715
     744
     730
     726
     719
     730
     770
     716
     683
     757
     740
     799
     753
     739
     761
     724
     745
     723
     710
     729
     673
     745
     723
     712
     732
     711
     758
     726
     752
     714
     715
     713
     711
     777
     775
     743
     735
     696
     746
     719
     652
     703
     772
     749
     672
     719
     794
     741
     727
     751
     749
     728
     691
     801
     721
     701
     766
     711
     722
     728
     774
     698
     727
     713
     723
     750
     680
     728
     723
     731
     721
     731
     731
     756
     706
     734
     722
     713
     733
     709
     721
     729
     746
     727
     755
     713
     743
     769
     783
     698
     704
     703
     720
     765
     751
     739
     781
     749
     772
     749
     696
     724
     722
     739
     761
     728
     757
     813
     726
     721
     754
     722
     742
     781
     780
     744
     776
     744
     731
     738
     805
     804
     766
     777
     729
     735
     716
     774
     782
     733
     727
     702
     721
     728
     753
     703
     751
     729
     720
     746
     742
     753
     704
     742
     768
     791
     751
     726
     731
     748
     773
     763
     763
     755
     749
     701
     768
     786
     747
     768
     730
     753
     728
     779
     830
     750
     765
     783
     716
     747
     780
     770
     711
     762
     775
     773
     782
     798
     803
     714
     735
     788
     752
     718
     822
     777
     751
     798
     805
     785
     755
     801
     758
     765
     758
     791
     774
     729
     756
     783
     756
     740
     779
     803
     782
     776
     784
     760
     776
     788
     773
     749
     801
     771
     786
     774
     759
     768
     761
     817
     735
     746
     773
     831
     735
     740
     806
     802
     763
     812
     753
     781
     842
     803
     833
     747
     783
     795
     744
     833
     823
     798
     782
     775
     768
     794
     760
     786
     777
     758
     784
     821
     791
     814
     809
     777
     823
     793
     822
     806
     795
     788
     801
     801
     791
     860
     788
     846
     864
     793
     815
     800
     770
     869
     782
     843
     845
     795
     862
     831
     842
     875
     812
     821
     796
     858
     825
     884
     858
     850
     842
     888
     827
     871
     838
     844
     912
     900
     900
     933
     937
     865
     892
     859
     866
     890
     859
     879
     876
     874
     860
     851
     855
     875
     827
     861
     841
     873
     852
     904
     883
     837
     873
     885
     915
     865
     885
     879
     880
     925
     876
     885
     908
     864
     956
     914
     870
     879
     868
     938
     915
     945
     924
     951
     950
     868
     942
     948
     883
     936
     958
     873
     926
     908
     948
     948
     962
     927
     983
     893
     954
     992
     915
     948
     951
     974
     991
    1001
     953
     965
    1043
    1003
    1005
     996
     953
     994
     920
    1007
     993
     971
     975
    1004
    1019
    1014
    1024
     979
     989
    1043
    1010
    1039
     997
    1081
    1086
    1051
    1020
    1057
     973
    1072
    1097
    1003
    1060
    1051
    1088
    1065
    1079
    1068
    1088
    1078
    1114
    1107
    1090
    1103
    1151
    1070
    1135
    1093
    1102
    1084
    1211
    1131
    1140
    1154
    1206
    1168
    1188
    1139
    1149
    1208
    1168
    1145
    1142
    1200
    1152
    1222
    1200
    1176
    1197
    1191
    1193
    1199
    1224
    1167
    1224
    1223
    1239
    1218
    1336
    1228
    1290
    1225
    1235
    1220
    1242
    1311
    1313
    1255
    1279
    1334
    1260
    1374
    1265
    1366
    1317
    1356
    1337
    1392
    1336
    1331
    1342
    1386
    1417
    1358
    1392
    1339
    1355
    1373
    1397
    1363
    1431
    1400
    1391
    1373
    1362
    1338
    1377
    1377
    1379
    1339
    1281
    1292
    1182
    1264
    1174
    1122
    1078
    1071
    1015
     998
    1037
    1032
    1056
     914
     915
     904
     988
     920
     913
     925
     942
     883
     902
     952
     943
     881
     844
     873
     912
     866
     911
     861
     896
     872
     889
     839
     826
     847
     901
     834
     870
     926
     851
     870
     834
     830
     889
     861
     842
     844
     857
     858
     866
     869
     873
     864
     841
     846
     875
     849
     849
     782
     848
     855
     838
     850
     829
     881
     895
     792
     819
     859
     835
     839
     818
     802
     828
     850
     820
     801
     814
     867
     819
     769
     839
     802
     795
     869
     792
     807
     794
     834
     749
     809
     786
     793
     755
     805
     802
     831
     741
     787
     787
     830
     796
     850
     776
     747
     774
     837
     792
     729
     795
     839
     778
     786
     748
     803
     770
     729
     755
     797
     778
     776
     753
     795
     774
     727
     748
     775
     726
     752
     832
     758
     773
     749
     779
     779
     720
     769
     785
     759
     758
     751
     782
     759
     795
     800
     794
     804
     767
     754
     831
     788
     854
     781
     780
     796
     781
     834
     799
     786
     785
     826
     851
     781
     818
     806
     849
     840
     792
     806
     854
     826
     869
     856
     841
     852
     830
     863
     815
     858
     869
     901
     912
     918
     873
     896
     915
     831
     893
     914
     916
     881
     862
     898
     861
     927
     855
     910
     919
     892
     933
     942
     862
     867
     887
     887
     846
     901
     835
     833
     814
     776
     745
     688
     652
     643
     611
     619
     588
     584
     585
     527
     515
     488
     541
     506
     471
     519
     506
     471
     472
     449
     467
     473
     451
     438
     465
     481
     463
     470
     437
     443
     463
     457
     442
     433
     424
     443
     433
     395
     413
     396
     401
     433
     365
     407
     437
     399
     396
     376
     406
     391
     380
     391
     386
     379
     394
     381
     359
     377
     414
     395
     437
     408
     547
     527
     587
     671
     693
     798
     865
     919
    1107
    1492
    2762
    7934
   21406
   29122
   17737
    5282
    1115
     407
     311
     271
     281
     296
     299
     270
     292
     277
     300
     255
     255
     282
     252
     247
     268
     288
     267
     243
     241
     222
     221
     253
     243
     243
     242
     219
     251
     226
     217
     202
     260
     197
     210
     208
     196
     197
     183
     193
     199
     201
     174
     174
     136
     152
     188
     165
     161
     166
     154
     152
     159
     148
     138
     139
     151
     127
     121
     138
     142
     122
     141
     125
     112
     136
     116
     113
     118
     118
     127
     135
      93
     111
     127
     116
     106
     115
      97
      88
      92
      88
     115
      81
      82
      94
     115
      94
      93
      71
      95
      86
      71
      85
      67
      56
      55
      71
      69
      75
      74
      68
      78
      80
      79
      74
      77
      83
      81
      75
      63
      73
      76
      56
      76
      62
      71
      70
      68
      55
      79
      72
      57
      72
      71
      71
      72
      65
      69
      65
      60
      59
      69
      58
      55
      78
      53
      62
      66
      61
      65
      75
      52
      64
      67
      59
      65
      69
      60
      49
      44
      55
      58
      64
      57
      55
      56
      51
      63
      69
      58
      50
      57
      57
      66
      70
      53
      47
      57
      54
      69
      69
      55
      57
      56
      45
      41
      40
      45
      52
      55
      47
      53
      46
      49
      56
      59
      54
      42
      51
      44
      76
      54
      62
      66
      74
      80
      90
      92
     106
     134
     159
     261
     266
     363
     379
     468
     553
     666
     903
    1362
    3820
   11412
   22252
   21514
   10100
    2540
     422
      65
      44
      38
      29
      27
      26
      32
      39
      24
      29
      27
      26
      29
      21
      31
      19
      38
      35
      27
      28
      21
      29
      25
      16
      18
      28
      19
      32
      22
      21
      27
      15
      25
      21
      30
      27
      32
      14
      28
      25
      24
      29
      20
      19
      20
      21
      19
      26
      28
      36
      15
      27
      30
      27
      17
      25
      34
      20
      26
      18
      28
      30
      23
      23
      24
      27
      19
      31
      20
      21
      21
      20
      26
      23
      24
      26
      19
      18
      18
      29
      24
      17
      21
      19
      26
      27
      19
      26
      22
      22
      22
      14
      19
      27
      17
      22
      15
      28
      27
      20
      28
      30
      26
      28
      22
      24
      28
      16
      25
      28
      24
      24
      31
      24
      29
      13
      20
      22
      21
      18
      14
      24
      11
      25
      14
      18
      14
      20
      18
      26
      24
      18
      17
      26
      19
      23
      20
      20
      25
      23
      25
      27
      26
      17
      18
      15
      25
      21
      17
      21
      13
      18
      20
      14
      22
      23
      16
      30
      19
      23
      15
      14
      21
      23
      15
      20
      26
      31
      32
      56
      83
      72
      28
      18
      22
      19
      16
      21
      16
      23
      25
      16
      16
      21
      26
      24
      13
      19
      27
      27
      19
      23
      17
      22
      16
      24
      21
      17
      17
       0
       0
       0
       0
       0
       0
       0
       0
       0
       0
       0
       0
       0
       0
       0
       0
       0
       0
       0
       0
       0
       0
       0
       0
       0
       0
       0
       0
       0
       0
       0
       0
$ROI:
0
$PRESETS:
None
0
0
$ENER_FIT:
0.000000 0.731044
$MCA_CAL:
3
0.000000E+000 7.310444E-001 0.000000E+000 keV
$SHAPE_CAL:
3
0.000000E+000 0.000000E+000 0.000000E+000
