$SPEC_ID:
No sample description was entered.
$SPEC_REM:
DET# 4
DETDESC# JLAB-20 MCB 131
AP# Maestro Version 7.01
$DATE_MEA:
10/07/2025 19:30:02
$MEAS_TIM:
579 599
$DATA:
0 2047
       0
       0
       0
       0
       0
       0
       0
       0
       0
       0
       0
       0
       0
       0
       0
       0
       0
       0
       0
       0
       0
       0
       0
       0
       0
       0
       0
       0
       0
       0
       0
       0
       0
       0
       0
       0
       0
       0
       0
       0
       0
       0
       0
       0
       0
       0
       0
       0
       0
       0
       0
       0
       0
       0
       0
       0
       0
       0
       0
       0
       0
       0
       0
       0
       0
       0
       0
       0
       0
      30
    1318
    1381
    1416
    1290
    1392
    1384
    1405
    1425
    1403
    1354
    1326
    1396
    1322
    1316
    1394
    1351
    1389
    1285
    1349
    1338
    1358
    1392
    1332
    1382
    1344
    1344
    1414
    1270
    1452
    1488
    1353
    1441
    1625
    1302
    1325
    1359
    1332
    1337
    1287
    1323
    1286
    1370
    1265
    1286
    1284
    1484
    1319
    1290
    1365
    1390
    1335
    1243
    1335
    1304
    1341
    1338
    1353
    1352
    1365
    1277
    1348
    1347
    1367
    1367
    1312
    1312
    1263
    1300
    1308
    1262
    1313
    1254
    1336
    1345
    1334
    1335
    1338
    1353
    1333
    1271
    1288
    1326
    1284
    1311
    1299
    1414
    1309
    1287
    1375
    1311
    1374
    1274
    1289
    1361
    1327
    1419
    1322
    1349
    1315
    1346
    1320
    1368
    1332
    1301
    1284
    1271
    1321
    1336
    1327
    1364
    1356
    1293
    1280
    1294
    1291
    1359
    1346
    1251
    1343
    1309
    1308
    1305
    1266
    1373
    1258
    1351
    1285
    1305
    1294
    1260
    1299
    1319
    1304
    1291
    1295
    1308
    1348
    1254
    1244
    1237
    1200
    1234
    1255
    1287
    1252
    1275
    1247
    1208
    1253
    1267
    1231
    1193
    1246
    1219
    1172
    1250
    1261
    1256
    1234
    1227
    1169
    1204
    1210
    1221
    1226
    1220
    1188
    1187
    1244
    1241
    1219
    1245
    1242
    1166
    1249
    1143
    1209
    1206
    1119
    1139
    1162
    1212
    1115
    1178
    1187
    1188
    1136
    1158
    1152
    1180
    1195
    1222
    1131
    1146
    1168
    1215
    1192
    1177
    1184
    1194
    1185
    1281
    1195
    1197
    1188
    1194
    1167
    1173
    1155
    1252
    1168
    1289
    1262
    1253
    1261
    1364
    1347
    1434
    1439
    1454
    1495
    1469
    1582
    1480
    1418
    1488
    1532
    1487
    1476
    1562
    1491
    1469
    1429
    1520
    1422
    1512
    1385
    1452
    1386
    1400
    1356
    1413
    1387
    1404
    1432
    1389
    1429
    1321
    1335
    1281
    1341
    1304
    1363
    1293
    1372
    1319
    1310
    1366
    1312
    1335
    1294
    1243
    1352
    1246
    1239
    1199
    1210
    1255
    1332
    1190
    1191
    1200
    1212
    1209
    1204
    1211
    1263
    1181
    1157
    1207
    1215
    1185
    1196
    1159
    1223
    1227
    1200
    1199
    1102
    1127
    1165
    1132
    1183
    1129
    1141
    1143
    1195
    1201
    1176
    1146
    1093
    1080
    1113
    1082
    1097
    1120
    1142
    1110
     999
    1020
    1034
    1038
    1068
    1062
    1061
    1018
    1003
    1075
    1069
    1119
    1061
    1135
    1077
    1077
    1060
    1024
    1049
    1029
    1058
    1039
    1007
    1034
     964
    1025
     961
     995
    1039
    1026
    1031
    1043
    1066
    1004
    1032
     969
     995
    1038
     952
    1021
     992
    1006
     994
    1023
    1271
    1186
    1053
    1039
     942
     996
     941
     919
     982
     968
     987
     948
     971
     904
     999
     886
     928
     938
     941
     923
     997
     908
     949
     957
     962
     919
     848
     903
     894
     920
     929
     960
     909
     899
     924
     939
     887
     914
     877
     854
     888
     932
     838
     804
     870
     907
     940
     873
     939
     928
     928
     868
     875
     910
     859
     881
     903
     865
     848
     808
     838
     924
     876
     902
     881
     872
     871
     859
     860
     852
     894
     878
     890
     796
     867
     849
     806
     816
     842
     847
     831
     835
     864
     799
     808
     853
     888
     830
     850
     800
     850
     805
     817
     789
     821
     859
     807
     788
     857
     847
     845
     811
     793
     825
     857
     812
     813
     811
     793
     803
     782
     805
     805
     820
     793
     824
     818
     801
     847
     797
     797
     804
     823
     824
     872
     775
     773
     802
     802
     836
     817
     830
     794
     778
     802
     792
     806
     739
     823
     782
     796
     784
     789
     764
     827
     791
     751
     858
     803
     805
     794
     775
     820
     737
     806
     753
     773
     764
     812
     812
     778
     791
     789
     734
     811
     788
     813
     795
     773
     806
     820
     783
     788
     768
     805
     804
     790
     796
     706
     795
     771
     771
     758
     765
     736
     750
     758
     799
     749
     740
     702
     771
     713
     773
     777
     805
     782
     783
     773
     750
     750
     772
     766
     776
     744
     743
     698
     760
     694
     772
     776
     726
     726
     738
     715
     749
     823
     759
     797
     718
     740
     769
     755
     783
     763
     807
     772
     766
     724
     743
     759
     768
     743
     726
     728
     767
     723
     731
     708
     713
     745
     709
     724
     717
     646
     781
     741
     701
     797
     702
     759
     758
     736
     724
     742
     746
     662
     727
     736
     767
     690
     761
     760
     728
     736
     761
     714
     762
     772
     815
     773
     757
     767
     756
     709
     736
     711
     718
     717
     706
     698
     710
     735
     739
     735
     709
     722
     702
     747
     754
     769
     725
     779
     681
     739
     729
     729
     741
     761
     733
     761
     737
     735
     749
     711
     728
     752
     726
     751
     718
     727
     721
     727
     717
     798
     746
     714
     731
     715
     778
     721
     697
     783
     752
     710
     721
     743
     757
     774
     740
     737
     740
     783
     738
     773
     710
     759
     765
     751
     725
     744
     699
     711
     713
     690
     727
     801
     733
     747
     733
     737
     717
     709
     768
     744
     713
     717
     734
     778
     749
     766
     721
     705
     740
     707
     745
     721
     737
     744
     751
     759
     779
     718
     740
     693
     737
     711
     751
     779
     779
     728
     727
     711
     709
     656
     711
     761
     697
     742
     719
     755
     722
     717
     700
     774
     679
     737
     718
     777
     694
     689
     739
     714
     689
     756
     697
     758
     754
     774
     765
     739
     779
     721
     685
     679
     688
     763
     741
     719
     769
     714
     754
     717
     730
     761
     750
     724
     711
     686
     706
     681
     746
     712
     722
     750
     740
     743
     704
     710
     699
     730
     745
     737
     754
     718
     747
     713
     775
     754
     740
     754
     727
     749
     738
     764
     734
     724
     761
     722
     711
     750
     725
     698
     708
     773
     712
     740
     768
     743
     722
     734
     705
     723
     781
     724
     750
     773
     695
     715
     744
     684
     721
     747
     731
     695
     732
     690
     755
     750
     744
     740
     743
     745
     735
     763
     727
     793
     715
     724
     731
     718
     728
     762
     743
     743
     751
     720
     704
     731
     731
     747
     772
     717
     755
     757
     803
     748
     755
     746
     753
     707
     772
     735
     724
     743
     789
     722
     785
     740
     761
     721
     791
     748
     769
     752
     769
     787
     764
     687
     780
     723
     758
     722
     700
     749
     758
     753
     738
     767
     782
     747
     768
     733
     739
     734
     764
     787
     771
     762
     727
     759
     759
     753
     801
     734
     768
     768
     752
     778
     749
     753
     757
     754
     769
     750
     764
     815
     737
     751
     757
     803
     790
     774
     772
     725
     769
     762
     797
     783
     833
     746
     791
     761
     820
     746
     751
     780
     734
     837
     803
     742
     755
     757
     750
     785
     735
     804
     782
     752
     759
     774
     801
     745
     811
     749
     761
     773
     736
     799
     848
     812
     805
     805
     820
     826
     771
     795
     813
     719
     809
     778
     769
     806
     767
     856
     804
     803
     756
     827
     695
     809
     822
     872
     810
     794
     796
     850
     847
     789
     828
     834
     814
     805
     830
     764
     817
     831
     793
     779
     809
     783
     776
     815
     821
     805
     843
     827
     848
     780
     822
     834
     831
     787
     755
     817
     802
     834
     843
     780
     894
     872
     846
     808
     814
     814
     874
     815
     840
     810
     792
     832
     837
     842
     880
     860
     917
     900
     885
     860
     897
     874
     832
     804
     892
     921
     881
     864
     870
     912
     855
     808
     819
     843
     839
     825
     811
     880
     929
     910
     883
     896
     866
     920
     873
     938
     886
     880
     867
     963
     877
     866
     900
     921
     865
     880
     913
     880
     931
     899
     925
     919
     893
     911
     877
     942
     885
     878
     905
     901
     992
     910
     939
     938
     909
     961
     949
     974
     942
     948
     912
     896
     969
     995
     915
     986
     969
    1001
     926
     946
     985
     970
     955
     986
     954
     990
     975
    1013
    1011
     958
    1006
    1027
     994
     999
     991
    1008
    1062
     996
    1026
    1059
    1069
     983
    1051
    1093
    1059
     995
    1035
    1050
    1052
    1060
    1040
     996
    1075
    1049
    1044
    1112
    1061
    1090
    1128
    1106
    1110
    1070
    1053
    1099
    1130
    1062
    1106
    1136
    1117
    1185
    1188
    1108
    1188
    1122
    1124
    1120
    1117
    1217
    1173
    1186
    1157
    1157
    1206
    1212
    1193
    1212
    1205
    1168
    1229
    1245
    1204
    1230
    1357
    1244
    1206
    1202
    1275
    1276
    1293
    1281
    1294
    1295
    1310
    1289
    1307
    1299
    1337
    1318
    1307
    1316
    1317
    1324
    1338
    1283
    1391
    1327
    1327
    1347
    1409
    1403
    1315
    1420
    1356
    1401
    1349
    1450
    1424
    1420
    1451
    1335
    1476
    1346
    1393
    1338
    1329
    1337
    1281
    1264
    1204
    1175
    1189
    1146
    1083
    1074
     991
    1026
    1037
    1032
     920
     948
     917
     993
     977
     917
     896
     906
     902
     903
     866
     921
     927
     857
     923
     937
     944
     892
     906
     923
     900
     877
     833
     911
     902
     884
     859
     805
     870
     894
     861
     884
     858
     784
     854
     856
     853
     850
     841
     806
     857
     873
     846
     878
     858
     881
     844
     844
     870
     862
     840
     905
     904
     872
     888
     852
     829
     819
     847
     824
     850
     792
     849
     843
     805
     817
     871
     867
     836
     836
     836
     813
     781
     792
     831
     819
     879
     815
     813
     796
     821
     885
     785
     777
     767
     763
     771
     787
     831
     821
     817
     775
     821
     790
     786
     808
     784
     768
     759
     790
     785
     784
     737
     746
     840
     818
     768
     792
     772
     816
     822
     785
     803
     787
     741
     770
     818
     760
     768
     734
     768
     773
     769
     773
     762
     738
     819
     788
     772
     766
     766
     771
     720
     819
     765
     761
     786
     759
     734
     804
     831
     838
     785
     851
     792
     789
     813
     839
     786
     837
     818
     820
     797
     807
     826
     792
     854
     837
     855
     854
     833
     860
     844
     850
     842
     848
     900
     880
     820
     902
     839
     911
     815
     857
     868
     891
     839
     918
     951
     856
     905
     897
     915
     866
     889
     871
     911
     904
     829
     891
     841
     862
     878
     869
     887
     844
     831
     862
     789
     770
     791
     695
     710
     650
     644
     623
     618
     590
     619
     539
     512
     522
     502
     531
     517
     469
     478
     505
     504
     473
     490
     489
     488
     462
     458
     443
     449
     442
     430
     435
     427
     404
     444
     416
     442
     441
     408
     416
     425
     400
     402
     395
     430
     402
     404
     403
     377
     408
     365
     393
     391
     411
     409
     417
     388
     401
     370
     403
     385
     388
     390
     379
     416
     455
     495
     534
     583
     721
     751
     813
     871
     984
    1124
    1531
    3102
    9956
   24158
   28386
   15111
    4023
     838
     375
     298
     331
     313
     306
     301
     267
     283
     278
     260
     278
     290
     250
     248
     247
     226
     235
     208
     258
     262
     235
     251
     224
     229
     188
     229
     229
     250
     240
     230
     200
     202
     188
     212
     187
     207
     186
     193
     190
     203
     170
     167
     186
     173
     175
     169
     175
     151
     162
     165
     172
     137
     137
     140
     139
     158
     154
     146
     130
     133
     121
     114
     140
     109
     107
     121
     112
     105
     100
     130
     101
     123
     127
     126
     113
     124
      96
     104
     106
      98
     100
      94
      93
      80
      97
      86
      91
     110
      90
      76
      74
      58
      81
      66
      63
      90
      65
      73
      80
      72
      66
      73
      53
      64
      84
      69
      71
      74
      72
      74
      64
      66
      59
      70
      63
      56
      55
      50
      74
      67
      68
      52
      57
      58
      74
      55
      71
      63
      73
      58
      60
      65
      55
      56
      64
      61
      64
      59
      59
      50
      61
      63
      63
      75
      63
      54
      60
      62
      53
      50
      64
      56
      61
      51
      65
      57
      72
      64
      61
      58
      52
      45
      60
      54
      68
      54
      61
      56
      52
      66
      45
      50
      56
      67
      60
      49
      55
      51
      52
      53
      58
      42
      53
      54
      70
      56
      48
      51
      46
      57
      55
      69
      69
      63
      71
      64
      68
      81
     115
     154
     181
     237
     323
     395
     410
     472
     586
     704
     913
    1723
    4827
   13485
   23412
   19315
    8039
    1825
     264
      59
      47
      29
      34
      33
      33
      33
      33
      48
      30
      37
      23
      31
      17
      34
      31
      26
      32
      23
      28
      30
      24
      26
      30
      28
      24
      27
      27
      25
      26
      28
      33
      25
      28
      21
      26
      26
      17
      25
      18
      23
      30
      21
      25
      22
      28
      24
      24
      30
      26
      17
      25
      23
      25
      23
      19
      16
      31
      30
      28
      28
      24
      24
      19
      26
      21
      21
      19
      24
      27
      29
      19
      22
      22
      31
      26
      30
      35
      29
      14
      18
      24
      16
      25
      17
      19
      24
      12
      22
      28
      18
      24
      25
      19
      23
      24
      20
      26
      22
      17
      19
      16
      23
      16
      25
      21
      28
      32
      25
      13
      28
      22
      20
      21
      22
      17
      13
      21
      21
      23
      15
      15
      24
      21
      17
      16
      18
      19
      19
      24
      25
      20
      26
      26
      16
      22
      21
      31
      23
      20
      20
      17
      23
      30
      18
      19
      16
      16
      18
      26
      21
      20
      15
      19
      15
      19
      18
      26
      21
      28
      15
      28
      25
      20
      16
      28
      14
      31
      38
      66
      78
      43
      29
      23
      24
      16
      21
      21
      26
      27
      13
      19
      20
      20
      14
      18
      23
      22
      27
      16
      18
      14
      24
      17
      19
      15
      16
      12
      11
       0
       0
       0
       0
       0
       0
       0
       0
       0
       0
       0
       0
       0
       0
       0
       0
       0
       0
       0
       0
       0
       0
       0
       0
       0
       0
       0
       0
       0
       0
       0
       0
$ROI:
0
$PRESETS:
None
0
0
$ENER_FIT:
0.000000 0.731044
$MCA_CAL:
3
0.000000E+000 7.310444E-001 0.000000E+000 keV
$SHAPE_CAL:
3
0.000000E+000 0.000000E+000 0.000000E+000
