$SPEC_ID:
No sample description was entered.
$SPEC_REM:
DET# 4
DETDESC# JLAB-20 MCB 131
AP# Maestro Version 7.01
$DATE_MEA:
10/06/2025 14:00:02
$MEAS_TIM:
579 600
$DATA:
0 2047
       0
       0
       0
       0
       0
       0
       0
       0
       0
       0
       0
       0
       0
       0
       0
       0
       0
       0
       0
       0
       0
       0
       0
       0
       0
       0
       0
       0
       0
       0
       0
       0
       0
       0
       0
       0
       0
       0
       0
       0
       0
       0
       0
       0
       0
       0
       0
       0
       0
       0
       0
       0
       0
       0
       0
       0
       0
       0
       0
       0
       0
       0
       0
       0
       0
       0
       0
       0
       0
      51
    1322
    1404
    1399
    1384
    1370
    1366
    1435
    1353
    1366
    1338
    1398
    1358
    1371
    1402
    1473
    1416
    1343
    1254
    1387
    1369
    1384
    1405
    1377
    1395
    1309
    1330
    1322
    1381
    1454
    1475
    1347
    1511
    1553
    1362
    1334
    1410
    1314
    1286
    1328
    1360
    1213
    1376
    1395
    1348
    1363
    1412
    1440
    1355
    1355
    1362
    1320
    1285
    1387
    1337
    1304
    1355
    1282
    1316
    1370
    1304
    1315
    1338
    1325
    1309
    1309
    1356
    1292
    1340
    1345
    1346
    1313
    1300
    1358
    1314
    1369
    1289
    1262
    1333
    1360
    1337
    1337
    1318
    1265
    1234
    1291
    1326
    1300
    1299
    1273
    1377
    1353
    1301
    1382
    1254
    1366
    1342
    1280
    1334
    1313
    1266
    1304
    1314
    1308
    1339
    1433
    1284
    1328
    1320
    1284
    1349
    1301
    1299
    1289
    1357
    1294
    1330
    1326
    1317
    1363
    1294
    1338
    1343
    1277
    1302
    1327
    1289
    1290
    1300
    1300
    1273
    1305
    1276
    1242
    1303
    1299
    1333
    1355
    1282
    1316
    1282
    1286
    1240
    1277
    1248
    1276
    1220
    1222
    1254
    1272
    1230
    1249
    1271
    1291
    1216
    1299
    1275
    1286
    1226
    1287
    1254
    1239
    1282
    1212
    1223
    1270
    1211
    1308
    1214
    1154
    1221
    1189
    1237
    1171
    1227
    1243
    1147
    1187
    1218
    1188
    1168
    1199
    1225
    1249
    1148
    1234
    1218
    1166
    1176
    1180
    1180
    1189
    1154
    1144
    1160
    1206
    1178
    1229
    1183
    1138
    1156
    1207
    1231
    1162
    1130
    1226
    1166
    1203
    1200
    1226
    1212
    1256
    1219
    1215
    1201
    1344
    1313
    1336
    1412
    1461
    1433
    1472
    1546
    1419
    1581
    1499
    1590
    1540
    1525
    1476
    1506
    1487
    1477
    1416
    1457
    1471
    1440
    1422
    1437
    1476
    1353
    1381
    1416
    1377
    1355
    1347
    1399
    1379
    1334
    1359
    1355
    1354
    1333
    1342
    1296
    1340
    1330
    1312
    1307
    1291
    1321
    1229
    1213
    1294
    1299
    1212
    1289
    1256
    1229
    1290
    1243
    1204
    1232
    1282
    1215
    1160
    1242
    1142
    1180
    1221
    1170
    1157
    1195
    1171
    1186
    1128
    1222
    1199
    1145
    1094
    1179
    1135
    1138
    1208
    1167
    1169
    1156
    1141
    1092
    1139
    1164
    1116
    1138
    1129
    1100
    1054
    1090
    1119
    1141
    1033
    1158
    1146
    1073
    1131
    1052
    1086
    1049
    1115
    1075
    1103
    1041
    1033
    1057
    1105
    1045
    1034
    1065
     979
    1048
    1032
    1077
    1076
    1030
    1028
    1059
    1022
    1049
    1003
     937
     979
    1016
    1011
    1038
     974
     997
    1002
    1011
     983
     985
     959
    1021
     972
     982
    1226
    1253
    1040
     941
     968
     986
     926
     962
     921
     975
     956
     974
     930
     937
     924
     923
     964
     978
     906
     992
     944
     948
     948
     945
     864
     983
     913
     880
     911
     944
     977
     966
     952
     962
     938
     920
     923
     952
     974
     873
     852
     881
     949
     918
     937
     878
     903
     892
     788
     923
     912
     944
     869
     812
     927
     871
     911
     889
     903
     826
     866
     840
     804
     879
     892
     898
     883
     863
     832
     819
     881
     842
     852
     806
     895
     869
     797
     809
     874
     863
     842
     908
     844
     850
     869
     799
     827
     845
     836
     846
     809
     788
     862
     771
     869
     850
     817
     797
     809
     808
     789
     827
     810
     830
     813
     839
     836
     810
     760
     793
     819
     844
     753
     834
     815
     802
     825
     838
     848
     815
     803
     821
     795
     816
     814
     832
     826
     836
     799
     853
     781
     825
     795
     783
     817
     812
     805
     826
     848
     797
     853
     789
     789
     814
     774
     839
     755
     811
     773
     766
     821
     800
     793
     802
     790
     773
     785
     800
     788
     793
     745
     755
     770
     793
     801
     778
     781
     812
     822
     780
     723
     818
     768
     731
     801
     787
     774
     720
     742
     760
     756
     762
     812
     752
     765
     790
     730
     778
     760
     758
     737
     802
     740
     768
     780
     783
     780
     744
     779
     761
     771
     762
     765
     766
     778
     783
     764
     801
     794
     764
     762
     760
     817
     767
     750
     773
     751
     738
     765
     753
     720
     731
     751
     726
     778
     769
     744
     741
     763
     691
     743
     769
     751
     720
     768
     744
     733
     799
     737
     744
     774
     755
     770
     699
     695
     735
     738
     735
     771
     703
     704
     742
     762
     740
     759
     772
     698
     702
     780
     741
     733
     760
     718
     737
     724
     737
     792
     773
     764
     714
     755
     746
     764
     759
     815
     790
     772
     763
     724
     757
     726
     736
     764
     738
     739
     781
     765
     754
     721
     712
     752
     742
     755
     679
     693
     713
     711
     710
     744
     740
     725
     721
     763
     683
     728
     726
     716
     774
     731
     752
     740
     779
     763
     737
     730
     747
     704
     708
     697
     744
     739
     738
     688
     789
     745
     755
     737
     707
     713
     797
     705
     737
     762
     737
     778
     741
     690
     726
     734
     737
     703
     750
     786
     726
     720
     719
     703
     762
     688
     674
     688
     737
     707
     748
     748
     715
     747
     744
     679
     740
     750
     711
     692
     709
     718
     763
     717
     725
     768
     732
     668
     724
     725
     733
     765
     750
     734
     766
     760
     747
     747
     680
     747
     702
     777
     743
     720
     744
     742
     752
     774
     730
     763
     754
     671
     733
     767
     713
     730
     749
     722
     732
     744
     747
     790
     710
     785
     801
     721
     724
     697
     744
     769
     710
     715
     740
     695
     759
     719
     715
     754
     762
     768
     742
     704
     750
     741
     709
     731
     704
     739
     750
     778
     766
     698
     712
     741
     731
     725
     728
     749
     751
     689
     774
     781
     718
     736
     762
     735
     717
     765
     726
     736
     739
     762
     773
     803
     742
     731
     703
     703
     746
     713
     728
     764
     694
     699
     768
     700
     758
     669
     733
     748
     748
     732
     691
     789
     758
     769
     743
     715
     738
     731
     707
     789
     727
     744
     727
     740
     686
     749
     800
     770
     753
     772
     730
     768
     755
     765
     736
     744
     743
     773
     759
     719
     700
     743
     702
     767
     742
     750
     745
     716
     723
     746
     745
     723
     803
     765
     775
     779
     766
     751
     699
     757
     723
     744
     803
     742
     766
     720
     718
     685
     752
     734
     761
     732
     736
     730
     744
     749
     717
     742
     765
     765
     780
     770
     745
     749
     721
     753
     739
     748
     740
     760
     757
     754
     806
     710
     775
     728
     741
     720
     751
     762
     784
     766
     797
     780
     821
     778
     770
     727
     747
     788
     751
     739
     745
     790
     811
     744
     773
     763
     767
     802
     755
     765
     792
     734
     770
     789
     760
     802
     761
     727
     772
     818
     743
     752
     792
     794
     781
     754
     766
     766
     811
     815
     764
     773
     789
     758
     852
     818
     723
     780
     775
     740
     797
     784
     759
     769
     762
     802
     796
     804
     802
     794
     798
     798
     812
     797
     798
     773
     786
     754
     806
     809
     790
     811
     739
     785
     824
     780
     830
     815
     821
     839
     830
     862
     795
     805
     820
     781
     790
     771
     788
     818
     799
     792
     822
     809
     784
     806
     833
     821
     837
     789
     818
     848
     835
     825
     827
     802
     914
     800
     809
     827
     826
     779
     773
     782
     877
     814
     813
     839
     846
     849
     840
     841
     889
     846
     813
     862
     900
     910
     983
     908
     864
     855
     841
     842
     870
     887
     832
     850
     844
     818
     857
     914
     802
     869
     876
     886
     899
     843
     826
     846
     895
     896
     881
     961
     944
     860
     867
     863
     883
     907
     918
     912
     937
     936
     952
     865
     919
     900
     929
     931
     956
     921
     906
     880
     863
     983
     880
     932
     948
     925
     905
     946
     983
     974
     962
     959
     955
     881
     933
     963
     974
    1019
     971
     950
     958
     943
    1011
     985
     966
     949
     963
     947
    1028
    1002
     960
     929
     982
     968
    1001
     935
     969
    1028
     995
     962
    1024
     928
     990
    1051
     988
    1007
    1039
    1028
    1069
    1086
    1048
    1091
    1003
    1031
    1065
    1086
    1036
    1050
    1061
    1061
    1064
    1075
    1045
    1121
    1019
    1069
    1087
    1105
    1113
    1128
    1093
    1111
    1114
    1072
    1135
    1115
    1094
    1150
    1189
    1143
    1129
    1175
    1125
    1129
    1176
    1202
    1248
    1172
    1174
    1177
    1169
    1229
    1158
    1204
    1216
    1243
    1222
    1208
    1227
    1289
    1270
    1276
    1268
    1243
    1276
    1243
    1301
    1269
    1239
    1306
    1254
    1326
    1275
    1327
    1257
    1275
    1321
    1305
    1341
    1266
    1250
    1329
    1380
    1353
    1335
    1368
    1336
    1322
    1333
    1361
    1348
    1389
    1337
    1309
    1354
    1383
    1415
    1349
    1396
    1410
    1399
    1341
    1330
    1309
    1353
    1271
    1208
    1240
    1178
    1144
    1039
     991
    1020
    1053
     997
     961
    1022
     913
     948
     966
     939
     976
     949
     973
     962
     924
     837
     914
     844
     950
     892
     894
     888
     825
     871
     880
     879
     936
     847
     886
     866
     891
     850
     867
     886
     890
     852
     836
     898
     863
     865
     889
     874
     869
     818
     841
     855
     890
     849
     836
     838
     892
     847
     856
     825
     823
     892
     860
     837
     860
     865
     796
     820
     844
     831
     829
     821
     806
     837
     843
     881
     766
     833
     854
     807
     827
     826
     826
     788
     846
     774
     770
     819
     825
     824
     799
     798
     816
     746
     817
     812
     853
     794
     790
     790
     789
     813
     835
     786
     770
     779
     804
     791
     769
     838
     739
     755
     787
     773
     751
     791
     762
     787
     821
     762
     777
     787
     738
     781
     711
     746
     795
     757
     803
     774
     797
     755
     772
     791
     787
     797
     804
     832
     819
     782
     773
     807
     785
     818
     875
     762
     783
     804
     803
     785
     835
     861
     743
     815
     801
     842
     764
     767
     855
     789
     749
     798
     806
     766
     875
     805
     899
     798
     788
     818
     815
     855
     838
     828
     873
     867
     855
     836
     827
     841
     858
     830
     845
     890
     895
     941
     973
     910
     831
     905
     878
     871
     868
     905
     964
     903
     887
     890
     981
     883
     870
     916
     913
     914
     841
     872
     899
     864
     867
     814
     787
     771
     781
     739
     671
     661
     650
     614
     573
     521
     535
     529
     498
     540
     551
     523
     500
     494
     473
     519
     506
     470
     452
     435
     451
     448
     443
     451
     428
     473
     456
     458
     446
     436
     441
     473
     434
     432
     428
     405
     460
     388
     386
     393
     395
     434
     382
     368
     399
     407
     390
     362
     409
     387
     369
     406
     380
     411
     379
     385
     406
     403
     406
     384
     460
     440
     566
     610
     643
     722
     748
     871
     998
    1090
    1578
    3009
    8962
   23298
   28850
   16220
    4487
     924
     364
     304
     279
     310
     287
     252
     250
     232
     258
     247
     258
     279
     230
     272
     267
     259
     244
     278
     276
     239
     238
     239
     213
     221
     225
     217
     225
     237
     215
     218
     204
     222
     213
     213
     184
     205
     186
     180
     193
     201
     212
     211
     163
     180
     160
     166
     173
     181
     160
     152
     145
     151
     147
     155
     143
     146
     132
     149
     127
     124
     131
     124
     107
     111
     112
     127
     119
     107
     110
     110
     110
     115
     102
     103
      94
      98
     123
      99
      96
      95
      97
      91
      93
     100
      90
      98
      98
      96
      73
      81
      78
      93
      72
      67
      82
      69
      78
      73
      78
      67
      88
      72
      70
      76
      73
      79
      70
      78
      67
      58
      67
      82
      67
      69
      78
      76
      68
      63
      58
      76
      64
      51
      66
      82
      76
      63
      74
      67
      77
      64
      68
      70
      64
      80
      74
      59
      70
      73
      53
      54
      63
      66
      56
      65
      63
      56
      62
      63
      58
      57
      49
      47
      67
      52
      72
      60
      57
      75
      79
      59
      61
      59
      59
      77
      61
      51
      58
      52
      63
      56
      54
      63
      59
      62
      59
      57
      51
      58
      57
      50
      56
      66
      63
      67
      39
      60
      57
      69
      64
      40
      51
      63
      59
      65
      70
      80
      71
      76
     116
     140
     183
     246
     290
     342
     399
     487
     514
     653
     934
    1631
    4279
   12712
   23008
   20391
    8852
    2053
     340
      77
      41
      31
      39
      23
      35
      28
      26
      24
      27
      37
      33
      15
      31
      32
      31
      27
      30
      27
      27
      31
      31
      14
      19
      31
      22
      25
      24
      23
      33
      30
      28
      21
      17
      22
      27
      21
      25
      20
      30
      22
      24
      17
      21
      29
      19
      18
      17
      28
      15
      28
      24
      22
      18
      26
      19
      23
      29
      31
      23
      26
      28
      32
      25
      24
      30
      30
      20
      33
      24
      27
      26
      26
      20
      22
      22
      18
      26
      21
      25
      24
      32
      27
      23
      19
      21
      17
      27
      24
      22
      16
      25
      13
      16
      26
      16
      31
      20
      37
      10
      27
      17
      25
      27
      24
      20
      23
      33
      23
      19
      19
      28
      23
      31
      19
      22
      23
      24
      26
      26
      14
      14
      25
      20
      30
      21
      15
      19
      14
      19
      22
      19
      17
      18
      13
      22
      20
      19
      26
      13
      25
      15
      24
      15
      29
      15
      23
      18
      17
      15
      19
      16
      23
      20
      21
      28
      23
      20
      12
      16
      23
      19
      17
      17
      24
      31
      24
      36
      39
      53
      62
      56
      29
      20
      15
      15
      15
      19
      21
      20
      18
      18
      18
      17
      23
      20
      16
      13
      17
      21
      22
      26
      21
      27
      22
      29
      23
      14
      22
       0
       0
       0
       0
       0
       0
       0
       0
       0
       0
       0
       0
       0
       0
       0
       0
       0
       0
       0
       0
       0
       0
       0
       0
       0
       0
       0
       0
       0
       0
       0
       0
$ROI:
0
$PRESETS:
None
0
0
$ENER_FIT:
0.000000 0.731044
$MCA_CAL:
3
0.000000E+000 7.310444E-001 0.000000E+000 keV
$SHAPE_CAL:
3
0.000000E+000 0.000000E+000 0.000000E+000
