$SPEC_ID:
No sample description was entered.
$SPEC_REM:
DET# 4
DETDESC# JLAB-20 MCB 131
AP# Maestro Version 7.01
$DATE_MEA:
10/07/2025 07:10:02
$MEAS_TIM:
579 599
$DATA:
0 2047
       0
       0
       0
       0
       0
       0
       0
       0
       0
       0
       0
       0
       0
       0
       0
       0
       0
       0
       0
       0
       0
       0
       0
       0
       0
       0
       0
       0
       0
       0
       0
       0
       0
       0
       0
       0
       0
       0
       0
       0
       0
       0
       0
       0
       0
       0
       0
       0
       0
       0
       0
       0
       0
       0
       0
       0
       0
       0
       0
       0
       0
       0
       0
       0
       0
       0
       0
       0
       0
      51
    1290
    1440
    1379
    1432
    1352
    1413
    1371
    1422
    1395
    1319
    1383
    1404
    1399
    1368
    1319
    1327
    1318
    1342
    1353
    1361
    1392
    1320
    1379
    1368
    1350
    1337
    1414
    1340
    1511
    1487
    1331
    1557
    1574
    1472
    1348
    1373
    1313
    1320
    1363
    1320
    1283
    1305
    1280
    1363
    1351
    1509
    1324
    1389
    1304
    1390
    1268
    1368
    1326
    1266
    1300
    1369
    1322
    1348
    1357
    1297
    1267
    1371
    1340
    1303
    1343
    1213
    1240
    1289
    1294
    1385
    1205
    1315
    1291
    1291
    1262
    1284
    1319
    1336
    1253
    1267
    1215
    1296
    1368
    1332
    1287
    1277
    1317
    1289
    1312
    1390
    1308
    1271
    1312
    1319
    1340
    1342
    1328
    1347
    1292
    1242
    1326
    1312
    1341
    1329
    1286
    1365
    1308
    1386
    1322
    1358
    1295
    1334
    1361
    1312
    1381
    1244
    1357
    1288
    1310
    1241
    1226
    1298
    1291
    1335
    1285
    1295
    1235
    1281
    1309
    1298
    1307
    1287
    1296
    1315
    1272
    1302
    1343
    1288
    1263
    1273
    1243
    1278
    1248
    1268
    1269
    1294
    1244
    1241
    1266
    1312
    1237
    1269
    1307
    1221
    1262
    1229
    1277
    1282
    1274
    1248
    1263
    1223
    1206
    1206
    1189
    1284
    1128
    1174
    1219
    1256
    1248
    1208
    1168
    1187
    1193
    1205
    1250
    1234
    1185
    1120
    1190
    1184
    1215
    1233
    1221
    1198
    1173
    1178
    1150
    1182
    1154
    1165
    1224
    1114
    1129
    1193
    1127
    1209
    1102
    1207
    1163
    1160
    1215
    1184
    1142
    1187
    1212
    1196
    1134
    1173
    1253
    1233
    1263
    1260
    1293
    1335
    1347
    1420
    1381
    1325
    1436
    1382
    1400
    1475
    1485
    1491
    1484
    1503
    1508
    1425
    1366
    1418
    1408
    1506
    1450
    1525
    1424
    1404
    1395
    1386
    1461
    1331
    1363
    1331
    1279
    1349
    1353
    1407
    1362
    1400
    1364
    1315
    1296
    1302
    1412
    1290
    1270
    1327
    1370
    1183
    1288
    1299
    1312
    1283
    1261
    1218
    1174
    1296
    1222
    1233
    1260
    1254
    1247
    1187
    1175
    1212
    1200
    1248
    1179
    1187
    1193
    1188
    1175
    1177
    1178
    1096
    1234
    1174
    1207
    1226
    1141
    1160
    1238
    1122
    1096
    1175
    1080
    1168
    1126
    1109
    1169
    1161
    1128
    1086
    1115
    1066
    1107
    1063
    1111
    1146
    1107
    1062
    1075
    1091
    1077
    1069
    1111
    1050
    1033
    1089
    1049
    1003
    1001
    1028
    1030
    1092
    1018
    1044
    1039
    1032
    1046
    1086
    1061
    1026
    1008
    1036
    1023
    1011
    1027
     975
     994
    1017
     994
    1057
    1023
    1020
     950
     983
     983
     994
     987
    1010
    1243
    1252
     987
     956
     958
     922
     962
     972
     983
     933
     954
     927
     933
     989
     987
     911
     933
     947
     907
     917
     930
     909
     888
     908
     940
     910
     908
     940
     949
     887
     907
     916
     909
     953
     883
     904
     921
     900
     889
     864
     819
     906
     959
     898
     861
     915
     888
     862
     814
     891
     905
     874
     895
     840
     900
     866
     919
     888
     902
     861
     869
     860
     851
     845
     852
     850
     872
     886
     852
     883
     861
     903
     879
     861
     858
     829
     854
     876
     837
     859
     895
     845
     862
     838
     867
     847
     895
     880
     824
     784
     780
     869
     797
     819
     826
     868
     857
     828
     812
     850
     852
     885
     834
     835
     862
     800
     781
     840
     856
     818
     834
     793
     855
     801
     802
     799
     813
     769
     805
     830
     750
     826
     777
     786
     798
     806
     820
     814
     814
     819
     793
     841
     809
     791
     829
     793
     853
     778
     785
     806
     772
     815
     793
     783
     753
     805
     783
     803
     778
     726
     774
     742
     776
     851
     827
     774
     798
     776
     762
     798
     803
     737
     853
     757
     768
     782
     778
     761
     754
     783
     764
     845
     788
     768
     780
     760
     775
     797
     805
     754
     757
     794
     765
     762
     804
     776
     755
     801
     735
     815
     757
     747
     784
     794
     751
     727
     777
     734
     716
     778
     787
     772
     733
     787
     767
     716
     760
     836
     795
     790
     733
     785
     793
     715
     793
     769
     747
     718
     717
     724
     769
     725
     778
     773
     734
     766
     747
     670
     742
     759
     751
     690
     754
     662
     740
     781
     718
     710
     763
     808
     724
     753
     721
     744
     789
     748
     706
     697
     685
     778
     734
     766
     770
     716
     722
     694
     748
     742
     751
     723
     795
     748
     787
     790
     783
     753
     724
     812
     684
     704
     757
     793
     793
     735
     843
     778
     769
     777
     784
     758
     748
     762
     744
     755
     695
     798
     738
     742
     715
     779
     749
     759
     744
     736
     738
     743
     728
     743
     734
     727
     723
     701
     726
     729
     750
     735
     778
     730
     713
     734
     763
     722
     788
     765
     725
     720
     723
     740
     725
     717
     707
     718
     710
     766
     701
     672
     664
     722
     753
     762
     716
     722
     717
     769
     719
     768
     746
     755
     703
     744
     683
     787
     718
     706
     717
     729
     722
     748
     732
     727
     729
     720
     703
     740
     693
     774
     720
     776
     731
     731
     712
     760
     691
     696
     693
     741
     748
     707
     726
     742
     719
     734
     759
     708
     736
     688
     708
     748
     705
     753
     684
     718
     714
     738
     726
     755
     848
     744
     745
     715
     708
     720
     753
     754
     704
     682
     714
     710
     684
     721
     722
     717
     761
     736
     714
     739
     731
     760
     724
     721
     733
     745
     675
     740
     713
     711
     757
     724
     752
     726
     724
     752
     737
     731
     739
     745
     731
     773
     726
     773
     733
     688
     703
     698
     727
     729
     731
     738
     763
     752
     774
     714
     692
     752
     767
     778
     747
     716
     754
     709
     787
     726
     720
     775
     716
     736
     755
     705
     714
     680
     795
     720
     725
     701
     716
     707
     786
     745
     776
     750
     747
     701
     670
     748
     725
     709
     784
     708
     731
     829
     743
     749
     748
     710
     740
     717
     736
     751
     737
     786
     723
     687
     753
     784
     730
     766
     745
     777
     738
     735
     754
     725
     710
     772
     688
     717
     730
     777
     758
     660
     731
     760
     702
     750
     763
     705
     754
     801
     801
     695
     693
     744
     762
     744
     740
     702
     758
     708
     752
     775
     739
     701
     702
     737
     750
     725
     738
     725
     769
     745
     749
     714
     785
     746
     744
     711
     742
     728
     755
     789
     766
     748
     749
     745
     796
     772
     708
     794
     791
     736
     815
     793
     710
     753
     774
     770
     742
     797
     796
     808
     768
     744
     737
     736
     766
     744
     742
     823
     813
     785
     796
     774
     734
     797
     735
     762
     772
     747
     740
     795
     777
     817
     809
     785
     780
     812
     785
     778
     754
     781
     757
     762
     776
     751
     745
     786
     758
     790
     775
     812
     781
     772
     815
     774
     825
     730
     801
     764
     824
     840
     713
     783
     850
     792
     809
     778
     831
     801
     796
     820
     762
     809
     778
     769
     823
     794
     825
     755
     791
     751
     764
     830
     782
     800
     815
     804
     813
     826
     800
     782
     821
     803
     776
     820
     812
     823
     850
     847
     786
     843
     877
     823
     837
     818
     786
     808
     853
     808
     797
     790
     785
     835
     828
     802
     824
     853
     873
     829
     809
     843
     807
     819
     844
     801
     837
     843
     867
     853
     853
     895
     817
     838
     872
     862
     922
     946
     967
     926
     867
     901
     846
     822
     823
     887
     898
     852
     933
     840
     865
     862
     796
     860
     885
     833
     868
     875
     889
     865
     830
     857
     856
     876
     875
     863
     914
     840
     875
     906
     882
     861
     889
     891
     943
     907
     922
     854
     885
     865
     920
     890
     911
     907
     940
     950
     913
     865
     917
     881
     922
    1000
     951
     919
     883
     960
     928
     982
     944
     935
     959
     954
     942
     984
     973
     947
     928
     941
     934
     929
     972
     926
     982
     954
     975
     931
    1030
    1013
    1037
    1043
    1000
     983
    1020
     998
    1030
    1012
     989
     966
    1031
    1034
    1024
    1063
     996
    1051
     995
    1015
    1090
    1042
    1127
    1057
    1052
    1098
    1079
    1038
    1030
    1092
    1088
    1006
    1096
    1115
    1072
    1064
    1108
    1086
    1090
    1116
    1100
    1061
    1082
    1141
    1165
    1160
    1157
    1131
    1143
    1109
    1136
    1221
    1135
    1126
    1150
    1242
    1210
    1233
    1189
    1180
    1203
    1217
    1179
    1209
    1258
    1249
    1229
    1269
    1234
    1276
    1283
    1272
    1269
    1238
    1260
    1290
    1318
    1286
    1267
    1339
    1283
    1329
    1376
    1323
    1322
    1276
    1349
    1304
    1327
    1390
    1441
    1314
    1311
    1427
    1370
    1387
    1387
    1362
    1412
    1365
    1341
    1377
    1363
    1409
    1405
    1373
    1318
    1334
    1340
    1349
    1334
    1299
    1332
    1265
    1221
    1152
    1076
    1041
    1066
    1026
    1034
     982
     996
     982
     961
     920
     937
     977
     949
     909
     955
     951
     886
     902
     948
     952
     862
     888
     862
     939
     894
     937
     863
     858
     903
     888
     879
     889
     862
     856
     874
     815
     878
     856
     844
     887
     890
     859
     836
     879
     931
     842
     867
     822
     850
     825
     915
     830
     880
     772
     913
     773
     897
     816
     862
     833
     808
     795
     836
     825
     835
     838
     824
     806
     818
     872
     839
     817
     841
     838
     804
     812
     793
     842
     834
     845
     779
     848
     864
     831
     773
     840
     788
     814
     805
     804
     830
     819
     817
     750
     821
     808
     796
     772
     816
     767
     830
     805
     771
     768
     791
     797
     779
     830
     737
     829
     746
     789
     769
     797
     771
     778
     763
     744
     777
     795
     787
     754
     787
     786
     797
     796
     771
     796
     793
     761
     795
     766
     806
     754
     769
     759
     740
     798
     789
     785
     752
     781
     782
     832
     808
     825
     765
     776
     786
     790
     751
     812
     847
     765
     837
     813
     805
     782
     835
     855
     864
     814
     841
     817
     835
     839
     829
     862
     793
     818
     837
     805
     854
     893
     890
     891
     883
     875
     901
     884
     848
     875
     869
     841
     883
     891
     884
     877
     883
     898
     918
     901
     943
     920
     914
     898
     901
     889
     888
     928
     886
     796
     845
     840
     820
     832
     835
     762
     726
     725
     674
     666
     630
     588
     597
     581
     549
     544
     542
     518
     516
     544
     513
     491
     510
     486
     451
     450
     441
     457
     475
     476
     471
     444
     442
     447
     485
     435
     437
     437
     486
     434
     453
     391
     409
     373
     420
     396
     409
     418
     416
     374
     389
     405
     371
     381
     404
     402
     408
     389
     370
     379
     367
     374
     391
     375
     380
     368
     408
     449
     438
     480
     551
     587
     663
     788
     800
     898
     953
    1112
    1463
    3052
    9401
   23562
   28766
   15528
    4383
     926
     403
     326
     311
     314
     288
     294
     268
     262
     282
     270
     251
     273
     275
     240
     254
     235
     240
     255
     228
     245
     247
     221
     240
     208
     235
     242
     232
     229
     201
     218
     232
     220
     210
     200
     195
     184
     191
     174
     178
     207
     169
     173
     199
     170
     172
     161
     164
     147
     171
     164
     150
     166
     169
     139
     144
     145
     150
     151
     147
     136
     138
     132
     114
     138
     128
     104
     130
     126
     114
     126
     108
      95
     118
     102
      99
     104
     102
      97
     108
     101
     116
      99
     104
     103
      90
      90
      75
      70
      86
      91
      79
      98
      77
      88
      79
      84
      79
      62
      62
      83
      74
      69
      81
      76
      69
      71
      65
      77
      63
      57
      71
      66
      57
      77
      70
      72
      65
      66
      73
      49
      64
      56
      78
      52
      72
      59
      62
      55
      63
      83
      62
      60
      74
      64
      72
      69
      70
      54
      56
      56
      58
      51
      55
      57
      73
      70
      59
      51
      64
      49
      62
      56
      59
      53
      60
      64
      64
      55
      54
      50
      69
      61
      60
      56
      48
      55
      66
      63
      65
      56
      44
      63
      60
      53
      59
      51
      54
      42
      57
      56
      63
      54
      48
      50
      59
      55
      57
      56
      38
      64
      55
      62
      66
      66
      68
      67
      64
      89
     110
     148
     176
     247
     307
     342
     437
     445
     569
     708
     944
    1662
    4475
   13247
   23259
   19946
    8471
    2009
     338
      64
      33
      34
      23
      26
      30
      38
      24
      29
      29
      33
      30
      22
      23
      26
      21
      18
      33
      18
      29
      26
      22
      22
      20
      22
      25
      33
      32
      27
      32
      18
      22
      32
      24
      16
      28
      37
      23
      26
      28
      29
      27
      22
      21
      31
      20
      22
      23
      29
      17
      28
      16
      21
      35
      22
      31
      24
      27
      26
      19
      15
      25
      27
      19
      21
      21
      24
      25
      24
      27
      14
      23
      17
      21
      25
      24
      16
      27
      24
      24
      17
      27
      24
      21
      14
      23
      22
      19
      21
      20
      28
      22
      29
      20
      17
      21
      23
      20
      22
      21
      27
      28
      22
      24
      26
      25
      29
      25
      19
      23
      28
      25
      34
      23
      13
      25
      26
      19
      23
      19
      17
      17
      25
      13
      18
      23
      24
      21
      21
      29
      22
      17
      24
      18
      18
      21
      24
      18
      19
      11
      13
      15
      27
      30
      17
      19
      23
      25
      23
      22
      27
      23
      25
      25
      18
      21
      20
      22
      28
      19
      17
      25
      25
      26
      23
      18
      15
      27
      42
      67
      70
      61
      24
      22
      23
      21
      16
      21
      11
      16
      25
      17
      30
      14
      28
      20
      17
      15
      19
      25
      14
      21
      20
      23
      11
      24
      22
      18
      14
       0
       0
       0
       0
       0
       0
       0
       0
       0
       0
       0
       0
       0
       0
       0
       0
       0
       0
       0
       0
       0
       0
       0
       0
       0
       0
       0
       0
       0
       0
       0
       0
$ROI:
0
$PRESETS:
None
0
0
$ENER_FIT:
0.000000 0.731044
$MCA_CAL:
3
0.000000E+000 7.310444E-001 0.000000E+000 keV
$SHAPE_CAL:
3
0.000000E+000 0.000000E+000 0.000000E+000
