$SPEC_ID:
No sample description was entered.
$SPEC_REM:
DET# 4
DETDESC# JLAB-20 MCB 131
AP# Maestro Version 7.01
$DATE_MEA:
10/07/2025 06:20:02
$MEAS_TIM:
579 599
$DATA:
0 2047
       0
       0
       0
       0
       0
       0
       0
       0
       0
       0
       0
       0
       0
       0
       0
       0
       0
       0
       0
       0
       0
       0
       0
       0
       0
       0
       0
       0
       0
       0
       0
       0
       0
       0
       0
       0
       0
       0
       0
       0
       0
       0
       0
       0
       0
       0
       0
       0
       0
       0
       0
       0
       0
       0
       0
       0
       0
       0
       0
       0
       0
       0
       0
       0
       0
       0
       0
       0
       0
      52
    1331
    1386
    1347
    1411
    1336
    1361
    1369
    1370
    1399
    1442
    1372
    1391
    1332
    1352
    1420
    1381
    1363
    1345
    1383
    1400
    1336
    1370
    1332
    1353
    1327
    1332
    1427
    1399
    1414
    1451
    1368
    1552
    1564
    1408
    1369
    1380
    1309
    1308
    1353
    1309
    1335
    1293
    1302
    1332
    1335
    1323
    1398
    1302
    1376
    1390
    1303
    1359
    1301
    1316
    1299
    1360
    1351
    1294
    1328
    1369
    1355
    1314
    1332
    1371
    1276
    1310
    1334
    1389
    1260
    1308
    1305
    1331
    1272
    1313
    1334
    1316
    1325
    1307
    1340
    1312
    1309
    1170
    1249
    1288
    1333
    1300
    1253
    1232
    1276
    1289
    1269
    1279
    1269
    1329
    1374
    1204
    1256
    1288
    1308
    1338
    1332
    1325
    1415
    1357
    1331
    1337
    1331
    1278
    1351
    1279
    1286
    1236
    1360
    1364
    1332
    1358
    1313
    1276
    1371
    1311
    1304
    1336
    1297
    1258
    1237
    1296
    1335
    1266
    1236
    1222
    1265
    1300
    1358
    1287
    1283
    1301
    1315
    1243
    1263
    1325
    1258
    1259
    1289
    1229
    1243
    1217
    1263
    1256
    1260
    1287
    1195
    1210
    1250
    1244
    1244
    1311
    1240
    1231
    1206
    1244
    1210
    1280
    1247
    1262
    1259
    1279
    1188
    1196
    1215
    1173
    1201
    1243
    1190
    1218
    1206
    1208
    1200
    1225
    1232
    1185
    1266
    1204
    1168
    1179
    1212
    1211
    1188
    1199
    1224
    1242
    1187
    1108
    1160
    1211
    1191
    1265
    1111
    1163
    1207
    1178
    1207
    1241
    1196
    1248
    1201
    1195
    1202
    1175
    1168
    1238
    1256
    1236
    1278
    1223
    1283
    1343
    1399
    1361
    1385
    1489
    1519
    1417
    1470
    1532
    1475
    1518
    1531
    1536
    1474
    1422
    1479
    1416
    1458
    1556
    1496
    1446
    1433
    1500
    1359
    1427
    1519
    1369
    1388
    1420
    1418
    1303
    1330
    1327
    1343
    1373
    1276
    1262
    1287
    1334
    1332
    1344
    1396
    1271
    1296
    1352
    1259
    1320
    1307
    1300
    1242
    1267
    1279
    1231
    1251
    1280
    1290
    1296
    1249
    1250
    1272
    1237
    1208
    1212
    1224
    1208
    1172
    1152
    1207
    1206
    1159
    1174
    1188
    1115
    1239
    1139
    1165
    1143
    1176
    1109
    1175
    1184
    1111
    1125
    1197
    1148
    1129
    1193
    1154
    1046
    1073
    1162
    1103
    1117
    1116
    1122
    1103
    1105
    1055
    1092
    1031
    1113
    1094
    1067
    1080
    1037
    1057
    1054
    1049
    1132
    1067
    1033
    1094
    1032
    1039
    1052
    1063
    1101
    1022
     991
    1068
    1054
    1002
    1004
     979
    1006
    1010
    1028
    1013
     987
    1004
    1043
     980
    1036
     992
     944
     948
     951
    1187
    1275
    1003
     956
     970
     997
    1018
     967
     911
     935
     978
     966
     956
     951
     896
     933
     993
     931
     907
     904
     946
     895
     920
     905
     977
     879
     929
     862
     936
     869
     985
     919
     946
     901
     911
     889
     896
     926
     956
     881
     880
     948
     922
     903
     862
     894
     887
     860
     861
     902
     872
     891
     892
     813
     859
     865
     930
     942
     872
     905
     874
     898
     846
     859
     852
     861
     854
     848
     861
     835
     871
     867
     833
     843
     842
     843
     839
     869
     874
     846
     836
     839
     868
     831
     877
     827
     815
     884
     810
     817
     809
     833
     822
     874
     759
     832
     794
     842
     788
     857
     854
     792
     791
     786
     812
     785
     773
     839
     867
     806
     760
     826
     824
     831
     799
     850
     802
     839
     779
     794
     824
     819
     797
     812
     754
     852
     842
     736
     788
     794
     793
     752
     758
     817
     781
     783
     821
     790
     810
     772
     792
     781
     789
     759
     772
     783
     821
     824
     793
     775
     772
     771
     755
     735
     805
     800
     779
     773
     818
     815
     784
     775
     828
     808
     807
     785
     851
     733
     787
     734
     779
     729
     745
     800
     806
     807
     769
     797
     745
     781
     775
     672
     783
     804
     798
     751
     808
     760
     728
     789
     770
     841
     731
     767
     781
     794
     740
     736
     767
     780
     722
     730
     795
     748
     734
     773
     765
     761
     799
     744
     760
     774
     743
     715
     734
     758
     735
     704
     779
     753
     745
     778
     723
     777
     743
     767
     774
     773
     771
     732
     746
     731
     786
     783
     787
     767
     763
     776
     744
     744
     740
     718
     764
     754
     759
     712
     702
     732
     761
     736
     707
     743
     788
     852
     696
     736
     736
     763
     706
     758
     717
     752
     751
     715
     727
     689
     790
     704
     745
     748
     711
     738
     769
     796
     762
     759
     758
     761
     704
     727
     736
     810
     768
     725
     731
     761
     737
     712
     718
     716
     720
     735
     716
     703
     713
     765
     724
     734
     801
     751
     736
     731
     707
     690
     759
     758
     727
     735
     713
     780
     751
     756
     728
     755
     759
     729
     734
     718
     743
     766
     731
     748
     738
     769
     755
     742
     748
     715
     714
     730
     739
     746
     752
     758
     722
     747
     706
     741
     745
     705
     708
     720
     745
     703
     751
     710
     727
     710
     711
     658
     730
     679
     710
     751
     684
     755
     742
     718
     704
     743
     763
     718
     777
     709
     712
     697
     723
     753
     741
     739
     734
     713
     723
     733
     715
     743
     696
     765
     735
     700
     718
     709
     756
     687
     725
     748
     756
     666
     742
     715
     740
     726
     732
     736
     813
     699
     760
     710
     720
     761
     783
     755
     730
     668
     768
     742
     775
     772
     754
     733
     732
     709
     737
     723
     748
     713
     755
     718
     753
     711
     716
     667
     743
     727
     719
     736
     679
     724
     711
     706
     714
     707
     706
     714
     741
     763
     733
     690
     724
     716
     760
     721
     701
     711
     705
     726
     736
     769
     742
     718
     729
     712
     705
     757
     749
     711
     705
     715
     696
     756
     740
     725
     773
     732
     753
     751
     750
     757
     755
     748
     731
     739
     756
     800
     719
     721
     706
     723
     774
     719
     709
     750
     744
     683
     705
     749
     689
     713
     735
     777
     723
     765
     703
     657
     763
     697
     706
     722
     703
     716
     738
     714
     735
     747
     756
     728
     752
     752
     772
     681
     716
     791
     808
     737
     743
     761
     804
     775
     763
     755
     739
     736
     726
     726
     731
     719
     740
     749
     773
     747
     729
     715
     715
     727
     778
     740
     778
     719
     744
     708
     741
     773
     697
     729
     737
     771
     766
     801
     728
     749
     790
     752
     775
     804
     761
     745
     758
     717
     777
     741
     743
     822
     745
     738
     752
     769
     736
     795
     787
     772
     774
     745
     737
     767
     780
     759
     756
     718
     750
     788
     765
     796
     766
     759
     763
     750
     737
     752
     783
     762
     777
     789
     750
     797
     773
     737
     748
     822
     789
     786
     758
     800
     748
     765
     808
     800
     727
     782
     770
     782
     771
     765
     804
     748
     799
     805
     758
     765
     751
     786
     768
     807
     760
     790
     780
     799
     767
     816
     794
     825
     812
     777
     785
     802
     794
     761
     779
     822
     804
     806
     820
     771
     762
     789
     854
     806
     807
     777
     865
     827
     787
     777
     828
     770
     835
     819
     815
     874
     741
     852
     836
     807
     801
     813
     833
     831
     753
     805
     806
     844
     842
     812
     822
     827
     814
     810
     756
     817
     800
     835
     804
     861
     885
     892
     834
     826
     877
     837
     844
     866
     805
     835
     902
     885
     930
     940
     938
     858
     861
     823
     902
     877
     916
     844
     891
     837
     808
     843
     882
     871
     867
     876
     918
     889
     839
     847
     885
     896
     889
     845
     892
     892
     915
     812
     878
     940
     867
     884
     871
     894
     850
     852
     867
     895
     893
     893
     961
     924
     953
     894
     945
     966
     899
     918
     883
     869
     944
     931
     958
     909
     944
     934
     913
     946
     972
     902
    1000
     908
     913
     970
     953
     877
     979
     955
    1011
     893
     991
     964
     991
     929
     967
     977
     970
     945
     999
     985
     950
     999
     977
    1021
    1012
    1025
     996
     997
     985
     985
     976
    1001
    1030
    1030
     989
    1031
    1039
    1070
    1078
    1087
    1041
    1041
    1083
    1049
    1112
    1093
    1125
    1092
    1082
    1103
    1056
    1121
    1145
    1177
    1084
    1051
    1135
    1152
    1125
    1158
    1163
    1094
    1103
    1154
    1177
    1130
    1198
    1152
    1145
    1135
    1191
    1096
    1203
    1192
    1216
    1151
    1230
    1157
    1241
    1156
    1142
    1252
    1253
    1204
    1211
    1222
    1311
    1260
    1270
    1217
    1244
    1192
    1281
    1310
    1294
    1310
    1294
    1334
    1279
    1379
    1323
    1272
    1363
    1306
    1264
    1366
    1405
    1359
    1288
    1291
    1401
    1368
    1336
    1392
    1362
    1402
    1432
    1385
    1409
    1358
    1380
    1357
    1466
    1377
    1390
    1335
    1358
    1348
    1344
    1304
    1249
    1294
    1227
    1196
    1069
    1129
    1057
    1096
    1038
     971
    1032
     979
     988
     918
     958
     934
     955
     948
     944
     942
     960
     883
     953
     905
     916
     906
     909
     896
     925
     835
     899
     936
     905
     892
     868
     883
     866
     864
     849
     830
     920
     843
     906
     886
     872
     843
     913
     808
     841
     857
     880
     860
     888
     848
     855
     835
     789
     813
     817
     841
     857
     858
     880
     785
     837
     918
     810
     809
     809
     862
     799
     824
     820
     887
     851
     806
     844
     802
     803
     783
     806
     807
     807
     814
     805
     851
     809
     830
     802
     827
     828
     844
     783
     806
     751
     807
     829
     768
     781
     805
     807
     812
     772
     752
     752
     779
     770
     853
     786
     825
     816
     795
     831
     770
     784
     789
     748
     752
     790
     833
     757
     777
     773
     758
     816
     753
     765
     736
     806
     743
     833
     705
     841
     747
     774
     751
     753
     753
     783
     771
     815
     773
     743
     786
     807
     788
     845
     754
     845
     811
     736
     800
     765
     766
     826
     817
     779
     833
     782
     868
     803
     815
     843
     855
     782
     802
     853
     849
     806
     829
     793
     801
     829
     905
     833
     844
     857
     882
     863
     899
     856
     865
     861
     887
     910
     924
     898
     923
     922
     877
     899
     919
     866
     893
     909
     919
     952
     959
     909
     943
     925
     878
     913
     965
     923
     879
     907
     913
     794
     796
     763
     767
     795
     718
     637
     664
     629
     606
     562
     520
     532
     564
     547
     533
     543
     518
     527
     480
     485
     526
     478
     503
     429
     442
     429
     470
     472
     435
     416
     464
     437
     440
     457
     448
     440
     410
     415
     441
     411
     409
     448
     426
     440
     370
     391
     384
     428
     400
     409
     405
     404
     384
     388
     402
     401
     396
     358
     370
     395
     412
     400
     387
     415
     446
     432
     475
     551
     582
     650
     748
     819
     835
     911
    1136
    1596
    3064
    9586
   23875
   28512
   15174
    4310
     923
     341
     275
     306
     318
     256
     306
     267
     290
     285
     289
     264
     266
     266
     277
     254
     257
     238
     294
     230
     277
     241
     220
     259
     235
     254
     233
     215
     237
     248
     236
     236
     203
     193
     195
     203
     195
     201
     185
     164
     210
     189
     213
     189
     172
     176
     178
     181
     168
     186
     151
     158
     154
     155
     160
     144
     160
     149
     141
     152
     143
     133
     112
     125
     112
     109
     127
     130
     141
     113
     107
     116
      98
     112
     102
     110
     111
      97
     115
     120
      97
     103
      83
      95
      82
      86
      92
      96
      82
      90
      76
     106
     102
      80
      83
      80
      92
      71
      70
      95
      73
      63
      84
      76
      71
      72
      73
      81
      62
      74
      70
      58
      68
      82
      82
      58
      77
      74
      64
      71
      57
      61
      61
      50
      58
      56
      73
      59
      67
      64
      65
      65
      70
      59
      72
      68
      60
      59
      69
      44
      75
      66
      53
      59
      65
      59
      68
      42
      58
      63
      59
      65
      45
      54
      67
      55
      60
      55
      65
      53
      55
      48
      56
      57
      43
      53
      54
      67
      48
      57
      50
      57
      70
      45
      79
      60
      55
      55
      64
      55
      61
      40
      46
      52
      70
      59
      51
      45
      56
      57
      51
      50
      57
      57
      57
      59
      70
      61
      66
     101
     146
     181
     255
     289
     397
     431
     449
     582
     680
     893
    1668
    4547
   13415
   23570
   19847
    8427
    1913
     302
      81
      47
      31
      36
      23
      35
      31
      27
      25
      30
      28
      22
      27
      27
      30
      25
      28
      21
      25
      22
      30
      34
      23
      34
      29
      23
      22
      34
      26
      26
      24
      24
      18
      20
      21
      26
      25
      16
      23
      17
      35
      18
      24
      25
      17
      17
      29
      26
      25
      31
      21
      25
      33
      24
      15
      25
      26
      29
      31
      26
      32
      22
      19
      25
      24
      20
      24
      30
      14
      13
      21
      22
      26
      28
      27
      22
      26
      30
      26
      23
      22
      23
      25
      24
      22
      28
      20
      20
      22
      22
      17
      20
      27
      21
      29
      27
      22
      25
      20
      22
      24
      25
      26
      15
      27
      24
      21
      20
      15
      23
      38
      18
      15
      18
      29
      21
      17
      23
      19
      28
      21
      20
      18
      16
      22
      24
      21
      24
      20
      19
      28
      21
      24
      23
      25
      25
      15
      19
      20
      22
      22
      26
      21
      26
      20
      12
      20
      21
      16
      27
      24
      19
      13
      20
      17
      12
      12
      18
      27
      25
      15
      17
      17
      19
      25
      17
      21
      28
      35
      74
      74
      60
      36
      15
      17
      19
      15
      19
      18
      25
      13
      20
      19
      24
      18
      24
      24
      16
      15
      25
      24
      22
      25
      22
      14
      19
      12
      16
      24
       0
       0
       0
       0
       0
       0
       0
       0
       0
       0
       0
       0
       0
       0
       0
       0
       0
       0
       0
       0
       0
       0
       0
       0
       0
       0
       0
       0
       0
       0
       0
       0
$ROI:
0
$PRESETS:
None
0
0
$ENER_FIT:
0.000000 0.731044
$MCA_CAL:
3
0.000000E+000 7.310444E-001 0.000000E+000 keV
$SHAPE_CAL:
3
0.000000E+000 0.000000E+000 0.000000E+000
