$SPEC_ID:
No sample description was entered.
$SPEC_REM:
DET# 4
DETDESC# JLAB-20 MCB 131
AP# Maestro Version 7.01
$DATE_MEA:
10/07/2025 06:50:02
$MEAS_TIM:
579 600
$DATA:
0 2047
       0
       0
       0
       0
       0
       0
       0
       0
       0
       0
       0
       0
       0
       0
       0
       0
       0
       0
       0
       0
       0
       0
       0
       0
       0
       0
       0
       0
       0
       0
       0
       0
       0
       0
       0
       0
       0
       0
       0
       0
       0
       0
       0
       0
       0
       0
       0
       0
       0
       0
       0
       0
       0
       0
       0
       0
       0
       0
       0
       0
       0
       0
       0
       0
       0
       0
       0
       0
       0
      35
    1336
    1365
    1457
    1471
    1403
    1371
    1380
    1370
    1345
    1338
    1346
    1370
    1358
    1296
    1365
    1374
    1356
    1340
    1330
    1381
    1432
    1390
    1368
    1381
    1343
    1375
    1344
    1344
    1456
    1478
    1327
    1626
    1590
    1338
    1377
    1400
    1291
    1367
    1349
    1348
    1332
    1311
    1363
    1378
    1365
    1328
    1377
    1351
    1368
    1405
    1325
    1293
    1339
    1338
    1353
    1443
    1335
    1367
    1281
    1404
    1358
    1280
    1282
    1338
    1315
    1222
    1294
    1338
    1353
    1297
    1325
    1315
    1337
    1237
    1318
    1259
    1327
    1325
    1302
    1264
    1263
    1284
    1256
    1317
    1228
    1306
    1345
    1214
    1245
    1242
    1336
    1320
    1361
    1300
    1323
    1316
    1273
    1311
    1286
    1320
    1260
    1282
    1348
    1304
    1290
    1330
    1352
    1325
    1358
    1322
    1337
    1291
    1269
    1271
    1292
    1270
    1269
    1342
    1251
    1277
    1313
    1332
    1329
    1319
    1253
    1310
    1303
    1275
    1316
    1304
    1262
    1320
    1253
    1239
    1303
    1371
    1356
    1313
    1277
    1337
    1293
    1344
    1255
    1334
    1240
    1269
    1260
    1267
    1290
    1231
    1241
    1284
    1257
    1285
    1309
    1235
    1235
    1251
    1284
    1255
    1206
    1240
    1241
    1233
    1164
    1195
    1176
    1214
    1237
    1193
    1183
    1213
    1160
    1177
    1311
    1235
    1200
    1270
    1155
    1186
    1284
    1227
    1203
    1248
    1167
    1211
    1172
    1213
    1161
    1209
    1156
    1151
    1165
    1234
    1200
    1189
    1167
    1161
    1135
    1227
    1260
    1180
    1251
    1216
    1195
    1177
    1169
    1136
    1253
    1262
    1229
    1187
    1272
    1308
    1284
    1389
    1347
    1429
    1475
    1447
    1405
    1441
    1491
    1508
    1534
    1484
    1441
    1437
    1467
    1492
    1414
    1504
    1503
    1510
    1536
    1380
    1474
    1383
    1407
    1376
    1417
    1431
    1384
    1419
    1438
    1364
    1389
    1366
    1329
    1351
    1282
    1365
    1292
    1230
    1345
    1354
    1326
    1353
    1240
    1243
    1267
    1306
    1337
    1316
    1259
    1276
    1251
    1291
    1234
    1174
    1247
    1200
    1270
    1231
    1282
    1113
    1229
    1216
    1193
    1312
    1205
    1165
    1178
    1218
    1109
    1193
    1209
    1165
    1161
    1224
    1140
    1173
    1199
    1092
    1092
    1136
    1146
    1116
    1096
    1116
    1097
    1085
    1152
    1108
    1031
    1059
    1142
    1111
    1061
    1100
    1113
    1098
    1039
    1118
    1097
    1067
    1072
    1070
    1022
    1023
    1069
    1086
    1005
    1078
    1049
    1096
    1017
    1039
     991
    1001
    1027
    1041
    1046
    1016
    1018
    1039
    1022
     996
     973
     996
    1009
    1034
    1024
     991
     974
     969
     953
    1077
     924
     995
    1015
    1037
    1223
    1252
    1023
     945
    1035
     965
     942
     971
     915
     912
     953
     949
     984
     900
     905
     933
    1005
     959
     898
     906
     995
     926
     928
     926
     940
     945
     899
     946
     980
     945
     879
     933
     958
     903
     879
     976
     954
     946
     956
     900
     946
     866
     929
     879
     859
     893
     848
     866
     883
     879
     879
     883
     831
     887
     905
     919
     874
     868
     837
     872
     866
     866
     817
     839
     856
     811
     880
     786
     853
     815
     881
     859
     885
     832
     823
     852
     856
     845
     882
     826
     816
     836
     818
     872
     903
     847
     836
     840
     858
     804
     843
     792
     787
     818
     786
     836
     786
     819
     790
     821
     804
     823
     858
     822
     809
     839
     813
     855
     814
     754
     845
     835
     787
     793
     814
     830
     804
     854
     769
     819
     799
     796
     738
     799
     839
     839
     823
     809
     809
     787
     804
     815
     793
     820
     827
     822
     810
     785
     792
     774
     814
     789
     729
     775
     736
     772
     789
     768
     791
     776
     748
     790
     726
     780
     773
     832
     773
     721
     754
     766
     783
     729
     766
     765
     835
     788
     727
     757
     812
     729
     757
     748
     752
     759
     799
     734
     815
     771
     751
     790
     842
     779
     844
     766
     765
     768
     741
     768
     824
     783
     759
     790
     785
     743
     758
     801
     764
     781
     799
     728
     745
     761
     756
     734
     732
     742
     760
     776
     803
     716
     711
     732
     736
     783
     822
     750
     710
     710
     723
     757
     779
     776
     760
     772
     747
     767
     757
     780
     782
     808
     745
     769
     736
     800
     755
     820
     738
     749
     765
     736
     767
     718
     746
     756
     760
     738
     766
     754
     752
     696
     799
     794
     746
     771
     733
     721
     727
     766
     774
     719
     718
     768
     705
     734
     775
     749
     752
     742
     708
     728
     753
     766
     768
     784
     793
     750
     757
     717
     737
     714
     727
     802
     745
     716
     734
     747
     718
     715
     695
     728
     707
     750
     753
     717
     764
     735
     712
     705
     688
     711
     750
     761
     761
     743
     738
     740
     751
     797
     669
     710
     751
     747
     746
     696
     766
     749
     718
     701
     733
     717
     727
     722
     794
     689
     734
     752
     775
     691
     716
     764
     681
     716
     734
     703
     711
     721
     702
     783
     760
     752
     712
     779
     772
     719
     745
     689
     738
     746
     714
     699
     684
     667
     756
     727
     688
     723
     715
     690
     747
     739
     713
     753
     770
     733
     731
     727
     688
     764
     722
     717
     714
     754
     759
     708
     676
     751
     755
     697
     688
     764
     700
     737
     732
     720
     690
     748
     753
     734
     686
     750
     741
     761
     726
     734
     769
     708
     705
     725
     730
     745
     710
     669
     731
     753
     752
     710
     744
     770
     745
     743
     748
     716
     693
     770
     780
     705
     775
     748
     720
     762
     730
     686
     738
     717
     755
     744
     742
     732
     714
     756
     714
     731
     733
     738
     777
     736
     691
     762
     777
     718
     730
     727
     738
     707
     743
     733
     707
     754
     749
     711
     752
     722
     736
     728
     727
     733
     796
     707
     729
     726
     761
     676
     763
     683
     743
     696
     747
     721
     790
     797
     736
     697
     734
     713
     743
     742
     717
     709
     743
     752
     715
     782
     740
     720
     733
     800
     748
     753
     726
     767
     748
     718
     738
     775
     713
     791
     723
     713
     748
     724
     752
     777
     699
     689
     745
     736
     768
     761
     700
     778
     715
     739
     760
     754
     753
     789
     756
     718
     739
     732
     711
     763
     734
     733
     736
     760
     731
     776
     746
     731
     768
     787
     718
     704
     737
     727
     740
     742
     753
     752
     747
     778
     698
     766
     730
     754
     748
     760
     735
     715
     802
     721
     747
     749
     816
     779
     747
     755
     725
     782
     755
     757
     726
     773
     788
     808
     829
     749
     812
     781
     752
     793
     821
     767
     787
     750
     742
     732
     729
     766
     769
     771
     809
     795
     801
     787
     819
     772
     803
     766
     767
     743
     739
     767
     789
     788
     759
     800
     783
     734
     786
     788
     741
     753
     829
     757
     765
     717
     768
     779
     764
     786
     773
     770
     748
     776
     816
     804
     821
     786
     767
     783
     817
     824
     779
     791
     778
     810
     781
     832
     805
     805
     810
     760
     803
     839
     825
     797
     794
     786
     804
     794
     829
     868
     787
     782
     849
     808
     789
     794
     858
     819
     838
     864
     814
     884
     841
     841
     823
     780
     846
     789
     814
     883
     780
     832
     823
     842
     803
     786
     800
     841
     772
     851
     839
     866
     870
     806
     857
     832
     824
     821
     864
     813
     788
     820
     839
     880
     787
     884
     903
     849
     872
     880
     868
     886
     954
     877
     879
     854
     910
     867
     828
     888
     804
     836
     820
     868
     870
     856
     895
     892
     882
     847
     877
     944
     847
     875
     852
     895
     904
     925
     901
     901
     907
     895
     910
     873
     908
     877
     851
     875
     902
     856
     903
     912
     920
     892
     908
     932
     879
     912
     933
     916
     928
     848
     925
     929
     936
     921
     939
     942
     948
     927
     863
     921
     937
     910
     942
     962
    1002
     959
     979
     966
     971
     942
     967
     931
     976
     934
     961
     969
     924
    1004
     942
    1000
    1012
     958
     979
    1049
     963
    1007
    1048
     973
    1003
    1001
    1045
    1021
    1055
    1018
    1076
    1040
    1011
    1039
    1095
    1077
    1036
    1104
     986
    1036
    1092
    1066
    1050
    1041
    1047
    1112
    1059
    1099
    1101
    1126
    1116
    1138
    1146
    1056
    1091
    1135
    1127
    1193
    1137
    1142
    1121
    1144
    1121
    1121
    1201
    1154
    1144
    1202
    1183
    1176
    1184
    1204
    1225
    1147
    1197
    1167
    1220
    1260
    1232
    1192
    1229
    1249
    1247
    1256
    1281
    1267
    1243
    1283
    1292
    1264
    1267
    1224
    1350
    1318
    1293
    1304
    1310
    1294
    1349
    1233
    1344
    1423
    1356
    1317
    1356
    1388
    1464
    1337
    1383
    1390
    1403
    1374
    1408
    1324
    1337
    1398
    1358
    1448
    1364
    1333
    1420
    1368
    1277
    1327
    1314
    1296
    1220
    1262
    1264
    1132
    1162
    1113
    1037
    1059
    1020
    1021
    1022
     982
     913
     974
     910
     962
     918
     926
     943
     895
     966
     917
     950
     905
     936
     884
     897
     861
     929
     883
     891
     869
     892
     862
     899
     857
     851
     868
     854
     834
     906
     869
     961
     827
     842
     839
     865
     834
     813
     846
     848
     821
     816
     841
     885
     860
     855
     817
     850
     865
     820
     844
     875
     819
     866
     844
     859
     808
     828
     793
     848
     798
     829
     884
     829
     779
     818
     845
     866
     783
     765
     847
     865
     810
     825
     833
     817
     813
     773
     816
     759
     832
     801
     802
     764
     781
     749
     798
     811
     826
     849
     801
     766
     846
     804
     804
     798
     762
     793
     799
     755
     760
     806
     790
     753
     749
     783
     831
     772
     783
     777
     769
     814
     746
     802
     737
     743
     814
     787
     762
     807
     776
     767
     801
     812
     806
     734
     775
     739
     805
     829
     755
     768
     814
     809
     799
     750
     826
     781
     813
     750
     782
     773
     795
     810
     834
     781
     855
     818
     774
     786
     789
     830
     824
     757
     791
     805
     785
     841
     865
     819
     857
     812
     874
     822
     864
     847
     882
     898
     834
     888
     833
     875
     867
     874
     852
     880
     866
     895
     910
     936
     892
     889
     937
     924
     888
     942
     965
     845
     912
     890
     939
     878
     904
     855
     837
     880
     842
     798
     896
     769
     802
     734
     709
     723
     668
     633
     603
     590
     569
     550
     575
     533
     487
     487
     481
     465
     500
     484
     491
     475
     433
     526
     465
     490
     436
     408
     452
     450
     461
     448
     413
     431
     445
     433
     446
     407
     430
     441
     398
     399
     401
     345
     431
     419
     423
     421
     434
     393
     398
     370
     429
     392
     398
     393
     382
     384
     378
     398
     380
     353
     413
     440
     422
     433
     487
     505
     623
     634
     745
     785
     879
    1021
    1130
    1559
    3007
    8902
   22830
   28841
   16163
    4456
     961
     363
     296
     298
     268
     284
     278
     306
     262
     265
     262
     279
     286
     257
     255
     297
     283
     248
     260
     274
     264
     240
     232
     223
     229
     235
     232
     223
     232
     242
     204
     212
     199
     190
     228
     217
     219
     179
     192
     210
     164
     201
     169
     168
     160
     176
     159
     182
     156
     139
     166
     153
     145
     152
     134
     151
     130
     126
     158
     135
     140
     145
     136
     136
     122
     115
     101
     135
     114
     116
     124
     115
      95
     116
     119
      97
     101
      98
     118
      99
      93
     104
     101
      95
      82
      94
     102
      83
      84
      81
      96
      85
      83
      78
      83
      85
      84
      71
      82
      67
      74
      68
      81
      79
      62
      63
      74
      58
      64
      75
      58
      74
      76
      52
      57
      66
      43
      61
      61
      62
      74
      61
      53
      67
      56
      66
      73
      63
      64
      78
      75
      59
      68
      57
      58
      54
      65
      64
      62
      53
      59
      57
      44
      63
      67
      54
      44
      62
      62
      64
      65
      55
      52
      52
      58
      47
      59
      64
      67
      68
      46
      61
      56
      53
      55
      56
      48
      53
      68
      48
      48
      51
      67
      54
      63
      63
      53
      51
      54
      53
      57
      56
      50
      71
      56
      54
      50
      51
      51
      58
      49
      58
      60
      46
      75
      79
      62
      81
      83
     101
     120
     164
     265
     264
     335
     369
     445
     557
     702
     911
    1586
    4233
   12722
   22873
   20687
    8996
    2162
     323
      65
      31
      28
      28
      38
      37
      34
      30
      31
      40
      31
      31
      21
      24
      19
      24
      23
      29
      14
      21
      36
      24
      24
      24
      22
      33
      26
      21
      21
      29
      26
      27
      22
      27
      27
      24
      19
      29
      33
      22
      20
      22
      27
      19
      30
      24
      24
      22
      13
      20
      23
      19
      21
      32
      19
      29
      24
      21
      25
      20
      24
      24
      14
      23
      28
      18
      25
      31
      16
      25
      22
      26
      23
      22
      15
      19
      24
      16
      19
      24
      19
      26
      21
      22
      28
      36
      26
      22
      13
      23
      22
      21
      19
      24
      28
      26
      31
      16
      23
      17
      17
      24
      15
      20
      21
      34
      20
      35
      21
      28
      23
      18
      21
      21
      17
      18
      19
      20
      15
      26
      19
      18
      25
      23
      28
      27
      18
      16
      30
      16
      17
      23
      28
      22
      34
      26
      21
      13
      21
      18
      19
      24
      32
      19
      21
      30
      22
      20
      23
      18
      19
      19
      23
      16
      23
      19
      19
      15
      14
      19
      21
      19
      20
      25
      25
      25
      15
      26
      38
      64
      80
      42
      40
      18
      19
      26
      25
      21
      16
      12
      20
      20
      22
      26
      16
      22
      23
      20
      23
      18
      24
      31
      19
      20
      12
      10
      15
      12
      17
       0
       0
       0
       0
       0
       0
       0
       0
       0
       0
       0
       0
       0
       0
       0
       0
       0
       0
       0
       0
       0
       0
       0
       0
       0
       0
       0
       0
       0
       0
       0
       0
$ROI:
0
$PRESETS:
None
0
0
$ENER_FIT:
0.000000 0.731044
$MCA_CAL:
3
0.000000E+000 7.310444E-001 0.000000E+000 keV
$SHAPE_CAL:
3
0.000000E+000 0.000000E+000 0.000000E+000
