$SPEC_ID:
No sample description was entered.
$SPEC_REM:
DET# 4
DETDESC# JLAB-20 MCB 131
AP# Maestro Version 7.01
$DATE_MEA:
10/06/2025 20:20:02
$MEAS_TIM:
579 600
$DATA:
0 2047
       0
       0
       0
       0
       0
       0
       0
       0
       0
       0
       0
       0
       0
       0
       0
       0
       0
       0
       0
       0
       0
       0
       0
       0
       0
       0
       0
       0
       0
       0
       0
       0
       0
       0
       0
       0
       0
       0
       0
       0
       0
       0
       0
       0
       0
       0
       0
       0
       0
       0
       0
       0
       0
       0
       0
       0
       0
       0
       0
       0
       0
       0
       0
       0
       0
       0
       0
       0
       0
      44
    1357
    1395
    1403
    1369
    1389
    1367
    1375
    1431
    1349
    1336
    1375
    1373
    1354
    1361
    1301
    1355
    1373
    1371
    1350
    1376
    1360
    1298
    1274
    1261
    1388
    1391
    1393
    1395
    1439
    1564
    1354
    1520
    1608
    1423
    1398
    1389
    1286
    1341
    1370
    1320
    1314
    1324
    1317
    1428
    1392
    1406
    1367
    1342
    1302
    1339
    1279
    1340
    1363
    1317
    1292
    1264
    1341
    1297
    1281
    1348
    1356
    1372
    1286
    1316
    1300
    1299
    1302
    1293
    1297
    1294
    1393
    1307
    1350
    1308
    1324
    1301
    1271
    1308
    1274
    1361
    1317
    1338
    1243
    1350
    1350
    1286
    1275
    1283
    1299
    1243
    1308
    1368
    1325
    1312
    1282
    1281
    1293
    1267
    1290
    1366
    1350
    1387
    1282
    1361
    1293
    1327
    1311
    1273
    1343
    1372
    1310
    1323
    1361
    1312
    1315
    1320
    1234
    1328
    1377
    1353
    1347
    1341
    1356
    1418
    1270
    1264
    1333
    1369
    1304
    1251
    1255
    1290
    1278
    1315
    1268
    1229
    1359
    1246
    1266
    1233
    1281
    1300
    1279
    1274
    1270
    1316
    1310
    1276
    1259
    1219
    1251
    1315
    1250
    1248
    1270
    1210
    1289
    1226
    1257
    1210
    1262
    1229
    1270
    1217
    1232
    1200
    1237
    1205
    1296
    1210
    1206
    1199
    1168
    1171
    1147
    1189
    1202
    1187
    1167
    1194
    1199
    1252
    1239
    1191
    1245
    1201
    1157
    1215
    1167
    1159
    1187
    1221
    1191
    1177
    1133
    1148
    1146
    1187
    1177
    1166
    1214
    1126
    1128
    1256
    1155
    1193
    1206
    1213
    1254
    1206
    1232
    1235
    1201
    1262
    1337
    1377
    1319
    1379
    1449
    1448
    1457
    1482
    1461
    1485
    1557
    1461
    1561
    1496
    1492
    1524
    1454
    1472
    1487
    1376
    1410
    1416
    1413
    1418
    1474
    1341
    1457
    1354
    1380
    1327
    1409
    1344
    1397
    1375
    1381
    1332
    1294
    1341
    1310
    1244
    1363
    1329
    1315
    1382
    1284
    1301
    1266
    1308
    1313
    1388
    1275
    1211
    1237
    1259
    1227
    1207
    1254
    1207
    1268
    1191
    1260
    1221
    1171
    1273
    1219
    1221
    1193
    1229
    1181
    1267
    1214
    1179
    1140
    1182
    1213
    1189
    1151
    1167
    1144
    1090
    1134
    1096
    1171
    1166
    1129
    1166
    1139
    1174
    1162
    1162
    1103
    1091
    1093
    1114
    1054
    1103
    1109
    1115
    1105
    1017
    1052
    1065
    1150
    1058
    1074
    1093
    1062
    1046
    1093
    1058
    1038
    1065
    1074
    1100
     992
     996
    1016
    1069
    1084
    1043
    1045
    1058
    1026
     998
    1021
    1043
    1003
    1002
    1018
     992
    1048
     993
     996
    1005
    1044
     993
    1041
     984
    1275
    1182
    1019
     995
     958
     876
     941
     975
     951
     977
     926
     982
     927
     953
     957
     936
     932
     950
     914
     941
     933
     961
     891
     952
     930
     988
     902
     898
     872
     874
     963
     904
     883
     885
     917
     927
     918
     931
     920
     912
     947
     884
     914
     968
     895
     935
     852
     899
     826
     903
     962
     903
     925
     789
     872
     936
     871
     889
     904
     847
     875
     947
     884
     844
     882
     868
     877
     816
     896
     867
     882
     876
     873
     800
     815
     865
     812
     867
     820
     817
     840
     858
     799
     810
     829
     838
     761
     854
     815
     836
     835
     844
     866
     859
     845
     816
     826
     841
     812
     873
     789
     809
     798
     749
     817
     849
     777
     826
     862
     853
     805
     818
     826
     794
     807
     822
     785
     778
     803
     814
     819
     780
     798
     815
     858
     769
     757
     813
     783
     756
     845
     755
     811
     741
     734
     762
     860
     796
     798
     779
     775
     808
     817
     790
     766
     766
     779
     795
     763
     806
     796
     799
     788
     787
     746
     767
     847
     761
     764
     768
     831
     807
     779
     796
     773
     814
     810
     757
     795
     741
     779
     765
     770
     748
     789
     747
     749
     763
     820
     744
     789
     788
     702
     726
     752
     740
     769
     727
     792
     761
     761
     769
     762
     736
     725
     759
     813
     809
     751
     729
     748
     762
     767
     785
     720
     766
     767
     785
     775
     776
     746
     748
     761
     783
     758
     730
     746
     748
     806
     739
     780
     740
     738
     748
     801
     766
     713
     729
     753
     802
     756
     755
     763
     727
     727
     722
     753
     744
     768
     784
     716
     736
     702
     764
     781
     744
     783
     781
     708
     735
     813
     759
     719
     707
     784
     737
     764
     718
     698
     813
     741
     748
     719
     755
     717
     744
     733
     759
     712
     741
     731
     771
     748
     733
     816
     766
     759
     717
     748
     787
     747
     764
     706
     698
     729
     711
     742
     733
     737
     746
     766
     715
     740
     736
     725
     712
     690
     707
     741
     715
     735
     766
     711
     694
     729
     746
     721
     696
     729
     706
     745
     659
     744
     706
     727
     761
     750
     737
     693
     748
     772
     773
     731
     716
     725
     738
     754
     706
     724
     704
     745
     723
     764
     716
     706
     763
     689
     754
     683
     755
     729
     741
     736
     753
     736
     729
     711
     744
     732
     715
     771
     714
     718
     711
     709
     799
     691
     742
     713
     733
     697
     720
     770
     749
     769
     705
     740
     718
     756
     734
     728
     723
     738
     674
     804
     689
     771
     713
     706
     730
     738
     717
     755
     703
     743
     746
     722
     706
     741
     724
     703
     725
     722
     696
     741
     727
     696
     691
     698
     732
     743
     728
     749
     785
     761
     744
     732
     755
     773
     646
     772
     723
     764
     705
     742
     692
     775
     705
     778
     780
     689
     711
     758
     810
     725
     754
     733
     755
     742
     766
     723
     679
     750
     756
     727
     757
     756
     674
     707
     730
     722
     690
     723
     749
     689
     775
     757
     750
     769
     720
     733
     745
     685
     723
     737
     717
     712
     721
     770
     797
     735
     746
     729
     735
     745
     772
     738
     720
     717
     768
     717
     710
     716
     714
     750
     756
     740
     748
     782
     701
     746
     744
     735
     745
     741
     763
     736
     761
     734
     761
     704
     738
     744
     729
     728
     728
     747
     785
     748
     753
     756
     764
     748
     714
     722
     754
     743
     709
     697
     728
     769
     748
     794
     733
     784
     724
     736
     741
     758
     752
     765
     709
     742
     735
     767
     769
     757
     753
     741
     770
     742
     753
     763
     711
     768
     744
     744
     793
     770
     777
     761
     742
     773
     759
     776
     763
     775
     793
     792
     733
     740
     753
     781
     805
     730
     794
     751
     756
     775
     793
     754
     773
     722
     756
     733
     749
     718
     789
     795
     793
     750
     747
     752
     770
     792
     803
     778
     792
     751
     730
     774
     826
     783
     733
     817
     766
     777
     741
     806
     759
     734
     740
     807
     796
     750
     761
     785
     752
     777
     792
     809
     769
     798
     823
     815
     819
     768
     801
     762
     777
     790
     779
     786
     759
     778
     777
     806
     727
     790
     794
     783
     776
     798
     848
     791
     795
     825
     812
     805
     833
     741
     757
     778
     819
     757
     801
     816
     804
     808
     795
     783
     817
     797
     795
     828
     800
     821
     805
     817
     822
     846
     839
     786
     803
     849
     820
     782
     837
     819
     793
     809
     821
     858
     803
     829
     838
     794
     779
     845
     786
     822
     812
     812
     829
     780
     842
     824
     786
     881
     831
     837
     873
     804
     868
     891
     787
     822
     821
     835
     848
     852
     848
     863
     809
     935
     957
     928
     856
     884
     836
     883
     870
     814
     897
     858
     892
     930
     867
     869
     877
     840
     865
     813
     804
     911
     862
     858
     842
     876
     900
     881
     922
     851
     878
     895
     853
     895
     893
     896
     847
     925
     870
     908
     932
     903
     902
     867
     897
     848
     942
     913
     902
     916
     896
     937
     975
     939
     873
     918
     923
     932
     976
     908
     952
     973
     919
     940
     916
     955
     979
     959
     996
     984
     928
     962
     967
     964
     988
     965
    1008
     986
     967
     948
     951
     947
     928
     960
     956
     949
    1018
     991
     997
    1017
    1015
    1020
     959
     993
    1005
    1047
    1009
    1037
    1061
    1032
    1061
    1044
    1057
    1005
    1031
    1050
    1078
    1041
    1088
    1104
    1074
    1029
    1082
    1096
    1143
    1005
    1089
    1101
    1086
    1114
    1101
    1109
    1110
    1179
    1140
    1138
    1189
    1119
    1168
    1163
    1123
    1165
    1192
    1172
    1271
    1186
    1185
    1140
    1170
    1229
    1215
    1179
    1171
    1313
    1194
    1213
    1229
    1210
    1290
    1254
    1220
    1262
    1281
    1250
    1309
    1347
    1281
    1292
    1274
    1293
    1308
    1333
    1269
    1354
    1314
    1273
    1298
    1312
    1321
    1336
    1235
    1360
    1379
    1432
    1325
    1347
    1376
    1453
    1362
    1432
    1331
    1388
    1420
    1405
    1408
    1374
    1345
    1392
    1379
    1338
    1304
    1344
    1309
    1333
    1260
    1225
    1140
    1108
    1103
    1025
    1038
    1062
     991
    1007
     970
     958
     893
     963
     906
     947
     983
     968
     928
     913
     942
     978
     879
     919
     920
     952
     901
     895
     888
     897
     914
     940
     881
     855
     959
     825
     869
     822
     843
     892
     824
     841
     851
     839
     870
     828
     805
     822
     855
     831
     855
     895
     808
     867
     960
     845
     804
     843
     827
     864
     849
     863
     794
     792
     828
     852
     800
     815
     805
     846
     844
     827
     831
     855
     828
     787
     862
     838
     806
     828
     862
     828
     822
     846
     831
     832
     852
     797
     823
     784
     793
     812
     809
     866
     791
     811
     778
     830
     777
     786
     786
     812
     802
     750
     801
     813
     834
     774
     801
     764
     780
     779
     744
     773
     789
     777
     797
     770
     754
     783
     734
     786
     771
     779
     902
     782
     744
     764
     767
     797
     774
     721
     768
     734
     791
     774
     798
     753
     768
     792
     744
     743
     774
     766
     803
     788
     770
     809
     768
     799
     798
     809
     771
     758
     861
     753
     758
     804
     805
     829
     811
     830
     774
     814
     883
     811
     822
     797
     830
     842
     872
     863
     862
     826
     912
     856
     827
     802
     903
     842
     930
     846
     872
     874
     846
     913
     907
     921
     896
     833
     939
     933
     918
     948
     896
     947
     914
     938
     888
     959
     900
     880
     873
     961
     894
     873
     930
     841
     808
     807
     801
     752
     723
     673
     665
     651
     600
     569
     602
     553
     575
     529
     502
     492
     480
     479
     507
     483
     473
     496
     459
     450
     460
     464
     509
     417
     482
     473
     419
     427
     487
     420
     430
     386
     453
     430
     412
     428
     400
     425
     436
     442
     414
     433
     361
     423
     419
     373
     394
     418
     365
     374
     381
     395
     361
     378
     368
     409
     364
     414
     436
     380
     436
     459
     494
     544
     598
     688
     739
     836
     890
     945
    1142
    1620
    3377
   10118
   24275
   28455
   14536
    3843
     793
     337
     280
     290
     286
     304
     285
     303
     306
     279
     269
     276
     266
     282
     260
     262
     255
     258
     265
     268
     240
     221
     235
     235
     236
     236
     232
     209
     234
     226
     220
     215
     195
     221
     222
     208
     200
     203
     210
     180
     183
     172
     178
     142
     163
     188
     138
     158
     172
     172
     147
     158
     152
     155
     168
     129
     147
     129
     155
     151
     140
     128
     132
     132
     133
     139
     129
     104
     127
     119
     101
     109
      85
     134
     105
      98
      98
      98
     105
      88
      99
     102
      96
      81
      87
      91
     124
      91
      73
      95
      65
      91
      85
      85
      75
      72
      87
      83
      83
      72
      82
      68
      73
      86
      66
      84
      67
      74
      72
      69
      62
      60
      58
      72
      72
      64
      79
      64
      59
      58
      62
      73
      69
      51
      81
      43
      63
      55
      59
      60
      58
      64
      73
      74
      58
      54
      59
      59
      61
      56
      53
      64
      64
      64
      64
      57
      59
      68
      50
      69
      56
      57
      55
      51
      62
      67
      37
      65
      68
      62
      61
      55
      64
      61
      67
      44
      51
      60
      49
      50
      57
      47
      47
      58
      38
      65
      48
      42
      54
      51
      38
      44
      56
      66
      56
      47
      57
      52
      53
      48
      55
      58
      57
      60
      59
      68
      64
      71
      85
      95
     137
     162
     220
     294
     336
     449
     489
     594
     676
     927
    1743
    5001
   14098
   23487
   19071
    7659
    1652
     258
      62
      41
      29
      38
      38
      25
      28
      32
      19
      24
      18
      18
      26
      24
      29
      29
      22
      20
      26
      22
      20
      20
      21
      39
      26
      23
      25
      18
      33
      25
      29
      19
      29
      29
      18
      25
      25
      20
      29
      26
      29
      26
      29
      28
      19
      18
      30
      19
      21
      27
      12
      24
      26
      20
      21
      26
      14
      25
      24
      16
      22
      27
      34
      26
      24
      23
      20
      26
      37
      15
      27
      25
      27
      17
      27
      30
      21
      18
      15
      30
      23
      21
      23
      23
      23
      19
      30
      27
      11
      18
      25
      32
      20
      27
      22
      29
      24
      22
      18
      23
      13
      19
      21
      23
      22
      13
      23
      17
      16
      21
      17
      21
      16
      19
      20
      16
      21
      20
      21
      25
      23
      20
      29
      27
      17
      21
      32
      13
      21
      28
      16
      21
      22
      16
      18
      23
      17
      20
      20
      19
      27
      23
      15
      19
      23
      18
      21
      18
      13
      24
      23
      22
      15
      18
      18
      19
      21
      20
      22
      19
      16
      20
      26
      17
      26
      20
      29
      26
      31
      62
      61
      43
      27
      24
      16
      20
      24
      15
      14
      21
      18
      13
      21
      27
       8
      17
      21
      22
      19
      10
      21
      23
      16
      21
      16
      20
      25
      19
      16
       0
       0
       0
       0
       0
       0
       0
       0
       0
       0
       0
       0
       0
       0
       0
       0
       0
       0
       0
       0
       0
       0
       0
       0
       0
       0
       0
       0
       0
       0
       0
       0
$ROI:
0
$PRESETS:
None
0
0
$ENER_FIT:
0.000000 0.731044
$MCA_CAL:
3
0.000000E+000 7.310444E-001 0.000000E+000 keV
$SHAPE_CAL:
3
0.000000E+000 0.000000E+000 0.000000E+000
