$SPEC_ID:
No sample description was entered.
$SPEC_REM:
DET# 4
DETDESC# JLAB-20 MCB 131
AP# Maestro Version 7.01
$DATE_MEA:
10/07/2025 14:20:02
$MEAS_TIM:
579 599
$DATA:
0 2047
       0
       0
       0
       0
       0
       0
       0
       0
       0
       0
       0
       0
       0
       0
       0
       0
       0
       0
       0
       0
       0
       0
       0
       0
       0
       0
       0
       0
       0
       0
       0
       0
       0
       0
       0
       0
       0
       0
       0
       0
       0
       0
       0
       0
       0
       0
       0
       0
       0
       0
       0
       0
       0
       0
       0
       0
       0
       0
       0
       0
       0
       0
       0
       0
       0
       0
       0
       0
       0
      24
    1305
    1489
    1369
    1459
    1301
    1450
    1449
    1385
    1378
    1374
    1371
    1316
    1287
    1378
    1350
    1353
    1350
    1273
    1374
    1397
    1360
    1333
    1327
    1331
    1315
    1366
    1373
    1371
    1477
    1495
    1330
    1482
    1486
    1415
    1394
    1421
    1372
    1304
    1272
    1260
    1296
    1337
    1326
    1287
    1390
    1464
    1406
    1392
    1388
    1360
    1242
    1284
    1344
    1302
    1322
    1312
    1320
    1311
    1306
    1357
    1249
    1348
    1237
    1349
    1334
    1301
    1320
    1391
    1283
    1307
    1318
    1352
    1315
    1315
    1308
    1258
    1331
    1304
    1261
    1274
    1332
    1281
    1234
    1283
    1323
    1236
    1332
    1292
    1293
    1260
    1262
    1277
    1318
    1294
    1335
    1339
    1326
    1324
    1300
    1338
    1325
    1309
    1253
    1298
    1374
    1222
    1315
    1306
    1287
    1279
    1251
    1333
    1252
    1309
    1329
    1328
    1310
    1282
    1281
    1284
    1315
    1290
    1293
    1306
    1336
    1237
    1287
    1282
    1293
    1262
    1293
    1316
    1269
    1299
    1332
    1388
    1333
    1247
    1277
    1289
    1286
    1246
    1362
    1229
    1228
    1210
    1256
    1250
    1183
    1224
    1225
    1223
    1290
    1192
    1197
    1260
    1255
    1223
    1216
    1231
    1213
    1234
    1275
    1236
    1208
    1164
    1268
    1233
    1203
    1287
    1195
    1262
    1233
    1160
    1198
    1207
    1195
    1191
    1137
    1211
    1150
    1166
    1233
    1225
    1207
    1186
    1165
    1251
    1193
    1168
    1150
    1207
    1169
    1151
    1214
    1236
    1129
    1183
    1210
    1193
    1218
    1170
    1194
    1172
    1177
    1148
    1221
    1218
    1216
    1196
    1240
    1192
    1312
    1244
    1262
    1295
    1390
    1345
    1435
    1453
    1437
    1505
    1454
    1531
    1549
    1556
    1523
    1429
    1508
    1493
    1508
    1466
    1442
    1465
    1444
    1346
    1442
    1399
    1425
    1280
    1354
    1293
    1389
    1293
    1371
    1389
    1381
    1353
    1401
    1274
    1304
    1308
    1346
    1283
    1368
    1323
    1308
    1330
    1329
    1266
    1248
    1230
    1247
    1228
    1243
    1191
    1259
    1264
    1272
    1270
    1184
    1206
    1245
    1175
    1190
    1169
    1232
    1202
    1162
    1221
    1232
    1211
    1200
    1222
    1238
    1159
    1185
    1161
    1149
    1128
    1194
    1232
    1172
    1125
    1145
    1158
    1148
    1112
    1149
    1144
    1079
    1136
    1092
    1196
    1074
    1119
    1099
    1098
    1105
    1090
    1093
    1045
    1124
    1065
    1087
    1111
    1038
    1047
    1083
    1058
    1053
    1023
    1020
    1112
    1022
    1013
    1037
    1033
    1036
    1048
     998
     984
     980
    1009
    1034
    1042
    1063
    1002
    1015
     952
    1015
    1009
    1032
    1033
     990
    1010
     990
     984
    1015
     968
    1011
    1023
    1163
    1261
    1042
    1037
     979
     957
     988
     983
     904
     942
     926
     942
     952
     976
     922
     914
     930
     930
     942
     950
     965
     995
     965
     878
     883
     931
     885
     898
     935
     892
     949
     969
     878
     944
     917
     907
     929
     883
     899
     910
     901
     881
     844
     946
     867
     846
     934
     890
     878
     895
     856
     927
     891
     852
     822
     870
     901
     938
     831
     913
     885
     870
     819
     862
     874
     794
     843
     864
     862
     858
     845
     844
     842
     817
     804
     838
     812
     811
     819
     878
     867
     807
     821
     817
     795
     899
     794
     828
     789
     831
     799
     865
     819
     822
     818
     749
     817
     817
     829
     835
     811
     840
     855
     787
     766
     843
     807
     864
     882
     807
     848
     833
     808
     799
     820
     858
     808
     814
     805
     791
     821
     830
     755
     769
     764
     851
     829
     805
     842
     796
     795
     800
     773
     800
     836
     759
     758
     744
     784
     802
     806
     798
     810
     794
     757
     797
     799
     735
     869
     781
     752
     805
     792
     785
     767
     794
     783
     814
     796
     840
     824
     775
     804
     834
     750
     714
     795
     775
     770
     812
     799
     788
     762
     789
     801
     775
     734
     764
     760
     739
     792
     790
     800
     748
     748
     821
     743
     724
     779
     794
     780
     712
     751
     755
     810
     771
     804
     728
     781
     730
     750
     768
     767
     789
     846
     778
     772
     811
     805
     769
     737
     741
     772
     775
     714
     741
     740
     772
     718
     734
     708
     742
     786
     789
     796
     742
     730
     743
     737
     759
     754
     748
     765
     706
     750
     727
     756
     767
     786
     782
     778
     807
     760
     797
     751
     759
     743
     755
     773
     719
     775
     733
     733
     787
     779
     739
     719
     767
     768
     728
     777
     758
     745
     697
     763
     718
     714
     771
     788
     762
     714
     730
     754
     793
     784
     765
     768
     763
     740
     748
     756
     755
     723
     727
     717
     744
     787
     745
     738
     696
     745
     767
     756
     755
     692
     775
     737
     692
     712
     770
     726
     745
     717
     749
     760
     703
     754
     742
     734
     775
     760
     683
     739
     788
     732
     716
     721
     702
     776
     735
     732
     718
     710
     739
     753
     774
     685
     736
     728
     725
     750
     736
     736
     769
     719
     726
     748
     725
     748
     706
     737
     727
     692
     719
     682
     708
     716
     712
     763
     716
     769
     705
     680
     737
     767
     686
     714
     701
     736
     792
     739
     713
     680
     752
     746
     744
     711
     728
     746
     720
     712
     751
     785
     765
     720
     682
     723
     732
     720
     727
     732
     706
     706
     695
     764
     715
     745
     729
     701
     703
     709
     743
     752
     775
     763
     697
     731
     784
     729
     656
     727
     734
     714
     767
     731
     733
     740
     731
     768
     717
     762
     709
     757
     705
     815
     724
     707
     753
     757
     643
     733
     700
     754
     740
     763
     704
     727
     716
     763
     738
     708
     722
     724
     730
     714
     742
     748
     737
     743
     722
     711
     781
     704
     738
     727
     760
     778
     742
     772
     724
     725
     764
     717
     682
     688
     731
     706
     755
     704
     795
     691
     752
     758
     727
     766
     720
     718
     727
     727
     704
     752
     744
     708
     764
     735
     717
     734
     776
     731
     812
     732
     690
     716
     712
     764
     785
     698
     727
     732
     723
     744
     730
     741
     728
     696
     704
     735
     726
     708
     731
     741
     744
     693
     743
     777
     786
     748
     758
     770
     767
     734
     763
     704
     774
     776
     690
     743
     736
     766
     770
     689
     716
     745
     711
     712
     761
     714
     805
     756
     768
     725
     744
     738
     782
     730
     743
     764
     719
     722
     737
     752
     667
     703
     798
     714
     723
     727
     773
     762
     762
     757
     772
     789
     794
     778
     745
     792
     790
     738
     744
     723
     764
     744
     784
     764
     804
     763
     751
     751
     786
     756
     760
     821
     784
     777
     795
     741
     813
     799
     759
     737
     768
     753
     737
     790
     773
     746
     710
     762
     825
     746
     762
     815
     772
     740
     791
     796
     764
     811
     807
     745
     782
     765
     791
     776
     808
     742
     771
     741
     815
     764
     779
     785
     793
     759
     797
     800
     805
     752
     807
     778
     814
     823
     737
     773
     833
     790
     841
     773
     857
     770
     838
     805
     818
     804
     755
     789
     810
     819
     808
     798
     784
     810
     731
     771
     797
     828
     796
     794
     816
     844
     772
     858
     832
     825
     826
     864
     839
     856
     807
     782
     816
     847
     808
     822
     834
     801
     819
     832
     822
     797
     758
     828
     833
     818
     773
     844
     853
     862
     812
     819
     815
     812
     780
     878
     829
     784
     822
     834
     878
     897
     832
     905
     853
     891
     926
     899
     838
     819
     857
     865
     853
     900
     855
     857
     833
     856
     798
     871
     858
     846
     929
     865
     871
     877
     871
     827
     867
     871
     931
     921
     895
     867
     893
     879
     874
     898
     898
     860
     871
     898
     896
     924
     837
     881
     979
     896
     884
     948
     864
     909
     888
     911
     891
     892
     931
     908
     870
     898
     919
     922
     980
     879
     941
     970
     896
     997
     929
     920
     960
     979
     936
     949
     970
     943
     883
     964
    1021
     995
     956
     908
     956
     981
    1023
     947
     994
    1012
     977
     988
    1064
     978
    1012
    1007
     990
    1018
    1047
     982
    1024
    1087
    1027
    1025
    1057
     998
    1060
     987
    1036
    1040
    1116
    1047
    1055
    1090
    1069
    1069
    1102
    1000
    1133
    1079
    1027
    1115
    1066
    1100
    1143
    1187
    1079
    1108
    1058
    1121
    1126
    1093
    1138
    1138
    1183
    1211
    1153
    1071
    1114
    1175
    1214
    1163
    1159
    1202
    1196
    1167
    1217
    1213
    1197
    1237
    1236
    1238
    1219
    1156
    1288
    1230
    1203
    1205
    1303
    1335
    1275
    1255
    1279
    1249
    1288
    1276
    1264
    1278
    1319
    1316
    1322
    1299
    1347
    1311
    1372
    1338
    1333
    1357
    1445
    1421
    1440
    1277
    1375
    1373
    1422
    1406
    1421
    1348
    1372
    1372
    1347
    1415
    1384
    1352
    1379
    1373
    1311
    1321
    1325
    1319
    1191
    1206
    1201
    1093
    1112
    1082
     993
    1017
     966
    1028
    1002
     974
     973
     937
     919
     910
     893
     839
     948
     909
     897
     874
     891
     865
     937
     861
     895
     843
     888
     892
     887
     881
     872
     823
     906
     881
     811
     898
     868
     847
     863
     875
     917
     848
     872
     834
     877
     845
     819
     830
     839
     852
     891
     815
     818
     814
     876
     839
     888
     859
     825
     843
     853
     844
     861
     811
     848
     823
     850
     855
     838
     793
     818
     769
     831
     845
     767
     829
     813
     824
     784
     813
     797
     815
     733
     832
     789
     843
     818
     803
     779
     825
     823
     767
     774
     796
     777
     794
     795
     790
     786
     783
     798
     804
     790
     840
     750
     792
     804
     753
     773
     788
     768
     768
     749
     759
     754
     758
     814
     741
     751
     755
     736
     766
     809
     777
     753
     750
     722
     789
     751
     743
     789
     777
     755
     777
     798
     814
     777
     769
     788
     728
     786
     809
     763
     753
     756
     783
     800
     746
     807
     799
     843
     763
     804
     804
     826
     757
     759
     848
     802
     776
     798
     788
     781
     762
     784
     821
     828
     829
     840
     855
     840
     855
     894
     880
     875
     841
     879
     857
     944
     861
     850
     827
     844
     910
     901
     878
     867
     848
     908
     936
     983
     894
     882
     838
     925
     911
     927
     907
     865
     880
     860
     831
     816
     880
     872
     853
     784
     815
     762
     765
     751
     720
     656
     588
     596
     577
     558
     561
     563
     584
     543
     537
     521
     475
     485
     511
     463
     463
     483
     491
     510
     467
     438
     456
     483
     485
     446
     471
     443
     430
     432
     453
     419
     384
     434
     445
     429
     420
     385
     393
     373
     388
     415
     376
     439
     395
     401
     436
     393
     374
     377
     417
     373
     412
     386
     382
     372
     367
     361
     399
     399
     444
     500
     535
     585
     684
     693
     834
     823
     963
    1114
    1527
    2805
    8147
   21780
   29157
   17537
    5126
    1081
     379
     288
     279
     304
     298
     260
     287
     274
     271
     281
     237
     255
     258
     240
     273
     234
     284
     261
     252
     243
     219
     248
     247
     228
     214
     224
     220
     215
     212
     203
     228
     218
     230
     201
     219
     194
     229
     195
     189
     189
     214
     182
     189
     167
     181
     177
     162
     154
     162
     145
     171
     157
     125
     145
     134
     136
     167
     133
     138
     134
     126
     125
     118
     131
     128
     122
     114
     141
     106
     118
      97
     125
     118
     117
     106
     121
      97
      95
     116
     100
     114
      81
      97
      80
      94
      86
      84
      96
      88
      76
      80
      78
      90
     104
      77
      83
      67
      68
      73
      71
      72
      62
      74
      70
      73
      65
      63
      84
      77
      66
      55
      71
      73
      75
      57
      68
      63
      74
      55
      56
      66
      52
      55
      63
      65
      69
      53
      62
      65
      59
      62
      66
      64
      64
      74
      58
      62
      61
      72
      55
      64
      72
      67
      51
      65
      55
      74
      45
      45
      59
      52
      74
      50
      62
      59
      63
      55
      52
      67
      64
      58
      57
      50
      53
      55
      52
      54
      52
      51
      62
      58
      51
      55
      52
      60
      57
      64
      63
      58
      49
      61
      47
      57
      52
      68
      48
      54
      59
      59
      62
      61
      56
      67
      61
      80
      71
      84
      84
     102
     144
     177
     247
     288
     354
     366
     449
     546
     653
     860
    1411
    3803
   11606
   22081
   21216
    9929
    2541
     418
      76
      42
      36
      35
      32
      28
      30
      31
      21
      26
      23
      29
      28
      17
      20
      31
      31
      13
      31
      26
      19
      30
      26
      26
      28
      21
      40
      30
      20
      25
      16
      20
      24
      23
      19
      25
      30
      25
      26
      27
      19
      29
      25
      17
      32
      18
      19
      27
      26
      26
      23
      22
      24
      21
      25
      31
      21
      28
      27
      26
      25
      15
      25
      16
      26
      30
      21
      16
      25
      17
      25
      18
      21
      34
      13
      29
      14
      27
      17
      30
      16
      24
      19
      19
      26
      22
      23
      31
      31
      26
      22
      24
      16
      16
      26
      21
      21
      21
      21
      22
      12
      24
      21
      23
      17
      26
      20
      28
      15
      33
      17
      25
      27
      26
      24
      23
      17
      26
      27
      30
      21
      17
      28
      29
      26
      17
      18
      15
      14
      22
      16
      20
      30
      29
      23
      22
      14
      21
      13
      18
      21
      14
      18
      21
      21
      16
      16
      18
      19
      27
      16
      27
      16
      25
      21
      24
      18
      26
      12
      27
      22
      17
      24
      21
      26
      26
      13
      17
      35
      66
      74
      60
      34
      26
      27
       9
      18
      23
      21
      18
      19
      21
      15
      27
      23
      14
      20
      13
      18
      22
      17
      20
      21
      22
      21
      20
      21
      24
      27
       0
       0
       0
       0
       0
       0
       0
       0
       0
       0
       0
       0
       0
       0
       0
       0
       0
       0
       0
       0
       0
       0
       0
       0
       0
       0
       0
       0
       0
       0
       0
       0
$ROI:
0
$PRESETS:
None
0
0
$ENER_FIT:
0.000000 0.731044
$MCA_CAL:
3
0.000000E+000 7.310444E-001 0.000000E+000 keV
$SHAPE_CAL:
3
0.000000E+000 0.000000E+000 0.000000E+000
