$SPEC_ID:
No sample description was entered.
$SPEC_REM:
DET# 4
DETDESC# JLAB-20 MCB 131
AP# Maestro Version 7.01
$DATE_MEA:
10/08/2025 02:00:02
$MEAS_TIM:
579 600
$DATA:
0 2047
       0
       0
       0
       0
       0
       0
       0
       0
       0
       0
       0
       0
       0
       0
       0
       0
       0
       0
       0
       0
       0
       0
       0
       0
       0
       0
       0
       0
       0
       0
       0
       0
       0
       0
       0
       0
       0
       0
       0
       0
       0
       0
       0
       0
       0
       0
       0
       0
       0
       0
       0
       0
       0
       0
       0
       0
       0
       0
       0
       0
       0
       0
       0
       0
       0
       0
       0
       0
       0
      39
    1386
    1357
    1386
    1392
    1383
    1355
    1402
    1398
    1415
    1385
    1356
    1328
    1275
    1380
    1401
    1300
    1406
    1360
    1364
    1331
    1428
    1368
    1336
    1434
    1346
    1341
    1413
    1323
    1431
    1484
    1373
    1483
    1616
    1334
    1417
    1446
    1311
    1309
    1265
    1357
    1349
    1296
    1306
    1284
    1367
    1443
    1358
    1403
    1364
    1337
    1338
    1331
    1348
    1332
    1363
    1326
    1351
    1328
    1362
    1285
    1390
    1310
    1252
    1312
    1366
    1268
    1271
    1274
    1349
    1337
    1339
    1243
    1347
    1267
    1245
    1339
    1372
    1337
    1354
    1275
    1316
    1277
    1281
    1309
    1246
    1310
    1323
    1289
    1256
    1228
    1267
    1364
    1356
    1308
    1303
    1389
    1304
    1329
    1299
    1300
    1335
    1322
    1287
    1300
    1320
    1259
    1364
    1253
    1310
    1311
    1379
    1324
    1358
    1305
    1297
    1321
    1247
    1314
    1269
    1350
    1314
    1344
    1344
    1297
    1290
    1302
    1353
    1306
    1308
    1285
    1349
    1293
    1288
    1323
    1312
    1349
    1320
    1262
    1305
    1269
    1301
    1279
    1280
    1269
    1246
    1235
    1307
    1277
    1255
    1237
    1178
    1276
    1292
    1239
    1220
    1235
    1260
    1269
    1200
    1235
    1221
    1272
    1240
    1149
    1233
    1265
    1202
    1269
    1225
    1250
    1164
    1234
    1252
    1182
    1228
    1156
    1181
    1256
    1211
    1201
    1135
    1182
    1214
    1166
    1165
    1131
    1161
    1163
    1189
    1254
    1179
    1140
    1196
    1160
    1182
    1253
    1208
    1135
    1180
    1196
    1195
    1154
    1213
    1142
    1165
    1157
    1169
    1119
    1206
    1210
    1194
    1304
    1246
    1282
    1305
    1330
    1392
    1421
    1385
    1394
    1444
    1531
    1499
    1480
    1516
    1555
    1490
    1548
    1483
    1489
    1472
    1438
    1480
    1391
    1499
    1509
    1422
    1427
    1455
    1468
    1396
    1366
    1399
    1381
    1319
    1428
    1314
    1311
    1253
    1222
    1401
    1341
    1318
    1359
    1340
    1329
    1334
    1256
    1257
    1322
    1264
    1281
    1295
    1234
    1241
    1171
    1232
    1279
    1231
    1315
    1171
    1173
    1256
    1190
    1186
    1239
    1247
    1197
    1206
    1108
    1146
    1206
    1203
    1235
    1162
    1154
    1113
    1152
    1164
    1127
    1167
    1174
    1125
    1213
    1138
    1134
    1076
    1101
    1133
    1066
    1109
    1137
    1098
    1093
    1120
    1105
    1082
    1139
    1079
    1091
    1101
    1062
    1097
    1076
    1105
     998
    1044
    1080
    1038
    1039
    1040
    1049
    1004
    1085
    1025
     997
    1060
    1118
    1014
    1030
    1007
    1055
    1007
     988
     989
    1005
    1029
    1038
     993
     954
    1035
    1024
     969
     964
    1041
    1093
     970
    1031
    1009
     948
     948
    1004
    1231
    1227
     999
     939
     946
     980
    1026
    1014
     997
     943
     921
     930
     969
     926
     884
     959
     913
     913
     915
     900
     914
     979
     956
     929
    1000
     950
     926
     960
     901
     974
     943
     928
     918
     949
     932
     872
     963
     941
     903
     882
     901
     926
     953
     881
     924
     934
     915
     824
     873
     906
     948
     854
     904
     842
     824
     871
     905
     919
     865
     880
     895
     876
     910
     842
     843
     890
     842
     900
     857
     911
     842
     907
     863
     863
     831
     808
     788
     808
     807
     865
     875
     851
     863
     833
     788
     935
     827
     849
     790
     792
     844
     825
     870
     806
     830
     882
     830
     793
     828
     826
     821
     838
     803
     854
     800
     826
     772
     837
     799
     818
     831
     830
     762
     806
     792
     810
     846
     762
     807
     797
     816
     816
     793
     822
     843
     858
     862
     851
     841
     839
     832
     785
     777
     800
     787
     788
     786
     817
     829
     763
     816
     814
     760
     776
     827
     764
     774
     750
     800
     778
     804
     775
     828
     726
     817
     799
     754
     736
     811
     769
     798
     771
     764
     738
     783
     771
     763
     738
     746
     733
     794
     767
     796
     825
     764
     783
     820
     767
     772
     765
     729
     740
     763
     746
     755
     741
     766
     733
     738
     749
     756
     724
     760
     720
     743
     757
     804
     795
     763
     789
     824
     803
     773
     762
     742
     718
     726
     746
     765
     754
     768
     768
     748
     704
     714
     725
     697
     775
     775
     739
     787
     717
     784
     741
     724
     726
     751
     751
     762
     740
     745
     758
     758
     714
     774
     758
     742
     763
     718
     747
     758
     732
     725
     791
     789
     763
     741
     744
     761
     762
     741
     761
     750
     669
     746
     729
     730
     708
     760
     781
     815
     769
     752
     745
     726
     690
     748
     733
     725
     764
     707
     733
     777
     761
     751
     822
     721
     772
     693
     685
     752
     765
     709
     750
     730
     784
     724
     792
     721
     697
     718
     737
     750
     723
     727
     755
     726
     728
     739
     713
     766
     743
     725
     700
     726
     696
     716
     727
     700
     736
     726
     777
     764
     741
     704
     748
     752
     719
     758
     748
     727
     748
     744
     718
     730
     681
     769
     750
     725
     762
     695
     697
     719
     725
     670
     741
     682
     732
     740
     682
     805
     741
     745
     790
     726
     691
     686
     700
     715
     738
     738
     750
     762
     698
     738
     667
     690
     688
     735
     737
     745
     732
     758
     712
     733
     773
     763
     671
     698
     731
     739
     763
     740
     733
     727
     696
     746
     743
     700
     713
     748
     731
     722
     724
     661
     741
     737
     794
     744
     742
     735
     688
     736
     742
     725
     720
     722
     718
     759
     736
     675
     671
     716
     692
     697
     734
     717
     759
     730
     737
     747
     747
     721
     761
     705
     756
     731
     732
     683
     719
     739
     772
     704
     743
     734
     742
     743
     771
     701
     719
     766
     726
     706
     754
     756
     746
     713
     723
     741
     666
     733
     721
     762
     722
     763
     732
     736
     716
     722
     724
     710
     689
     742
     681
     746
     707
     725
     759
     691
     727
     731
     753
     746
     715
     702
     729
     740
     731
     757
     707
     711
     704
     759
     733
     738
     731
     714
     750
     752
     769
     729
     720
     716
     705
     720
     733
     775
     746
     748
     759
     755
     772
     726
     772
     768
     759
     729
     740
     717
     718
     725
     743
     748
     717
     724
     745
     751
     727
     762
     736
     727
     725
     724
     745
     781
     702
     775
     722
     792
     749
     696
     690
     706
     761
     757
     749
     730
     717
     729
     747
     726
     735
     681
     748
     751
     722
     717
     746
     735
     754
     742
     748
     795
     774
     753
     782
     777
     713
     776
     773
     747
     791
     749
     728
     785
     729
     781
     759
     744
     746
     782
     737
     738
     796
     778
     751
     762
     783
     810
     733
     735
     797
     751
     742
     728
     739
     700
     746
     809
     744
     796
     748
     788
     747
     812
     748
     759
     784
     770
     794
     771
     798
     800
     785
     800
     749
     735
     779
     784
     776
     800
     772
     734
     770
     808
     768
     732
     765
     775
     781
     784
     769
     733
     815
     793
     782
     782
     771
     779
     830
     775
     822
     762
     815
     783
     836
     807
     766
     765
     803
     782
     770
     738
     720
     812
     794
     792
     786
     802
     791
     770
     792
     856
     829
     815
     799
     835
     822
     815
     768
     807
     807
     794
     808
     864
     802
     806
     795
     815
     831
     820
     818
     809
     826
     765
     834
     804
     810
     788
     821
     856
     831
     836
     814
     825
     893
     837
     873
     796
     825
     799
     879
     831
     857
     827
     861
     827
     844
     880
     844
     849
     808
     874
     930
     869
     855
     854
     913
     881
     839
     850
     858
     863
     879
     882
     882
     932
     817
     829
     862
     914
     872
     829
     862
     897
     903
     867
     859
     857
     833
     863
     884
     854
     900
     854
     883
     881
     917
     851
     946
     867
     887
     855
     938
     942
     894
     899
     907
     917
     915
     962
     909
     920
     898
     974
     911
     967
     935
     871
     880
     924
     934
     956
     930
     964
     927
    1008
     951
     974
     903
     987
     949
     927
     942
    1035
    1011
     970
     945
     944
     950
     982
     988
     930
     968
    1008
    1014
     986
    1029
     924
     954
     962
     965
    1091
     990
    1027
    1015
    1011
     973
     977
    1034
    1034
    1002
    1012
    1049
     987
    1077
    1007
    1090
    1098
    1030
    1063
    1035
    1090
    1103
    1066
    1095
    1050
    1049
    1123
    1066
    1060
    1080
    1082
    1081
    1118
    1129
    1118
    1151
    1158
    1141
    1137
    1116
    1076
    1101
    1206
    1217
    1148
    1231
    1170
    1172
    1223
    1224
    1177
    1235
    1160
    1217
    1217
    1178
    1208
    1217
    1211
    1265
    1327
    1248
    1298
    1208
    1268
    1301
    1269
    1280
    1300
    1277
    1293
    1371
    1333
    1302
    1362
    1342
    1303
    1352
    1319
    1306
    1315
    1370
    1420
    1351
    1301
    1363
    1401
    1331
    1307
    1388
    1404
    1402
    1422
    1366
    1480
    1341
    1391
    1395
    1323
    1318
    1381
    1244
    1288
    1274
    1230
    1155
    1240
    1219
    1179
    1074
    1033
    1062
     990
    1043
     976
    1002
     866
     934
     909
     980
     880
     916
     903
     896
     911
     883
     948
     925
     923
     888
     910
     897
     933
     935
     916
     920
     856
     885
     852
     883
     898
     771
     919
     855
     906
     827
     858
     856
     790
     839
     862
     849
     916
     835
     868
     858
     853
     807
     830
     855
     854
     877
     831
     859
     859
     829
     817
     854
     834
     835
     875
     831
     822
     808
     855
     844
     823
     765
     884
     878
     862
     846
     816
     799
     830
     840
     800
     791
     849
     806
     792
     763
     821
     845
     782
     807
     823
     831
     796
     798
     811
     753
     770
     803
     753
     781
     779
     791
     785
     793
     809
     765
     745
     742
     751
     784
     739
     807
     805
     765
     836
     788
     772
     776
     766
     746
     776
     818
     783
     793
     742
     789
     771
     806
     717
     752
     778
     771
     784
     722
     759
     800
     738
     730
     750
     757
     729
     783
     757
     781
     807
     731
     822
     800
     756
     792
     774
     787
     772
     800
     818
     762
     844
     741
     829
     727
     829
     831
     793
     831
     849
     824
     818
     806
     832
     823
     869
     816
     849
     815
     817
     858
     810
     874
     867
     876
     890
     885
     896
     840
     901
     898
     843
     915
     934
     864
     928
     906
     925
     902
     936
     931
     965
     948
     888
     939
     837
     921
     890
     866
     898
     854
     830
     830
     801
     799
     751
     706
     652
     618
     622
     596
     562
     520
     537
     551
     552
     510
     516
     529
     524
     462
     474
     423
     494
     434
     470
     469
     486
     458
     488
     444
     421
     474
     446
     432
     447
     463
     409
     464
     421
     420
     415
     430
     391
     424
     449
     370
     417
     405
     361
     404
     388
     421
     375
     397
     400
     409
     402
     399
     374
     388
     368
     426
     397
     423
     394
     441
     450
     516
     495
     588
     698
     709
     778
     871
     965
    1118
    1499
    2592
    7930
   21061
   29023
   18097
    5355
    1178
     405
     293
     271
     280
     272
     284
     304
     295
     309
     287
     279
     250
     260
     235
     263
     248
     231
     279
     262
     208
     219
     236
     256
     228
     211
     205
     231
     203
     235
     228
     221
     215
     195
     183
     186
     219
     186
     199
     175
     171
     181
     172
     183
     206
     191
     151
     162
     169
     157
     156
     151
     187
     138
     149
     127
     144
     147
     129
     138
     136
     128
     108
     136
     123
     130
     114
     126
     119
     116
     117
     115
      95
     101
     105
     109
     116
      83
     101
     100
      95
      97
     104
     119
      91
     102
      92
      83
      92
      84
      82
      92
      76
      96
      76
      85
      86
      77
      88
      77
      75
      85
      89
      65
      70
      65
      69
      58
      75
      62
      54
      72
      58
      71
      58
      74
      54
      65
      82
      69
      60
      77
      73
      64
      59
      70
      63
      65
      60
      60
      62
      74
      68
      60
      65
      62
      57
      58
      64
      44
      50
      64
      57
      59
      64
      64
      55
      59
      67
      48
      47
      67
      68
      59
      65
      56
      47
      56
      55
      66
      61
      58
      53
      50
      57
      64
      60
      58
      64
      50
      59
      64
      60
      58
      41
      61
      47
      52
      52
      60
      46
      54
      52
      52
      55
      50
      64
      49
      59
      59
      50
      65
      51
      64
      68
      59
      72
      66
      93
     114
     120
     185
     219
     285
     355
     385
     438
     547
     631
     853
    1465
    3720
   11187
   22038
   21660
   10339
    2675
     410
      70
      29
      38
      42
      32
      31
      30
      27
      21
      27
      38
      25
      24
      27
      31
      24
      28
      24
      21
      31
      23
      28
      22
      23
      26
      24
      19
      19
      24
      27
      25
      27
      28
      22
      16
      32
      25
      20
      25
      31
      34
      20
      19
      24
      30
      20
      22
      23
      20
      18
      27
      23
      29
      23
      23
      23
      28
      29
      33
      25
      18
      23
      25
      22
      29
      16
      23
      24
      27
      26
      31
      32
      19
      21
      29
      21
      32
      23
      23
      23
      23
      20
      18
      22
      24
      23
      17
      25
      25
      20
      18
      17
      18
      17
      26
      17
      28
      23
      17
      25
      16
      31
      11
      17
      26
      26
      28
      15
      22
      24
      26
      24
      24
      21
      33
      16
      34
      16
      20
      24
      19
      19
      19
      19
      25
      13
      31
      14
      19
      11
      16
      16
      22
      19
      16
      19
      20
      18
      18
      14
      15
      17
      25
      24
      20
      23
      19
      24
      21
      18
      23
      17
      22
      13
      20
      22
      15
      21
      20
      25
      28
      27
      10
      20
      29
      21
      24
      28
      38
      51
      74
      59
      26
      17
      18
      12
      11
      18
      24
      28
      15
      21
      19
      12
      20
      16
      22
      24
      20
      28
      18
      20
      21
      17
      26
      28
      17
      21
      21
       0
       0
       0
       0
       0
       0
       0
       0
       0
       0
       0
       0
       0
       0
       0
       0
       0
       0
       0
       0
       0
       0
       0
       0
       0
       0
       0
       0
       0
       0
       0
       0
$ROI:
0
$PRESETS:
None
0
0
$ENER_FIT:
0.000000 0.731044
$MCA_CAL:
3
0.000000E+000 7.310444E-001 0.000000E+000 keV
$SHAPE_CAL:
3
0.000000E+000 0.000000E+000 0.000000E+000
