$SPEC_ID:
No sample description was entered.
$SPEC_REM:
DET# 4
DETDESC# JLAB-20 MCB 131
AP# Maestro Version 7.01
$DATE_MEA:
10/08/2025 08:50:02
$MEAS_TIM:
579 599
$DATA:
0 2047
       0
       0
       0
       0
       0
       0
       0
       0
       0
       0
       0
       0
       0
       0
       0
       0
       0
       0
       0
       0
       0
       0
       0
       0
       0
       0
       0
       0
       0
       0
       0
       0
       0
       0
       0
       0
       0
       0
       0
       0
       0
       0
       0
       0
       0
       0
       0
       0
       0
       0
       0
       0
       0
       0
       0
       0
       0
       0
       0
       0
       0
       0
       0
       0
       0
       0
       0
       0
       0
      47
    1317
    1383
    1395
    1402
    1391
    1400
    1387
    1328
    1311
    1477
    1382
    1373
    1375
    1318
    1328
    1331
    1362
    1382
    1309
    1378
    1318
    1322
    1354
    1407
    1344
    1320
    1354
    1294
    1436
    1472
    1401
    1539
    1586
    1469
    1429
    1361
    1341
    1377
    1323
    1298
    1292
    1274
    1335
    1304
    1413
    1426
    1364
    1328
    1328
    1398
    1349
    1370
    1341
    1296
    1364
    1277
    1358
    1313
    1297
    1348
    1263
    1359
    1341
    1328
    1382
    1309
    1242
    1298
    1311
    1270
    1334
    1347
    1320
    1280
    1316
    1304
    1244
    1286
    1304
    1296
    1344
    1284
    1319
    1311
    1325
    1229
    1276
    1317
    1374
    1336
    1315
    1308
    1245
    1246
    1344
    1277
    1235
    1315
    1296
    1298
    1294
    1365
    1374
    1253
    1391
    1291
    1308
    1296
    1304
    1285
    1348
    1324
    1239
    1307
    1333
    1304
    1406
    1308
    1291
    1281
    1332
    1306
    1287
    1289
    1363
    1272
    1332
    1236
    1379
    1368
    1317
    1299
    1293
    1323
    1303
    1365
    1325
    1237
    1265
    1239
    1268
    1298
    1248
    1245
    1333
    1291
    1339
    1228
    1190
    1247
    1210
    1282
    1350
    1341
    1264
    1181
    1271
    1245
    1202
    1275
    1250
    1222
    1261
    1244
    1220
    1197
    1247
    1269
    1137
    1301
    1258
    1189
    1233
    1215
    1154
    1179
    1223
    1231
    1183
    1242
    1204
    1151
    1238
    1191
    1174
    1199
    1234
    1218
    1211
    1146
    1217
    1186
    1183
    1173
    1160
    1179
    1175
    1203
    1180
    1211
    1191
    1188
    1204
    1169
    1162
    1197
    1243
    1200
    1215
    1210
    1276
    1205
    1232
    1304
    1286
    1366
    1364
    1377
    1388
    1423
    1402
    1471
    1466
    1467
    1515
    1488
    1400
    1573
    1554
    1498
    1403
    1410
    1416
    1447
    1465
    1405
    1442
    1483
    1398
    1467
    1352
    1439
    1376
    1336
    1346
    1367
    1340
    1333
    1300
    1367
    1316
    1300
    1255
    1304
    1258
    1347
    1337
    1272
    1284
    1266
    1266
    1288
    1303
    1162
    1274
    1228
    1285
    1258
    1280
    1241
    1275
    1216
    1285
    1235
    1212
    1186
    1258
    1198
    1247
    1204
    1201
    1165
    1197
    1228
    1233
    1250
    1166
    1178
    1202
    1141
    1163
    1202
    1144
    1147
    1129
    1148
    1184
    1096
    1096
    1161
    1155
    1134
    1092
    1178
    1071
    1043
    1123
    1132
    1096
    1056
    1090
    1085
    1033
    1046
    1074
    1074
    1145
    1081
    1094
    1055
    1107
    1068
    1046
    1007
    1074
    1051
    1031
    1033
    1035
    1018
     963
    1022
    1098
    1001
    1041
    1010
    1035
     966
    1028
     989
    1005
    1004
    1054
    1029
     998
    1075
     969
    1096
     990
    1025
     999
    1056
    1134
    1245
    1051
     913
     932
     938
     965
     937
     956
     931
     937
     901
     956
     981
     950
     937
     956
     958
     878
     914
     952
     968
     960
     940
     946
     936
     919
     932
     908
     905
     977
     893
     895
     924
     919
     893
     887
     955
     894
     956
     943
     897
     942
     900
     913
     917
     922
     911
     875
     822
     848
     870
     914
     861
     869
     877
     895
     905
     894
     882
     830
     836
     905
     846
     908
     824
     782
     899
     850
     825
     822
     841
     860
     884
     881
     814
     910
     852
     887
     812
     875
     836
     841
     841
     837
     879
     830
     828
     823
     833
     827
     821
     791
     811
     824
     832
     847
     850
     791
     842
     840
     812
     815
     835
     892
     805
     817
     879
     821
     811
     821
     821
     843
     816
     821
     822
     821
     826
     815
     819
     830
     765
     791
     832
     732
     823
     809
     804
     807
     810
     830
     831
     755
     790
     790
     784
     785
     806
     816
     733
     789
     755
     763
     788
     790
     765
     833
     778
     712
     802
     813
     781
     807
     786
     809
     763
     806
     797
     822
     805
     792
     786
     829
     748
     765
     750
     740
     780
     792
     770
     796
     771
     769
     767
     833
     812
     770
     730
     781
     800
     722
     754
     772
     793
     790
     785
     769
     753
     764
     769
     814
     739
     800
     786
     694
     731
     772
     818
     728
     765
     748
     754
     776
     796
     779
     740
     730
     735
     737
     720
     793
     764
     730
     698
     740
     721
     771
     728
     712
     716
     751
     692
     750
     722
     743
     778
     744
     740
     696
     730
     733
     744
     724
     749
     719
     708
     760
     756
     761
     723
     764
     730
     722
     746
     729
     733
     716
     741
     759
     748
     780
     736
     748
     677
     756
     782
     735
     758
     767
     703
     688
     752
     724
     787
     732
     761
     710
     794
     742
     694
     761
     771
     754
     762
     706
     733
     767
     735
     776
     683
     751
     738
     789
     726
     699
     734
     740
     784
     733
     752
     697
     707
     678
     720
     723
     696
     711
     670
     758
     786
     741
     770
     753
     764
     678
     752
     699
     697
     721
     730
     743
     692
     710
     738
     713
     755
     758
     698
     741
     719
     726
     709
     702
     716
     759
     730
     702
     728
     689
     720
     723
     762
     720
     812
     758
     713
     729
     706
     736
     706
     694
     729
     699
     744
     737
     709
     720
     730
     713
     743
     741
     712
     744
     757
     770
     720
     726
     726
     763
     682
     696
     748
     735
     749
     710
     721
     701
     727
     734
     695
     733
     744
     772
     762
     730
     712
     728
     719
     732
     754
     758
     793
     763
     730
     762
     734
     728
     724
     677
     694
     699
     699
     767
     757
     751
     704
     719
     714
     742
     705
     719
     678
     740
     710
     766
     738
     709
     734
     734
     771
     738
     713
     763
     692
     770
     690
     754
     688
     701
     728
     721
     720
     735
     695
     708
     728
     711
     729
     754
     678
     755
     735
     739
     719
     784
     750
     733
     688
     723
     710
     730
     736
     721
     743
     683
     697
     733
     734
     698
     723
     724
     701
     687
     704
     757
     706
     727
     697
     741
     689
     714
     742
     722
     728
     732
     754
     761
     789
     683
     731
     681
     754
     700
     711
     721
     775
     764
     758
     745
     739
     739
     788
     770
     715
     736
     669
     739
     721
     734
     760
     740
     765
     723
     754
     752
     754
     761
     724
     774
     726
     706
     722
     750
     694
     736
     692
     750
     771
     739
     725
     754
     753
     738
     760
     795
     745
     738
     726
     740
     678
     690
     776
     747
     764
     774
     768
     780
     759
     762
     766
     763
     718
     754
     769
     761
     761
     716
     746
     732
     753
     764
     697
     771
     716
     785
     725
     720
     764
     764
     701
     710
     735
     736
     726
     728
     788
     723
     750
     748
     786
     729
     761
     728
     818
     798
     737
     737
     754
     780
     717
     724
     785
     813
     768
     784
     749
     770
     755
     772
     763
     808
     718
     771
     775
     782
     762
     760
     703
     787
     729
     731
     790
     743
     790
     786
     777
     740
     768
     778
     823
     751
     772
     810
     788
     780
     801
     760
     751
     797
     839
     796
     789
     777
     787
     770
     781
     744
     753
     818
     811
     786
     753
     726
     819
     766
     837
     810
     801
     766
     760
     780
     812
     815
     805
     802
     813
     837
     811
     801
     799
     816
     790
     795
     792
     850
     764
     807
     846
     831
     838
     758
     859
     791
     818
     787
     840
     826
     872
     862
     818
     787
     799
     795
     794
     817
     821
     882
     812
     826
     827
     836
     881
     869
     791
     807
     812
     853
     816
     829
     868
     818
     829
     835
     843
     815
     828
     857
     811
     828
     832
     855
     824
     855
     867
     905
     902
     905
     905
     856
     837
     868
     839
     854
     932
     865
     850
     834
     836
     879
     853
     883
     810
     854
     828
     928
     853
     930
     917
     831
     922
     817
     884
     889
     919
     943
     913
     875
     895
     872
     863
     923
     863
     937
     935
     910
     929
     934
     863
     935
     939
     985
     933
     929
     931
     931
     932
     850
     926
     903
     902
     921
     879
     974
     976
     942
     940
     981
     977
     908
     964
     947
     930
    1016
     941
     933
     926
     912
     955
     985
     974
     977
     942
     987
     968
     955
    1024
     985
     997
    1000
     949
    1037
    1006
     978
    1051
    1005
     971
    1002
     994
    1034
    1068
    1017
    1069
    1057
    1041
    1005
    1039
    1054
    1031
    1040
    1057
    1074
    1108
    1023
    1117
    1111
    1041
    1114
    1119
    1081
    1094
    1083
    1051
    1115
    1066
    1050
    1116
    1164
    1148
    1147
    1059
    1118
    1209
    1159
    1158
    1203
    1152
    1224
    1128
    1186
    1265
    1221
    1226
    1102
    1227
    1211
    1212
    1228
    1182
    1263
    1218
    1249
    1253
    1228
    1295
    1248
    1259
    1285
    1250
    1229
    1276
    1283
    1282
    1268
    1287
    1294
    1326
    1372
    1284
    1376
    1323
    1376
    1360
    1306
    1368
    1322
    1337
    1406
    1404
    1399
    1428
    1477
    1357
    1392
    1327
    1447
    1420
    1361
    1296
    1415
    1357
    1373
    1326
    1415
    1354
    1331
    1362
    1260
    1258
    1248
    1158
    1151
    1092
    1042
    1069
    1012
     982
    1005
     984
     986
     916
     938
     942
     938
     963
     962
     940
     844
     878
     931
     904
     876
     874
     928
     911
     901
     876
     877
     915
     840
     862
     881
     825
     905
     842
     897
     831
     804
     864
     865
     844
     883
     855
     831
     889
     811
     826
     858
     854
     840
     871
     859
     866
     838
     857
     833
     827
     792
     818
     846
     839
     849
     836
     848
     820
     854
     820
     848
     813
     823
     770
     854
     807
     812
     804
     829
     878
     814
     832
     820
     780
     794
     779
     816
     821
     794
     773
     784
     765
     788
     809
     768
     770
     763
     804
     807
     813
     781
     755
     777
     775
     812
     781
     794
     829
     810
     767
     796
     792
     766
     808
     789
     798
     799
     764
     718
     753
     767
     739
     749
     741
     802
     771
     777
     754
     764
     785
     727
     767
     803
     763
     773
     757
     770
     804
     764
     710
     725
     788
     780
     777
     790
     742
     779
     780
     766
     764
     779
     801
     792
     781
     767
     782
     854
     860
     808
     799
     776
     814
     807
     833
     807
     857
     824
     849
     838
     862
     906
     778
     804
     807
     873
     835
     881
     864
     884
     907
     877
     848
     839
     854
     958
     853
     905
     902
     912
     898
     878
     908
     930
     935
     908
     895
     864
     961
     905
     940
     917
     921
     855
     905
     924
     912
     952
     858
     820
     825
     818
     856
     771
     787
     729
     686
     663
     599
     556
     574
     532
     513
     570
     538
     495
     504
     489
     495
     519
     496
     493
     468
     485
     419
     457
     472
     451
     461
     430
     455
     431
     465
     445
     418
     450
     416
     427
     435
     401
     414
     433
     434
     437
     415
     436
     431
     392
     410
     385
     397
     422
     371
     389
     415
     385
     360
     377
     391
     345
     387
     370
     413
     381
     421
     432
     469
     462
     577
     666
     735
     816
     821
     902
    1034
    1351
    2110
    5651
   16959
   29094
   22108
    8056
    1783
     522
     318
     317
     302
     271
     282
     271
     289
     322
     312
     268
     290
     262
     230
     234
     265
     240
     212
     274
     228
     239
     247
     221
     256
     229
     213
     207
     235
     211
     208
     249
     199
     215
     226
     207
     216
     184
     185
     212
     197
     159
     193
     191
     168
     168
     183
     178
     171
     173
     174
     160
     169
     168
     172
     157
     162
     137
     129
     145
     145
     142
     122
     129
     125
     110
     133
     128
     115
     136
     104
      99
      97
     108
      97
     105
      96
      94
     103
      91
      85
      99
      81
      97
      94
     102
      89
      91
      96
      85
      84
      96
      81
      74
      79
      67
      83
      70
      80
      74
      74
      71
      69
      79
      71
      75
      66
      83
      73
      67
      67
      62
      71
      73
      54
      71
      67
      66
      63
      54
      54
      73
      58
      75
      59
      70
      66
      46
      68
      61
      61
      83
      57
      60
      57
      55
      59
      54
      50
      56
      55
      49
      84
      67
      79
      59
      51
      45
      68
      62
      57
      55
      51
      48
      63
      45
      65
      62
      69
      52
      65
      47
      60
      55
      62
      66
      47
      62
      58
      39
      50
      59
      54
      47
      54
      59
      63
      64
      50
      48
      46
      47
      56
      77
      60
      56
      53
      53
      61
      60
      58
      64
      63
      53
      69
      69
      65
      65
      70
      95
     137
     165
     203
     260
     341
     395
     474
     481
     610
     778
    1151
    2571
    8190
   18911
   23532
   14025
    4170
     773
     119
      42
      31
      27
      32
      28
      27
      30
      32
      31
      25
      22
      40
      26
      32
      26
      28
      20
      19
      28
      26
      26
      32
      33
      29
      26
      24
      22
      19
      20
      21
      23
      16
      23
      23
      22
      19
      32
      30
      29
      34
      19
      29
      25
      20
      22
      19
      26
      26
      29
      18
      28
      19
      28
      39
      20
      20
      21
      32
      22
      22
      28
      26
      33
      24
      17
      31
      18
      24
      21
      21
      13
      19
      28
      24
      22
      21
      23
      28
      18
      24
      17
      25
      26
      24
      29
      18
      22
      16
      19
      23
      20
      27
      27
      25
      26
      16
      22
      31
      20
      20
      21
      18
      17
      25
      25
      16
      21
      24
      24
      26
      25
      21
      19
      22
      27
      28
       8
      18
      19
      19
      14
      23
      20
      17
      27
      22
      22
      14
      29
      21
      27
      27
      22
      22
      24
      13
      22
      17
      18
      15
      16
      24
      21
      22
      25
      15
      17
      25
      19
      19
      17
      24
      15
      16
      23
      21
      29
      18
      15
      26
      28
      17
      24
      21
      21
      31
      27
      28
      62
      76
      69
      34
      25
      18
      30
      19
      15
      20
      16
      28
      17
      20
      20
      14
      20
      16
      18
      16
       9
      19
      27
      16
      17
      24
      18
      21
      19
      22
       0
       0
       0
       0
       0
       0
       0
       0
       0
       0
       0
       0
       0
       0
       0
       0
       0
       0
       0
       0
       0
       0
       0
       0
       0
       0
       0
       0
       0
       0
       0
       0
$ROI:
0
$PRESETS:
None
0
0
$ENER_FIT:
0.000000 0.731044
$MCA_CAL:
3
0.000000E+000 7.310444E-001 0.000000E+000 keV
$SHAPE_CAL:
3
0.000000E+000 0.000000E+000 0.000000E+000
