$SPEC_ID:
No sample description was entered.
$SPEC_REM:
DET# 4
DETDESC# JLAB-20 MCB 131
AP# Maestro Version 7.01
$DATE_MEA:
10/06/2025 21:20:02
$MEAS_TIM:
579 600
$DATA:
0 2047
       0
       0
       0
       0
       0
       0
       0
       0
       0
       0
       0
       0
       0
       0
       0
       0
       0
       0
       0
       0
       0
       0
       0
       0
       0
       0
       0
       0
       0
       0
       0
       0
       0
       0
       0
       0
       0
       0
       0
       0
       0
       0
       0
       0
       0
       0
       0
       0
       0
       0
       0
       0
       0
       0
       0
       0
       0
       0
       0
       0
       0
       0
       0
       0
       0
       0
       0
       0
       0
      41
    1296
    1395
    1392
    1358
    1391
    1320
    1316
    1361
    1415
    1376
    1409
    1368
    1387
    1378
    1358
    1380
    1305
    1347
    1293
    1361
    1338
    1315
    1366
    1309
    1372
    1335
    1366
    1412
    1407
    1415
    1296
    1589
    1509
    1375
    1378
    1357
    1398
    1276
    1336
    1324
    1321
    1282
    1326
    1380
    1317
    1473
    1328
    1263
    1420
    1333
    1271
    1341
    1398
    1373
    1316
    1308
    1353
    1359
    1351
    1348
    1411
    1340
    1354
    1317
    1341
    1300
    1305
    1348
    1295
    1325
    1272
    1302
    1387
    1331
    1303
    1369
    1274
    1321
    1343
    1313
    1349
    1352
    1376
    1332
    1300
    1244
    1307
    1304
    1303
    1264
    1253
    1306
    1368
    1319
    1267
    1286
    1306
    1379
    1331
    1366
    1276
    1274
    1343
    1356
    1318
    1255
    1247
    1313
    1252
    1288
    1313
    1299
    1301
    1300
    1318
    1259
    1319
    1269
    1304
    1274
    1294
    1353
    1248
    1345
    1280
    1278
    1274
    1336
    1316
    1291
    1249
    1326
    1325
    1324
    1285
    1342
    1310
    1353
    1302
    1261
    1237
    1288
    1270
    1278
    1267
    1329
    1238
    1234
    1251
    1247
    1277
    1279
    1198
    1273
    1204
    1248
    1193
    1294
    1211
    1263
    1194
    1241
    1237
    1241
    1251
    1233
    1207
    1199
    1309
    1189
    1250
    1208
    1243
    1206
    1153
    1259
    1257
    1191
    1146
    1246
    1168
    1153
    1234
    1239
    1225
    1256
    1254
    1184
    1148
    1175
    1189
    1152
    1230
    1150
    1196
    1234
    1257
    1199
    1169
    1215
    1109
    1219
    1228
    1178
    1080
    1217
    1212
    1213
    1261
    1269
    1214
    1231
    1245
    1352
    1340
    1310
    1309
    1437
    1404
    1482
    1436
    1481
    1476
    1534
    1569
    1523
    1465
    1514
    1447
    1563
    1510
    1501
    1421
    1411
    1445
    1427
    1427
    1393
    1382
    1504
    1420
    1420
    1369
    1320
    1404
    1316
    1378
    1336
    1244
    1311
    1300
    1315
    1283
    1336
    1353
    1318
    1247
    1328
    1320
    1268
    1285
    1245
    1205
    1276
    1261
    1279
    1268
    1274
    1309
    1238
    1204
    1296
    1206
    1243
    1239
    1123
    1168
    1225
    1178
    1213
    1222
    1159
    1244
    1207
    1178
    1113
    1188
    1129
    1206
    1160
    1136
    1164
    1174
    1165
    1144
    1173
    1186
    1178
    1116
    1189
    1159
    1068
    1127
    1165
    1129
    1115
    1151
    1071
    1142
    1080
    1134
    1085
    1091
    1122
    1105
    1094
    1105
    1054
    1110
    1072
    1077
    1089
    1130
     957
    1084
    1072
    1096
    1041
    1080
    1096
    1053
    1090
    1043
    1019
    1036
    1003
    1037
    1002
    1019
     998
     954
     986
    1034
     958
     951
     979
     991
     977
    1022
     936
     959
    1055
    1327
    1271
    1080
     983
     967
     998
     927
     957
     943
     981
     970
     966
     941
     934
    1011
     892
     915
     956
     928
     935
     935
     928
     934
     904
     894
     952
     929
     946
     953
     884
     948
     944
     906
     930
     915
     905
     912
     925
     910
     922
     886
     898
     881
     927
     923
     923
     879
     907
     859
     914
     881
     895
     887
     882
     897
     918
     914
     854
     873
     902
     830
     860
     860
     896
     840
     843
     856
     823
     817
     853
     886
     861
     859
     875
     777
     844
     853
     840
     856
     831
     879
     859
     891
     837
     874
     790
     783
     855
     864
     811
     794
     826
     811
     867
     843
     854
     841
     827
     820
     867
     799
     827
     869
     855
     827
     818
     818
     775
     793
     813
     833
     775
     800
     850
     811
     786
     860
     821
     810
     805
     794
     832
     848
     812
     862
     829
     798
     792
     786
     825
     795
     788
     827
     820
     807
     805
     868
     776
     787
     782
     858
     794
     763
     822
     820
     785
     745
     735
     761
     841
     777
     783
     789
     797
     776
     780
     763
     801
     760
     789
     785
     749
     776
     777
     781
     790
     809
     758
     799
     755
     779
     770
     775
     803
     763
     801
     764
     807
     770
     774
     786
     719
     767
     826
     737
     802
     778
     807
     768
     730
     801
     775
     745
     773
     769
     741
     776
     750
     786
     744
     758
     750
     816
     805
     839
     733
     727
     730
     750
     726
     792
     767
     762
     726
     719
     720
     737
     797
     748
     766
     750
     756
     743
     770
     770
     732
     770
     739
     748
     755
     703
     743
     742
     752
     736
     720
     737
     772
     750
     778
     718
     787
     780
     728
     741
     746
     771
     768
     751
     745
     802
     759
     770
     754
     778
     735
     736
     759
     732
     747
     734
     714
     716
     763
     772
     734
     732
     751
     719
     790
     753
     785
     767
     813
     836
     742
     774
     706
     737
     753
     744
     741
     775
     667
     715
     758
     734
     777
     725
     775
     782
     754
     732
     729
     676
     742
     671
     729
     715
     711
     778
     715
     724
     770
     713
     738
     728
     702
     752
     724
     733
     729
     741
     752
     741
     688
     727
     765
     737
     727
     726
     706
     744
     771
     736
     791
     739
     737
     786
     769
     724
     725
     722
     692
     716
     709
     720
     733
     757
     701
     727
     718
     717
     703
     737
     685
     732
     763
     745
     732
     740
     768
     732
     750
     717
     741
     721
     723
     713
     743
     735
     724
     720
     703
     753
     725
     701
     695
     687
     732
     732
     768
     760
     694
     727
     704
     715
     733
     693
     752
     754
     753
     692
     701
     727
     738
     742
     725
     749
     709
     684
     743
     744
     679
     717
     725
     773
     668
     699
     732
     738
     712
     686
     700
     690
     738
     721
     752
     731
     767
     744
     696
     744
     712
     765
     751
     747
     751
     688
     750
     732
     706
     715
     705
     697
     717
     709
     756
     716
     745
     775
     769
     774
     758
     745
     729
     746
     692
     719
     685
     766
     670
     768
     792
     778
     693
     751
     803
     699
     735
     729
     757
     733
     683
     734
     747
     707
     781
     703
     729
     736
     688
     724
     746
     690
     748
     710
     761
     784
     686
     734
     762
     740
     726
     763
     776
     789
     741
     816
     756
     728
     706
     765
     698
     739
     730
     778
     759
     767
     714
     730
     723
     733
     762
     735
     714
     765
     719
     742
     755
     779
     751
     798
     758
     769
     718
     765
     729
     794
     748
     707
     758
     762
     772
     691
     715
     775
     745
     734
     705
     694
     778
     693
     778
     720
     768
     750
     751
     691
     790
     706
     736
     761
     712
     745
     747
     741
     719
     754
     708
     733
     766
     789
     764
     754
     779
     769
     769
     765
     754
     736
     735
     784
     763
     760
     720
     740
     767
     796
     778
     762
     811
     766
     765
     786
     753
     807
     754
     812
     808
     750
     730
     776
     767
     722
     758
     784
     749
     751
     798
     799
     814
     812
     775
     798
     786
     833
     806
     804
     764
     777
     799
     726
     744
     718
     749
     766
     801
     806
     793
     759
     815
     769
     827
     743
     815
     772
     798
     777
     822
     764
     747
     748
     759
     808
     763
     791
     778
     774
     718
     791
     744
     785
     772
     768
     795
     849
     791
     792
     796
     784
     812
     832
     816
     798
     796
     738
     799
     809
     812
     821
     804
     816
     796
     809
     842
     801
     818
     841
     799
     774
     850
     799
     799
     793
     838
     814
     837
     826
     822
     844
     789
     837
     862
     802
     862
     829
     836
     844
     853
     760
     905
     828
     867
     824
     809
     822
     815
     829
     776
     869
     818
     760
     783
     889
     813
     890
     856
     823
     938
     851
     797
     883
     853
     887
     910
     943
     879
     867
     833
     857
     836
     847
     882
     847
     808
     866
     849
     859
     879
     877
     839
     874
     825
     871
     862
     863
     877
     844
     856
     852
     863
     901
     882
     916
     918
     926
     862
     876
     887
     924
     924
     911
     898
     909
     892
     886
     925
     925
     893
     970
     989
     883
     935
     873
     921
     920
     955
     852
     935
     909
     938
     937
     879
     959
     974
     958
     998
     993
     961
     998
     928
     969
     921
     952
     925
     933
     931
     981
    1002
     950
     975
     954
    1014
     955
    1013
     931
     991
    1005
     998
    1044
    1017
     987
     984
    1018
    1070
     998
    1029
     998
    1058
     991
    1068
    1055
    1109
    1090
    1001
    1115
    1032
    1056
     998
    1102
    1025
    1107
    1040
    1022
    1040
    1051
    1073
    1116
    1190
    1083
    1123
    1101
    1123
    1143
    1121
    1143
    1186
    1144
    1144
    1161
    1100
    1163
    1149
    1163
    1133
    1221
    1178
    1188
    1177
    1137
    1168
    1194
    1198
    1234
    1207
    1195
    1254
    1245
    1184
    1205
    1219
    1204
    1238
    1252
    1323
    1280
    1308
    1289
    1337
    1306
    1269
    1324
    1275
    1359
    1318
    1335
    1296
    1357
    1322
    1298
    1324
    1338
    1343
    1334
    1373
    1347
    1342
    1416
    1298
    1341
    1298
    1421
    1378
    1351
    1380
    1389
    1381
    1375
    1401
    1372
    1349
    1360
    1351
    1311
    1300
    1337
    1225
    1188
    1143
    1143
    1078
    1065
    1053
    1006
     992
    1044
     946
     979
     990
    1004
     925
     901
     945
     888
     933
     894
     923
     925
     908
     940
     896
     884
     936
     885
     903
     889
     911
     969
     879
     928
     864
     877
     884
     888
     897
     875
     882
     839
     886
     812
     835
     846
     866
     853
     833
     850
     831
     857
     848
     848
     865
     883
     860
     775
     866
     808
     853
     854
     860
     804
     866
     832
     770
     840
     859
     789
     862
     827
     802
     787
     883
     864
     852
     805
     804
     819
     817
     783
     832
     826
     835
     840
     834
     798
     761
     819
     789
     871
     827
     789
     788
     778
     809
     735
     795
     814
     746
     822
     788
     772
     843
     745
     755
     785
     810
     823
     789
     739
     777
     715
     799
     793
     744
     803
     780
     756
     766
     725
     784
     797
     786
     781
     731
     792
     790
     794
     749
     789
     805
     758
     787
     763
     791
     825
     840
     796
     793
     803
     751
     821
     791
     779
     800
     787
     764
     749
     787
     811
     771
     821
     815
     782
     813
     808
     812
     788
     807
     765
     764
     868
     770
     833
     784
     844
     832
     816
     852
     836
     822
     896
     837
     865
     932
     910
     861
     916
     939
     890
     863
     895
     893
     865
     925
     875
     924
     887
     917
    1002
     941
     901
     905
     921
     911
     924
     879
     941
     951
     924
     884
     914
     900
     869
     908
     791
     824
     811
     790
     736
     732
     725
     675
     639
     606
     604
     537
     570
     517
     562
     519
     455
     510
     501
     480
     484
     435
     469
     437
     460
     461
     484
     470
     452
     464
     453
     449
     460
     508
     412
     413
     415
     436
     379
     421
     480
     383
     399
     431
     387
     442
     402
     417
     363
     393
     405
     404
     399
     394
     385
     388
     363
     368
     397
     378
     388
     444
     397
     408
     420
     435
     424
     465
     547
     567
     668
     780
     827
     868
     968
    1096
    1715
    3285
   10198
   24579
   27960
   14506
    3926
     847
     341
     306
     265
     298
     258
     304
     293
     281
     289
     251
     249
     276
     276
     268
     279
     265
     273
     247
     272
     237
     274
     232
     249
     202
     205
     222
     228
     204
     241
     212
     235
     199
     208
     212
     178
     189
     218
     190
     190
     162
     184
     190
     178
     186
     172
     188
     188
     146
     169
     163
     145
     142
     151
     153
     154
     158
     142
     145
     138
     159
     152
     121
     140
     128
     111
     113
     114
     112
     111
     112
     103
     104
     104
     118
     106
      97
     101
     100
     104
      90
      95
     104
      92
      90
     101
      89
      94
      97
      87
      97
      92
      73
      82
      89
      93
      75
      74
      67
      75
      87
      69
      87
      84
      58
      79
      78
      67
      63
      84
      72
      58
      60
      72
      59
      59
      58
      68
      67
      51
      61
      62
      61
      50
      60
      59
      70
      52
      59
      76
      63
      69
      62
      57
      60
      61
      64
      51
      65
      46
      65
      54
      61
      59
      48
      70
      59
      65
      60
      74
      58
      70
      60
      54
      71
      63
      68
      67
      67
      69
      59
      63
      48
      63
      45
      57
      56
      57
      45
      56
      66
      53
      50
      57
      63
      44
      58
      62
      48
      53
      57
      61
      63
      59
      52
      57
      64
      43
      57
      64
      55
      63
      55
      48
      59
      71
      72
      80
      94
     105
     135
     195
     234
     319
     311
     452
     531
     584
     645
     948
    1765
    4944
   14108
   23650
   19301
    7700
    1695
     264
      68
      38
      34
      40
      30
      43
      32
      23
      30
      32
      26
      23
      26
      33
      26
      18
      25
      25
      29
      28
      20
      16
      22
      37
      24
      30
      25
      20
      23
      26
      22
      29
      37
      23
      33
      33
      18
      28
      19
      20
      23
      24
      24
      21
      24
      25
      18
      21
      24
      31
      26
      16
      25
      21
      25
      30
      24
      30
      24
      21
      29
      20
      23
      18
      26
      16
      27
      25
      23
      19
      26
      27
      34
      18
      26
      26
      24
      19
      24
      22
      19
      17
      19
      24
      19
      26
      27
      27
      21
      25
      17
      14
      23
      28
      20
      23
      36
      26
      20
      20
      19
      22
      24
      30
      19
      25
      22
      22
      29
      15
      18
      23
      24
      19
      22
      21
      25
      23
      28
      19
      21
      21
      33
      18
      22
      27
      17
      22
      26
      21
      28
      18
      23
      23
      30
      22
      27
      19
      16
      20
      22
      18
      22
      20
      21
      17
      23
      15
      15
      23
      16
      18
      20
      28
      15
      14
      22
      17
      14
      17
      18
      17
      30
      23
      18
      25
      32
      30
      46
      78
      79
      51
      31
      24
      24
      17
      23
      22
      19
      21
      14
      12
      18
      15
      28
      23
      18
      15
      17
      28
      11
      22
      23
      19
      22
      14
      21
      18
      18
       0
       0
       0
       0
       0
       0
       0
       0
       0
       0
       0
       0
       0
       0
       0
       0
       0
       0
       0
       0
       0
       0
       0
       0
       0
       0
       0
       0
       0
       0
       0
       0
$ROI:
0
$PRESETS:
None
0
0
$ENER_FIT:
0.000000 0.731044
$MCA_CAL:
3
0.000000E+000 7.310444E-001 0.000000E+000 keV
$SHAPE_CAL:
3
0.000000E+000 0.000000E+000 0.000000E+000
