$SPEC_ID:
No sample description was entered.
$SPEC_REM:
DET# 4
DETDESC# JLAB-20 MCB 131
AP# Maestro Version 7.01
$DATE_MEA:
10/08/2025 05:00:02
$MEAS_TIM:
579 599
$DATA:
0 2047
       0
       0
       0
       0
       0
       0
       0
       0
       0
       0
       0
       0
       0
       0
       0
       0
       0
       0
       0
       0
       0
       0
       0
       0
       0
       0
       0
       0
       0
       0
       0
       0
       0
       0
       0
       0
       0
       0
       0
       0
       0
       0
       0
       0
       0
       0
       0
       0
       0
       0
       0
       0
       0
       0
       0
       0
       0
       0
       0
       0
       0
       0
       0
       0
       0
       0
       0
       0
       0
      37
    1292
    1330
    1333
    1384
    1361
    1406
    1407
    1399
    1401
    1368
    1336
    1356
    1312
    1393
    1349
    1348
    1348
    1315
    1337
    1362
    1348
    1361
    1362
    1359
    1353
    1337
    1346
    1375
    1489
    1485
    1351
    1509
    1460
    1411
    1448
    1411
    1360
    1342
    1330
    1354
    1362
    1288
    1354
    1359
    1389
    1413
    1372
    1317
    1328
    1370
    1344
    1343
    1371
    1401
    1276
    1301
    1305
    1308
    1295
    1328
    1329
    1331
    1277
    1301
    1347
    1317
    1303
    1285
    1355
    1314
    1246
    1272
    1323
    1253
    1195
    1279
    1257
    1337
    1316
    1281
    1231
    1245
    1301
    1356
    1264
    1335
    1297
    1295
    1338
    1313
    1296
    1293
    1328
    1271
    1298
    1354
    1314
    1351
    1351
    1365
    1291
    1319
    1270
    1295
    1266
    1332
    1306
    1347
    1270
    1259
    1334
    1311
    1184
    1331
    1298
    1322
    1261
    1244
    1359
    1271
    1311
    1297
    1253
    1334
    1286
    1190
    1273
    1266
    1306
    1325
    1228
    1258
    1216
    1266
    1292
    1309
    1389
    1240
    1244
    1313
    1301
    1264
    1317
    1314
    1263
    1259
    1255
    1263
    1202
    1279
    1274
    1362
    1299
    1230
    1266
    1233
    1208
    1273
    1181
    1237
    1241
    1276
    1230
    1204
    1232
    1156
    1222
    1201
    1161
    1174
    1206
    1132
    1230
    1191
    1251
    1241
    1211
    1178
    1179
    1212
    1151
    1217
    1204
    1275
    1201
    1178
    1234
    1133
    1219
    1179
    1209
    1219
    1088
    1159
    1173
    1122
    1218
    1157
    1143
    1245
    1166
    1175
    1188
    1211
    1193
    1196
    1139
    1221
    1119
    1154
    1207
    1156
    1223
    1314
    1291
    1272
    1372
    1416
    1448
    1447
    1351
    1470
    1510
    1536
    1496
    1572
    1533
    1533
    1459
    1458
    1450
    1406
    1433
    1441
    1413
    1509
    1425
    1430
    1394
    1388
    1379
    1330
    1328
    1401
    1338
    1372
    1381
    1374
    1290
    1315
    1301
    1311
    1413
    1368
    1325
    1344
    1340
    1299
    1262
    1292
    1269
    1317
    1245
    1288
    1212
    1240
    1205
    1218
    1245
    1249
    1216
    1297
    1211
    1223
    1198
    1191
    1286
    1193
    1248
    1178
    1237
    1086
    1158
    1181
    1295
    1190
    1166
    1132
    1176
    1171
    1150
    1190
    1178
    1166
    1179
    1154
    1179
    1159
    1145
    1112
    1133
    1182
    1072
    1095
    1117
    1182
    1096
    1100
    1062
    1140
    1057
    1041
    1086
    1030
    1081
    1033
    1032
    1059
    1109
    1110
    1038
    1042
    1052
    1035
    1050
    1070
    1001
    1045
     988
    1058
     987
     998
    1029
     997
     997
    1044
    1011
    1007
     958
    1013
     996
     976
     902
     976
     997
     985
    1032
     931
     962
     970
    1013
    1055
    1283
    1243
    1012
     980
     986
     983
     923
     977
    1002
     972
     945
     951
     979
     921
     931
     923
     937
     895
     931
     950
     951
     932
     974
     961
     932
     934
     979
     950
     865
     873
     893
     893
     995
     878
     905
     928
     897
     929
     885
     929
     853
     954
     837
     920
     869
     906
     945
     870
     930
     877
     879
     840
     828
     821
     883
     859
     928
     916
     870
     826
     856
     867
     854
     866
     883
     846
     840
     860
     836
     894
     860
     839
     822
     919
     870
     848
     926
     859
     858
     825
     823
     812
     838
     861
     813
     882
     857
     810
     759
     779
     849
     878
     829
     874
     852
     825
     859
     834
     861
     802
     814
     803
     797
     866
     878
     819
     810
     831
     821
     784
     786
     831
     828
     817
     759
     783
     838
     755
     757
     833
     804
     745
     816
     788
     815
     805
     780
     771
     797
     831
     786
     788
     831
     803
     801
     751
     784
     769
     762
     766
     852
     788
     779
     809
     778
     810
     837
     816
     761
     754
     770
     734
     783
     824
     795
     751
     764
     743
     786
     826
     750
     793
     767
     770
     765
     785
     722
     761
     760
     810
     788
     773
     740
     804
     796
     796
     729
     763
     771
     743
     791
     789
     813
     787
     816
     808
     733
     735
     829
     755
     702
     746
     722
     742
     739
     807
     769
     793
     723
     758
     718
     748
     755
     729
     763
     741
     782
     810
     778
     775
     758
     776
     752
     805
     767
     739
     761
     763
     772
     707
     746
     790
     795
     732
     746
     747
     740
     674
     735
     788
     722
     780
     724
     764
     750
     772
     768
     723
     780
     743
     783
     760
     774
     742
     754
     781
     754
     748
     752
     782
     722
     669
     742
     742
     772
     784
     789
     704
     740
     757
     705
     716
     750
     717
     791
     746
     719
     717
     745
     726
     752
     763
     755
     786
     759
     752
     740
     719
     703
     741
     693
     747
     743
     760
     750
     744
     701
     704
     764
     767
     735
     767
     758
     714
     736
     722
     739
     687
     739
     779
     726
     734
     724
     695
     728
     734
     730
     733
     748
     716
     702
     753
     723
     728
     787
     719
     696
     674
     741
     681
     725
     754
     721
     720
     728
     684
     763
     708
     716
     771
     764
     733
     764
     658
     718
     713
     699
     734
     697
     687
     773
     742
     731
     732
     768
     745
     752
     725
     654
     727
     683
     713
     754
     733
     709
     675
     749
     760
     713
     741
     748
     765
     714
     719
     718
     768
     729
     760
     768
     752
     731
     702
     799
     731
     753
     733
     680
     747
     728
     671
     722
     723
     742
     760
     693
     697
     727
     719
     719
     713
     739
     708
     741
     729
     737
     727
     756
     723
     709
     715
     709
     766
     719
     739
     733
     776
     772
     734
     740
     713
     727
     713
     733
     736
     764
     693
     770
     726
     729
     729
     741
     701
     710
     728
     747
     736
     788
     776
     722
     669
     705
     748
     722
     729
     741
     721
     759
     770
     701
     727
     684
     730
     684
     722
     721
     681
     699
     738
     695
     721
     828
     741
     731
     790
     735
     714
     775
     735
     711
     700
     782
     756
     745
     733
     711
     734
     760
     665
     720
     740
     732
     767
     715
     746
     737
     737
     730
     772
     774
     736
     775
     727
     709
     766
     716
     695
     747
     758
     750
     733
     792
     687
     739
     726
     764
     718
     716
     750
     720
     762
     701
     733
     740
     766
     721
     748
     752
     738
     734
     793
     767
     735
     730
     797
     736
     713
     755
     786
     744
     704
     705
     768
     742
     735
     782
     834
     725
     708
     690
     760
     753
     677
     715
     715
     775
     786
     755
     771
     745
     737
     772
     753
     717
     754
     743
     708
     799
     744
     755
     740
     766
     726
     715
     779
     753
     727
     750
     735
     785
     802
     768
     765
     787
     778
     769
     781
     730
     770
     700
     781
     745
     763
     770
     773
     785
     738
     772
     818
     785
     750
     776
     742
     782
     764
     719
     772
     779
     711
     746
     784
     763
     759
     761
     791
     773
     763
     767
     766
     791
     744
     760
     756
     779
     824
     785
     830
     791
     806
     820
     735
     812
     805
     795
     777
     765
     765
     780
     795
     711
     809
     747
     778
     824
     825
     769
     769
     803
     849
     767
     819
     721
     797
     824
     774
     827
     858
     764
     797
     832
     802
     828
     856
     825
     762
     818
     777
     819
     825
     764
     750
     810
     810
     796
     835
     737
     812
     799
     840
     835
     770
     831
     831
     793
     852
     854
     793
     845
     833
     789
     856
     843
     797
     791
     868
     782
     800
     839
     831
     859
     819
     757
     830
     878
     854
     826
     842
     801
     857
     869
     873
     790
     852
     889
     919
     870
     977
    1005
     921
     880
     819
     923
     904
     868
     869
     831
     889
     846
     824
     809
     874
     871
     904
     840
     860
     869
     850
     880
     949
     874
     825
     887
     869
     874
     898
     834
     845
     871
     973
     916
     879
     865
     891
     884
     943
     897
     886
     927
     882
     919
     901
     937
     918
     913
     888
     947
     901
     943
     864
     936
     935
     920
     923
     888
     926
     896
     954
     915
     931
     933
     976
     883
     955
     939
     949
     960
     932
    1003
     950
    1017
     941
     963
    1008
     983
    1009
    1040
     932
    1009
    1049
     965
     949
     954
    1003
    1018
    1004
    1023
     962
    1045
     964
    1045
    1026
    1076
    1084
    1052
    1017
     982
    1072
    1063
    1069
    1123
    1079
    1071
    1048
    1056
    1091
    1095
    1063
    1118
    1032
    1097
    1090
    1099
    1101
    1102
    1108
    1126
    1057
    1151
    1075
    1093
    1165
    1121
    1119
    1069
    1159
    1198
    1145
    1122
    1198
    1253
    1140
    1132
    1199
    1160
    1198
    1187
    1185
    1251
    1171
    1247
    1283
    1237
    1230
    1241
    1260
    1248
    1262
    1261
    1279
    1269
    1257
    1337
    1285
    1355
    1302
    1275
    1281
    1309
    1363
    1359
    1338
    1341
    1385
    1328
    1277
    1322
    1335
    1399
    1355
    1338
    1379
    1392
    1366
    1286
    1444
    1412
    1334
    1338
    1409
    1380
    1406
    1414
    1378
    1397
    1346
    1332
    1277
    1258
    1242
    1201
    1156
    1157
    1085
    1073
    1062
    1085
    1039
     974
     898
     959
    1004
     973
     991
     881
     886
     864
     951
     928
     911
     932
     908
     876
     902
     871
     929
     843
     860
     842
     862
     891
     907
     843
     900
     878
     868
     871
     851
     871
     875
     880
     863
     805
     894
     856
     782
     868
     837
     863
     854
     815
     882
     819
     835
     813
     892
     871
     833
     819
     878
     843
     858
     860
     810
     766
     868
     817
     808
     827
     785
     859
     785
     811
     829
     792
     849
     819
     818
     803
     799
     794
     768
     804
     767
     862
     834
     827
     766
     777
     789
     818
     822
     791
     795
     821
     828
     792
     793
     795
     772
     787
     776
     801
     811
     788
     760
     791
     807
     791
     814
     797
     800
     735
     824
     807
     789
     751
     800
     743
     840
     768
     749
     766
     795
     814
     773
     809
     736
     787
     781
     782
     751
     818
     820
     792
     738
     756
     812
     787
     828
     795
     731
     751
     728
     784
     769
     841
     790
     733
     798
     831
     774
     765
     854
     745
     796
     833
     823
     829
     805
     844
     828
     822
     861
     808
     786
     839
     839
     828
     900
     825
     844
     843
     862
     852
     817
     838
     897
     854
     838
     870
     876
     876
     860
     903
     862
     949
     950
     865
     941
     891
     945
     847
     891
     950
     910
     899
     889
     883
     934
     913
     938
     877
     899
     916
     836
     908
     791
     825
     765
     779
     700
     689
     683
     626
     605
     590
     547
     586
     555
     491
     519
     546
     484
     478
     485
     482
     483
     458
     456
     456
     453
     454
     405
     463
     472
     464
     414
     429
     433
     410
     442
     466
     465
     413
     390
     453
     437
     470
     414
     437
     388
     403
     369
     398
     400
     408
     420
     414
     380
     386
     398
     360
     419
     400
     369
     421
     344
     412
     372
     410
     399
     409
     463
     530
     590
     677
     735
     751
     852
     889
    1070
    1387
    2405
    6870
   19292
   29272
   19403
    6508
    1341
     442
     305
     321
     301
     273
     300
     312
     287
     301
     280
     264
     269
     276
     265
     254
     258
     242
     277
     255
     240
     253
     227
     265
     244
     227
     215
     217
     236
     229
     190
     227
     205
     189
     178
     185
     198
     211
     186
     170
     168
     179
     192
     184
     179
     173
     165
     179
     177
     135
     136
     145
     157
     147
     136
     142
     148
     133
     139
     151
     135
     137
     125
     130
     121
     130
      90
     124
     120
     117
     115
     100
     111
     109
      95
     121
      98
     112
      99
      96
      92
     106
     102
     104
      94
      79
     115
      88
      83
      84
      77
      83
      75
      83
      86
      83
      80
      69
      75
      86
      73
      73
      68
      69
      67
      75
      71
      64
      65
      83
      63
      74
      62
      71
      66
      64
      77
      49
      80
      52
      70
      54
      68
      64
      71
      54
      67
      74
      51
      61
      68
      63
      62
      67
      55
      58
      61
      65
      65
      52
      50
      63
      59
      76
      55
      55
      69
      55
      67
      69
      67
      55
      64
      55
      48
      54
      46
      69
      60
      51
      58
      53
      62
      70
      58
      62
      65
      56
      57
      51
      58
      51
      60
      63
      63
      60
      69
      54
      52
      52
      62
      61
      57
      54
      58
      55
      48
      66
      51
      53
      63
      62
      49
      76
      50
      52
      70
      80
      85
     100
     134
     164
     243
     294
     363
     400
     417
     538
     680
     849
    1275
    3280
    9709
   20821
   22418
   11662
    3332
     556
      86
      47
      34
      23
      32
      33
      33
      31
      24
      32
      27
      22
      20
      31
      36
      31
      26
      23
      30
      26
      29
      27
      30
      32
      27
      35
      23
      30
      23
      32
      25
      25
      25
      34
      26
      20
      30
      17
      18
      28
      23
      22
      23
      18
      19
      28
      27
      26
      25
      16
      23
      21
      24
      18
      34
      25
      25
      24
      18
      26
      26
      21
      31
      25
      28
      26
      16
      18
      18
      14
      21
      17
      17
      15
      18
      16
      26
      25
      29
      20
      25
      14
      23
      26
      23
      27
      26
      20
      26
      17
      22
      23
      23
      18
      18
      22
      31
      20
      24
      24
      29
      18
      29
      19
      16
      22
      22
      22
      17
      15
      24
      25
      23
      24
      27
      29
      17
      29
      21
      16
      18
      19
      16
      21
      18
      20
      19
      19
      24
      18
      20
      24
      19
      27
      16
      19
      21
      18
      22
      21
      26
      18
      20
      22
      18
      18
      22
      20
      20
      20
      25
      11
      23
      25
      17
      15
      26
      21
      26
      22
      24
      20
      18
      23
      16
      32
      22
      25
      36
      44
      86
      60
      29
      31
      20
      22
      30
      15
      20
      13
      20
      14
      13
      19
      23
      16
      20
      25
      19
      26
      21
      23
      19
      27
      21
      16
      18
      21
      22
       0
       0
       0
       0
       0
       0
       0
       0
       0
       0
       0
       0
       0
       0
       0
       0
       0
       0
       0
       0
       0
       0
       0
       0
       0
       0
       0
       0
       0
       0
       0
       0
$ROI:
0
$PRESETS:
None
0
0
$ENER_FIT:
0.000000 0.731044
$MCA_CAL:
3
0.000000E+000 7.310444E-001 0.000000E+000 keV
$SHAPE_CAL:
3
0.000000E+000 0.000000E+000 0.000000E+000
