$SPEC_ID:
No sample description was entered.
$SPEC_REM:
DET# 4
DETDESC# JLAB-20 MCB 131
AP# Maestro Version 7.01
$DATE_MEA:
10/07/2025 03:20:02
$MEAS_TIM:
579 600
$DATA:
0 2047
       0
       0
       0
       0
       0
       0
       0
       0
       0
       0
       0
       0
       0
       0
       0
       0
       0
       0
       0
       0
       0
       0
       0
       0
       0
       0
       0
       0
       0
       0
       0
       0
       0
       0
       0
       0
       0
       0
       0
       0
       0
       0
       0
       0
       0
       0
       0
       0
       0
       0
       0
       0
       0
       0
       0
       0
       0
       0
       0
       0
       0
       0
       0
       0
       0
       0
       0
       0
       0
      38
    1310
    1409
    1382
    1438
    1458
    1378
    1369
    1391
    1372
    1379
    1380
    1413
    1357
    1307
    1342
    1363
    1354
    1372
    1278
    1346
    1336
    1367
    1361
    1426
    1386
    1313
    1353
    1365
    1401
    1461
    1350
    1465
    1553
    1369
    1444
    1359
    1383
    1331
    1353
    1317
    1347
    1329
    1360
    1345
    1321
    1456
    1369
    1277
    1428
    1359
    1293
    1328
    1385
    1325
    1365
    1352
    1298
    1372
    1346
    1263
    1312
    1357
    1357
    1344
    1296
    1277
    1347
    1396
    1393
    1306
    1340
    1309
    1330
    1341
    1373
    1287
    1286
    1264
    1376
    1253
    1299
    1364
    1290
    1284
    1273
    1244
    1306
    1348
    1387
    1336
    1271
    1320
    1304
    1295
    1355
    1253
    1277
    1284
    1334
    1305
    1333
    1262
    1358
    1309
    1239
    1281
    1308
    1282
    1312
    1387
    1420
    1241
    1290
    1300
    1348
    1314
    1300
    1316
    1266
    1328
    1294
    1309
    1326
    1321
    1281
    1252
    1294
    1282
    1317
    1289
    1251
    1280
    1299
    1277
    1289
    1323
    1288
    1306
    1305
    1283
    1332
    1260
    1244
    1312
    1227
    1287
    1314
    1224
    1292
    1261
    1232
    1243
    1228
    1272
    1289
    1169
    1227
    1255
    1266
    1280
    1174
    1181
    1224
    1215
    1232
    1236
    1205
    1181
    1218
    1257
    1165
    1226
    1231
    1245
    1213
    1236
    1219
    1188
    1149
    1187
    1198
    1197
    1186
    1140
    1221
    1147
    1207
    1127
    1240
    1209
    1213
    1202
    1201
    1176
    1177
    1198
    1211
    1218
    1132
    1157
    1225
    1146
    1209
    1223
    1162
    1233
    1185
    1256
    1188
    1282
    1240
    1242
    1198
    1221
    1297
    1321
    1386
    1428
    1385
    1455
    1428
    1514
    1511
    1456
    1569
    1473
    1462
    1488
    1521
    1509
    1473
    1427
    1438
    1491
    1448
    1443
    1421
    1415
    1432
    1402
    1378
    1373
    1426
    1439
    1387
    1342
    1380
    1425
    1400
    1340
    1341
    1347
    1300
    1276
    1309
    1363
    1318
    1276
    1307
    1250
    1325
    1214
    1310
    1323
    1208
    1162
    1295
    1314
    1221
    1281
    1213
    1273
    1251
    1274
    1280
    1261
    1241
    1203
    1188
    1206
    1267
    1180
    1220
    1164
    1162
    1178
    1195
    1211
    1200
    1141
    1173
    1147
    1160
    1121
    1160
    1157
    1103
    1108
    1144
    1161
    1142
    1127
    1081
    1078
    1129
    1095
    1115
    1140
    1057
    1143
    1145
    1152
    1106
    1038
    1092
    1082
    1091
    1103
    1031
    1046
    1059
    1049
    1066
    1076
    1052
    1094
    1057
    1001
    1032
    1051
    1041
    1066
    1027
    1026
     997
    1011
     992
     995
     975
    1001
     980
     950
     951
    1028
     994
     987
     964
     901
     964
     975
     956
     976
    1310
    1200
    1011
     943
     976
     966
     987
     978
     925
     973
     987
     947
     949
     888
     954
     958
     967
     919
     996
    1009
     970
     920
     896
     938
     877
     975
     916
     892
     889
     925
     898
     908
     936
     936
     928
     862
     901
     886
     961
     899
     930
     888
     936
     942
     883
     877
     878
     912
     872
     878
     870
     896
     848
     889
     856
     903
     910
     902
     862
     891
     838
     887
     898
     919
     854
     857
     864
     832
     857
     889
     852
     855
     894
     806
     912
     877
     837
     840
     861
     874
     823
     861
     784
     860
     842
     879
     846
     822
     893
     873
     846
     819
     848
     797
     836
     849
     835
     793
     835
     787
     832
     861
     834
     767
     833
     779
     795
     836
     852
     779
     806
     802
     810
     788
     769
     782
     794
     822
     841
     795
     825
     761
     797
     798
     801
     814
     825
     843
     794
     804
     820
     833
     763
     753
     814
     808
     829
     815
     771
     815
     806
     812
     812
     786
     782
     834
     823
     717
     754
     815
     776
     750
     783
     749
     830
     772
     783
     800
     761
     800
     799
     757
     736
     800
     780
     747
     736
     751
     763
     783
     801
     750
     783
     747
     756
     767
     776
     793
     827
     764
     736
     795
     792
     771
     781
     755
     801
     776
     759
     782
     757
     839
     764
     772
     753
     800
     762
     741
     758
     804
     714
     741
     730
     736
     733
     786
     759
     765
     786
     770
     720
     772
     798
     784
     749
     736
     768
     773
     746
     712
     724
     771
     747
     749
     734
     735
     752
     784
     720
     692
     782
     732
     764
     740
     722
     741
     696
     739
     694
     796
     770
     792
     742
     745
     745
     763
     747
     733
     732
     770
     712
     736
     697
     717
     722
     714
     710
     698
     704
     745
     747
     754
     752
     715
     767
     729
     698
     727
     729
     757
     750
     773
     798
     745
     782
     746
     726
     741
     747
     726
     750
     705
     779
     753
     712
     765
     721
     783
     783
     755
     746
     668
     721
     779
     722
     784
     698
     802
     739
     719
     752
     765
     765
     687
     776
     753
     743
     728
     728
     774
     687
     781
     721
     699
     742
     731
     722
     741
     722
     671
     709
     721
     738
     716
     733
     710
     721
     782
     745
     714
     684
     769
     732
     684
     728
     721
     726
     715
     753
     680
     737
     732
     744
     693
     735
     711
     712
     705
     751
     716
     709
     791
     754
     754
     711
     699
     773
     737
     709
     730
     708
     774
     745
     753
     759
     743
     719
     738
     701
     743
     737
     749
     726
     732
     713
     721
     706
     725
     714
     698
     710
     749
     701
     727
     723
     728
     765
     720
     751
     735
     761
     670
     758
     785
     713
     798
     731
     715
     756
     793
     780
     711
     774
     719
     725
     707
     739
     776
     737
     727
     738
     748
     804
     730
     728
     742
     770
     697
     712
     681
     712
     750
     746
     756
     701
     712
     732
     758
     708
     750
     745
     732
     701
     712
     741
     671
     739
     726
     677
     746
     722
     768
     735
     724
     735
     748
     717
     723
     711
     746
     668
     733
     718
     779
     728
     692
     754
     713
     714
     702
     735
     722
     737
     683
     689
     767
     779
     779
     709
     734
     777
     697
     743
     746
     755
     764
     719
     794
     774
     704
     780
     811
     704
     737
     723
     697
     717
     756
     772
     767
     741
     751
     667
     713
     755
     726
     761
     742
     774
     748
     707
     725
     749
     775
     745
     750
     818
     709
     776
     726
     724
     687
     821
     787
     742
     743
     737
     777
     700
     799
     789
     750
     725
     730
     732
     754
     790
     714
     759
     716
     762
     790
     713
     773
     732
     774
     752
     755
     778
     758
     729
     710
     786
     746
     760
     770
     719
     787
     681
     764
     727
     773
     812
     758
     782
     697
     704
     736
     709
     718
     743
     744
     777
     735
     727
     790
     794
     758
     751
     784
     760
     708
     771
     770
     749
     803
     726
     762
     791
     781
     717
     797
     765
     790
     808
     736
     826
     736
     781
     737
     741
     765
     774
     793
     760
     796
     757
     794
     799
     814
     807
     834
     738
     863
     785
     780
     801
     805
     742
     815
     790
     799
     750
     757
     793
     769
     751
     815
     804
     809
     798
     815
     781
     842
     761
     757
     770
     810
     736
     782
     796
     804
     763
     803
     763
     769
     803
     767
     823
     779
     814
     782
     851
     829
     821
     755
     804
     788
     811
     842
     796
     797
     773
     815
     880
     796
     805
     884
     827
     828
     876
     846
     832
     813
     770
     825
     817
     810
     760
     813
     860
     790
     838
     844
     886
     811
     804
     874
     868
     836
     797
     858
     808
     857
     851
     864
     808
     859
     868
     830
     905
     868
     827
     879
     864
     859
     924
     897
     844
     866
     848
     865
     860
     875
     897
     886
     818
     858
     865
     885
     842
     865
     875
     840
     904
     870
     842
     860
     870
     810
     866
     851
     890
     837
     864
     902
     890
     909
     855
     839
     889
     891
     895
     831
     897
     973
     896
     893
     912
     925
     902
     909
     890
     939
     964
     937
     960
     911
     914
     870
     928
     923
     895
     897
     946
     903
     929
     981
     948
     942
     929
     959
     952
     923
     915
     999
     975
     970
     972
     947
    1001
    1007
    1021
    1026
     979
     966
     970
     929
    1006
     986
    1006
    1015
     953
     985
    1004
    1024
    1001
    1045
    1009
    1028
    1012
    1045
    1065
     957
    1068
    1031
    1023
    1071
    1053
    1069
    1051
    1099
    1152
    1126
    1115
    1096
    1113
    1046
    1099
    1153
    1114
    1074
    1138
    1138
    1114
    1101
    1165
    1072
    1161
    1114
    1190
    1122
    1118
    1099
    1143
    1149
    1232
    1192
    1153
    1167
    1223
    1176
    1232
    1153
    1242
    1193
    1210
    1144
    1215
    1275
    1273
    1197
    1226
    1290
    1304
    1245
    1228
    1288
    1360
    1242
    1326
    1325
    1311
    1280
    1277
    1310
    1383
    1345
    1300
    1324
    1374
    1319
    1334
    1330
    1326
    1429
    1349
    1382
    1395
    1387
    1397
    1331
    1391
    1395
    1399
    1322
    1399
    1400
    1368
    1361
    1328
    1357
    1401
    1339
    1366
    1242
    1196
    1254
    1190
    1171
    1105
    1140
    1063
    1073
    1005
     995
     989
     907
     991
     947
     949
     920
     973
     946
     922
     942
     965
     910
     933
     941
     860
     884
     878
     845
     919
     868
     870
     885
     923
     864
     917
     877
     897
     866
     822
     849
     904
     856
     853
     848
     874
     877
     792
     884
     892
     834
     879
     806
     847
     866
     841
     911
     829
     844
     874
     828
     843
     860
     889
     836
     798
     845
     816
     805
     828
     819
     797
     836
     815
     845
     847
     817
     853
     846
     796
     852
     788
     836
     773
     849
     815
     824
     800
     789
     815
     822
     791
     817
     780
     766
     798
     778
     744
     753
     844
     775
     811
     786
     795
     726
     795
     819
     796
     787
     818
     797
     769
     833
     846
     759
     803
     779
     782
     781
     805
     793
     771
     781
     820
     761
     776
     774
     777
     744
     721
     779
     835
     788
     725
     799
     848
     749
     794
     749
     754
     813
     766
     814
     784
     763
     797
     743
     802
     776
     747
     777
     810
     752
     757
     781
     814
     805
     797
     813
     836
     809
     765
     785
     807
     852
     809
     793
     825
     840
     841
     799
     833
     868
     875
     846
     829
     824
     888
     825
     836
     887
     865
     866
     899
     872
     847
     898
     857
     910
     858
     870
     918
     947
     918
     895
     880
     908
     930
     895
     948
     865
     885
     904
     887
     913
     872
     882
     855
     854
     865
     801
     795
     784
     771
     773
     704
     693
     632
     644
     567
     578
     551
     544
     550
     497
     511
     535
     487
     487
     494
     518
     505
     487
     461
     449
     501
     433
     449
     428
     459
     466
     419
     415
     423
     459
     441
     433
     426
     429
     428
     408
     408
     430
     418
     395
     429
     378
     398
     421
     401
     437
     395
     365
     399
     404
     396
     417
     389
     402
     405
     401
     370
     407
     415
     411
     438
     445
     526
     598
     680
     747
     769
     850
     958
    1182
    1493
    3070
    9284
   23437
   28936
   15577
    4315
     935
     364
     297
     326
     288
     280
     289
     268
     288
     277
     285
     257
     252
     245
     257
     247
     253
     246
     251
     223
     243
     231
     248
     248
     250
     244
     223
     235
     188
     203
     189
     219
     214
     236
     198
     217
     190
     197
     187
     186
     187
     177
     164
     193
     176
     156
     169
     165
     167
     154
     154
     157
     149
     162
     158
     153
     138
     116
     146
     135
     135
     118
     131
     108
     117
     128
     132
     124
     117
     125
     114
     111
     122
     101
      94
      96
     115
      94
     103
     108
      98
     100
     108
      95
      94
      97
      99
      84
      84
      97
      72
      78
      62
      75
      89
      58
      76
      66
      73
      81
      75
      71
      71
      84
      55
      82
      78
      83
      65
      75
      72
      60
      61
      75
      77
      70
      68
      73
      68
      80
      68
      62
      79
      49
      68
      63
      58
      57
      50
      64
      47
      67
      65
      61
      62
      52
      62
      55
      59
      65
      57
      49
      58
      56
      63
      52
      69
      64
      64
      64
      59
      56
      59
      55
      50
      72
      64
      74
      69
      48
      72
      57
      60
      58
      62
      54
      67
      46
      59
      42
      45
      55
      52
      70
      57
      63
      62
      61
      40
      50
      39
      51
      51
      60
      43
      51
      53
      49
      55
      73
      64
      61
      55
      56
      65
      76
      55
      75
      92
     124
     127
     154
     212
     307
     351
     439
     468
     533
     669
     907
    1633
    4562
   13107
   23386
   19941
    8532
    1950
     298
      64
      37
      28
      32
      36
      36
      19
      31
      24
      25
      28
      34
      32
      35
      26
      29
      21
      27
      31
      29
      18
      31
      33
      25
      21
      15
      29
      31
      19
      35
      26
      26
      21
      31
      19
      25
      29
      21
      20
      24
      18
      22
      37
      17
      30
      30
      28
      20
      26
      36
      23
      22
      30
      24
      29
      27
      31
      23
      19
      25
      28
      17
      23
      29
      25
      22
      28
      28
      15
      22
      24
      24
      34
      15
      26
      21
      25
      19
      28
      28
      26
      24
      28
      28
      18
      26
      29
      23
      18
      23
      29
      34
      24
      19
      18
      26
      23
      29
      21
      21
      20
      20
      23
      18
      22
      20
      17
      20
      28
      25
      21
      23
      15
      18
      17
      30
      24
      15
      20
      26
      22
      19
      25
      17
      17
      22
      32
      31
      18
      21
      22
      26
      21
      19
      19
      12
      23
      25
      16
      14
      22
      20
      22
      16
      19
      23
      26
      22
      22
      22
      18
      26
      15
      17
      24
      18
      23
      22
      16
      21
      27
      20
      26
      16
      25
      26
      16
      27
      47
      62
      76
      48
      31
      23
      18
      19
      32
      18
      19
      20
       6
      16
      20
      25
      21
      15
      16
      20
      22
      18
      14
      19
      19
      13
      20
      20
      22
      10
      18
       0
       0
       0
       0
       0
       0
       0
       0
       0
       0
       0
       0
       0
       0
       0
       0
       0
       0
       0
       0
       0
       0
       0
       0
       0
       0
       0
       0
       0
       0
       0
       0
$ROI:
0
$PRESETS:
None
0
0
$ENER_FIT:
0.000000 0.731044
$MCA_CAL:
3
0.000000E+000 7.310444E-001 0.000000E+000 keV
$SHAPE_CAL:
3
0.000000E+000 0.000000E+000 0.000000E+000
