$SPEC_ID:
No sample description was entered.
$SPEC_REM:
DET# 4
DETDESC# JLAB-20 MCB 131
AP# Maestro Version 7.01
$DATE_MEA:
10/07/2025 19:50:02
$MEAS_TIM:
579 600
$DATA:
0 2047
       0
       0
       0
       0
       0
       0
       0
       0
       0
       0
       0
       0
       0
       0
       0
       0
       0
       0
       0
       0
       0
       0
       0
       0
       0
       0
       0
       0
       0
       0
       0
       0
       0
       0
       0
       0
       0
       0
       0
       0
       0
       0
       0
       0
       0
       0
       0
       0
       0
       0
       0
       0
       0
       0
       0
       0
       0
       0
       0
       0
       0
       0
       0
       0
       0
       0
       0
       0
       0
      31
    1273
    1401
    1396
    1378
    1396
    1436
    1376
    1411
    1392
    1350
    1370
    1337
    1292
    1355
    1326
    1344
    1329
    1384
    1360
    1339
    1281
    1440
    1376
    1400
    1369
    1327
    1361
    1403
    1453
    1489
    1322
    1527
    1509
    1379
    1392
    1425
    1372
    1303
    1378
    1297
    1315
    1317
    1340
    1384
    1349
    1432
    1344
    1301
    1382
    1409
    1332
    1332
    1359
    1318
    1348
    1335
    1314
    1284
    1308
    1286
    1274
    1264
    1313
    1242
    1315
    1341
    1223
    1248
    1309
    1317
    1350
    1331
    1336
    1342
    1386
    1357
    1289
    1368
    1298
    1346
    1259
    1327
    1274
    1306
    1291
    1265
    1287
    1334
    1289
    1343
    1319
    1346
    1289
    1291
    1374
    1304
    1277
    1332
    1315
    1348
    1305
    1340
    1272
    1354
    1331
    1264
    1309
    1288
    1318
    1299
    1323
    1242
    1329
    1370
    1356
    1306
    1282
    1283
    1278
    1279
    1308
    1332
    1273
    1354
    1287
    1321
    1344
    1267
    1228
    1250
    1270
    1288
    1316
    1266
    1293
    1340
    1368
    1233
    1253
    1265
    1338
    1267
    1312
    1251
    1252
    1251
    1163
    1261
    1276
    1279
    1228
    1250
    1211
    1250
    1248
    1163
    1265
    1244
    1185
    1169
    1191
    1209
    1256
    1240
    1254
    1247
    1252
    1235
    1214
    1199
    1214
    1177
    1187
    1182
    1262
    1224
    1287
    1175
    1185
    1209
    1190
    1136
    1243
    1163
    1165
    1201
    1190
    1233
    1227
    1187
    1179
    1164
    1178
    1107
    1270
    1125
    1181
    1194
    1195
    1146
    1171
    1256
    1201
    1201
    1184
    1217
    1216
    1192
    1220
    1187
    1171
    1198
    1229
    1254
    1308
    1355
    1358
    1350
    1352
    1411
    1469
    1461
    1503
    1541
    1553
    1586
    1588
    1536
    1543
    1449
    1406
    1501
    1399
    1463
    1399
    1406
    1402
    1457
    1372
    1356
    1423
    1368
    1374
    1387
    1365
    1341
    1420
    1357
    1322
    1306
    1356
    1359
    1325
    1334
    1244
    1381
    1364
    1257
    1311
    1211
    1302
    1256
    1284
    1279
    1261
    1247
    1295
    1193
    1205
    1250
    1222
    1166
    1209
    1196
    1267
    1214
    1238
    1216
    1170
    1166
    1193
    1186
    1183
    1196
    1195
    1090
    1155
    1167
    1159
    1169
    1101
    1180
    1137
    1207
    1198
    1149
    1123
    1131
    1173
    1138
    1079
    1102
    1073
    1098
    1108
    1124
    1124
    1067
    1096
    1122
    1059
    1061
    1085
    1056
    1061
    1086
    1113
    1030
    1128
    1109
    1060
    1056
    1019
    1076
     957
    1075
    1076
    1074
    1069
    1098
    1002
    1058
    1017
    1091
    1090
    1059
    1008
     976
    1012
     998
     914
    1044
    1027
    1045
    1016
     987
     953
     946
     971
     949
     971
    1037
    1189
    1176
    1010
     992
     937
     949
     960
     941
     947
     977
     921
     964
     894
     960
     933
     975
     983
     959
     970
     970
     929
     982
     975
     915
     927
     995
     952
     922
     889
     950
     943
     925
     918
     889
     927
     899
     908
     899
     913
     876
     911
     850
     905
     865
     866
     892
     883
     889
     948
     883
     874
     818
     898
     857
     897
     871
     905
     881
     845
     860
     808
     850
     854
     850
     892
     872
     875
     852
     847
     851
     842
     898
     849
     836
     880
     859
     847
     872
     839
     841
     869
     855
     832
     823
     846
     871
     842
     795
     820
     799
     858
     822
     836
     839
     774
     819
     823
     766
     854
     884
     816
     877
     877
     823
     814
     799
     816
     794
     786
     810
     829
     806
     781
     825
     825
     820
     839
     808
     817
     823
     798
     832
     833
     769
     865
     802
     833
     834
     802
     826
     793
     793
     785
     790
     806
     773
     794
     804
     789
     748
     808
     813
     785
     753
     786
     815
     724
     800
     834
     801
     795
     799
     771
     802
     732
     805
     781
     759
     819
     818
     769
     754
     742
     751
     840
     775
     795
     800
     736
     757
     796
     787
     779
     756
     770
     785
     746
     732
     795
     801
     776
     812
     756
     790
     769
     734
     763
     766
     785
     713
     719
     778
     780
     800
     784
     753
     728
     768
     737
     774
     810
     712
     791
     714
     708
     768
     776
     769
     731
     740
     753
     729
     762
     775
     710
     752
     692
     739
     697
     741
     747
     749
     747
     709
     714
     727
     772
     728
     734
     755
     746
     734
     755
     775
     741
     751
     773
     727
     752
     779
     726
     744
     711
     737
     766
     711
     739
     719
     750
     763
     702
     685
     717
     692
     765
     756
     735
     775
     728
     682
     757
     754
     715
     741
     732
     713
     727
     778
     692
     754
     719
     793
     771
     739
     804
     840
     744
     779
     768
     741
     726
     737
     676
     752
     745
     741
     702
     748
     711
     743
     740
     756
     727
     756
     738
     741
     827
     736
     752
     714
     698
     715
     715
     712
     696
     706
     723
     691
     742
     705
     725
     734
     707
     697
     712
     709
     690
     768
     716
     738
     703
     711
     737
     752
     752
     765
     716
     716
     773
     719
     718
     716
     707
     728
     666
     685
     800
     727
     778
     708
     698
     773
     734
     692
     721
     733
     704
     751
     762
     703
     713
     746
     741
     692
     704
     723
     733
     709
     700
     715
     731
     733
     727
     732
     772
     723
     701
     738
     720
     759
     736
     708
     708
     721
     687
     804
     726
     702
     671
     743
     717
     739
     804
     710
     739
     691
     733
     753
     760
     707
     759
     697
     703
     761
     750
     735
     737
     697
     720
     711
     733
     703
     717
     768
     762
     762
     787
     770
     734
     711
     721
     772
     700
     748
     768
     709
     727
     750
     719
     753
     718
     743
     732
     750
     726
     725
     735
     769
     725
     747
     741
     780
     749
     733
     719
     766
     762
     716
     733
     740
     710
     701
     716
     727
     731
     692
     721
     772
     726
     737
     754
     772
     709
     723
     720
     684
     757
     688
     712
     748
     767
     711
     771
     780
     705
     698
     733
     710
     778
     713
     744
     686
     790
     735
     720
     760
     757
     752
     725
     753
     766
     745
     746
     727
     758
     768
     752
     777
     740
     746
     762
     773
     754
     726
     726
     715
     764
     741
     732
     698
     811
     748
     749
     761
     748
     778
     720
     732
     696
     781
     822
     733
     719
     723
     748
     731
     775
     694
     725
     767
     721
     752
     724
     756
     767
     773
     729
     709
     752
     771
     755
     676
     750
     743
     754
     775
     768
     771
     756
     753
     716
     775
     783
     788
     753
     777
     795
     731
     736
     758
     698
     743
     722
     783
     769
     707
     764
     776
     785
     794
     714
     731
     750
     783
     779
     717
     751
     793
     779
     762
     760
     776
     779
     784
     731
     737
     765
     763
     797
     814
     720
     773
     778
     770
     741
     788
     741
     739
     813
     751
     794
     746
     740
     783
     799
     827
     777
     780
     788
     778
     749
     741
     804
     760
     767
     749
     760
     789
     770
     805
     790
     789
     772
     753
     758
     776
     850
     784
     751
     779
     766
     760
     708
     757
     811
     796
     782
     788
     808
     750
     803
     809
     801
     791
     802
     752
     795
     789
     807
     785
     758
     795
     742
     776
     765
     791
     827
     810
     798
     790
     784
     796
     806
     791
     800
     824
     794
     805
     845
     872
     812
     828
     833
     765
     827
     825
     804
     847
     859
     797
     829
     867
     841
     807
     794
     794
     856
     811
     845
     811
     804
     773
     818
     822
     871
     855
     836
     881
     873
     804
     848
     831
     800
     890
     878
     936
     891
     914
     878
     874
     834
     865
     861
     854
     852
     870
     930
     843
     847
     806
     849
     863
     854
     860
     888
     889
     912
     786
     844
     864
     899
     858
     891
     917
     897
     966
     879
     910
     928
     936
     809
     879
     907
     887
     904
     904
     903
     956
     879
     852
     916
     919
     944
     905
     953
     899
     902
     924
     948
     893
     871
     910
     954
     948
     881
     943
    1009
     969
     926
     894
     987
     945
     973
     986
     989
     949
     945
     989
     933
    1031
    1020
     933
     994
     951
     952
     997
     994
    1013
     987
    1007
     962
    1079
    1017
     977
    1060
    1036
    1007
    1057
     976
    1058
    1054
    1062
    1071
    1055
    1029
    1060
    1056
    1025
    1017
    1038
    1154
    1120
    1056
    1028
    1093
    1086
    1082
    1106
    1094
    1055
    1059
    1112
    1115
    1136
    1144
    1137
    1170
    1184
    1168
    1131
    1194
    1135
    1167
    1153
    1193
    1170
    1172
    1160
    1134
    1153
    1260
    1197
    1200
    1175
    1083
    1210
    1236
    1188
    1198
    1231
    1259
    1260
    1228
    1224
    1250
    1250
    1269
    1259
    1299
    1273
    1275
    1354
    1313
    1363
    1316
    1341
    1320
    1327
    1271
    1370
    1335
    1377
    1352
    1380
    1349
    1357
    1353
    1415
    1345
    1361
    1367
    1400
    1362
    1403
    1399
    1414
    1348
    1439
    1428
    1459
    1371
    1408
    1374
    1377
    1343
    1296
    1236
    1248
    1172
    1104
    1097
    1076
    1068
    1013
    1044
    1012
    1051
     963
     988
     900
     933
     928
     953
     971
     911
     962
     978
     923
     896
     911
     903
     914
     922
     962
     872
     881
     841
     887
     885
     841
     870
     919
     889
     843
     816
     883
     852
     873
     870
     849
     838
     861
     909
     868
     877
     893
     900
     872
     853
     908
     833
     841
     878
     866
     851
     795
     811
     871
     842
     918
     811
     839
     865
     845
     834
     828
     876
     863
     815
     784
     805
     857
     773
     845
     825
     875
     808
     811
     798
     793
     794
     781
     835
     844
     762
     771
     812
     819
     739
     825
     806
     829
     834
     789
     792
     805
     802
     813
     787
     842
     734
     826
     823
     793
     715
     799
     828
     757
     779
     784
     776
     735
     803
     782
     738
     801
     726
     828
     803
     726
     753
     780
     810
     734
     797
     789
     748
     739
     770
     762
     792
     749
     742
     716
     824
     818
     771
     768
     812
     815
     848
     848
     781
     782
     784
     779
     822
     811
     774
     802
     775
     770
     839
     839
     831
     802
     774
     839
     846
     829
     818
     821
     827
     807
     876
     814
     814
     814
     865
     862
     846
     806
     805
     867
     842
     842
     876
     873
     861
     835
     875
     863
     902
     906
     872
     892
     921
     958
     859
     868
     899
     940
     900
     871
     950
     937
     897
     920
     922
     905
     871
     858
     888
     879
     801
     870
     841
     823
     732
     687
     670
     621
     647
     613
     552
     610
     547
     533
     510
     530
     520
     497
     493
     497
     485
     478
     513
     474
     464
     469
     446
     441
     454
     452
     431
     462
     444
     460
     427
     399
     426
     420
     459
     423
     416
     401
     419
     398
     426
     414
     409
     421
     391
     416
     419
     402
     377
     394
     348
     388
     404
     389
     389
     363
     375
     395
     404
     362
     366
     408
     475
     501
     528
     617
     655
     759
     781
     934
     900
    1117
    1613
    3222
   10122
   24438
   28366
   14815
    4004
     806
     342
     296
     299
     306
     297
     259
     311
     279
     279
     267
     281
     258
     277
     259
     289
     271
     260
     234
     283
     259
     226
     252
     226
     247
     202
     213
     239
     238
     224
     194
     225
     231
     213
     219
     224
     231
     193
     183
     189
     184
     168
     178
     163
     177
     161
     161
     162
     165
     169
     157
     142
     139
     161
     160
     142
     152
     147
     142
     135
     121
     135
     140
     137
     135
     125
     138
     107
      97
     112
     120
     100
     107
      92
     103
     109
     116
     114
     103
      85
     109
     121
      91
     100
     106
      88
      73
      95
      98
      73
      76
      76
      66
      81
      83
      68
      78
      62
      88
      78
      71
      69
      72
      75
      72
      69
      78
      76
      54
      72
      78
      67
      75
      78
      62
      61
      66
      69
      70
      59
      54
      66
      72
      62
      58
      78
      62
      69
      89
      68
      54
      64
      58
      48
      58
      52
      71
      63
      59
      66
      72
      57
      61
      56
      54
      65
      71
      63
      53
      55
      55
      72
      62
      67
      64
      69
      57
      65
      53
      59
      50
      60
      57
      51
      54
      44
      49
      63
      54
      59
      50
      46
      68
      67
      48
      59
      50
      64
      47
      45
      50
      53
      57
      44
      50
      60
      60
      47
      50
      55
      66
      59
      61
      60
      49
      67
      90
      87
      78
     103
     154
     193
     253
     301
     368
     438
     508
     557
     695
     971
    1740
    4686
   13794
   23607
   19373
    7830
    1747
     292
      47
      35
      35
      31
      22
      34
      20
      30
      39
      30
      23
      26
      32
      20
      17
      23
      36
      28
      24
      21
      27
      26
      19
      21
      31
      30
      21
      29
      24
      26
      22
      21
      22
      25
      33
      30
      29
      18
      19
      15
      15
      24
      33
      24
      18
      17
      29
      31
      24
      22
      23
      26
      25
      21
      28
      24
      23
      24
      22
      14
      21
      17
      26
      26
      27
      24
      24
      24
      15
      24
      20
      27
      17
      29
      18
      23
      20
      23
      31
      18
      31
      30
      33
      23
      18
      28
      30
      20
      23
      18
      34
      22
      32
      20
      28
      30
      21
      13
      33
      19
      15
      26
      21
      24
      24
      21
      23
      28
      20
      22
      26
      25
      26
      23
      16
      16
      17
      22
      23
      22
      19
      26
      20
      28
      17
      32
      12
      18
      15
      27
      23
      17
      19
      24
      18
      19
      26
      19
      18
      25
      19
      29
      25
      19
      22
      26
      16
      13
      21
      18
      20
      16
      17
      28
      10
      24
      18
      13
      26
      17
      29
      19
      25
      19
      27
      27
      13
      22
      49
      68
      50
      51
      44
      17
      15
      21
      17
      14
      14
       9
      24
      18
      17
      14
      18
      20
      31
      14
      16
      20
      18
      17
      14
       9
      16
      17
      18
      23
      22
       0
       0
       0
       0
       0
       0
       0
       0
       0
       0
       0
       0
       0
       0
       0
       0
       0
       0
       0
       0
       0
       0
       0
       0
       0
       0
       0
       0
       0
       0
       0
       0
$ROI:
0
$PRESETS:
None
0
0
$ENER_FIT:
0.000000 0.731044
$MCA_CAL:
3
0.000000E+000 7.310444E-001 0.000000E+000 keV
$SHAPE_CAL:
3
0.000000E+000 0.000000E+000 0.000000E+000
