$SPEC_ID:
No sample description was entered.
$SPEC_REM:
DET# 4
DETDESC# JLAB-20 MCB 131
AP# Maestro Version 7.01
$DATE_MEA:
10/06/2025 16:10:02
$MEAS_TIM:
579 599
$DATA:
0 2047
       0
       0
       0
       0
       0
       0
       0
       0
       0
       0
       0
       0
       0
       0
       0
       0
       0
       0
       0
       0
       0
       0
       0
       0
       0
       0
       0
       0
       0
       0
       0
       0
       0
       0
       0
       0
       0
       0
       0
       0
       0
       0
       0
       0
       0
       0
       0
       0
       0
       0
       0
       0
       0
       0
       0
       0
       0
       0
       0
       0
       0
       0
       0
       0
       0
       0
       0
       0
       0
      44
    1354
    1336
    1439
    1384
    1337
    1408
    1330
    1410
    1387
    1359
    1363
    1326
    1370
    1360
    1437
    1405
    1408
    1345
    1329
    1291
    1341
    1338
    1363
    1372
    1398
    1415
    1336
    1407
    1478
    1387
    1420
    1480
    1536
    1312
    1408
    1354
    1442
    1300
    1310
    1374
    1351
    1281
    1326
    1335
    1353
    1415
    1380
    1318
    1430
    1381
    1405
    1293
    1377
    1284
    1325
    1324
    1330
    1306
    1356
    1322
    1310
    1368
    1288
    1405
    1345
    1336
    1373
    1316
    1307
    1358
    1298
    1325
    1307
    1374
    1338
    1344
    1323
    1229
    1312
    1273
    1290
    1280
    1360
    1306
    1261
    1342
    1271
    1342
    1264
    1262
    1283
    1297
    1281
    1284
    1254
    1386
    1355
    1353
    1341
    1308
    1335
    1370
    1357
    1345
    1377
    1339
    1289
    1300
    1248
    1401
    1324
    1273
    1314
    1248
    1346
    1278
    1305
    1381
    1324
    1281
    1319
    1335
    1289
    1284
    1360
    1371
    1275
    1284
    1303
    1288
    1278
    1288
    1312
    1301
    1255
    1318
    1346
    1318
    1216
    1303
    1263
    1240
    1252
    1292
    1312
    1249
    1281
    1244
    1227
    1240
    1261
    1327
    1256
    1281
    1200
    1193
    1320
    1206
    1178
    1235
    1177
    1264
    1177
    1142
    1190
    1195
    1203
    1229
    1214
    1195
    1223
    1184
    1243
    1198
    1286
    1222
    1276
    1167
    1202
    1213
    1199
    1161
    1173
    1141
    1193
    1159
    1169
    1133
    1144
    1183
    1222
    1175
    1216
    1148
    1119
    1142
    1130
    1140
    1225
    1137
    1189
    1230
    1166
    1176
    1153
    1197
    1116
    1236
    1166
    1251
    1259
    1320
    1216
    1305
    1303
    1335
    1381
    1395
    1414
    1433
    1450
    1462
    1499
    1530
    1435
    1566
    1466
    1515
    1510
    1501
    1475
    1463
    1493
    1447
    1357
    1440
    1442
    1402
    1427
    1375
    1347
    1458
    1312
    1341
    1398
    1400
    1422
    1360
    1360
    1330
    1296
    1310
    1314
    1317
    1274
    1329
    1263
    1316
    1328
    1322
    1302
    1323
    1298
    1279
    1307
    1288
    1296
    1300
    1266
    1226
    1215
    1297
    1268
    1211
    1165
    1218
    1172
    1209
    1168
    1202
    1272
    1270
    1161
    1186
    1178
    1182
    1190
    1147
    1164
    1137
    1165
    1200
    1145
    1179
    1163
    1152
    1195
    1126
    1137
    1124
    1151
    1112
    1108
    1074
    1139
    1084
    1125
    1104
    1041
    1074
    1134
    1026
    1121
    1060
    1042
    1058
    1082
    1055
    1102
    1071
    1033
    1050
    1062
    1037
    1024
    1016
    1033
    1055
    1048
    1018
    1013
    1055
    1073
    1045
    1065
    1010
    1019
    1025
    1009
    1014
     988
    1039
    1025
     980
    1020
     950
     999
     962
     951
     997
    1016
    1083
    1290
    1188
    1041
     981
     929
     956
     989
     905
     915
     955
     928
     973
     986
     916
     923
     944
     941
     916
     936
     963
     967
     925
     882
     893
     908
     893
     943
     903
     876
     905
     928
     959
     953
     912
     898
     887
     916
     917
     964
     915
     855
     883
     861
     969
     832
     922
     861
     916
     911
     889
     909
     862
     830
     932
     913
     884
     862
     948
     840
     854
     867
     873
     889
     826
     840
     846
     895
     887
     853
     826
     851
     871
     914
     802
     837
     886
     846
     857
     859
     797
     861
     847
     854
     883
     862
     825
     845
     851
     871
     814
     861
     815
     819
     834
     803
     844
     807
     820
     863
     809
     776
     830
     797
     832
     830
     781
     838
     847
     842
     803
     840
     843
     824
     800
     794
     768
     823
     824
     837
     815
     799
     851
     761
     831
     828
     759
     796
     805
     785
     784
     776
     785
     775
     785
     807
     765
     811
     782
     786
     763
     808
     781
     774
     783
     750
     769
     772
     774
     790
     785
     780
     809
     754
     793
     817
     729
     822
     782
     795
     730
     777
     760
     762
     767
     768
     766
     784
     782
     766
     848
     775
     794
     772
     771
     794
     813
     795
     786
     773
     762
     705
     789
     757
     760
     786
     738
     758
     802
     725
     768
     676
     740
     772
     800
     758
     708
     711
     782
     753
     730
     741
     790
     784
     733
     756
     754
     737
     740
     734
     770
     738
     730
     757
     762
     769
     763
     769
     766
     768
     756
     698
     749
     776
     754
     756
     721
     763
     786
     745
     787
     791
     720
     705
     779
     754
     721
     736
     771
     771
     753
     729
     776
     752
     699
     738
     687
     736
     739
     751
     704
     714
     747
     759
     728
     705
     726
     717
     694
     744
     745
     736
     712
     778
     741
     741
     760
     714
     713
     783
     754
     797
     805
     759
     821
     747
     739
     724
     718
     754
     676
     791
     767
     770
     713
     777
     723
     752
     695
     718
     726
     799
     719
     731
     765
     715
     700
     743
     731
     719
     724
     707
     756
     700
     761
     742
     708
     793
     721
     723
     761
     701
     747
     741
     708
     726
     751
     739
     726
     710
     729
     728
     704
     728
     766
     763
     720
     757
     687
     714
     726
     751
     768
     724
     726
     711
     739
     733
     760
     736
     703
     745
     721
     744
     738
     765
     721
     725
     720
     708
     781
     754
     733
     714
     783
     730
     731
     749
     748
     725
     739
     706
     744
     746
     779
     702
     726
     760
     669
     727
     742
     750
     752
     730
     728
     743
     726
     755
     762
     711
     751
     708
     715
     707
     735
     739
     737
     774
     741
     742
     725
     767
     655
     683
     706
     696
     737
     695
     707
     700
     727
     708
     706
     715
     747
     717
     718
     711
     804
     701
     720
     709
     805
     793
     768
     735
     735
     768
     731
     710
     726
     728
     759
     753
     699
     723
     721
     733
     744
     720
     706
     779
     702
     712
     732
     716
     749
     712
     747
     749
     741
     789
     728
     715
     720
     736
     744
     731
     740
     710
     700
     742
     715
     702
     734
     682
     723
     689
     754
     740
     730
     712
     738
     746
     750
     727
     759
     715
     663
     712
     740
     803
     754
     756
     732
     713
     744
     702
     729
     748
     797
     752
     808
     767
     716
     726
     764
     751
     791
     712
     736
     748
     765
     765
     755
     701
     732
     797
     800
     727
     766
     761
     750
     701
     769
     745
     739
     774
     709
     798
     739
     746
     740
     745
     782
     697
     726
     797
     698
     718
     775
     708
     726
     774
     788
     771
     733
     784
     780
     774
     770
     765
     815
     725
     744
     745
     791
     762
     811
     755
     726
     715
     738
     754
     780
     763
     740
     812
     738
     736
     745
     791
     721
     762
     756
     808
     769
     738
     766
     717
     731
     737
     793
     721
     782
     744
     776
     760
     761
     722
     815
     728
     821
     807
     777
     717
     815
     747
     789
     789
     766
     725
     793
     757
     746
     780
     799
     800
     802
     740
     785
     754
     814
     762
     749
     750
     793
     729
     792
     787
     714
     794
     777
     757
     757
     747
     794
     709
     764
     752
     783
     785
     734
     760
     774
     811
     758
     802
     725
     794
     810
     760
     805
     847
     757
     808
     817
     822
     840
     813
     776
     804
     773
     730
     817
     790
     816
     776
     766
     740
     820
     835
     797
     800
     786
     732
     795
     770
     796
     844
     801
     817
     814
     790
     832
     818
     807
     784
     830
     833
     783
     810
     797
     855
     848
     826
     804
     788
     809
     822
     823
     869
     833
     887
     825
     822
     859
     806
     857
     861
     830
     818
     807
     792
     796
     859
     818
     866
     801
     798
     870
     900
     802
     842
     807
     916
     873
     882
     843
     863
     841
     893
     906
     873
     826
     875
     844
     871
     846
     889
     848
     885
     881
     842
     917
     911
     854
     887
     880
     870
     902
     908
     862
     827
     921
     895
     918
     863
     920
     915
     878
     838
     900
     891
     945
     925
     896
     897
     907
     942
     924
     939
     888
     896
     953
     926
     899
     956
     919
     979
     899
     923
     920
     917
     992
     948
     925
     923
     939
     971
     907
     984
     956
     978
     968
    1027
     940
     960
     984
     963
     968
     998
     945
     938
     933
    1019
     954
    1025
     955
     988
    1026
    1006
     974
    1000
    1024
    1032
     997
    1015
    1052
    1004
    1034
    1025
    1067
    1096
    1001
    1034
    1020
    1063
    1019
    1095
    1095
    1060
    1099
    1138
    1085
    1152
    1078
    1099
    1088
    1138
    1082
    1097
    1121
    1130
    1075
    1170
    1147
    1168
    1112
    1112
    1121
    1100
    1122
    1163
    1172
    1131
    1187
    1181
    1178
    1184
    1246
    1188
    1184
    1134
    1254
    1302
    1254
    1233
    1202
    1269
    1262
    1275
    1296
    1178
    1288
    1272
    1230
    1252
    1225
    1229
    1342
    1335
    1285
    1356
    1293
    1337
    1317
    1363
    1347
    1319
    1350
    1363
    1339
    1392
    1365
    1394
    1385
    1403
    1418
    1395
    1400
    1416
    1425
    1396
    1400
    1401
    1365
    1400
    1423
    1398
    1341
    1406
    1356
    1342
    1452
    1299
    1347
    1257
    1222
    1139
    1155
    1074
    1057
     998
     994
    1022
    1005
    1004
     962
     991
     983
     943
     895
     948
     871
     921
     920
     884
     946
     917
     898
     896
     885
     905
     866
     893
     900
     810
     856
     856
     916
     924
     883
     850
     825
     861
     881
     901
     890
     906
     875
     875
     879
     850
     901
     854
     835
     824
     843
     787
     895
     843
     880
     861
     836
     857
     824
     870
     882
     808
     873
     927
     802
     833
     901
     823
     822
     851
     825
     861
     830
     837
     820
     790
     803
     829
     812
     780
     840
     814
     805
     818
     840
     837
     867
     840
     805
     763
     790
     794
     795
     792
     817
     833
     810
     757
     792
     788
     784
     812
     759
     768
     716
     790
     754
     823
     826
     810
     822
     783
     812
     759
     807
     762
     744
     815
     844
     780
     765
     772
     785
     749
     758
     772
     815
     813
     728
     741
     789
     738
     715
     824
     775
     759
     799
     775
     784
     755
     768
     764
     800
     811
     807
     814
     699
     794
     805
     788
     792
     824
     797
     800
     806
     770
     806
     806
     779
     859
     826
     824
     850
     828
     848
     792
     841
     825
     853
     807
     868
     834
     883
     838
     812
     846
     843
     824
     871
     883
     863
     877
     834
     890
     864
     883
     891
     864
     876
     839
     926
     923
     907
     949
     948
     932
     880
     922
     943
     857
     905
     927
     934
     893
     851
     896
     838
     827
     838
     804
     763
     714
     754
     694
     642
     665
     612
     539
     543
     563
     554
     570
     501
     500
     486
     487
     479
     494
     511
     441
     478
     461
     434
     482
     441
     443
     481
     494
     435
     440
     451
     427
     443
     419
     437
     432
     429
     424
     414
     383
     427
     435
     437
     413
     396
     413
     399
     375
     423
     363
     421
     411
     382
     388
     359
     415
     359
     395
     401
     379
     364
     361
     424
     446
     517
     519
     601
     698
     773
     834
     930
    1046
    1274
    1924
    5037
   15686
   28439
   23731
    9006
    2139
     513
     312
     298
     306
     285
     309
     272
     276
     280
     262
     267
     268
     286
     258
     278
     268
     232
     249
     250
     237
     228
     236
     262
     239
     225
     241
     257
     242
     210
     215
     204
     207
     193
     204
     187
     207
     203
     217
     180
     181
     203
     169
     183
     174
     170
     174
     170
     156
     153
     164
     151
     163
     172
     156
     157
     127
     119
     136
     138
     119
     144
     126
     133
     124
     113
     117
     126
     121
     120
     104
     127
     102
     123
     146
     119
     122
     100
     104
     115
     102
     106
     101
      91
     107
      86
     107
      91
      87
      99
      70
      79
      92
      81
      86
      79
      78
      92
      91
      74
      67
      81
      79
      71
      76
      59
      63
      71
      68
      74
      69
      61
      60
      67
      61
      59
      80
      66
      55
      65
      47
      62
      67
      67
      52
      55
      65
      65
      65
      61
      62
      61
      64
      61
      60
      56
      59
      59
      56
      54
      59
      49
      62
      67
      68
      54
      59
      68
      75
      68
      71
      44
      51
      56
      71
      71
      74
      62
      56
      59
      58
      53
      62
      61
      57
      59
      55
      66
      57
      54
      56
      56
      46
      74
      59
      45
      68
      59
      63
      41
      53
      52
      51
      59
      49
      44
      58
      53
      58
      50
      45
      51
      54
      46
      67
      83
      64
      73
      65
      97
     110
     143
     200
     247
     313
     412
     440
     474
     612
     740
    1173
    2723
    8162
   19510
   23670
   13681
    4159
     725
     114
      32
      40
      31
      33
      33
      35
      29
      35
      22
      37
      31
      30
      29
      29
      26
      19
      25
      31
      29
      25
      23
      23
      34
      26
      19
      20
      20
      27
      25
      14
      24
      26
      22
      16
      28
      28
      23
      25
      23
      24
      33
      25
      37
      17
      27
      20
      27
      22
      34
      26
      34
      35
      23
      33
      24
      24
      26
      20
      25
      19
      29
      25
      21
      15
      33
      29
      21
      18
      17
      20
      27
      28
      19
      22
      18
      27
      25
      16
      16
      29
      20
      29
      13
      17
      27
      17
      18
      28
      21
      34
      25
      19
      27
      20
      19
      21
      24
      21
      25
      14
      21
      19
      28
      25
      20
      20
      22
      28
      16
      19
      30
      25
      15
      27
      25
      23
      19
      25
      16
      11
      15
      33
      22
      24
      25
      23
      22
      24
      14
      17
      20
      20
      20
      18
      26
      23
      21
      28
      23
      26
      22
      19
      23
      13
      27
      17
      18
      23
      20
      26
      21
      21
      21
      19
      17
      26
      16
      19
      24
      23
      17
      24
       9
      21
      31
      35
      26
      32
      66
      75
      61
      41
      24
      27
      18
      20
      19
      24
      14
      10
      19
      37
      16
      25
      12
      15
      22
      24
      15
      15
      18
      25
      26
      21
      17
      23
      21
      22
      20
       0
       0
       0
       0
       0
       0
       0
       0
       0
       0
       0
       0
       0
       0
       0
       0
       0
       0
       0
       0
       0
       0
       0
       0
       0
       0
       0
       0
       0
       0
       0
       0
$ROI:
0
$PRESETS:
None
0
0
$ENER_FIT:
0.000000 0.731044
$MCA_CAL:
3
0.000000E+000 7.310444E-001 0.000000E+000 keV
$SHAPE_CAL:
3
0.000000E+000 0.000000E+000 0.000000E+000
