$SPEC_ID:
No sample description was entered.
$SPEC_REM:
DET# 4
DETDESC# JLAB-20 MCB 131
AP# Maestro Version 7.01
$DATE_MEA:
10/06/2025 13:00:02
$MEAS_TIM:
579 600
$DATA:
0 2047
       0
       0
       0
       0
       0
       0
       0
       0
       0
       0
       0
       0
       0
       0
       0
       0
       0
       0
       0
       0
       0
       0
       0
       0
       0
       0
       0
       0
       0
       0
       0
       0
       0
       0
       0
       0
       0
       0
       0
       0
       0
       0
       0
       0
       0
       0
       0
       0
       0
       0
       0
       0
       0
       0
       0
       0
       0
       0
       0
       0
       0
       0
       0
       0
       0
       0
       0
       0
       0
      52
    1359
    1437
    1442
    1411
    1339
    1385
    1395
    1394
    1381
    1317
    1394
    1329
    1382
    1381
    1330
    1410
    1385
    1396
    1412
    1345
    1342
    1340
    1353
    1392
    1353
    1405
    1352
    1421
    1413
    1469
    1369
    1572
    1557
    1420
    1412
    1375
    1390
    1362
    1273
    1332
    1378
    1300
    1349
    1303
    1315
    1362
    1305
    1313
    1402
    1304
    1373
    1381
    1306
    1313
    1356
    1325
    1330
    1313
    1339
    1323
    1310
    1342
    1301
    1346
    1363
    1332
    1285
    1326
    1325
    1285
    1322
    1353
    1328
    1322
    1313
    1321
    1274
    1244
    1321
    1267
    1293
    1329
    1292
    1297
    1307
    1307
    1266
    1311
    1307
    1329
    1361
    1288
    1303
    1277
    1371
    1329
    1279
    1343
    1321
    1324
    1307
    1359
    1317
    1267
    1308
    1360
    1308
    1399
    1294
    1340
    1309
    1334
    1348
    1313
    1286
    1309
    1382
    1359
    1311
    1304
    1315
    1358
    1280
    1313
    1359
    1295
    1330
    1265
    1336
    1309
    1269
    1313
    1273
    1208
    1235
    1343
    1413
    1299
    1272
    1288
    1202
    1189
    1289
    1301
    1220
    1277
    1221
    1252
    1217
    1271
    1219
    1214
    1270
    1279
    1261
    1235
    1245
    1258
    1244
    1283
    1252
    1211
    1262
    1217
    1211
    1277
    1209
    1275
    1221
    1223
    1183
    1196
    1178
    1230
    1212
    1228
    1140
    1160
    1192
    1151
    1148
    1218
    1230
    1271
    1201
    1210
    1187
    1184
    1046
    1174
    1193
    1194
    1192
    1185
    1159
    1196
    1215
    1208
    1180
    1220
    1158
    1218
    1213
    1194
    1165
    1193
    1177
    1132
    1135
    1131
    1186
    1292
    1229
    1312
    1329
    1346
    1342
    1376
    1394
    1443
    1471
    1489
    1469
    1508
    1477
    1490
    1510
    1541
    1465
    1471
    1462
    1557
    1442
    1508
    1466
    1424
    1398
    1460
    1364
    1336
    1359
    1396
    1370
    1315
    1419
    1410
    1327
    1396
    1340
    1249
    1370
    1322
    1314
    1320
    1369
    1353
    1305
    1300
    1241
    1215
    1310
    1223
    1277
    1219
    1209
    1251
    1249
    1300
    1258
    1257
    1217
    1234
    1204
    1161
    1193
    1233
    1260
    1254
    1204
    1272
    1178
    1148
    1221
    1174
    1272
    1195
    1126
    1244
    1204
    1196
    1136
    1172
    1170
    1104
    1178
    1072
    1152
    1134
    1153
    1083
    1141
    1122
    1163
    1083
    1118
    1056
    1085
    1081
    1116
    1078
    1087
    1096
    1060
    1070
    1102
    1059
    1056
    1063
    1053
    1117
    1004
    1011
    1095
     997
    1047
    1017
    1068
    1058
    1010
    1002
    1028
    1026
    1031
    1049
     970
    1022
    1011
    1024
    1004
    1025
    1019
     991
    1014
     980
     967
     962
    1000
     961
     983
    1016
    1004
    1030
    1205
    1161
    1022
    1000
     979
     966
     951
     970
     970
     931
     976
     933
     963
    1001
     847
     963
     922
     960
     952
     945
     915
     907
     904
     941
     963
     885
     903
     942
     953
     907
     916
     884
     924
     908
     953
     915
     919
     965
     899
     896
     903
     908
     898
     901
     851
     895
     842
     842
     884
     898
     896
     872
     851
     942
     861
     840
     895
     916
     931
     903
     869
     922
     867
     898
     909
     844
     888
     870
     817
     861
     871
     819
     850
     814
     888
     868
     827
     853
     832
     871
     847
     853
     837
     828
     845
     860
     843
     807
     821
     876
     813
     841
     816
     868
     839
     820
     856
     887
     789
     812
     849
     756
     907
     768
     841
     842
     832
     860
     826
     779
     763
     832
     783
     829
     845
     813
     810
     829
     803
     772
     780
     795
     799
     760
     823
     864
     815
     783
     793
     800
     803
     805
     823
     809
     814
     782
     738
     832
     781
     812
     759
     802
     765
     780
     805
     777
     819
     808
     764
     802
     767
     791
     838
     733
     722
     808
     805
     786
     804
     771
     793
     773
     775
     750
     792
     796
     747
     787
     778
     800
     760
     787
     785
     789
     767
     791
     778
     727
     818
     723
     768
     758
     800
     773
     761
     758
     820
     753
     765
     727
     777
     799
     753
     744
     773
     761
     778
     726
     770
     804
     737
     789
     750
     770
     723
     729
     830
     754
     732
     719
     725
     790
     729
     738
     773
     813
     753
     757
     792
     777
     749
     736
     716
     783
     736
     766
     706
     793
     701
     750
     749
     733
     765
     757
     783
     761
     752
     736
     709
     736
     741
     722
     755
     745
     760
     771
     704
     776
     727
     755
     731
     737
     735
     707
     774
     770
     714
     736
     705
     743
     770
     772
     712
     783
     806
     713
     763
     688
     750
     737
     730
     794
     834
     814
     765
     743
     731
     757
     747
     760
     739
     715
     741
     745
     737
     726
     721
     728
     775
     697
     752
     703
     743
     777
     728
     695
     716
     757
     734
     781
     738
     711
     711
     712
     704
     738
     751
     706
     713
     708
     762
     726
     717
     757
     737
     701
     754
     711
     723
     717
     713
     722
     733
     742
     734
     749
     772
     702
     748
     750
     733
     767
     700
     727
     701
     760
     739
     686
     765
     702
     741
     771
     733
     761
     720
     755
     689
     714
     717
     701
     744
     753
     685
     653
     686
     721
     759
     755
     702
     721
     664
     721
     730
     712
     731
     755
     726
     717
     743
     733
     702
     736
     720
     781
     730
     782
     764
     756
     710
     711
     694
     736
     757
     737
     712
     744
     727
     760
     720
     740
     709
     752
     748
     699
     759
     697
     744
     712
     715
     770
     692
     751
     680
     740
     751
     676
     741
     741
     743
     750
     741
     722
     758
     716
     690
     763
     744
     724
     722
     731
     737
     726
     702
     730
     717
     693
     722
     728
     761
     773
     722
     748
     750
     746
     735
     735
     715
     750
     711
     784
     727
     722
     720
     746
     768
     722
     774
     709
     729
     760
     733
     732
     707
     740
     693
     779
     738
     752
     709
     770
     749
     711
     710
     752
     727
     716
     674
     742
     710
     749
     742
     763
     721
     814
     714
     737
     684
     719
     743
     755
     783
     728
     768
     807
     762
     783
     708
     776
     715
     728
     750
     751
     805
     781
     785
     777
     700
     749
     717
     764
     732
     748
     698
     739
     769
     767
     750
     740
     747
     759
     741
     735
     772
     750
     709
     776
     758
     821
     749
     699
     718
     737
     735
     744
     714
     745
     782
     694
     793
     757
     704
     737
     766
     764
     787
     672
     743
     748
     790
     759
     782
     785
     758
     757
     762
     757
     781
     736
     721
     759
     743
     728
     725
     753
     793
     720
     726
     756
     769
     824
     702
     763
     737
     763
     710
     777
     704
     746
     788
     799
     774
     770
     772
     777
     736
     817
     791
     782
     770
     703
     791
     777
     765
     790
     792
     765
     752
     765
     763
     837
     790
     767
     767
     746
     780
     770
     740
     788
     805
     843
     757
     806
     802
     767
     753
     811
     729
     743
     813
     738
     782
     780
     818
     769
     764
     751
     746
     760
     746
     795
     787
     744
     783
     786
     774
     883
     786
     747
     817
     851
     805
     800
     783
     830
     765
     814
     770
     792
     791
     828
     809
     833
     766
     819
     833
     852
     801
     801
     816
     779
     767
     796
     816
     766
     836
     799
     854
     842
     803
     816
     800
     841
     816
     784
     858
     824
     846
     836
     826
     792
     812
     885
     845
     827
     831
     803
     794
     796
     850
     832
     855
     838
     825
     831
     839
     809
     861
     840
     826
     815
     844
     834
     855
     867
     941
     931
     953
     861
     896
     855
     791
     832
     860
     826
     851
     878
     890
     869
     830
     829
     892
     831
     814
     904
     825
     895
     791
     874
     860
     942
     877
     868
     841
     844
     865
     877
     860
     921
     867
     934
     916
     923
     894
     882
     898
     947
     939
     911
     934
     897
     922
     870
     883
     900
     970
     920
     946
     967
     951
     955
     937
     947
     944
     905
     989
     952
     994
     942
     950
     980
     966
     999
     943
    1006
     959
     924
     926
     968
     968
     908
     967
     984
    1011
    1014
    1036
    1000
     945
    1038
     993
     967
     953
    1082
    1019
    1025
    1037
    1042
    1015
     974
    1019
    1024
    1030
    1045
    1086
    1066
    1049
     974
    1054
    1031
    1086
    1105
    1101
    1069
    1123
    1079
    1107
    1043
    1099
    1067
    1116
    1077
    1123
    1106
    1111
    1103
    1103
    1097
    1141
    1127
    1105
    1121
    1107
    1170
    1105
    1141
    1175
    1157
    1181
    1153
    1228
    1138
    1158
    1171
    1212
    1145
    1238
    1142
    1208
    1250
    1222
    1287
    1200
    1355
    1294
    1291
    1305
    1258
    1213
    1258
    1255
    1280
    1300
    1327
    1315
    1297
    1307
    1289
    1362
    1341
    1369
    1321
    1342
    1327
    1297
    1334
    1409
    1365
    1341
    1348
    1385
    1400
    1418
    1398
    1305
    1362
    1347
    1336
    1398
    1468
    1348
    1349
    1369
    1334
    1381
    1314
    1303
    1356
    1329
    1276
    1205
    1237
    1140
    1059
     994
    1057
     994
    1027
     976
     920
     958
     954
     957
     975
     933
     930
     956
     899
     939
     920
     883
     934
     916
     928
     909
     929
     916
     862
     866
     886
     878
     919
     892
     882
     839
     858
     880
     911
     878
     811
     887
     871
     833
     869
     837
     875
     883
     849
     880
     862
     825
     865
     827
     887
     854
     864
     873
     845
     806
     896
     828
     790
     813
     859
     844
     824
     840
     783
     817
     845
     792
     777
     816
     843
     811
     845
     762
     817
     815
     813
     831
     810
     787
     822
     823
     813
     793
     850
     801
     800
     747
     804
     774
     806
     812
     844
     830
     834
     816
     788
     765
     826
     796
     811
     813
     789
     764
     800
     719
     752
     758
     769
     768
     787
     738
     784
     758
     745
     782
     740
     792
     811
     753
     752
     776
     771
     711
     725
     727
     821
     804
     746
     816
     761
     789
     736
     810
     765
     767
     826
     810
     781
     720
     751
     737
     783
     813
     769
     772
     751
     775
     793
     809
     826
     808
     813
     841
     819
     784
     830
     865
     847
     794
     803
     814
     835
     894
     850
     816
     845
     868
     886
     854
     836
     896
     834
     874
     833
     910
     877
     853
     884
     928
     942
     909
     873
     890
     856
     874
     916
     914
     898
     873
     910
     915
     895
     924
     935
     901
     906
     925
     973
     852
     918
     871
     887
     871
     834
     837
     766
     768
     740
     665
     676
     636
     650
     586
     581
     592
     535
     495
     516
     537
     508
     503
     470
     527
     461
     473
     477
     446
     450
     480
     437
     400
     495
     435
     459
     464
     452
     420
     435
     426
     396
     437
     440
     424
     410
     381
     468
     394
     432
     424
     395
     385
     410
     381
     400
     415
     374
     379
     370
     371
     380
     372
     372
     386
     399
     400
     407
     406
     439
     409
     441
     496
     603
     645
     699
     860
     889
     862
    1091
    1432
    2660
    8120
   21625
   29544
   17543
    5154
    1084
     421
     317
     275
     313
     271
     286
     289
     266
     260
     256
     294
     252
     291
     229
     238
     290
     258
     247
     261
     277
     266
     231
     244
     219
     234
     221
     260
     247
     183
     232
     223
     229
     189
     217
     192
     195
     179
     192
     194
     189
     180
     158
     177
     181
     169
     175
     178
     165
     168
     146
     144
     149
     136
     146
     170
     145
     140
     142
     114
     110
     144
     104
     136
     117
     123
     113
     106
     146
     114
     106
     125
     145
     108
     117
      95
     105
     104
     120
      94
      89
     100
      95
      96
      88
      92
      90
     106
      77
      77
     103
      77
      62
      77
      78
      92
      83
      72
      69
      69
      86
      75
      73
      59
      70
      54
      71
      64
      65
      82
      62
      64
      60
      92
      82
      76
      76
      60
      65
      66
      70
      58
      73
      57
      68
      74
      45
      65
      74
      75
      63
      61
      63
      67
      63
      83
      52
      54
      57
      80
      63
      71
      52
      50
      61
      57
      61
      69
      62
      60
      60
      49
      58
      57
      57
      58
      90
      48
      60
      62
      53
      62
      61
      45
      60
      54
      58
      62
      48
      52
      53
      70
      51
      41
      57
      51
      44
      67
      45
      65
      57
      63
      51
      58
      64
      56
      60
      59
      64
      45
      56
      51
      61
      54
      65
      75
      66
      93
      75
      94
     127
     177
     237
     281
     329
     393
     458
     542
     641
     842
    1491
    3796
   11614
   22377
   21485
   10065
    2440
     378
      69
      42
      31
      32
      35
      24
      38
      34
      36
      26
      35
      33
      21
      29
      25
      26
      25
      30
      29
      31
      33
      29
      26
      26
      24
      30
      23
      21
      27
      29
      22
      20
      29
      29
      22
      19
      28
      20
      28
      26
      29
      24
      22
      27
      28
      23
      30
      19
      21
      21
      28
      24
      25
      17
      28
      23
      18
      25
      24
      28
      35
      16
      19
      23
      18
      23
      26
      26
      33
      24
      22
      15
      18
      24
      14
      23
      20
      23
      24
      27
      16
      30
      19
      22
      23
      23
      21
      32
      22
      18
      17
      19
      19
      24
      18
      22
      23
      18
      26
      20
      23
      28
      21
      18
      20
      18
      19
      24
      23
      18
      11
      17
      23
      26
      15
      11
      24
      17
      25
      24
      24
      16
      17
      31
      21
      13
      12
      27
      20
      15
      17
      25
      28
      18
      27
      17
      18
      28
      24
      22
      19
      26
      15
      21
      13
      17
      20
      30
      23
      13
      23
      16
      27
      33
      16
      23
      24
      22
      19
      23
      15
      19
      17
      11
      13
      26
      17
      43
      36
      52
      75
      58
      31
      27
      15
      17
      14
      22
      24
      18
      21
      13
      26
      24
      15
      20
      15
      16
      21
      22
      22
      26
      13
      25
      19
      18
      23
      19
      15
       0
       0
       0
       0
       0
       0
       0
       0
       0
       0
       0
       0
       0
       0
       0
       0
       0
       0
       0
       0
       0
       0
       0
       0
       0
       0
       0
       0
       0
       0
       0
       0
$ROI:
0
$PRESETS:
None
0
0
$ENER_FIT:
0.000000 0.731044
$MCA_CAL:
3
0.000000E+000 7.310444E-001 0.000000E+000 keV
$SHAPE_CAL:
3
0.000000E+000 0.000000E+000 0.000000E+000
