$SPEC_ID:
No sample description was entered.
$SPEC_REM:
DET# 4
DETDESC# JLAB-20 MCB 131
AP# Maestro Version 7.01
$DATE_MEA:
10/07/2025 10:10:02
$MEAS_TIM:
579 600
$DATA:
0 2047
       0
       0
       0
       0
       0
       0
       0
       0
       0
       0
       0
       0
       0
       0
       0
       0
       0
       0
       0
       0
       0
       0
       0
       0
       0
       0
       0
       0
       0
       0
       0
       0
       0
       0
       0
       0
       0
       0
       0
       0
       0
       0
       0
       0
       0
       0
       0
       0
       0
       0
       0
       0
       0
       0
       0
       0
       0
       0
       0
       0
       0
       0
       0
       0
       0
       0
       0
       0
       0
      30
    1316
    1459
    1438
    1405
    1355
    1376
    1366
    1315
    1377
    1339
    1252
    1361
    1343
    1269
    1366
    1358
    1372
    1272
    1340
    1399
    1335
    1306
    1321
    1319
    1402
    1364
    1359
    1355
    1403
    1479
    1399
    1550
    1622
    1388
    1429
    1440
    1362
    1308
    1295
    1342
    1329
    1253
    1384
    1390
    1353
    1356
    1403
    1348
    1418
    1308
    1320
    1293
    1245
    1355
    1369
    1285
    1356
    1359
    1264
    1330
    1426
    1298
    1272
    1282
    1308
    1349
    1322
    1321
    1404
    1313
    1324
    1324
    1306
    1293
    1345
    1309
    1211
    1303
    1365
    1283
    1299
    1365
    1299
    1308
    1340
    1364
    1318
    1272
    1287
    1279
    1315
    1317
    1271
    1270
    1262
    1312
    1222
    1239
    1356
    1296
    1278
    1354
    1249
    1351
    1268
    1284
    1353
    1313
    1314
    1388
    1267
    1345
    1313
    1270
    1284
    1291
    1289
    1313
    1298
    1320
    1309
    1304
    1328
    1343
    1300
    1297
    1253
    1325
    1305
    1241
    1296
    1282
    1272
    1304
    1276
    1346
    1319
    1269
    1261
    1320
    1312
    1230
    1284
    1250
    1294
    1228
    1250
    1294
    1256
    1248
    1326
    1222
    1236
    1258
    1250
    1264
    1302
    1249
    1265
    1259
    1226
    1215
    1185
    1186
    1192
    1244
    1235
    1217
    1208
    1170
    1170
    1211
    1280
    1247
    1187
    1229
    1208
    1174
    1208
    1157
    1188
    1208
    1148
    1240
    1193
    1164
    1223
    1157
    1189
    1114
    1149
    1156
    1189
    1167
    1210
    1187
    1196
    1187
    1128
    1222
    1164
    1198
    1153
    1206
    1147
    1183
    1211
    1213
    1169
    1178
    1184
    1282
    1206
    1229
    1232
    1305
    1388
    1388
    1432
    1464
    1456
    1445
    1428
    1512
    1526
    1576
    1487
    1519
    1425
    1439
    1522
    1398
    1451
    1403
    1462
    1439
    1409
    1448
    1373
    1418
    1421
    1472
    1347
    1376
    1364
    1364
    1364
    1365
    1362
    1355
    1382
    1374
    1293
    1292
    1405
    1363
    1283
    1264
    1319
    1242
    1305
    1267
    1310
    1266
    1294
    1277
    1241
    1247
    1216
    1231
    1238
    1183
    1228
    1278
    1146
    1252
    1271
    1214
    1213
    1226
    1227
    1201
    1244
    1254
    1163
    1196
    1164
    1165
    1196
    1115
    1089
    1155
    1150
    1122
    1090
    1181
    1168
    1150
    1167
    1095
    1209
    1163
    1131
    1108
    1097
    1083
    1092
    1085
    1080
    1081
    1105
    1089
    1073
    1106
    1077
    1121
    1072
    1039
    1089
    1019
    1079
    1054
    1093
    1105
    1109
    1006
    1010
    1086
    1094
    1017
    1010
    1065
    1067
    1017
    1018
    1074
     991
    1023
    1035
    1088
    1026
     969
     946
     950
     935
     990
     989
     952
     992
     940
    1040
    1005
    1238
    1253
     989
     970
     905
    1014
     939
     963
    1012
     952
     929
     908
     949
     968
     923
     987
     941
     928
     971
     961
     946
     960
     871
     874
     979
     974
     939
     928
     881
     873
     891
     922
     890
     893
     847
     892
     879
     850
     907
     973
     913
     914
     894
     910
     929
     862
     890
     931
     906
     852
     953
     910
     901
     816
     849
     894
     931
     921
     901
     922
     842
     871
     867
     852
     862
     875
     850
     916
     859
     828
     844
     837
     906
     883
     839
     826
     804
     817
     780
     779
     797
     851
     906
     782
     875
     848
     827
     855
     843
     883
     879
     858
     834
     808
     820
     860
     802
     846
     789
     852
     798
     807
     865
     834
     850
     830
     778
     840
     755
     781
     843
     733
     793
     820
     819
     828
     824
     793
     846
     818
     902
     794
     779
     793
     757
     814
     741
     760
     769
     789
     840
     840
     827
     796
     800
     832
     827
     787
     824
     763
     803
     804
     806
     791
     763
     771
     844
     767
     799
     779
     746
     764
     755
     759
     792
     727
     832
     817
     801
     784
     768
     798
     770
     753
     776
     735
     773
     780
     723
     770
     773
     809
     801
     780
     773
     737
     771
     815
     768
     791
     793
     738
     795
     734
     754
     755
     805
     752
     795
     748
     709
     746
     773
     740
     754
     755
     752
     714
     778
     760
     813
     763
     734
     743
     760
     742
     787
     794
     782
     717
     769
     727
     745
     782
     783
     757
     726
     732
     732
     761
     743
     791
     776
     764
     789
     761
     823
     794
     748
     742
     729
     766
     769
     776
     709
     775
     705
     710
     787
     776
     763
     732
     749
     773
     769
     678
     748
     799
     738
     726
     723
     753
     733
     752
     728
     770
     734
     742
     771
     705
     727
     731
     675
     761
     685
     760
     760
     774
     723
     785
     697
     781
     806
     819
     749
     763
     750
     720
     740
     721
     739
     745
     739
     752
     760
     671
     746
     742
     750
     722
     740
     748
     737
     750
     711
     767
     770
     750
     758
     744
     726
     675
     711
     682
     726
     759
     665
     686
     767
     747
     727
     714
     683
     708
     751
     772
     737
     733
     746
     751
     729
     721
     763
     716
     726
     780
     716
     715
     731
     740
     751
     761
     728
     734
     747
     757
     752
     704
     711
     713
     679
     740
     720
     745
     691
     670
     715
     760
     719
     746
     705
     784
     746
     704
     734
     725
     788
     746
     722
     726
     750
     719
     742
     713
     743
     753
     724
     720
     737
     701
     721
     738
     708
     701
     697
     686
     748
     738
     699
     731
     756
     702
     792
     762
     718
     723
     706
     732
     736
     719
     715
     761
     706
     682
     737
     759
     751
     750
     700
     761
     702
     747
     733
     745
     696
     707
     773
     809
     710
     710
     718
     702
     709
     733
     752
     695
     696
     753
     739
     741
     705
     728
     755
     699
     713
     693
     720
     662
     729
     737
     744
     683
     728
     684
     703
     696
     708
     748
     726
     712
     789
     683
     737
     723
     765
     727
     694
     775
     730
     738
     733
     741
     775
     739
     758
     763
     709
     775
     731
     753
     743
     731
     751
     688
     723
     780
     669
     729
     716
     730
     731
     764
     746
     762
     736
     737
     785
     751
     715
     745
     724
     815
     726
     758
     741
     708
     706
     763
     780
     735
     733
     716
     764
     722
     745
     742
     736
     728
     819
     746
     796
     778
     780
     749
     711
     719
     762
     740
     715
     701
     735
     801
     707
     765
     777
     719
     764
     720
     788
     691
     692
     739
     799
     805
     745
     754
     738
     743
     764
     750
     711
     720
     720
     706
     791
     737
     767
     756
     729
     744
     720
     749
     728
     796
     791
     729
     760
     777
     701
     713
     744
     735
     788
     757
     779
     748
     739
     740
     772
     755
     767
     772
     749
     776
     736
     771
     746
     714
     743
     745
     760
     749
     718
     771
     727
     745
     741
     753
     808
     736
     759
     768
     713
     779
     789
     754
     793
     768
     760
     746
     745
     764
     732
     765
     819
     782
     749
     782
     767
     732
     774
     823
     718
     802
     797
     751
     814
     765
     789
     762
     735
     780
     834
     805
     799
     782
     782
     797
     809
     807
     827
     778
     771
     791
     729
     776
     835
     760
     723
     799
     787
     777
     780
     812
     788
     825
     791
     771
     834
     858
     789
     805
     753
     785
     776
     765
     794
     782
     793
     760
     789
     752
     827
     724
     825
     829
     839
     834
     865
     852
     815
     878
     819
     837
     831
     878
     829
     806
     775
     851
     818
     840
     813
     845
     822
     829
     803
     865
     790
     869
     840
     848
     849
     855
     823
     887
     854
     805
     829
     885
     871
     816
     859
     821
     902
     880
     929
     881
     898
     865
     865
     838
     871
     832
     879
     883
     861
     852
     861
     923
     846
     850
     907
     865
     885
     872
     896
     882
     834
     864
     942
     895
     917
     827
     874
     897
     815
     911
     860
     857
     825
     853
     831
     823
     894
     984
     943
     935
     921
     891
     804
     888
     925
     950
     940
     935
     935
     917
     912
     928
     882
     939
     893
     996
     876
     950
     955
     965
     965
     931
     948
     958
     965
     928
     964
     874
     952
     961
     967
     986
    1010
     962
    1030
     999
     994
     987
    1009
     942
    1014
    1026
     979
    1001
    1003
    1036
    1020
    1038
    1048
    1054
     998
    1011
    1073
    1026
    1030
    1049
     988
    1015
    1055
    1034
    1093
    1078
    1025
    1072
    1065
    1101
    1019
    1061
    1042
    1082
    1130
    1126
    1093
    1104
    1148
    1161
    1106
    1063
    1141
    1153
    1127
    1156
    1115
    1151
    1185
    1190
    1129
    1163
    1124
    1162
    1231
    1134
    1157
    1155
    1255
    1145
    1208
    1230
    1204
    1211
    1239
    1229
    1231
    1224
    1311
    1279
    1320
    1280
    1298
    1281
    1294
    1246
    1352
    1253
    1290
    1312
    1299
    1316
    1294
    1323
    1348
    1308
    1408
    1321
    1301
    1283
    1402
    1400
    1342
    1315
    1367
    1387
    1451
    1299
    1386
    1399
    1396
    1406
    1400
    1416
    1381
    1350
    1380
    1320
    1396
    1303
    1351
    1340
    1286
    1287
    1253
    1208
    1122
    1123
    1016
    1001
    1025
     951
     984
     987
     968
     944
     983
     910
     891
     915
     935
     965
     867
     896
     898
     868
     907
     892
     944
     858
     937
     899
     882
     924
     862
     871
     886
     883
     902
     885
     853
     847
     832
     843
     826
     868
     883
     824
     836
     856
     873
     842
     877
     851
     907
     834
     867
     902
     850
     873
     849
     873
     907
     848
     873
     820
     827
     851
     855
     763
     847
     840
     849
     827
     790
     842
     828
     836
     870
     865
     800
     820
     800
     776
     846
     817
     831
     820
     807
     752
     790
     776
     807
     816
     827
     813
     804
     811
     763
     800
     755
     750
     823
     764
     756
     802
     787
     785
     754
     783
     798
     792
     802
     798
     792
     784
     780
     727
     751
     742
     760
     791
     752
     784
     807
     769
     762
     809
     768
     725
     752
     759
     753
     792
     732
     772
     778
     842
     775
     748
     771
     753
     749
     757
     789
     799
     765
     811
     789
     812
     750
     764
     742
     834
     751
     755
     730
     837
     803
     819
     775
     771
     822
     815
     798
     801
     795
     852
     820
     803
     779
     819
     850
     835
     835
     807
     902
     821
     838
     885
     819
     836
     871
     888
     851
     840
     845
     860
     877
     876
     896
     875
     880
     923
     912
     954
     863
     867
     899
     904
     852
     915
     916
     986
     950
     868
     906
     888
     826
     907
     865
     846
     805
     793
     813
     754
     688
     694
     609
     613
     575
     579
     573
     575
     551
     502
     465
     539
     500
     494
     503
     526
     487
     491
     477
     483
     459
     443
     446
     439
     424
     477
     429
     450
     421
     406
     403
     437
     450
     407
     478
     416
     447
     393
     387
     381
     401
     429
     440
     416
     392
     404
     382
     382
     371
     423
     345
     376
     386
     367
     365
     421
     416
     396
     393
     387
     451
     433
     519
     586
     659
     722
     759
     828
     892
     989
    1328
    2236
    6006
   17964
   29193
   21819
    7478
    1621
     474
     331
     312
     271
     271
     295
     268
     290
     294
     286
     261
     255
     287
     250
     275
     232
     249
     256
     232
     241
     221
     248
     251
     257
     255
     208
     215
     220
     237
     216
     236
     227
     175
     205
     228
     207
     174
     202
     224
     190
     210
     193
     183
     175
     171
     151
     163
     160
     182
     182
     177
     145
     129
     165
     155
     152
     147
     145
     139
     123
     126
     107
     131
     138
     128
     125
     116
     115
     120
     129
     109
     118
     105
     107
     103
     114
      99
     107
      84
     110
      90
      98
      75
      88
      88
      90
      83
      88
      87
      74
      79
      75
      81
      88
      75
      75
      72
      83
      74
      68
      74
      77
      63
      92
      77
      79
      63
      70
      70
      59
      67
      77
      80
      66
      92
      80
      77
      70
      71
      75
      86
      74
      78
      54
      63
      67
      71
      71
      77
      68
      61
      69
      47
      54
      65
      57
      60
      77
      60
      64
      48
      58
      66
      43
      77
      60
      73
      53
      51
      49
      71
      53
      52
      56
      55
      52
      65
      62
      61
      50
      58
      57
      60
      49
      56
      43
      51
      60
      56
      56
      48
      46
      66
      42
      51
      52
      49
      63
      61
      57
      45
      72
      49
      55
      56
      55
      65
      60
      57
      51
      51
      68
      42
      63
      65
      77
      81
      78
      90
     104
     156
     211
     297
     339
     385
     450
     524
     629
     780
    1167
    2776
    8447
   19752
   23251
   13104
    4010
     693
     117
      35
      36
      26
      26
      29
      31
      29
      32
      29
      30
      28
      24
      22
      31
      34
      30
      22
      29
      24
      16
      23
      24
      24
      23
      22
      28
      24
      29
      25
      21
      21
      28
      25
      26
      22
      35
      29
      22
      28
      24
      23
      18
      12
      37
      21
      24
      32
      24
      20
      16
      22
      31
      18
      26
      26
      20
      18
      29
      20
      20
      21
      27
      20
      27
      29
      25
      22
      19
      18
      18
      25
      17
      24
      28
      24
      25
      27
      31
      18
      22
      22
      22
      26
      22
      24
      20
      18
      20
      26
      26
      20
      18
      27
      27
      22
      23
      18
      28
      14
      29
      26
      21
      23
      22
      19
      24
      27
      19
      16
      23
      19
      19
      29
      19
      25
      19
      15
      26
      22
      21
      19
      31
      16
      19
      22
      20
      15
      23
      13
      22
      20
      25
      14
      24
      18
      17
      28
      19
      16
      20
      19
      20
      27
      25
      16
      19
      21
      19
      19
      17
      22
      12
      20
      22
      16
      18
      31
      24
      21
      23
      19
      22
      22
      23
      22
      20
      30
      30
      66
      71
      64
      43
      24
      27
      17
      19
      14
      21
      28
      20
      19
      22
      26
      21
      14
      21
      23
      13
      19
      14
      18
      15
      10
      16
      18
      12
      27
      12
       0
       0
       0
       0
       0
       0
       0
       0
       0
       0
       0
       0
       0
       0
       0
       0
       0
       0
       0
       0
       0
       0
       0
       0
       0
       0
       0
       0
       0
       0
       0
       0
$ROI:
0
$PRESETS:
None
0
0
$ENER_FIT:
0.000000 0.731044
$MCA_CAL:
3
0.000000E+000 7.310444E-001 0.000000E+000 keV
$SHAPE_CAL:
3
0.000000E+000 0.000000E+000 0.000000E+000
