$SPEC_ID:
No sample description was entered.
$SPEC_REM:
DET# 4
DETDESC# JLAB-20 MCB 131
AP# Maestro Version 7.01
$DATE_MEA:
10/07/2025 03:50:02
$MEAS_TIM:
579 600
$DATA:
0 2047
       0
       0
       0
       0
       0
       0
       0
       0
       0
       0
       0
       0
       0
       0
       0
       0
       0
       0
       0
       0
       0
       0
       0
       0
       0
       0
       0
       0
       0
       0
       0
       0
       0
       0
       0
       0
       0
       0
       0
       0
       0
       0
       0
       0
       0
       0
       0
       0
       0
       0
       0
       0
       0
       0
       0
       0
       0
       0
       0
       0
       0
       0
       0
       0
       0
       0
       0
       0
       0
      32
    1310
    1409
    1367
    1382
    1397
    1374
    1397
    1386
    1393
    1388
    1326
    1435
    1365
    1363
    1323
    1403
    1369
    1380
    1320
    1384
    1302
    1273
    1383
    1347
    1342
    1410
    1335
    1342
    1450
    1347
    1339
    1487
    1674
    1372
    1371
    1394
    1399
    1304
    1284
    1305
    1317
    1326
    1321
    1380
    1335
    1453
    1310
    1343
    1425
    1363
    1327
    1341
    1334
    1294
    1360
    1344
    1300
    1345
    1340
    1351
    1311
    1315
    1319
    1354
    1301
    1289
    1271
    1369
    1298
    1315
    1319
    1310
    1324
    1258
    1301
    1378
    1348
    1310
    1334
    1330
    1308
    1313
    1245
    1305
    1362
    1347
    1262
    1291
    1283
    1341
    1266
    1400
    1260
    1272
    1316
    1326
    1308
    1293
    1332
    1346
    1254
    1294
    1306
    1324
    1322
    1345
    1279
    1321
    1371
    1312
    1309
    1314
    1264
    1355
    1249
    1328
    1261
    1294
    1367
    1323
    1262
    1304
    1291
    1302
    1287
    1246
    1300
    1279
    1257
    1303
    1338
    1280
    1298
    1332
    1249
    1287
    1303
    1241
    1273
    1224
    1325
    1288
    1319
    1312
    1284
    1315
    1257
    1276
    1287
    1269
    1271
    1281
    1222
    1268
    1259
    1223
    1216
    1259
    1219
    1296
    1218
    1225
    1181
    1224
    1242
    1206
    1265
    1212
    1260
    1211
    1168
    1301
    1202
    1195
    1258
    1167
    1242
    1190
    1144
    1127
    1170
    1191
    1183
    1222
    1195
    1199
    1231
    1210
    1178
    1200
    1166
    1176
    1192
    1257
    1225
    1183
    1169
    1172
    1153
    1181
    1188
    1218
    1171
    1190
    1199
    1248
    1202
    1160
    1251
    1185
    1263
    1228
    1176
    1277
    1273
    1314
    1374
    1387
    1361
    1451
    1435
    1496
    1552
    1480
    1594
    1463
    1507
    1487
    1494
    1546
    1521
    1483
    1425
    1473
    1494
    1380
    1413
    1446
    1509
    1396
    1441
    1362
    1351
    1371
    1421
    1389
    1387
    1377
    1288
    1328
    1338
    1283
    1264
    1366
    1282
    1354
    1311
    1306
    1284
    1331
    1290
    1246
    1334
    1176
    1268
    1245
    1252
    1286
    1237
    1274
    1248
    1271
    1221
    1213
    1192
    1267
    1217
    1249
    1147
    1233
    1222
    1182
    1175
    1192
    1148
    1150
    1168
    1243
    1244
    1162
    1161
    1169
    1204
    1116
    1140
    1138
    1120
    1097
    1152
    1181
    1184
    1115
    1134
    1135
    1124
    1036
    1122
    1106
    1088
    1099
    1111
    1060
    1073
    1026
    1080
    1069
    1073
    1073
    1055
    1073
    1093
    1009
    1026
    1071
    1077
    1028
    1072
    1028
     971
    1009
    1028
    1082
    1077
     988
     972
     977
     994
     972
    1018
     979
    1089
    1032
    1027
    1000
     991
    1014
    1015
     976
     969
     988
     991
    1049
    1268
    1259
    1083
     990
     946
     936
     993
     919
    1000
     989
     965
     922
     938
     972
     881
     967
     973
     941
     938
     923
     910
     930
     910
     961
     933
     937
     887
     904
     900
     899
     932
     879
     870
     961
     895
     903
     920
     948
     889
     879
     938
     865
     875
     834
     887
     889
     874
     902
     913
     893
     886
     886
     856
     901
     887
     834
     963
     938
     900
     899
     920
     922
     886
     873
     855
     826
     823
     841
     896
     882
     871
     830
     863
     864
     823
     870
     833
     801
     805
     849
     860
     898
     817
     849
     837
     815
     847
     798
     880
     826
     858
     845
     836
     798
     790
     846
     755
     834
     828
     837
     811
     811
     772
     802
     841
     770
     842
     827
     831
     777
     752
     830
     820
     856
     872
     826
     761
     827
     785
     797
     827
     821
     816
     830
     747
     800
     751
     795
     770
     810
     787
     761
     806
     792
     790
     784
     790
     772
     761
     841
     786
     788
     783
     779
     757
     810
     707
     781
     810
     800
     818
     809
     778
     803
     781
     788
     764
     800
     792
     763
     761
     746
     853
     773
     822
     765
     772
     702
     763
     759
     776
     760
     811
     776
     800
     753
     737
     754
     821
     768
     759
     746
     734
     746
     715
     783
     754
     718
     775
     771
     674
     771
     730
     791
     802
     746
     800
     755
     768
     745
     814
     751
     745
     720
     774
     738
     800
     800
     760
     785
     732
     754
     751
     795
     781
     726
     778
     750
     799
     756
     759
     707
     787
     792
     764
     753
     719
     748
     727
     777
     797
     748
     760
     764
     723
     766
     733
     752
     741
     735
     738
     731
     739
     734
     736
     739
     747
     727
     752
     760
     713
     745
     728
     796
     737
     688
     734
     742
     696
     723
     775
     770
     715
     726
     735
     755
     754
     697
     722
     745
     733
     742
     812
     806
     781
     782
     708
     744
     776
     782
     720
     694
     711
     778
     716
     744
     757
     759
     742
     691
     752
     744
     708
     760
     729
     733
     720
     689
     724
     754
     747
     727
     720
     771
     740
     784
     728
     720
     716
     705
     715
     779
     749
     744
     715
     773
     751
     726
     732
     735
     684
     731
     779
     726
     741
     790
     788
     742
     733
     743
     738
     737
     748
     751
     737
     753
     704
     706
     715
     721
     735
     768
     681
     749
     750
     787
     768
     699
     745
     718
     730
     727
     744
     777
     754
     704
     699
     752
     740
     716
     757
     743
     757
     757
     726
     659
     730
     668
     734
     710
     735
     755
     734
     732
     696
     712
     781
     698
     773
     776
     769
     696
     741
     754
     748
     700
     772
     755
     733
     710
     718
     708
     782
     701
     732
     739
     747
     717
     712
     773
     722
     737
     704
     752
     682
     723
     740
     740
     799
     712
     705
     724
     690
     703
     703
     751
     728
     712
     724
     729
     724
     698
     774
     735
     763
     688
     765
     743
     727
     747
     708
     747
     728
     730
     744
     750
     717
     720
     705
     757
     745
     688
     754
     698
     756
     692
     717
     788
     745
     671
     708
     740
     744
     712
     759
     729
     769
     696
     729
     739
     743
     751
     718
     740
     694
     719
     720
     747
     726
     676
     761
     728
     718
     758
     757
     749
     742
     673
     751
     734
     775
     761
     678
     761
     753
     768
     711
     758
     733
     685
     729
     777
     706
     721
     751
     764
     716
     748
     739
     738
     708
     757
     767
     700
     741
     750
     755
     763
     752
     699
     755
     751
     718
     698
     728
     753
     705
     726
     768
     793
     759
     737
     733
     723
     741
     757
     749
     766
     745
     713
     763
     749
     746
     733
     756
     750
     720
     763
     753
     755
     769
     834
     745
     751
     759
     757
     737
     776
     754
     749
     777
     776
     747
     785
     736
     787
     743
     796
     796
     791
     790
     787
     774
     752
     798
     748
     772
     737
     784
     765
     750
     754
     744
     704
     777
     768
     736
     735
     712
     735
     737
     763
     802
     748
     741
     724
     792
     808
     721
     742
     751
     750
     799
     768
     819
     766
     731
     752
     799
     746
     743
     781
     775
     789
     780
     746
     754
     784
     802
     799
     768
     786
     734
     802
     774
     832
     792
     754
     828
     807
     775
     789
     784
     866
     826
     764
     804
     761
     837
     849
     788
     825
     799
     820
     838
     803
     791
     803
     764
     828
     797
     808
     794
     797
     809
     817
     778
     823
     810
     842
     831
     778
     780
     796
     797
     795
     769
     823
     784
     867
     770
     795
     821
     846
     828
     831
     786
     788
     869
     864
     804
     771
     770
     855
     845
     825
     831
     829
     815
     873
     867
     804
     832
     839
     818
     863
     817
     870
     841
     875
     873
     832
     881
     819
     872
     925
     878
     902
     861
     819
     864
     801
     835
     856
     864
     883
     846
     834
     934
     861
     912
     869
     875
     865
     885
     871
     864
     856
     876
     910
     873
     847
     863
     829
     835
     875
     888
     897
     882
     921
     942
     879
     883
     862
     850
     952
     906
     903
     943
     919
     894
     950
     893
     902
     946
     895
     961
     912
     990
     890
     939
     965
     906
     974
     992
     969
     920
     966
     952
     975
     920
     960
     949
     998
     960
     952
     962
     949
     933
     931
    1014
     952
     978
     978
     924
     961
     991
     957
     975
     981
    1046
     980
     971
    1100
     994
     966
    1032
    1047
     982
    1006
    1017
    1089
    1063
    1080
    1075
    1080
    1043
    1018
     996
    1086
    1018
    1035
    1078
    1026
    1040
    1143
    1144
    1132
    1127
    1148
    1159
    1115
    1149
    1074
    1131
    1140
    1133
    1106
    1099
    1095
    1122
    1132
    1258
    1142
    1219
    1185
    1195
    1137
    1178
    1130
    1123
    1144
    1187
    1221
    1224
    1258
    1149
    1244
    1178
    1173
    1270
    1250
    1250
    1253
    1358
    1330
    1259
    1243
    1271
    1255
    1322
    1320
    1282
    1294
    1304
    1356
    1362
    1376
    1268
    1361
    1308
    1348
    1354
    1372
    1390
    1417
    1369
    1446
    1392
    1401
    1342
    1378
    1405
    1367
    1371
    1420
    1353
    1310
    1336
    1391
    1392
    1347
    1325
    1301
    1296
    1352
    1292
    1260
    1274
    1130
    1121
    1111
    1068
    1011
    1025
     999
    1022
     996
     969
     981
     920
    1018
     918
     899
     914
     942
     883
     908
     878
     918
     938
     891
     909
     914
     894
     905
     864
     893
     875
     817
     860
     938
     877
     858
     880
     853
     856
     855
     822
     814
     840
     821
     868
     871
     851
     891
     850
     862
     824
     814
     815
     871
     844
     866
     793
     822
     770
     825
     796
     880
     822
     817
     866
     830
     913
     828
     884
     808
     843
     831
     839
     849
     808
     896
     854
     804
     849
     837
     857
     783
     865
     767
     822
     831
     819
     804
     778
     825
     801
     857
     797
     759
     755
     844
     746
     795
     802
     756
     811
     817
     814
     768
     789
     756
     767
     804
     781
     776
     786
     799
     787
     821
     819
     790
     731
     776
     778
     796
     788
     790
     790
     732
     781
     809
     728
     742
     748
     775
     727
     771
     772
     720
     807
     747
     786
     744
     728
     736
     846
     749
     795
     764
     766
     800
     754
     752
     818
     779
     849
     787
     789
     779
     770
     777
     817
     863
     823
     787
     824
     789
     851
     801
     794
     882
     795
     840
     854
     781
     834
     820
     855
     900
     828
     832
     862
     864
     896
     901
     877
     896
     854
     891
     892
     860
     916
     918
     888
     863
     861
     893
     945
     857
     926
     881
     853
     918
     890
     909
     954
     923
     902
     847
     865
     879
     866
     827
     807
     774
     741
     712
     688
     653
     624
     606
     566
     545
     529
     554
     534
     538
     502
     511
     533
     486
     460
     513
     491
     465
     459
     456
     463
     478
     480
     465
     449
     431
     433
     421
     443
     407
     427
     418
     430
     408
     427
     450
     385
     410
     454
     409
     444
     397
     397
     420
     402
     397
     371
     396
     390
     396
     389
     403
     410
     424
     339
     377
     373
     345
     402
     409
     415
     494
     556
     602
     622
     744
     803
     849
    1004
    1124
    1545
    3148
    9600
   23628
   28393
   15465
    4221
     899
     319
     301
     286
     290
     286
     272
     292
     313
     262
     295
     263
     262
     309
     255
     280
     273
     280
     245
     228
     233
     244
     253
     223
     254
     257
     265
     249
     225
     215
     242
     231
     206
     228
     204
     202
     181
     196
     195
     190
     187
     220
     182
     173
     173
     179
     189
     156
     166
     171
     175
     147
     152
     141
     157
     160
     142
     135
     142
     113
     145
     123
     130
     118
     118
     119
     120
     111
     114
     123
     113
     132
     104
     112
      97
     110
     105
      96
     118
      95
     109
     100
      92
     101
      89
      80
      91
      98
      82
      88
      96
      82
      74
      68
      80
      79
      66
      79
      76
      65
      75
      70
      77
      81
      75
      71
      66
      81
      65
      88
      59
      78
      58
      71
      53
      65
      70
      69
      86
      70
      66
      53
      84
      72
      69
      76
      62
      70
      70
      68
      62
      63
      73
      49
      70
      62
      62
      58
      49
      55
      77
      61
      58
      56
      64
      67
      55
      74
      67
      54
      49
      54
      60
      76
      59
      53
      71
      66
      63
      57
      62
      59
      71
      65
      42
      60
      59
      63
      60
      45
      58
      53
      52
      74
      60
      63
      56
      51
      48
      48
      51
      50
      50
      54
      53
      51
      49
      50
      49
      57
      60
      54
      71
      70
      66
      76
      61
      72
      72
     113
     127
     176
     235
     286
     380
     423
     473
     555
     660
     937
    1726
    4582
   13203
   23285
   19885
    8438
    1985
     324
      67
      46
      38
      27
      25
      28
      31
      35
      32
      26
      30
      23
      33
      30
      25
      19
      22
      23
      29
      30
      24
      18
      27
      35
      25
      18
      26
      30
      19
      20
      24
      17
      23
      23
      22
      31
      23
      33
      15
      26
      27
      20
      23
      21
      20
      27
      16
      24
      22
      25
      20
      18
      28
      30
      29
      23
      36
      25
      28
      28
      29
      13
      27
      27
      27
      20
      21
      29
      24
      20
      28
      27
      20
      29
      26
      18
      29
      15
      22
      30
      18
      26
      27
      17
      32
      25
      27
      38
      22
      18
      34
      26
      26
      27
      19
      22
      19
      17
      15
      25
      21
      21
      23
      31
      24
      27
      27
      16
      26
      25
      22
      27
      21
      21
      14
      16
      23
      27
      22
      10
      20
      26
      17
      21
      19
      12
      19
      29
      22
      16
      19
      20
      24
      21
      17
      26
      12
      20
      12
      19
      16
      17
      31
      25
      20
      26
      20
      11
      26
      21
      25
      16
      22
      17
      23
      20
      23
      18
      25
      29
      24
      20
      25
      28
      18
      20
      28
      23
      48
      54
      69
      45
      27
      24
      22
      27
      23
      18
      19
      28
      25
      18
      18
      24
      15
      18
      27
      17
      22
      16
      22
      16
      21
      23
      20
      19
      23
      10
      15
       0
       0
       0
       0
       0
       0
       0
       0
       0
       0
       0
       0
       0
       0
       0
       0
       0
       0
       0
       0
       0
       0
       0
       0
       0
       0
       0
       0
       0
       0
       0
       0
$ROI:
0
$PRESETS:
None
0
0
$ENER_FIT:
0.000000 0.731044
$MCA_CAL:
3
0.000000E+000 7.310444E-001 0.000000E+000 keV
$SHAPE_CAL:
3
0.000000E+000 0.000000E+000 0.000000E+000
