$SPEC_ID:
No sample description was entered.
$SPEC_REM:
DET# 4
DETDESC# JLAB-20 MCB 131
AP# Maestro Version 7.01
$DATE_MEA:
10/06/2025 13:30:02
$MEAS_TIM:
579 600
$DATA:
0 2047
       0
       0
       0
       0
       0
       0
       0
       0
       0
       0
       0
       0
       0
       0
       0
       0
       0
       0
       0
       0
       0
       0
       0
       0
       0
       0
       0
       0
       0
       0
       0
       0
       0
       0
       0
       0
       0
       0
       0
       0
       0
       0
       0
       0
       0
       0
       0
       0
       0
       0
       0
       0
       0
       0
       0
       0
       0
       0
       0
       0
       0
       0
       0
       0
       0
       0
       0
       0
       0
      47
    1272
    1486
    1348
    1373
    1452
    1486
    1358
    1440
    1480
    1426
    1311
    1337
    1347
    1373
    1423
    1333
    1368
    1330
    1324
    1346
    1314
    1301
    1349
    1367
    1327
    1350
    1409
    1322
    1455
    1503
    1301
    1579
    1535
    1326
    1388
    1452
    1307
    1353
    1306
    1302
    1363
    1322
    1288
    1325
    1389
    1425
    1420
    1283
    1395
    1326
    1308
    1319
    1318
    1258
    1277
    1268
    1350
    1325
    1269
    1308
    1403
    1321
    1290
    1356
    1342
    1274
    1301
    1330
    1314
    1286
    1308
    1308
    1367
    1298
    1365
    1310
    1358
    1271
    1377
    1399
    1318
    1308
    1338
    1313
    1369
    1255
    1319
    1306
    1318
    1366
    1322
    1379
    1319
    1291
    1339
    1347
    1340
    1270
    1280
    1394
    1262
    1320
    1322
    1278
    1248
    1348
    1217
    1356
    1342
    1323
    1362
    1292
    1363
    1306
    1345
    1299
    1344
    1244
    1313
    1336
    1317
    1295
    1324
    1304
    1214
    1322
    1316
    1294
    1313
    1342
    1360
    1272
    1264
    1279
    1304
    1332
    1325
    1260
    1308
    1230
    1250
    1251
    1249
    1284
    1281
    1292
    1315
    1228
    1235
    1235
    1255
    1252
    1286
    1266
    1222
    1249
    1244
    1209
    1153
    1271
    1253
    1151
    1201
    1161
    1230
    1190
    1286
    1173
    1266
    1220
    1209
    1222
    1200
    1186
    1224
    1201
    1212
    1209
    1227
    1174
    1183
    1110
    1157
    1223
    1166
    1242
    1158
    1188
    1198
    1195
    1194
    1171
    1165
    1157
    1200
    1203
    1171
    1163
    1192
    1136
    1150
    1156
    1152
    1185
    1270
    1174
    1179
    1160
    1186
    1268
    1215
    1176
    1328
    1240
    1335
    1358
    1347
    1331
    1369
    1445
    1498
    1454
    1536
    1519
    1492
    1486
    1436
    1473
    1442
    1519
    1468
    1453
    1427
    1437
    1388
    1369
    1405
    1368
    1409
    1434
    1383
    1399
    1340
    1349
    1395
    1382
    1333
    1324
    1413
    1304
    1380
    1307
    1314
    1405
    1281
    1376
    1321
    1294
    1274
    1290
    1261
    1251
    1244
    1276
    1279
    1238
    1262
    1263
    1259
    1265
    1278
    1196
    1180
    1223
    1140
    1237
    1237
    1225
    1207
    1224
    1199
    1202
    1209
    1188
    1166
    1203
    1190
    1193
    1191
    1194
    1142
    1096
    1135
    1154
    1176
    1162
    1114
    1153
    1165
    1169
    1064
    1109
    1147
    1116
    1170
    1068
    1066
    1114
    1069
    1076
    1045
    1099
    1133
    1034
    1110
    1117
    1062
    1110
    1093
    1115
    1083
    1081
    1043
    1111
    1028
    1104
    1063
     999
    1054
    1064
     975
    1087
    1087
    1014
    1015
    1062
    1042
     960
     977
    1034
     970
    1002
    1036
    1050
    1020
     962
     943
    1003
     997
     988
     990
    1005
    1236
    1232
    1009
     979
     984
     961
     952
     876
     916
     997
     952
     952
     975
     963
     978
     956
     938
    1000
     959
     959
     919
     904
     928
     962
     918
     896
     934
     934
     942
     916
     936
     918
     892
     909
     906
     850
     887
     878
     888
     890
     901
     904
     942
     903
     901
     935
     879
     890
     864
     890
     916
     895
     841
     843
     894
     871
     847
     934
     873
     852
     877
     893
     899
     849
     928
     865
     885
     859
     867
     859
     859
     832
     854
     798
     786
     842
     846
     892
     774
     814
     846
     825
     886
     883
     818
     840
     802
     839
     809
     825
     826
     811
     872
     863
     849
     828
     832
     790
     825
     797
     840
     853
     805
     829
     859
     785
     852
     888
     853
     812
     796
     791
     820
     826
     816
     850
     842
     852
     804
     786
     809
     811
     875
     761
     840
     769
     818
     825
     826
     841
     762
     836
     783
     761
     785
     772
     798
     768
     796
     769
     771
     738
     739
     812
     809
     762
     781
     783
     790
     794
     752
     779
     744
     761
     735
     809
     745
     743
     799
     809
     799
     805
     780
     776
     784
     762
     791
     764
     779
     745
     819
     807
     768
     783
     804
     750
     805
     802
     798
     761
     756
     827
     786
     847
     786
     732
     801
     785
     833
     765
     772
     751
     709
     760
     769
     789
     761
     734
     757
     763
     741
     742
     730
     747
     759
     800
     759
     783
     782
     735
     756
     757
     729
     721
     748
     724
     709
     690
     743
     791
     717
     730
     819
     759
     770
     781
     707
     732
     750
     743
     742
     751
     790
     713
     729
     769
     721
     751
     797
     758
     774
     702
     767
     763
     729
     750
     753
     719
     700
     734
     746
     733
     749
     693
     726
     734
     756
     770
     733
     777
     713
     726
     741
     732
     733
     731
     698
     769
     752
     736
     763
     765
     755
     748
     734
     750
     741
     722
     758
     709
     752
     719
     709
     735
     723
     775
     695
     737
     725
     699
     770
     729
     730
     730
     730
     712
     771
     739
     710
     765
     739
     721
     736
     787
     769
     734
     725
     770
     732
     776
     725
     722
     760
     750
     715
     748
     716
     795
     738
     762
     728
     711
     732
     771
     716
     731
     731
     742
     715
     709
     712
     685
     735
     743
     734
     730
     724
     703
     767
     770
     738
     695
     746
     751
     718
     739
     757
     741
     771
     709
     705
     739
     711
     765
     693
     766
     739
     707
     764
     717
     762
     754
     720
     729
     656
     743
     734
     692
     708
     735
     764
     772
     700
     715
     790
     718
     769
     773
     735
     714
     748
     721
     728
     702
     718
     723
     737
     707
     731
     683
     736
     732
     702
     776
     755
     741
     732
     705
     719
     699
     771
     756
     753
     716
     771
     730
     748
     788
     734
     730
     728
     727
     770
     708
     734
     724
     685
     742
     724
     746
     747
     748
     759
     736
     726
     714
     711
     730
     723
     684
     710
     739
     735
     725
     735
     744
     679
     739
     733
     739
     745
     720
     721
     771
     746
     761
     747
     769
     737
     738
     709
     739
     810
     756
     768
     794
     726
     747
     732
     733
     742
     746
     665
     741
     786
     704
     798
     721
     737
     756
     730
     759
     753
     730
     716
     721
     776
     761
     700
     758
     746
     800
     737
     711
     754
     760
     736
     727
     778
     681
     710
     762
     723
     712
     757
     738
     742
     752
     745
     762
     700
     819
     755
     719
     731
     760
     757
     787
     750
     777
     766
     705
     778
     734
     726
     748
     718
     699
     759
     711
     749
     743
     761
     756
     742
     746
     716
     769
     775
     760
     751
     737
     745
     744
     733
     729
     750
     791
     761
     753
     735
     742
     722
     737
     728
     742
     759
     782
     725
     782
     782
     761
     763
     751
     747
     780
     708
     784
     774
     727
     773
     756
     751
     786
     743
     754
     744
     757
     705
     789
     753
     732
     716
     807
     751
     756
     807
     752
     796
     747
     756
     765
     809
     779
     777
     798
     744
     789
     792
     751
     772
     766
     797
     786
     731
     762
     751
     807
     801
     788
     805
     818
     824
     790
     794
     790
     727
     800
     782
     745
     794
     751
     730
     748
     763
     799
     845
     793
     739
     822
     807
     786
     795
     821
     848
     780
     854
     797
     820
     794
     790
     850
     751
     804
     765
     831
     785
     769
     802
     749
     800
     838
     764
     803
     815
     728
     822
     828
     832
     798
     839
     832
     866
     791
     815
     791
     792
     773
     802
     806
     815
     813
     861
     844
     816
     838
     818
     839
     814
     849
     857
     796
     886
     884
     861
     794
     762
     805
     791
     793
     812
     861
     861
     879
     830
     802
     820
     850
     854
     860
     900
     839
     887
     903
     874
     876
     950
     897
     895
     930
     896
     872
     862
     860
     846
     862
     886
     838
     778
     850
     876
     889
     804
     834
     842
     827
     890
     871
     839
     843
     873
     856
     868
     860
     888
     863
     867
     883
     857
     923
     908
     918
     868
     951
     889
     935
     918
     872
     906
     954
     912
     876
     919
     874
     946
     902
     948
     909
     966
    1002
     932
     912
     944
     969
     998
     924
     969
     959
     923
     971
    1047
     908
     961
     960
    1032
     991
     935
     970
     989
     976
     999
     967
    1013
     968
    1004
    1018
    1001
     959
    1000
     975
    1036
    1017
     987
    1056
     971
    1012
     958
    1020
    1041
    1064
    1014
    1076
    1062
     962
    1014
    1022
    1037
    1100
    1067
    1053
    1137
    1039
    1070
    1109
    1074
    1117
    1081
    1087
    1036
    1149
    1121
    1112
    1137
    1133
    1060
    1159
    1167
    1185
    1145
    1118
    1139
    1154
    1230
    1140
    1176
    1185
    1279
    1147
    1197
    1238
    1188
    1241
    1185
    1193
    1160
    1250
    1238
    1208
    1207
    1235
    1193
    1221
    1241
    1246
    1293
    1294
    1250
    1253
    1244
    1405
    1280
    1313
    1365
    1266
    1353
    1309
    1423
    1282
    1366
    1314
    1336
    1295
    1354
    1336
    1397
    1445
    1352
    1352
    1351
    1309
    1390
    1393
    1442
    1490
    1513
    1366
    1365
    1374
    1393
    1354
    1334
    1387
    1342
    1348
    1368
    1271
    1242
    1322
    1182
    1193
    1093
    1095
    1109
    1079
    1032
     996
     960
     968
     968
     985
    1011
     950
     957
     964
     921
     940
     947
     957
     903
     901
     897
     893
     884
     933
     871
     888
     859
     918
     867
     912
     886
     882
     907
     892
     898
     814
     908
     834
     864
     844
     871
     919
     854
     877
     867
     833
     811
     848
     834
     859
     864
     845
     890
     838
     855
     856
     829
     869
     788
     837
     882
     860
     803
     785
     777
     882
     848
     825
     832
     787
     798
     835
     826
     820
     774
     840
     808
     825
     800
     817
     803
     873
     813
     873
     771
     836
     747
     751
     799
     790
     767
     821
     785
     800
     778
     852
     880
     819
     819
     782
     779
     780
     784
     843
     794
     775
     802
     770
     781
     755
     848
     783
     756
     761
     819
     793
     749
     793
     742
     805
     723
     723
     742
     771
     773
     762
     733
     833
     808
     780
     798
     791
     766
     795
     720
     803
     805
     788
     808
     765
     804
     764
     800
     815
     812
     822
     775
     782
     808
     797
     813
     876
     828
     789
     803
     806
     853
     826
     851
     895
     815
     863
     826
     878
     812
     877
     821
     859
     863
     854
     804
     890
     828
     831
     882
     865
     860
     845
     898
     873
     885
     845
     863
     880
     892
     936
     917
     879
     912
     864
     895
     893
     917
     901
     906
     913
     900
     870
     878
     891
     912
     867
     864
     856
     889
     844
     830
     814
     783
     722
     678
     676
     605
     641
     554
     584
     552
     554
     538
     549
     505
     542
     528
     493
     490
     463
     482
     483
     465
     530
     507
     450
     483
     426
     396
     446
     503
     428
     437
     454
     438
     460
     384
     456
     437
     467
     418
     419
     410
     394
     390
     425
     411
     390
     396
     428
     370
     389
     399
     388
     427
     379
     409
     348
     426
     381
     367
     402
     395
     411
     433
     475
     549
     604
     675
     732
     793
     796
     910
    1091
    1511
    2596
    7828
   21217
   29494
   17998
    5302
    1093
     407
     311
     311
     278
     243
     286
     295
     296
     288
     278
     296
     261
     271
     258
     235
     275
     238
     264
     260
     247
     227
     226
     199
     220
     239
     222
     236
     240
     224
     226
     226
     210
     199
     208
     193
     194
     182
     213
     189
     199
     179
     185
     191
     169
     165
     178
     159
     169
     171
     157
     146
     128
     144
     147
     130
     149
     163
     144
     127
     136
     121
     133
     146
     125
     139
     120
     106
     120
     119
      96
     123
     113
     122
     106
     135
     113
      96
     118
     114
     115
      95
     102
     127
     111
      96
      80
      99
      74
      94
      78
      80
      83
      88
     103
      70
      66
      71
      69
      79
      80
      60
      74
      79
      73
      56
      66
      72
      63
      60
      61
      57
      73
      69
      61
      57
      76
      62
      77
      72
      68
      80
      66
      55
      66
      79
      73
      74
      58
      60
      67
      61
      64
      68
      53
      72
      73
      68
      47
      57
      67
      62
      71
      53
      57
      60
      55
      66
      64
      45
      50
      75
      67
      63
      63
      66
      49
      58
      71
      50
      48
      60
      60
      52
      43
      51
      61
      67
      54
      58
      60
      60
      55
      64
      48
      69
      52
      56
      59
      49
      60
      64
      67
      60
      57
      43
      51
      54
      59
      69
      44
      58
      53
      45
      67
      67
      61
      63
      81
      87
     141
     142
     216
     273
     330
     421
     467
     489
     615
     858
    1383
    3565
   11046
   22201
   21834
   10450
    2621
     430
      77
      28
      38
      30
      40
      28
      35
      37
      19
      24
      39
      22
      24
      23
      34
      26
      25
      28
      31
      21
      29
      24
      30
      27
      27
      36
      22
      21
      27
      34
      25
      27
      34
      20
      18
      16
      17
      25
      22
      26
      31
      21
      20
      20
      16
      16
      30
      19
      33
      17
      23
      22
      18
      24
      22
      19
      29
      17
      28
      36
      19
      27
      18
      15
      23
      19
      24
      20
      18
      21
      24
      23
      23
      26
      26
      23
      27
      24
      24
      19
      24
      28
      19
      32
      27
      17
      16
      22
      21
      19
      29
      26
      20
      19
      19
      17
      25
      26
      27
      19
      20
      29
      27
      25
      23
      22
      24
      23
      17
      24
      24
      34
      25
      25
      21
      21
      21
      23
      20
      20
      20
      31
      15
      26
      26
      20
      26
      21
      13
      14
      18
      20
      23
      19
      15
      27
      25
      26
      21
      19
      26
      23
      18
      17
      21
      19
      22
      19
      19
      19
      17
      19
      18
      24
      18
      21
      22
      18
      20
      15
      11
      14
      19
      23
      24
      14
      29
      18
      31
      64
      69
      68
      32
      19
      14
      19
      18
      18
      27
      25
      14
      23
      19
      15
      16
      21
      20
      18
      14
      24
      15
      18
      15
      25
      22
      16
      19
      23
      20
       0
       0
       0
       0
       0
       0
       0
       0
       0
       0
       0
       0
       0
       0
       0
       0
       0
       0
       0
       0
       0
       0
       0
       0
       0
       0
       0
       0
       0
       0
       0
       0
$ROI:
0
$PRESETS:
None
0
0
$ENER_FIT:
0.000000 0.731044
$MCA_CAL:
3
0.000000E+000 7.310444E-001 0.000000E+000 keV
$SHAPE_CAL:
3
0.000000E+000 0.000000E+000 0.000000E+000
