$SPEC_ID:
No sample description was entered.
$SPEC_REM:
DET# 4
DETDESC# JLAB-20 MCB 131
AP# Maestro Version 7.01
$DATE_MEA:
10/07/2025 20:50:02
$MEAS_TIM:
579 599
$DATA:
0 2047
       0
       0
       0
       0
       0
       0
       0
       0
       0
       0
       0
       0
       0
       0
       0
       0
       0
       0
       0
       0
       0
       0
       0
       0
       0
       0
       0
       0
       0
       0
       0
       0
       0
       0
       0
       0
       0
       0
       0
       0
       0
       0
       0
       0
       0
       0
       0
       0
       0
       0
       0
       0
       0
       0
       0
       0
       0
       0
       0
       0
       0
       0
       0
       0
       0
       0
       0
       0
       0
      37
    1297
    1497
    1383
    1369
    1428
    1459
    1408
    1368
    1365
    1346
    1392
    1316
    1393
    1396
    1318
    1302
    1412
    1340
    1387
    1318
    1315
    1343
    1369
    1364
    1351
    1388
    1318
    1260
    1458
    1459
    1453
    1519
    1533
    1353
    1410
    1434
    1341
    1334
    1348
    1354
    1318
    1270
    1294
    1304
    1298
    1472
    1353
    1366
    1299
    1332
    1285
    1307
    1342
    1273
    1371
    1336
    1294
    1351
    1349
    1284
    1357
    1304
    1323
    1294
    1325
    1330
    1388
    1328
    1342
    1264
    1265
    1247
    1316
    1356
    1312
    1323
    1249
    1264
    1276
    1310
    1345
    1282
    1322
    1340
    1358
    1260
    1273
    1234
    1272
    1329
    1349
    1251
    1284
    1301
    1339
    1356
    1361
    1354
    1348
    1254
    1317
    1329
    1367
    1358
    1262
    1311
    1312
    1317
    1329
    1347
    1326
    1312
    1311
    1325
    1336
    1335
    1332
    1295
    1340
    1351
    1330
    1295
    1307
    1362
    1234
    1330
    1299
    1298
    1257
    1294
    1359
    1273
    1290
    1266
    1377
    1294
    1270
    1277
    1319
    1238
    1280
    1224
    1255
    1252
    1166
    1252
    1257
    1264
    1254
    1227
    1208
    1240
    1360
    1252
    1308
    1191
    1219
    1250
    1233
    1196
    1265
    1286
    1221
    1223
    1203
    1186
    1213
    1234
    1288
    1165
    1269
    1232
    1196
    1254
    1182
    1221
    1191
    1164
    1151
    1218
    1200
    1168
    1183
    1171
    1122
    1185
    1207
    1172
    1229
    1178
    1164
    1191
    1192
    1237
    1145
    1172
    1156
    1213
    1160
    1198
    1209
    1162
    1186
    1162
    1124
    1141
    1187
    1172
    1248
    1189
    1172
    1250
    1263
    1257
    1230
    1284
    1365
    1414
    1439
    1416
    1455
    1458
    1467
    1481
    1447
    1476
    1486
    1482
    1500
    1493
    1465
    1418
    1424
    1457
    1430
    1481
    1398
    1438
    1416
    1421
    1413
    1350
    1356
    1421
    1313
    1395
    1352
    1421
    1301
    1358
    1265
    1307
    1376
    1283
    1349
    1317
    1327
    1214
    1304
    1389
    1232
    1295
    1279
    1301
    1244
    1237
    1271
    1194
    1259
    1304
    1192
    1179
    1272
    1264
    1236
    1139
    1167
    1232
    1186
    1218
    1191
    1140
    1194
    1134
    1190
    1243
    1149
    1130
    1108
    1165
    1208
    1105
    1151
    1168
    1136
    1121
    1158
    1186
    1176
    1123
    1117
    1160
    1105
    1152
    1081
    1068
    1080
    1137
    1151
    1135
    1062
    1116
    1029
    1086
    1097
    1066
    1011
    1077
    1114
    1088
    1042
    1057
    1088
     996
     993
    1038
    1082
    1013
    1003
     974
    1005
    1085
    1041
     979
    1051
    1116
     956
    1039
     922
    1080
    1019
     960
    1038
    1012
     970
     950
     938
    1044
     950
     996
     997
     980
    1272
    1223
    1005
     990
     953
     992
     923
     936
     888
    1056
     932
     918
     940
     954
     943
     901
     975
     915
     933
     867
     926
     961
     900
     939
     907
     934
     978
     901
     910
     916
     881
     940
     988
     865
     915
     907
     931
     901
     903
     891
     912
     906
     884
     901
     828
     885
     900
     894
     934
     933
     867
     925
     908
     828
     895
     878
     892
     881
     900
     859
     862
     918
     853
     865
     857
     862
     897
     879
     811
     865
     877
     879
     849
     858
     846
     790
     867
     826
     876
     874
     854
     810
     789
     864
     825
     814
     844
     842
     802
     835
     800
     828
     829
     815
     803
     858
     822
     841
     836
     821
     847
     761
     879
     873
     843
     835
     839
     846
     841
     788
     804
     806
     824
     811
     803
     860
     773
     799
     811
     825
     823
     788
     773
     763
     762
     783
     820
     823
     787
     762
     784
     771
     778
     867
     856
     775
     810
     806
     843
     800
     793
     778
     798
     824
     815
     792
     836
     809
     804
     796
     817
     772
     821
     813
     779
     774
     767
     802
     752
     800
     834
     765
     816
     735
     814
     778
     769
     809
     764
     750
     805
     775
     770
     796
     747
     835
     802
     767
     761
     808
     788
     824
     715
     743
     770
     756
     801
     785
     792
     809
     756
     784
     802
     746
     757
     757
     793
     792
     804
     731
     793
     772
     746
     773
     728
     728
     764
     746
     778
     784
     771
     732
     788
     764
     723
     737
     766
     776
     787
     765
     810
     788
     748
     753
     711
     744
     741
     733
     780
     731
     706
     774
     720
     707
     755
     791
     773
     769
     758
     752
     785
     732
     722
     682
     782
     770
     735
     755
     720
     770
     725
     738
     735
     731
     700
     744
     768
     713
     685
     767
     716
     763
     750
     787
     705
     724
     758
     710
     736
     717
     743
     710
     818
     801
     805
     766
     725
     705
     741
     747
     787
     791
     724
     667
     745
     775
     754
     722
     704
     704
     724
     756
     777
     726
     793
     723
     712
     738
     742
     759
     726
     762
     719
     748
     717
     755
     792
     752
     767
     701
     740
     741
     728
     752
     695
     788
     696
     700
     776
     701
     721
     716
     725
     744
     684
     691
     710
     717
     726
     762
     731
     772
     756
     778
     734
     718
     669
     751
     730
     784
     713
     735
     709
     745
     698
     754
     720
     741
     747
     784
     748
     722
     758
     732
     762
     730
     728
     721
     724
     732
     757
     752
     709
     701
     740
     733
     741
     779
     694
     745
     724
     782
     740
     713
     718
     714
     695
     756
     701
     676
     776
     716
     733
     712
     718
     780
     729
     705
     753
     705
     730
     724
     700
     737
     729
     705
     698
     732
     763
     736
     704
     703
     721
     771
     711
     748
     759
     752
     729
     706
     717
     707
     739
     668
     725
     702
     820
     742
     708
     702
     727
     711
     690
     749
     694
     747
     790
     748
     749
     694
     721
     701
     718
     722
     701
     738
     742
     711
     750
     689
     707
     684
     754
     706
     738
     711
     756
     733
     742
     715
     785
     746
     683
     766
     756
     758
     735
     681
     753
     697
     713
     764
     732
     731
     760
     725
     724
     694
     730
     730
     764
     706
     692
     734
     748
     719
     721
     755
     726
     767
     713
     790
     736
     734
     729
     717
     730
     791
     693
     757
     742
     709
     760
     704
     714
     769
     717
     756
     744
     743
     714
     746
     744
     722
     752
     731
     715
     756
     712
     768
     737
     756
     732
     786
     752
     759
     779
     783
     711
     762
     732
     737
     715
     696
     751
     756
     752
     752
     760
     761
     727
     728
     758
     757
     753
     763
     769
     723
     748
     777
     736
     744
     751
     717
     771
     789
     719
     745
     752
     711
     812
     809
     765
     795
     761
     794
     811
     735
     774
     765
     759
     731
     755
     754
     744
     756
     777
     758
     763
     778
     746
     729
     750
     781
     783
     788
     791
     734
     820
     807
     797
     781
     815
     771
     798
     771
     805
     763
     787
     735
     795
     809
     724
     778
     761
     764
     789
     783
     771
     756
     779
     777
     797
     758
     762
     811
     775
     775
     792
     777
     801
     760
     744
     726
     776
     774
     808
     775
     716
     747
     832
     753
     761
     794
     763
     793
     777
     821
     807
     740
     820
     801
     806
     783
     783
     806
     792
     771
     782
     765
     780
     802
     791
     818
     811
     801
     759
     813
     754
     809
     813
     775
     836
     827
     808
     844
     852
     825
     804
     769
     770
     802
     827
     776
     785
     830
     779
     794
     865
     843
     862
     816
     809
     804
     852
     877
     881
     848
     821
     836
     868
     816
     831
     828
     857
     813
     817
     800
     856
     804
     817
     802
     819
     896
     930
     916
     929
     889
     869
     803
     870
     869
     916
     821
     870
     869
     847
     834
     853
     833
     875
     871
     827
     894
     851
     836
     883
     818
     855
     918
     844
     910
     862
     857
     957
     901
     888
     881
     881
     890
     873
     891
     908
     927
     907
     966
     928
     894
     939
     888
     932
     934
     867
     919
     961
     886
     914
     904
     942
     896
     934
     936
     981
     870
     911
     905
     952
     945
     979
     959
     928
     910
     966
     936
     920
     983
     978
     929
     994
     932
     999
    1014
     973
    1008
     984
     990
    1001
     950
     930
    1013
    1023
    1024
    1033
     976
     991
    1019
    1004
    1034
    1031
     978
    1072
    1029
    1050
    1008
    1075
    1044
    1109
    1057
    1009
    1062
    1080
    1094
    1082
    1089
    1038
    1096
    1066
    1072
    1054
    1098
    1130
    1166
    1095
    1151
    1054
    1105
    1143
    1098
    1152
    1190
    1171
    1233
    1197
    1085
    1200
    1108
    1155
    1218
    1192
    1236
    1174
    1212
    1227
    1228
    1293
    1215
    1255
    1151
    1277
    1199
    1203
    1188
    1244
    1236
    1217
    1312
    1263
    1210
    1276
    1314
    1305
    1279
    1296
    1267
    1376
    1266
    1283
    1317
    1371
    1379
    1362
    1293
    1327
    1371
    1340
    1316
    1383
    1293
    1319
    1360
    1329
    1365
    1326
    1315
    1340
    1394
    1410
    1367
    1350
    1373
    1351
    1336
    1331
    1273
    1327
    1327
    1262
    1273
    1181
    1132
    1079
    1103
    1085
    1014
    1021
    1015
    1007
     964
     960
     969
     966
     921
     898
     970
     952
     907
     901
     854
     905
     943
     887
     898
     878
     877
     881
     867
     898
     860
     879
     880
     876
     875
     885
     868
     893
     882
     831
     882
     873
     859
     859
     836
     825
     824
     840
     866
     862
     808
     864
     870
     866
     854
     828
     841
     880
     841
     787
     793
     791
     834
     877
     767
     804
     786
     829
     840
     843
     823
     817
     877
     826
     809
     814
     814
     824
     835
     810
     863
     838
     781
     826
     822
     848
     793
     807
     756
     807
     799
     753
     742
     823
     799
     775
     787
     771
     769
     762
     784
     809
     772
     729
     720
     789
     771
     770
     769
     796
     745
     805
     774
     803
     730
     781
     779
     780
     780
     746
     772
     759
     729
     706
     743
     783
     735
     809
     739
     788
     799
     751
     738
     802
     758
     777
     805
     791
     753
     724
     761
     743
     792
     758
     776
     817
     787
     795
     776
     796
     799
     809
     825
     748
     805
     759
     792
     873
     755
     766
     813
     856
     850
     848
     843
     799
     887
     853
     802
     907
     811
     823
     820
     838
     903
     890
     832
     882
     895
     900
     872
     914
     911
     901
     879
     909
     860
     903
     893
     912
     864
     902
     895
     879
     870
     875
     872
     876
     929
     893
     952
     909
     875
     871
     904
     819
     853
     854
     798
     795
     766
     773
     681
     634
     645
     651
     622
     621
     581
     548
     529
     534
     543
     517
     474
     501
     450
     484
     491
     473
     506
     458
     470
     442
     503
     487
     463
     431
     429
     440
     406
     465
     467
     417
     432
     416
     430
     426
     395
     386
     424
     391
     374
     427
     389
     376
     437
     406
     404
     414
     426
     375
     411
     387
     383
     379
     409
     371
     340
     383
     401
     434
     376
     408
     486
     537
     621
     648
     745
     815
     811
     954
    1105
    1497
    3087
    9329
   23672
   28575
   15521
    4307
     850
     383
     357
     303
     295
     284
     269
     265
     260
     261
     264
     258
     281
     231
     261
     271
     243
     239
     265
     245
     258
     234
     235
     265
     225
     222
     217
     201
     226
     237
     243
     190
     229
     210
     216
     181
     180
     199
     200
     197
     191
     177
     172
     186
     154
     164
     170
     174
     153
     130
     139
     150
     154
     143
     162
     147
     155
     120
     134
     140
     164
     150
     114
     126
     151
     130
     134
     125
     113
     124
     122
     124
     105
     130
      89
     103
      89
     114
      98
     104
      94
     110
      98
      91
     117
      82
      98
      93
      98
      73
      78
      86
      79
      78
      88
      82
      73
      76
      73
      80
      90
      82
      74
      56
      74
      67
      69
      70
      74
      74
      67
      69
      62
      70
      65
      70
      64
      73
      65
      63
      59
      75
      69
      68
      68
      73
      58
      70
      65
      65
      49
      69
      63
      71
      53
      46
      54
      67
      56
      74
      75
      65
      71
      68
      63
      51
      64
      49
      64
      71
      56
      66
      54
      60
      47
      67
      55
      53
      56
      72
      64
      60
      68
      53
      54
      64
      48
      40
      56
      43
      58
      64
      57
      57
      55
      61
      61
      57
      60
      35
      68
      49
      46
      47
      58
      59
      54
      55
      54
      51
      50
      73
      53
      54
      59
      60
      72
      65
      98
     105
     136
     199
     245
     296
     350
     398
     481
     539
     642
     928
    1627
    4354
   13244
   23208
   19976
    8608
    1923
     328
      68
      43
      36
      30
      28
      37
      36
      25
      26
      36
      27
      30
      32
      28
      32
      31
      26
      16
      29
      24
      23
      30
      19
      23
      25
      23
      22
      28
      37
      22
      30
      27
      26
      24
      30
      20
      21
      25
      23
      22
      30
      19
      24
      30
      24
      20
      18
      24
      22
      23
      29
      17
      22
      27
      22
      24
      24
      27
      23
      17
      27
      20
      18
      14
      30
      28
      26
      23
      23
      13
      24
      35
      22
      23
      27
      23
      29
      18
      21
      26
      29
      16
      26
      19
      22
      20
      24
      17
      22
      34
      16
      32
      24
      21
      22
      17
      24
      25
      23
      26
      27
      27
      24
      22
      24
      21
      17
      21
      20
      19
      18
      33
      17
      18
      29
      30
      27
      20
      23
      29
      19
      19
      19
      21
      17
      19
      22
      21
      15
      20
      18
      17
      21
      23
      22
      13
      27
      29
      21
      27
      23
      18
      20
      21
      21
      16
      25
      17
      20
      17
      12
      23
      18
      15
      13
      26
      16
      25
      26
      17
      22
      26
      19
      28
      22
      15
      24
      31
      37
      71
      74
      56
      26
      16
      19
      12
       9
      13
      11
      17
      17
      20
      16
      19
      19
      26
      19
      16
      19
      14
      18
      15
      16
      25
      17
      25
      19
      11
      25
       0
       0
       0
       0
       0
       0
       0
       0
       0
       0
       0
       0
       0
       0
       0
       0
       0
       0
       0
       0
       0
       0
       0
       0
       0
       0
       0
       0
       0
       0
       0
       0
$ROI:
0
$PRESETS:
None
0
0
$ENER_FIT:
0.000000 0.731044
$MCA_CAL:
3
0.000000E+000 7.310444E-001 0.000000E+000 keV
$SHAPE_CAL:
3
0.000000E+000 0.000000E+000 0.000000E+000
