$SPEC_ID:
No sample description was entered.
$SPEC_REM:
DET# 4
DETDESC# JLAB-20 MCB 131
AP# Maestro Version 7.01
$DATE_MEA:
10/06/2025 18:10:02
$MEAS_TIM:
579 599
$DATA:
0 2047
       0
       0
       0
       0
       0
       0
       0
       0
       0
       0
       0
       0
       0
       0
       0
       0
       0
       0
       0
       0
       0
       0
       0
       0
       0
       0
       0
       0
       0
       0
       0
       0
       0
       0
       0
       0
       0
       0
       0
       0
       0
       0
       0
       0
       0
       0
       0
       0
       0
       0
       0
       0
       0
       0
       0
       0
       0
       0
       0
       0
       0
       0
       0
       0
       0
       0
       0
       0
       0
      37
    1332
    1367
    1448
    1343
    1414
    1355
    1401
    1300
    1467
    1383
    1353
    1372
    1375
    1334
    1408
    1383
    1316
    1352
    1383
    1411
    1314
    1380
    1377
    1324
    1342
    1388
    1322
    1374
    1460
    1492
    1328
    1550
    1532
    1405
    1328
    1417
    1283
    1285
    1327
    1279
    1316
    1327
    1357
    1292
    1382
    1450
    1351
    1361
    1362
    1387
    1303
    1308
    1309
    1326
    1314
    1319
    1268
    1283
    1340
    1330
    1325
    1340
    1328
    1297
    1372
    1368
    1293
    1247
    1255
    1302
    1316
    1312
    1217
    1363
    1354
    1316
    1371
    1380
    1328
    1340
    1311
    1394
    1341
    1345
    1271
    1321
    1280
    1345
    1304
    1291
    1349
    1294
    1334
    1354
    1356
    1319
    1291
    1326
    1265
    1267
    1329
    1353
    1332
    1292
    1315
    1350
    1320
    1304
    1298
    1334
    1327
    1221
    1295
    1390
    1318
    1327
    1341
    1308
    1385
    1369
    1296
    1340
    1289
    1293
    1273
    1259
    1311
    1347
    1284
    1265
    1286
    1269
    1196
    1277
    1335
    1358
    1334
    1308
    1225
    1217
    1212
    1219
    1268
    1292
    1267
    1241
    1286
    1254
    1226
    1284
    1252
    1251
    1255
    1242
    1241
    1209
    1235
    1209
    1248
    1251
    1271
    1247
    1295
    1167
    1223
    1268
    1233
    1182
    1195
    1283
    1186
    1189
    1195
    1206
    1211
    1178
    1191
    1185
    1244
    1147
    1182
    1166
    1196
    1216
    1209
    1173
    1279
    1136
    1198
    1297
    1155
    1179
    1196
    1238
    1161
    1227
    1135
    1188
    1148
    1145
    1196
    1175
    1176
    1190
    1155
    1190
    1190
    1187
    1212
    1223
    1251
    1236
    1197
    1284
    1294
    1345
    1345
    1398
    1375
    1435
    1485
    1505
    1508
    1502
    1565
    1531
    1475
    1543
    1558
    1528
    1527
    1509
    1449
    1482
    1424
    1385
    1393
    1389
    1436
    1413
    1384
    1388
    1381
    1410
    1248
    1418
    1415
    1324
    1330
    1352
    1326
    1363
    1325
    1332
    1350
    1318
    1276
    1344
    1341
    1263
    1213
    1244
    1245
    1323
    1265
    1310
    1297
    1293
    1294
    1256
    1269
    1207
    1224
    1205
    1237
    1175
    1167
    1184
    1216
    1174
    1160
    1191
    1246
    1224
    1203
    1233
    1153
    1216
    1155
    1152
    1111
    1147
    1129
    1182
    1215
    1098
    1114
    1158
    1179
    1124
    1148
    1140
    1205
    1095
    1142
    1107
    1123
    1105
    1165
    1139
    1121
    1037
    1064
    1054
    1071
    1065
     998
    1023
    1060
    1063
    1079
    1100
    1034
    1022
     996
    1066
    1040
     983
    1075
    1088
    1052
     975
    1073
    1141
     948
    1050
    1024
    1077
    1065
     971
    1005
    1001
     992
     976
     956
     987
    1041
    1027
     970
     963
     980
    1095
    1235
    1154
     965
     992
     984
     954
     996
     963
    1030
     930
     943
     901
     955
     958
     975
     920
     942
     943
     974
     906
     975
     959
     953
     908
     882
     919
     882
     954
     925
     930
     959
     889
     960
     972
     887
     949
     874
     886
     934
     945
     895
     925
     858
     952
     912
     850
     914
     858
     968
     863
     880
     917
     921
     870
     851
     862
     907
     937
     865
     893
     892
     895
     870
     837
     840
     840
     890
     861
     940
     862
     881
     833
     827
     854
     763
     871
     813
     906
     817
     845
     829
     867
     856
     835
     806
     828
     862
     868
     828
     842
     886
     850
     877
     800
     869
     819
     873
     804
     795
     863
     864
     802
     786
     818
     810
     827
     793
     810
     843
     824
     813
     833
     804
     797
     804
     815
     789
     794
     790
     840
     811
     797
     819
     796
     798
     778
     788
     824
     748
     833
     783
     796
     850
     843
     772
     856
     807
     806
     751
     787
     782
     787
     821
     782
     789
     788
     802
     783
     829
     775
     757
     771
     775
     783
     831
     795
     755
     742
     771
     778
     786
     760
     767
     791
     813
     763
     751
     855
     794
     740
     785
     767
     773
     772
     822
     737
     787
     771
     793
     711
     782
     776
     733
     799
     753
     773
     782
     707
     834
     736
     785
     711
     766
     728
     769
     801
     773
     736
     789
     783
     746
     710
     821
     767
     787
     750
     708
     758
     782
     789
     779
     797
     760
     787
     746
     726
     752
     754
     768
     747
     793
     781
     721
     745
     738
     795
     740
     738
     719
     772
     759
     733
     737
     747
     751
     734
     701
     760
     790
     701
     707
     760
     792
     709
     744
     766
     728
     725
     730
     719
     722
     725
     717
     760
     817
     732
     731
     769
     785
     677
     692
     741
     749
     771
     740
     776
     745
     770
     757
     745
     757
     756
     789
     788
     773
     756
     783
     711
     770
     715
     742
     733
     727
     734
     737
     716
     760
     744
     745
     730
     724
     735
     729
     721
     749
     731
     733
     759
     723
     737
     703
     716
     752
     756
     745
     812
     692
     705
     723
     786
     711
     739
     728
     772
     746
     737
     739
     728
     730
     731
     754
     722
     766
     737
     732
     712
     725
     712
     708
     794
     721
     694
     801
     745
     720
     693
     708
     709
     737
     707
     720
     764
     755
     706
     768
     739
     724
     739
     711
     696
     764
     778
     679
     732
     721
     718
     715
     726
     734
     694
     748
     742
     779
     672
     687
     779
     746
     722
     685
     707
     757
     714
     716
     755
     715
     719
     733
     734
     711
     734
     701
     725
     728
     726
     726
     742
     736
     686
     747
     758
     707
     689
     738
     697
     739
     726
     708
     754
     687
     726
     766
     704
     718
     724
     721
     768
     772
     755
     733
     712
     685
     737
     754
     710
     718
     751
     700
     720
     741
     751
     776
     735
     698
     765
     760
     756
     738
     696
     678
     773
     744
     741
     697
     732
     701
     736
     727
     763
     732
     731
     733
     720
     751
     742
     743
     702
     782
     776
     743
     709
     689
     719
     715
     693
     782
     754
     699
     745
     730
     729
     723
     710
     732
     743
     743
     742
     801
     719
     745
     725
     765
     746
     746
     733
     718
     714
     705
     758
     769
     766
     749
     795
     724
     726
     725
     752
     728
     755
     757
     752
     766
     809
     745
     710
     735
     745
     718
     731
     767
     754
     697
     716
     712
     745
     746
     722
     793
     779
     785
     771
     751
     766
     740
     695
     796
     748
     769
     731
     747
     763
     764
     750
     709
     755
     790
     723
     769
     759
     749
     686
     788
     775
     768
     719
     721
     737
     789
     757
     767
     767
     812
     743
     777
     734
     753
     773
     793
     812
     749
     777
     759
     737
     774
     725
     788
     753
     774
     764
     720
     783
     731
     765
     787
     725
     784
     738
     765
     835
     773
     794
     815
     755
     732
     765
     783
     755
     738
     768
     730
     769
     794
     748
     763
     736
     721
     795
     732
     806
     779
     796
     751
     761
     779
     777
     800
     765
     760
     732
     809
     775
     774
     744
     717
     740
     785
     717
     810
     755
     753
     747
     817
     813
     805
     780
     800
     811
     796
     821
     781
     784
     821
     804
     804
     816
     778
     771
     805
     793
     857
     751
     776
     835
     808
     791
     794
     775
     853
     806
     787
     814
     837
     794
     794
     775
     813
     803
     765
     857
     824
     802
     780
     796
     803
     805
     826
     791
     836
     793
     845
     802
     864
     856
     784
     787
     787
     766
     760
     818
     832
     814
     810
     819
     842
     790
     872
     883
     877
     815
     863
     846
     844
     812
     785
     880
     840
     768
     847
     830
     818
     825
     860
     819
     858
     960
     931
     920
     910
     871
     803
     913
     833
     843
     850
     884
     861
     809
     865
     864
     937
     883
     828
     831
     871
     889
     905
     890
     878
     910
     854
     914
     886
     824
     916
     809
     899
     939
     881
     871
     927
     936
     884
     847
     838
     923
     905
     923
     889
     851
     844
     911
     896
     954
     932
     954
     945
     951
     934
     912
     954
     952
     961
     955
     887
     859
     927
     960
     996
     929
     997
     944
     984
     923
     971
     927
     917
     944
     928
     941
     897
     964
    1011
    1018
     947
    1009
     991
     963
     953
     942
    1004
     947
    1032
    1003
     986
    1048
    1014
     934
    1030
    1003
     977
    1056
    1014
    1049
    1069
    1019
    1042
    1053
    1036
    1017
    1045
    1061
    1076
    1052
    1052
    1056
    1073
     998
    1101
    1056
    1120
    1080
    1152
    1075
    1072
    1148
    1100
    1096
    1129
    1112
    1161
    1133
    1108
    1159
    1163
    1096
    1131
    1197
    1183
    1123
    1176
    1214
    1218
    1191
    1127
    1221
    1258
    1221
    1213
    1193
    1261
    1278
    1227
    1266
    1216
    1276
    1297
    1288
    1290
    1251
    1245
    1307
    1283
    1246
    1277
    1324
    1336
    1313
    1317
    1289
    1353
    1358
    1344
    1395
    1340
    1318
    1356
    1351
    1380
    1352
    1292
    1438
    1387
    1377
    1400
    1423
    1465
    1360
    1411
    1430
    1331
    1384
    1417
    1386
    1384
    1325
    1343
    1319
    1253
    1224
    1210
    1139
    1135
    1129
    1031
    1012
     990
    1048
     981
     958
     982
     970
     935
     948
     949
    1008
     953
     849
     944
     925
     950
     867
     879
     901
     869
     888
     890
     899
     823
     890
     883
     924
     881
     882
     901
     870
     863
     845
     801
     845
     838
     901
     859
     821
     877
     879
     846
     835
     840
     854
     830
     862
     871
     858
     876
     821
     873
     897
     817
     869
     872
     826
     857
     886
     854
     841
     848
     820
     779
     882
     805
     848
     787
     793
     824
     823
     804
     796
     827
     837
     814
     820
     840
     796
     843
     811
     773
     801
     780
     807
     824
     823
     806
     802
     768
     805
     771
     764
     827
     780
     887
     805
     808
     756
     802
     757
     816
     744
     781
     722
     772
     774
     802
     724
     818
     761
     761
     763
     754
     750
     740
     786
     803
     783
     769
     778
     770
     799
     727
     766
     764
     788
     767
     766
     771
     746
     784
     756
     772
     780
     797
     747
     774
     788
     775
     819
     784
     799
     783
     782
     821
     766
     792
     821
     778
     845
     799
     834
     756
     870
     805
     783
     813
     827
     873
     854
     866
     871
     833
     844
     863
     930
     921
     869
     839
     878
     853
     869
     833
     896
     878
     934
     941
     877
     894
     891
     888
     828
     920
     887
     881
     895
     961
     867
     952
     910
     912
     908
     919
     930
     871
     885
     821
     917
     901
     833
     833
     840
     829
     756
     779
     662
     729
     643
     648
     595
     580
     600
     539
     509
     543
     499
     516
     481
     497
     509
     448
     476
     451
     460
     475
     451
     502
     473
     471
     469
     471
     436
     420
     421
     426
     447
     469
     403
     438
     435
     425
     443
     423
     416
     432
     382
     425
     436
     424
     390
     432
     404
     412
     391
     403
     404
     369
     450
     414
     328
     414
     370
     364
     374
     434
     386
     471
     485
     562
     681
     717
     789
     844
     929
    1076
    1281
    1929
    5040
   15402
   28438
   24003
    9216
    2123
     547
     337
     301
     296
     275
     254
     269
     285
     266
     266
     287
     285
     292
     256
     258
     264
     260
     261
     256
     292
     256
     242
     271
     219
     243
     229
     220
     202
     211
     197
     225
     191
     193
     217
     224
     197
     208
     186
     186
     198
     203
     191
     186
     163
     187
     185
     151
     165
     173
     155
     162
     124
     142
     156
     138
     141
     128
     136
     134
     136
     117
     130
     124
     129
     104
     115
     113
     103
     130
     122
     113
     115
      94
     102
     113
      96
      85
     109
      95
     101
     116
      93
     107
     108
      83
      98
      88
      98
      72
      90
      97
      85
      93
      84
      80
      82
      69
      71
      72
      75
      73
      67
      69
      64
      59
      60
      54
      51
      89
      73
      75
      55
      76
      67
      64
      82
      74
      73
      58
      75
      66
      73
      72
      77
      65
      53
      50
      42
      72
      73
      57
      61
      67
      72
      76
      59
      59
      58
      75
      55
      60
      64
      71
      71
      55
      62
      50
      66
      57
      52
      66
      62
      45
      46
      64
      53
      66
      60
      57
      57
      50
      48
      54
      68
      62
      55
      66
      47
      54
      60
      67
      53
      49
      50
      62
      56
      46
      44
      63
      56
      61
      53
      59
      62
      60
      43
      57
      54
      53
      57
      62
      56
      52
      53
      60
      80
      83
      73
      74
     105
     151
     202
     255
     307
     388
     449
     542
     595
     766
    1225
    2663
    8216
   19279
   23722
   13769
    4223
     780
     109
      30
      38
      29
      30
      29
      21
      34
      35
      30
      28
      35
      25
      24
      29
      31
      43
      24
      28
      27
      18
      22
      26
      33
      20
      19
      16
      25
      23
      23
      29
      22
      19
      27
      18
      29
      28
      25
      23
      19
      25
      25
      15
      23
      20
      29
      26
      19
      25
      22
      17
      25
      22
      28
      18
      32
      35
      32
      13
      21
      29
      22
      31
      25
      27
      25
      25
      19
      29
      33
      21
      25
      25
      25
      17
      25
      25
      28
      20
      27
      23
      26
      12
      21
      18
      23
      34
      23
      33
      17
      24
      16
      23
      30
      16
      22
      25
      15
      19
      20
      25
      26
      23
      16
      19
      22
      18
      21
      24
      24
      22
      20
      17
      22
      24
      19
      27
      15
      23
      20
      18
      21
      26
      26
      27
      22
      20
      26
      25
      21
      18
      22
      21
      26
      22
      21
      22
      24
      20
      18
      21
      27
      26
      19
      27
      20
      19
      22
      23
      17
      17
      24
      14
      18
      19
      30
      28
      16
      25
      15
      18
      19
      25
      23
      16
      20
      21
      22
      34
      40
      65
      54
      37
      29
      19
      20
      17
      15
      19
      28
      14
      19
      21
      24
      18
      21
      13
      18
      20
      22
      17
      24
      20
      19
      11
      19
      18
      24
      12
      21
       0
       0
       0
       0
       0
       0
       0
       0
       0
       0
       0
       0
       0
       0
       0
       0
       0
       0
       0
       0
       0
       0
       0
       0
       0
       0
       0
       0
       0
       0
       0
       0
$ROI:
0
$PRESETS:
None
0
0
$ENER_FIT:
0.000000 0.731044
$MCA_CAL:
3
0.000000E+000 7.310444E-001 0.000000E+000 keV
$SHAPE_CAL:
3
0.000000E+000 0.000000E+000 0.000000E+000
