$SPEC_ID:
No sample description was entered.
$SPEC_REM:
DET# 4
DETDESC# JLAB-20 MCB 131
AP# Maestro Version 7.01
$DATE_MEA:
10/07/2025 12:00:02
$MEAS_TIM:
579 600
$DATA:
0 2047
       0
       0
       0
       0
       0
       0
       0
       0
       0
       0
       0
       0
       0
       0
       0
       0
       0
       0
       0
       0
       0
       0
       0
       0
       0
       0
       0
       0
       0
       0
       0
       0
       0
       0
       0
       0
       0
       0
       0
       0
       0
       0
       0
       0
       0
       0
       0
       0
       0
       0
       0
       0
       0
       0
       0
       0
       0
       0
       0
       0
       0
       0
       0
       0
       0
       0
       0
       0
       0
      30
    1326
    1437
    1405
    1426
    1353
    1400
    1360
    1406
    1362
    1316
    1381
    1376
    1353
    1398
    1417
    1314
    1329
    1377
    1313
    1347
    1380
    1344
    1343
    1359
    1332
    1367
    1342
    1371
    1436
    1383
    1331
    1483
    1561
    1385
    1379
    1379
    1328
    1322
    1320
    1320
    1332
    1296
    1313
    1354
    1380
    1358
    1413
    1335
    1321
    1357
    1268
    1310
    1235
    1313
    1350
    1288
    1329
    1307
    1378
    1316
    1362
    1266
    1341
    1292
    1357
    1368
    1341
    1331
    1330
    1309
    1319
    1350
    1336
    1320
    1360
    1347
    1317
    1301
    1271
    1344
    1293
    1263
    1239
    1280
    1334
    1290
    1294
    1346
    1273
    1292
    1335
    1280
    1325
    1312
    1287
    1255
    1348
    1267
    1349
    1331
    1335
    1261
    1334
    1325
    1390
    1310
    1267
    1318
    1346
    1303
    1283
    1364
    1329
    1308
    1324
    1334
    1312
    1292
    1305
    1314
    1280
    1324
    1282
    1291
    1290
    1313
    1264
    1284
    1335
    1320
    1274
    1286
    1324
    1272
    1311
    1305
    1315
    1258
    1295
    1304
    1318
    1305
    1276
    1225
    1279
    1281
    1268
    1220
    1248
    1256
    1254
    1209
    1259
    1246
    1290
    1254
    1218
    1258
    1252
    1303
    1200
    1283
    1257
    1199
    1227
    1199
    1222
    1228
    1241
    1155
    1241
    1225
    1252
    1165
    1189
    1214
    1181
    1182
    1168
    1196
    1186
    1199
    1173
    1238
    1217
    1226
    1123
    1213
    1165
    1171
    1196
    1212
    1150
    1186
    1196
    1207
    1154
    1129
    1173
    1139
    1198
    1278
    1183
    1167
    1179
    1153
    1149
    1139
    1246
    1203
    1180
    1204
    1273
    1267
    1318
    1304
    1352
    1420
    1388
    1446
    1434
    1493
    1466
    1519
    1549
    1504
    1504
    1520
    1481
    1484
    1561
    1418
    1534
    1504
    1408
    1479
    1425
    1450
    1488
    1337
    1386
    1355
    1298
    1453
    1392
    1363
    1406
    1327
    1343
    1268
    1317
    1254
    1343
    1338
    1271
    1310
    1312
    1334
    1282
    1272
    1334
    1267
    1208
    1214
    1202
    1194
    1286
    1193
    1210
    1259
    1213
    1221
    1184
    1271
    1224
    1173
    1178
    1224
    1232
    1261
    1139
    1219
    1190
    1200
    1228
    1167
    1155
    1146
    1120
    1168
    1162
    1189
    1107
    1124
    1165
    1165
    1178
    1158
    1157
    1153
    1125
    1091
    1130
    1112
    1072
    1161
    1084
    1104
    1139
    1118
    1140
    1059
    1050
    1088
    1058
    1062
    1113
    1072
    1091
    1062
    1068
    1043
    1038
    1068
    1066
    1036
    1068
    1041
    1061
    1079
    1004
    1049
    1067
    1017
    1005
    1043
     988
    1014
    1013
    1015
     980
     993
    1055
     962
    1038
    1036
     970
     977
    1006
     985
    1004
     995
    1254
    1258
    1038
    1005
    1003
     946
     972
     929
     922
     920
    1007
     915
     947
     952
     924
     958
     884
     918
     970
     954
     932
     947
     923
     911
     904
     918
     863
     927
     883
     911
     940
     882
     955
     923
     920
     981
     904
     902
     925
     938
     917
     845
     887
     881
     876
     885
     860
     888
     947
     878
     852
     889
     826
     853
     863
     868
     868
     978
     887
     872
     826
     813
     840
     885
     912
     847
     859
     903
     876
     866
     921
     812
     870
     852
     886
     839
     807
     829
     851
     800
     869
     840
     844
     827
     777
     776
     836
     815
     829
     876
     788
     820
     826
     773
     862
     819
     834
     828
     842
     824
     780
     865
     798
     795
     810
     843
     789
     824
     833
     800
     803
     768
     805
     772
     819
     812
     860
     812
     783
     770
     796
     783
     781
     779
     862
     757
     745
     833
     763
     802
     882
     744
     729
     781
     813
     804
     762
     790
     793
     765
     803
     792
     779
     771
     755
     839
     776
     831
     802
     804
     815
     775
     761
     738
     778
     799
     790
     787
     817
     750
     784
     777
     745
     799
     750
     744
     847
     813
     751
     776
     854
     746
     814
     752
     771
     771
     816
     733
     772
     748
     731
     792
     821
     748
     757
     769
     812
     736
     769
     765
     720
     804
     759
     775
     818
     741
     758
     756
     782
     736
     737
     811
     771
     786
     801
     760
     772
     754
     754
     773
     714
     726
     721
     716
     765
     754
     757
     755
     814
     720
     722
     749
     683
     729
     711
     734
     744
     723
     757
     742
     760
     729
     797
     758
     726
     759
     707
     767
     687
     760
     717
     784
     786
     735
     738
     729
     730
     748
     754
     726
     722
     719
     718
     735
     769
     730
     692
     728
     722
     752
     732
     765
     746
     798
     776
     746
     688
     783
     778
     754
     781
     780
     722
     725
     780
     733
     685
     766
     675
     750
     720
     752
     765
     749
     759
     654
     767
     734
     711
     680
     781
     766
     735
     711
     708
     734
     710
     722
     719
     774
     670
     738
     736
     665
     762
     704
     720
     749
     725
     721
     757
     747
     735
     695
     709
     785
     750
     703
     723
     762
     744
     746
     728
     712
     769
     720
     708
     765
     691
     744
     756
     736
     716
     739
     734
     761
     729
     734
     737
     692
     725
     707
     745
     759
     712
     752
     706
     734
     683
     668
     741
     722
     709
     714
     734
     710
     736
     735
     701
     752
     749
     733
     761
     744
     661
     738
     758
     748
     726
     701
     702
     824
     732
     692
     765
     761
     751
     734
     711
     721
     743
     660
     753
     767
     713
     774
     748
     715
     721
     718
     694
     680
     724
     765
     702
     723
     720
     712
     714
     747
     731
     740
     702
     705
     689
     755
     781
     725
     762
     780
     791
     723
     707
     693
     734
     700
     713
     700
     719
     771
     710
     733
     726
     746
     747
     694
     740
     721
     711
     731
     750
     755
     719
     755
     772
     694
     739
     749
     714
     698
     727
     763
     812
     759
     766
     725
     705
     714
     743
     695
     730
     711
     757
     709
     752
     746
     766
     695
     717
     729
     750
     714
     746
     720
     728
     712
     767
     742
     738
     785
     715
     702
     716
     685
     735
     768
     733
     747
     750
     750
     744
     752
     741
     771
     696
     728
     777
     666
     800
     755
     701
     763
     739
     708
     732
     714
     715
     741
     741
     769
     702
     709
     740
     726
     703
     760
     768
     774
     711
     772
     736
     755
     812
     748
     757
     716
     757
     723
     746
     695
     712
     761
     765
     732
     712
     762
     741
     765
     733
     766
     757
     729
     768
     778
     706
     723
     735
     836
     726
     774
     759
     755
     707
     740
     749
     695
     752
     721
     823
     765
     758
     743
     770
     808
     783
     768
     781
     788
     754
     770
     760
     768
     739
     732
     748
     782
     752
     785
     759
     759
     747
     730
     756
     748
     777
     778
     763
     738
     717
     737
     761
     731
     794
     789
     737
     793
     790
     801
     794
     800
     797
     759
     767
     785
     815
     762
     790
     779
     785
     778
     831
     771
     734
     793
     772
     825
     821
     771
     796
     800
     782
     752
     767
     729
     752
     794
     776
     836
     799
     718
     779
     826
     809
     814
     771
     789
     798
     772
     835
     730
     806
     823
     755
     795
     783
     799
     825
     769
     784
     809
     800
     831
     825
     749
     814
     804
     792
     819
     782
     831
     773
     806
     826
     818
     807
     819
     790
     822
     793
     823
     833
     772
     814
     842
     847
     804
     805
     834
     809
     810
     812
     829
     827
     823
     774
     771
     852
     816
     758
     848
     806
     811
     833
     828
     830
     764
     832
     803
     827
     821
     866
     837
     887
     868
     870
     916
     926
     903
     867
     849
     834
     887
     838
     855
     855
     880
     883
     893
     868
     829
     865
     883
     889
     905
     853
     905
     875
     915
     925
     868
     879
     907
     842
     901
     920
     936
     859
     856
     934
     934
     900
     853
     912
     930
     914
     912
     908
     852
     919
     882
     885
     932
     969
     953
     887
     905
     955
     921
     945
     889
     913
     930
     899
     940
     929
     904
     962
     924
     986
     955
     913
     945
    1030
     961
     991
     956
     955
    1014
    1036
     989
     973
     979
    1026
     951
    1001
     991
    1006
    1008
     978
     990
     995
    1038
     955
     981
    1002
    1016
    1039
     991
     982
    1046
    1035
     963
    1086
    1027
    1043
    1116
    1049
    1013
    1107
    1039
    1033
    1126
    1097
    1071
    1001
    1093
    1136
    1125
    1090
    1136
    1117
    1144
    1070
    1083
    1104
    1077
    1152
    1115
    1150
    1147
    1110
    1157
    1099
    1121
    1156
    1197
    1155
    1163
    1219
    1188
    1088
    1176
    1231
    1163
    1192
    1200
    1170
    1237
    1249
    1226
    1295
    1209
    1243
    1283
    1249
    1230
    1267
    1259
    1296
    1242
    1296
    1333
    1305
    1251
    1297
    1325
    1367
    1287
    1333
    1310
    1281
    1271
    1346
    1320
    1383
    1378
    1279
    1396
    1352
    1409
    1295
    1388
    1423
    1427
    1403
    1379
    1410
    1412
    1430
    1373
    1377
    1349
    1295
    1281
    1313
    1281
    1316
    1232
    1247
    1205
    1138
    1064
    1060
    1028
    1058
    1008
     947
     962
     926
     968
     983
     969
     931
     972
     934
     977
     880
     914
     920
     869
     952
     926
     869
     920
     915
     893
     836
     882
     932
     894
     878
     866
     909
     882
     898
     877
     931
     894
     852
     856
     856
     844
     856
     868
     849
     857
     884
     851
     823
     856
     840
     830
     806
     808
     877
     838
     792
     806
     865
     830
     843
     799
     829
     814
     829
     865
     802
     849
     809
     807
     818
     795
     792
     819
     822
     777
     801
     787
     828
     817
     824
     796
     803
     797
     756
     794
     830
     779
     828
     744
     843
     766
     774
     796
     796
     756
     795
     733
     821
     809
     795
     758
     798
     728
     822
     776
     810
     795
     774
     760
     750
     790
     763
     801
     759
     757
     752
     747
     762
     766
     762
     747
     783
     743
     723
     796
     720
     795
     738
     706
     818
     780
     779
     766
     767
     740
     759
     787
     774
     733
     822
     801
     797
     801
     812
     817
     730
     822
     762
     781
     811
     816
     871
     787
     802
     829
     776
     844
     784
     794
     857
     835
     893
     797
     801
     877
     825
     808
     861
     864
     860
     829
     834
     853
     892
     914
     858
     883
     914
     864
     864
     873
     904
     894
     880
     892
     875
     858
     903
     929
     869
     866
     936
     940
     867
     905
     871
     857
     865
     892
     856
     842
     916
     910
     828
     901
     789
     792
     766
     711
     722
     726
     643
     606
     625
     572
     550
     485
     500
     530
     542
     496
     499
     518
     484
     484
     506
     486
     441
     450
     463
     470
     441
     457
     433
     438
     490
     466
     413
     427
     404
     409
     424
     406
     391
     428
     422
     416
     385
     422
     404
     432
     397
     414
     426
     335
     386
     421
     382
     329
     401
     395
     390
     381
     369
     401
     407
     387
     362
     386
     435
     513
     536
     578
     617
     706
     831
     851
     924
    1093
    1356
    2192
    6330
   18416
   29147
   20758
    7077
    1438
     410
     337
     286
     295
     298
     265
     285
     282
     305
     293
     273
     252
     254
     275
     272
     236
     242
     276
     255
     258
     268
     234
     228
     221
     241
     257
     225
     267
     230
     219
     220
     195
     189
     220
     196
     206
     183
     185
     179
     180
     194
     199
     183
     172
     173
     173
     152
     126
     141
     164
     147
     155
     147
     145
     138
     157
     156
     122
     107
     132
     122
     134
     148
     110
     107
     133
     109
     110
     113
     118
     133
     100
     123
     102
     130
     113
     114
     110
     109
      86
      81
     103
      93
      93
      88
     100
      89
      89
      99
      90
      82
      74
      75
      78
      80
      84
      75
      83
      62
      78
      78
      57
      66
      73
      83
      72
      70
      58
      77
      69
      81
      75
      72
      70
      69
      70
      71
      64
      58
      68
      75
      63
      66
      71
      69
      62
      66
      61
      57
      64
      77
      65
      71
      56
      59
      60
      64
      71
      66
      80
      58
      62
      72
      60
      73
      66
      53
      58
      72
      58
      71
      40
      68
      72
      57
      51
      69
      67
      63
      76
      60
      52
      68
      61
      42
      61
      69
      65
      56
      58
      66
      65
      54
      62
      54
      63
      56
      48
      60
      54
      52
      62
      48
      56
      59
      49
      61
      51
      49
      46
      58
      49
      45
      57
      66
      73
      65
      82
     110
     129
     161
     200
     241
     315
     389
     436
     503
     640
     831
    1293
    2857
    8860
   20683
   23057
   12429
    3622
     638
      98
      33
      40
      35
      24
      23
      28
      34
      34
      27
      34
      38
      33
      33
      28
      24
      29
      32
      21
      33
      17
      23
      19
      36
      27
      22
      19
      34
      23
      29
      20
      23
      27
      29
      30
      23
      22
      31
      26
      26
      20
      21
      26
      24
      30
      23
      20
      22
      30
      23
      24
      21
      23
      21
      30
      16
      23
      20
      30
      20
      26
      17
      30
      23
      24
      29
      27
      27
      21
      35
      21
      28
      16
      30
      20
      33
      31
      24
      30
      26
      29
      29
      24
      29
      30
      20
      16
      24
      30
      30
      18
      24
      17
      21
      16
      22
      26
      20
      26
      22
      32
      26
      21
      25
      26
      29
      22
      21
      28
      25
      19
      22
      21
      18
      16
      16
      24
      21
      15
      26
      26
      24
      18
      23
      28
      27
      20
      19
      22
      18
      32
      22
      29
      21
      26
      28
      18
      18
      27
      23
      26
      19
      17
      24
      17
      18
      17
      20
      16
      26
      15
      22
      20
      22
      21
      25
       9
      29
      21
      23
      23
      31
      21
      23
      23
      30
      22
      25
      42
      72
      71
      61
      42
      28
      12
      22
      16
      27
      24
      19
      18
      20
      18
      14
      18
      16
      18
      16
      20
      16
      15
      15
      29
      23
      24
      14
      22
      16
      19
       0
       0
       0
       0
       0
       0
       0
       0
       0
       0
       0
       0
       0
       0
       0
       0
       0
       0
       0
       0
       0
       0
       0
       0
       0
       0
       0
       0
       0
       0
       0
       0
$ROI:
0
$PRESETS:
None
0
0
$ENER_FIT:
0.000000 0.731044
$MCA_CAL:
3
0.000000E+000 7.310444E-001 0.000000E+000 keV
$SHAPE_CAL:
3
0.000000E+000 0.000000E+000 0.000000E+000
