$SPEC_ID:
No sample description was entered.
$SPEC_REM:
DET# 4
DETDESC# JLAB-20 MCB 131
AP# Maestro Version 7.01
$DATE_MEA:
10/07/2025 04:00:02
$MEAS_TIM:
579 599
$DATA:
0 2047
       0
       0
       0
       0
       0
       0
       0
       0
       0
       0
       0
       0
       0
       0
       0
       0
       0
       0
       0
       0
       0
       0
       0
       0
       0
       0
       0
       0
       0
       0
       0
       0
       0
       0
       0
       0
       0
       0
       0
       0
       0
       0
       0
       0
       0
       0
       0
       0
       0
       0
       0
       0
       0
       0
       0
       0
       0
       0
       0
       0
       0
       0
       0
       0
       0
       0
       0
       0
       0
      36
    1380
    1420
    1365
    1413
    1450
    1346
    1338
    1390
    1407
    1308
    1363
    1352
    1366
    1414
    1362
    1358
    1381
    1330
    1407
    1322
    1392
    1323
    1410
    1330
    1422
    1349
    1313
    1384
    1393
    1435
    1442
    1570
    1479
    1367
    1344
    1385
    1373
    1378
    1337
    1352
    1256
    1357
    1333
    1299
    1446
    1442
    1424
    1334
    1321
    1379
    1305
    1291
    1333
    1315
    1335
    1318
    1342
    1308
    1294
    1378
    1322
    1333
    1316
    1329
    1281
    1267
    1350
    1288
    1381
    1308
    1288
    1340
    1297
    1272
    1271
    1331
    1318
    1251
    1355
    1288
    1262
    1344
    1283
    1293
    1354
    1288
    1240
    1310
    1306
    1291
    1299
    1314
    1265
    1335
    1328
    1282
    1380
    1334
    1374
    1322
    1318
    1325
    1265
    1283
    1331
    1277
    1394
    1317
    1293
    1276
    1324
    1319
    1317
    1379
    1304
    1265
    1356
    1307
    1293
    1305
    1244
    1311
    1297
    1316
    1327
    1297
    1283
    1369
    1283
    1288
    1284
    1289
    1356
    1311
    1226
    1361
    1329
    1378
    1256
    1270
    1309
    1257
    1204
    1260
    1221
    1255
    1215
    1223
    1231
    1258
    1219
    1232
    1215
    1298
    1270
    1206
    1215
    1208
    1198
    1243
    1273
    1255
    1242
    1157
    1220
    1198
    1237
    1197
    1217
    1253
    1188
    1239
    1265
    1151
    1225
    1193
    1191
    1240
    1175
    1201
    1217
    1232
    1234
    1238
    1218
    1189
    1229
    1166
    1188
    1134
    1181
    1241
    1135
    1221
    1219
    1160
    1157
    1175
    1207
    1192
    1143
    1177
    1151
    1182
    1167
    1222
    1207
    1169
    1231
    1201
    1213
    1151
    1237
    1243
    1311
    1322
    1335
    1398
    1383
    1466
    1473
    1516
    1526
    1598
    1507
    1509
    1520
    1565
    1471
    1492
    1469
    1425
    1489
    1478
    1423
    1461
    1397
    1448
    1413
    1429
    1358
    1485
    1328
    1414
    1392
    1328
    1392
    1351
    1347
    1302
    1304
    1313
    1401
    1394
    1287
    1372
    1341
    1309
    1314
    1277
    1311
    1280
    1256
    1243
    1290
    1261
    1280
    1264
    1251
    1227
    1268
    1201
    1185
    1179
    1235
    1250
    1187
    1222
    1213
    1176
    1170
    1139
    1171
    1235
    1195
    1151
    1186
    1136
    1219
    1182
    1133
    1136
    1167
    1135
    1184
    1218
    1081
    1084
    1133
    1161
    1093
    1133
    1098
    1126
    1144
    1110
    1110
    1134
    1048
    1103
    1113
    1046
    1103
    1082
    1061
    1091
    1080
    1103
    1060
    1011
    1098
    1029
    1024
    1081
    1016
    1048
    1105
    1023
     992
    1020
    1091
    1068
    1049
    1079
    1015
    1025
    1022
    1000
     995
     988
    1016
     974
    1053
    1001
    1018
    1006
    1035
     998
    1006
     979
    1077
    1037
    1271
    1230
     968
     972
    1034
     958
     932
     976
     946
     942
     936
     927
     948
     977
     983
     891
     893
     931
     935
     906
     983
     948
     944
     924
     970
     952
     940
     891
     898
     929
     867
     839
     910
     943
     935
     886
     925
     921
     889
     952
     886
     897
     917
     899
     913
     896
     931
     837
     888
     937
     937
     912
     916
     891
     874
     886
     876
     929
     883
     858
     831
     812
     877
     860
     864
     812
     880
     850
     876
     826
     925
     821
     862
     871
     845
     826
     809
     794
     873
     837
     855
     847
     865
     825
     802
     824
     804
     798
     856
     825
     835
     789
     793
     856
     797
     856
     848
     811
     824
     789
     815
     811
     817
     812
     829
     810
     831
     780
     834
     759
     769
     842
     805
     815
     820
     760
     816
     832
     775
     785
     771
     787
     797
     823
     815
     811
     853
     783
     765
     803
     786
     838
     797
     788
     793
     830
     772
     775
     800
     799
     796
     820
     810
     800
     824
     749
     720
     810
     794
     785
     763
     715
     764
     801
     785
     792
     765
     750
     823
     796
     806
     764
     801
     778
     756
     801
     771
     831
     733
     729
     718
     755
     761
     773
     771
     806
     738
     795
     788
     776
     773
     792
     720
     719
     732
     708
     795
     771
     743
     736
     786
     734
     805
     815
     766
     790
     747
     744
     772
     730
     771
     752
     698
     802
     785
     788
     715
     754
     744
     805
     753
     788
     753
     719
     782
     724
     776
     772
     723
     744
     743
     747
     737
     760
     768
     783
     770
     709
     774
     733
     739
     730
     721
     736
     782
     753
     749
     762
     752
     750
     690
     759
     769
     740
     771
     725
     719
     714
     693
     720
     701
     745
     693
     748
     754
     749
     748
     730
     753
     702
     740
     732
     759
     792
     688
     722
     716
     715
     738
     734
     706
     756
     787
     809
     775
     746
     780
     744
     744
     735
     730
     724
     669
     759
     707
     773
     747
     747
     709
     738
     776
     731
     733
     756
     702
     785
     767
     740
     701
     722
     791
     704
     723
     792
     735
     723
     748
     772
     735
     722
     740
     702
     731
     740
     724
     741
     769
     769
     758
     765
     698
     742
     732
     713
     749
     730
     726
     698
     736
     726
     692
     756
     740
     739
     704
     709
     753
     724
     700
     740
     715
     738
     725
     733
     741
     728
     745
     718
     730
     728
     709
     749
     758
     706
     718
     740
     707
     737
     708
     734
     741
     706
     754
     748
     733
     772
     767
     738
     764
     762
     750
     716
     733
     756
     679
     750
     747
     726
     727
     715
     724
     690
     729
     716
     726
     740
     742
     719
     722
     723
     753
     720
     734
     722
     719
     727
     709
     747
     688
     723
     700
     733
     721
     739
     734
     682
     732
     766
     713
     713
     767
     769
     723
     698
     719
     674
     769
     763
     725
     729
     764
     789
     759
     747
     691
     724
     706
     674
     631
     725
     708
     724
     721
     733
     755
     753
     732
     734
     729
     758
     758
     740
     717
     761
     744
     762
     725
     723
     749
     721
     734
     708
     718
     764
     732
     755
     711
     712
     721
     741
     724
     710
     727
     718
     748
     735
     741
     680
     783
     736
     742
     733
     741
     732
     695
     769
     714
     700
     781
     754
     719
     726
     778
     783
     717
     690
     741
     719
     740
     708
     728
     726
     719
     752
     752
     812
     719
     756
     769
     760
     735
     746
     721
     710
     731
     689
     707
     770
     730
     718
     776
     726
     747
     751
     715
     816
     731
     785
     689
     713
     748
     755
     769
     730
     737
     770
     741
     736
     729
     756
     726
     747
     740
     754
     773
     692
     728
     772
     752
     781
     770
     710
     731
     742
     778
     785
     750
     763
     736
     764
     753
     823
     755
     770
     739
     812
     758
     740
     743
     767
     780
     772
     807
     772
     756
     763
     792
     745
     753
     736
     741
     779
     824
     707
     782
     767
     748
     764
     751
     735
     786
     809
     827
     765
     786
     722
     805
     782
     768
     784
     785
     753
     779
     752
     825
     830
     804
     753
     751
     729
     752
     815
     691
     756
     789
     833
     792
     773
     794
     784
     816
     801
     812
     811
     777
     804
     815
     767
     807
     803
     787
     813
     777
     814
     809
     751
     792
     778
     831
     732
     813
     796
     770
     810
     753
     803
     834
     814
     804
     815
     773
     770
     803
     802
     857
     800
     778
     821
     740
     767
     838
     785
     759
     777
     753
     765
     800
     795
     881
     797
     786
     813
     768
     854
     808
     806
     905
     853
     859
     809
     815
     812
     829
     815
     805
     832
     836
     798
     871
     864
     837
     862
     790
     767
     829
     838
     834
     883
     810
     863
     871
     826
     855
     844
     849
     919
     918
     885
     870
     860
     821
     855
     870
     848
     932
     835
     863
     916
     880
     880
     852
     874
     871
     881
     888
     881
     862
     852
     802
     927
     817
     878
     869
     909
     849
     836
     878
     849
     887
     941
     884
     890
     845
     917
     869
     895
     864
     935
     871
     927
     908
     887
     886
     960
     933
     860
     874
     905
     946
     890
     952
     879
     953
     921
     919
     918
     944
     880
     923
     947
     922
     926
     893
     889
    1008
     981
     979
     961
     976
     960
     979
     991
     941
     977
     993
    1018
    1021
    1017
    1024
     993
    1012
    1024
    1008
     991
     962
    1040
     988
    1025
    1051
    1027
    1023
    1001
     942
    1094
    1010
    1029
    1094
    1056
    1055
    1085
    1052
    1049
    1052
    1141
    1083
    1077
    1109
    1073
    1066
    1127
    1147
    1167
    1085
    1082
    1147
    1117
    1134
    1139
    1174
    1111
    1077
    1181
    1126
    1141
    1230
    1176
    1160
    1151
    1143
    1173
    1228
    1173
    1216
    1206
    1201
    1197
    1203
    1229
    1246
    1259
    1260
    1207
    1209
    1225
    1297
    1230
    1223
    1314
    1283
    1282
    1304
    1289
    1249
    1315
    1340
    1331
    1348
    1300
    1278
    1346
    1302
    1413
    1249
    1385
    1360
    1342
    1419
    1310
    1375
    1344
    1374
    1362
    1390
    1382
    1445
    1344
    1368
    1376
    1402
    1392
    1319
    1344
    1346
    1343
    1328
    1322
    1262
    1226
    1207
    1200
    1124
    1094
    1062
    1060
     959
     964
     947
     997
     970
     970
     917
     936
     877
     861
     879
     937
     914
     962
     937
     906
     899
     917
     893
     909
     904
     894
     901
     875
     881
     845
     874
     894
     849
     888
     884
     862
     871
     896
     901
     849
     882
     881
     860
     838
     890
     839
     803
     826
     909
     898
     878
     896
     887
     856
     781
     848
     866
     840
     871
     849
     866
     903
     846
     811
     844
     817
     888
     745
     822
     832
     809
     821
     882
     749
     792
     860
     827
     841
     776
     802
     821
     852
     801
     835
     740
     812
     817
     843
     793
     787
     784
     780
     813
     788
     788
     764
     799
     758
     775
     798
     783
     756
     846
     806
     846
     830
     758
     804
     777
     784
     791
     769
     744
     769
     728
     785
     783
     757
     848
     795
     779
     769
     736
     744
     784
     761
     755
     813
     756
     760
     798
     767
     762
     797
     769
     781
     742
     794
     786
     750
     753
     779
     757
     771
     761
     820
     792
     771
     815
     819
     769
     794
     799
     747
     844
     848
     796
     816
     811
     863
     800
     781
     875
     857
     857
     860
     813
     843
     826
     870
     886
     836
     870
     854
     855
     849
     820
     876
     911
     869
     864
     920
     917
     919
     893
     934
     856
     881
     865
     943
     897
     939
     851
     910
     911
     899
     898
     889
     893
     916
     912
     872
     931
     880
     804
     843
     820
     795
     731
     738
     719
     669
     614
     581
     587
     518
     594
     536
     522
     536
     502
     506
     502
     525
     493
     508
     482
     454
     503
     489
     450
     495
     466
     439
     431
     437
     462
     437
     463
     462
     444
     443
     461
     440
     413
     416
     422
     420
     409
     416
     366
     402
     390
     402
     384
     398
     431
     419
     409
     383
     379
     397
     347
     412
     394
     348
     412
     373
     429
     412
     462
     472
     529
     577
     665
     723
     785
     841
     970
    1171
    1503
    2840
    8841
   22662
   29034
   16499
    4651
    1024
     365
     276
     330
     297
     277
     278
     300
     280
     262
     245
     254
     270
     293
     246
     249
     234
     257
     231
     274
     264
     233
     264
     218
     217
     244
     240
     253
     215
     225
     214
     213
     230
     212
     218
     208
     209
     189
     216
     170
     181
     177
     164
     180
     162
     152
     150
     166
     177
     173
     169
     155
     162
     148
     141
     149
     142
     153
     143
     144
     116
     132
     126
     133
     134
     122
     126
     124
     110
     104
     106
     119
     124
     115
     112
     115
     108
     103
      89
     116
      99
      95
      96
      95
      86
      85
     100
     103
      94
      87
      77
      92
      82
      78
      70
      81
      68
      91
      71
      66
      64
      55
      75
      64
      67
      77
      60
      73
      68
      70
      70
      81
      51
      65
      66
      63
      49
      57
      50
      79
      72
      60
      61
      62
      68
      62
      69
      71
      61
      63
      60
      65
      58
      60
      59
      64
      56
      55
      55
      60
      68
      55
      74
      77
      71
      65
      47
      58
      68
      63
      65
      63
      70
      64
      66
      47
      54
      51
      53
      46
      60
      57
      59
      65
      48
      61
      62
      48
      55
      56
      57
      63
      57
      52
      60
      54
      45
      69
      58
      47
      52
      60
      47
      68
      54
      52
      62
      55
      49
      43
      52
      66
      54
      65
      54
      67
      58
      65
     102
     106
     115
     161
     230
     299
     353
     426
     487
     553
     698
     875
    1569
    4191
   12506
   23191
   20628
    9194
    2170
     361
      61
      46
      29
      44
      22
      28
      36
      39
      43
      25
      41
      22
      27
      21
      21
      20
      26
      27
      22
      34
      26
      22
      26
      28
      21
      15
      22
      27
      27
      20
      24
      28
      26
      20
      25
      26
      31
      28
      21
      23
      25
      28
      27
      23
      21
      23
      30
      28
      18
      19
      29
      22
      25
      20
      27
      17
      27
      26
      28
      21
      23
      36
      18
      16
      21
      27
      17
      27
      25
      24
      20
      21
      21
      29
      20
      28
      19
      28
      16
      27
      18
      25
      27
      23
      31
      22
      12
      25
      28
      19
      18
      26
      27
      28
      23
      27
      28
      21
      30
      32
      25
      30
      21
      22
      26
      26
      26
      11
      21
      20
      21
      19
      18
      20
      27
      21
      23
      20
      27
      28
      16
      19
      29
      24
      23
      19
      23
      34
      26
      23
      18
      23
      20
      21
      16
      20
      27
      13
      24
      10
      15
      26
      14
      21
      21
      17
      16
      19
      21
      27
      23
      17
      17
      14
      20
      15
      16
      19
      18
      20
      21
      20
      27
      27
      22
      27
      25
      36
      43
      61
      66
      58
      25
      31
      15
      25
      15
      11
      28
      17
      14
      16
      23
      18
      25
      18
      19
      28
      16
      18
      14
      19
      16
      18
      20
      24
      16
      22
      23
       0
       0
       0
       0
       0
       0
       0
       0
       0
       0
       0
       0
       0
       0
       0
       0
       0
       0
       0
       0
       0
       0
       0
       0
       0
       0
       0
       0
       0
       0
       0
       0
$ROI:
0
$PRESETS:
None
0
0
$ENER_FIT:
0.000000 0.731044
$MCA_CAL:
3
0.000000E+000 7.310444E-001 0.000000E+000 keV
$SHAPE_CAL:
3
0.000000E+000 0.000000E+000 0.000000E+000
