$SPEC_ID:
No sample description was entered.
$SPEC_REM:
DET# 4
DETDESC# JLAB-20 MCB 131
AP# Maestro Version 7.01
$DATE_MEA:
10/08/2025 05:40:02
$MEAS_TIM:
579 599
$DATA:
0 2047
       0
       0
       0
       0
       0
       0
       0
       0
       0
       0
       0
       0
       0
       0
       0
       0
       0
       0
       0
       0
       0
       0
       0
       0
       0
       0
       0
       0
       0
       0
       0
       0
       0
       0
       0
       0
       0
       0
       0
       0
       0
       0
       0
       0
       0
       0
       0
       0
       0
       0
       0
       0
       0
       0
       0
       0
       0
       0
       0
       0
       0
       0
       0
       0
       0
       0
       0
       0
       0
      42
    1335
    1397
    1389
    1433
    1456
    1395
    1440
    1388
    1430
    1377
    1408
    1304
    1370
    1389
    1344
    1372
    1334
    1312
    1393
    1355
    1351
    1392
    1367
    1332
    1415
    1344
    1328
    1328
    1425
    1481
    1402
    1500
    1516
    1327
    1425
    1328
    1337
    1297
    1300
    1285
    1276
    1280
    1276
    1317
    1311
    1454
    1342
    1316
    1424
    1339
    1355
    1368
    1363
    1344
    1278
    1310
    1310
    1327
    1276
    1361
    1289
    1311
    1269
    1257
    1326
    1259
    1296
    1323
    1427
    1270
    1336
    1325
    1299
    1335
    1308
    1340
    1298
    1328
    1367
    1430
    1353
    1273
    1239
    1380
    1332
    1351
    1305
    1367
    1268
    1335
    1318
    1258
    1337
    1307
    1346
    1268
    1262
    1316
    1267
    1323
    1333
    1387
    1290
    1312
    1296
    1297
    1267
    1339
    1303
    1302
    1329
    1294
    1350
    1365
    1385
    1314
    1275
    1353
    1335
    1280
    1292
    1301
    1273
    1283
    1279
    1325
    1250
    1288
    1299
    1283
    1227
    1250
    1297
    1345
    1271
    1320
    1346
    1389
    1191
    1280
    1353
    1282
    1289
    1282
    1246
    1302
    1284
    1257
    1270
    1301
    1195
    1241
    1218
    1210
    1329
    1262
    1237
    1229
    1200
    1239
    1240
    1219
    1275
    1303
    1234
    1225
    1263
    1253
    1273
    1181
    1220
    1207
    1202
    1194
    1179
    1179
    1157
    1198
    1243
    1232
    1095
    1195
    1248
    1195
    1207
    1186
    1235
    1216
    1210
    1220
    1213
    1188
    1158
    1165
    1172
    1138
    1207
    1220
    1198
    1143
    1190
    1210
    1154
    1125
    1193
    1128
    1229
    1129
    1208
    1205
    1226
    1254
    1192
    1250
    1305
    1378
    1414
    1416
    1394
    1540
    1406
    1427
    1459
    1425
    1519
    1496
    1465
    1508
    1510
    1466
    1519
    1514
    1468
    1403
    1451
    1477
    1436
    1453
    1462
    1399
    1326
    1370
    1385
    1370
    1379
    1368
    1449
    1311
    1346
    1361
    1347
    1344
    1268
    1291
    1375
    1318
    1299
    1237
    1309
    1287
    1335
    1247
    1223
    1252
    1236
    1264
    1220
    1210
    1237
    1287
    1288
    1285
    1257
    1179
    1231
    1194
    1232
    1172
    1233
    1259
    1208
    1114
    1140
    1182
    1224
    1185
    1198
    1167
    1184
    1067
    1128
    1188
    1211
    1161
    1193
    1168
    1096
    1121
    1138
    1178
    1106
    1109
    1172
    1137
    1120
    1037
    1090
    1151
    1061
    1062
    1065
    1115
    1032
    1111
    1053
    1042
    1044
    1105
    1118
    1037
    1042
    1040
    1059
    1030
    1057
     998
    1031
    1069
    1067
     963
    1011
    1017
    1081
    1057
     982
    1004
     993
     999
    1004
     963
    1015
     974
    1043
     922
     984
    1023
     965
    1005
     985
     930
     975
    1002
    1260
    1178
    1009
     992
     978
    1043
     998
     905
     891
     965
     951
     988
     942
     965
     904
     909
     937
     935
     993
     970
     914
     930
     957
     887
     960
     925
     974
     958
     924
     918
     928
     898
     872
     917
     868
     879
     916
     909
     929
     868
     850
     867
     881
     911
     870
     900
     908
     888
     838
     900
     875
     917
     859
     857
     890
     835
     890
     916
     907
     890
     912
     823
     873
     864
     861
     869
     896
     809
     894
     844
     849
     877
     879
     845
     841
     828
     822
     831
     854
     827
     869
     815
     888
     831
     840
     831
     813
     845
     799
     841
     853
     794
     810
     792
     812
     851
     854
     786
     863
     824
     812
     782
     845
     837
     839
     806
     863
     772
     847
     833
     882
     801
     788
     772
     833
     789
     808
     816
     825
     790
     792
     793
     796
     797
     795
     787
     781
     773
     829
     777
     806
     776
     756
     763
     832
     808
     789
     742
     784
     749
     793
     766
     777
     752
     794
     775
     775
     798
     839
     794
     768
     811
     765
     837
     791
     724
     779
     771
     810
     759
     747
     829
     800
     785
     792
     801
     721
     760
     762
     760
     803
     716
     761
     842
     751
     781
     742
     795
     819
     768
     782
     755
     789
     793
     779
     742
     841
     805
     804
     816
     778
     726
     760
     730
     767
     782
     718
     804
     748
     742
     747
     725
     790
     807
     757
     747
     743
     786
     775
     746
     766
     762
     736
     768
     779
     732
     755
     761
     738
     709
     746
     697
     695
     745
     713
     757
     765
     749
     770
     774
     753
     756
     745
     736
     731
     740
     734
     687
     716
     736
     750
     708
     708
     699
     758
     724
     725
     764
     753
     723
     701
     774
     768
     675
     721
     718
     720
     727
     702
     733
     731
     709
     760
     743
     698
     691
     763
     746
     723
     784
     700
     772
     774
     751
     766
     775
     734
     759
     694
     766
     751
     727
     716
     697
     737
     766
     721
     742
     761
     764
     706
     715
     719
     711
     773
     750
     746
     670
     740
     766
     694
     766
     721
     717
     700
     752
     721
     736
     756
     702
     699
     715
     736
     736
     706
     731
     703
     723
     703
     715
     714
     735
     742
     775
     748
     736
     724
     734
     714
     731
     728
     708
     708
     707
     705
     710
     708
     704
     708
     708
     748
     709
     726
     731
     718
     685
     757
     747
     741
     698
     685
     738
     715
     692
     689
     725
     699
     740
     677
     685
     755
     796
     735
     756
     724
     696
     751
     781
     696
     708
     776
     770
     718
     755
     726
     672
     726
     699
     755
     781
     711
     718
     730
     714
     748
     737
     738
     719
     702
     728
     682
     768
     699
     724
     762
     701
     675
     678
     744
     731
     711
     752
     679
     766
     717
     727
     732
     758
     736
     746
     772
     733
     733
     708
     771
     688
     752
     743
     689
     688
     710
     665
     697
     801
     764
     683
     693
     734
     739
     706
     757
     730
     750
     758
     774
     722
     766
     698
     669
     712
     761
     769
     742
     697
     749
     752
     764
     754
     731
     690
     705
     732
     722
     711
     742
     724
     719
     736
     687
     717
     728
     690
     683
     758
     727
     728
     698
     735
     801
     730
     693
     717
     760
     734
     710
     713
     759
     732
     683
     747
     753
     734
     722
     740
     716
     713
     759
     760
     765
     740
     757
     767
     758
     712
     692
     701
     738
     728
     730
     700
     740
     735
     755
     716
     679
     761
     738
     775
     783
     741
     768
     773
     693
     736
     700
     717
     782
     733
     742
     801
     757
     782
     773
     755
     721
     748
     772
     747
     769
     720
     736
     741
     758
     685
     755
     745
     757
     752
     699
     774
     772
     732
     765
     724
     747
     701
     799
     735
     738
     718
     768
     726
     743
     753
     780
     725
     740
     711
     789
     776
     773
     690
     738
     739
     831
     800
     750
     811
     738
     743
     729
     767
     756
     735
     752
     751
     782
     782
     760
     776
     797
     768
     746
     803
     767
     744
     773
     726
     806
     788
     806
     781
     793
     795
     777
     800
     750
     787
     769
     779
     831
     811
     784
     817
     779
     812
     770
     808
     778
     803
     770
     759
     751
     738
     784
     780
     793
     768
     751
     800
     863
     777
     721
     783
     799
     802
     761
     846
     767
     806
     761
     798
     741
     809
     813
     756
     764
     800
     762
     840
     763
     747
     817
     786
     811
     803
     820
     808
     837
     750
     837
     843
     773
     760
     785
     789
     847
     830
     749
     827
     816
     812
     799
     829
     822
     823
     824
     778
     794
     841
     817
     818
     862
     863
     841
     804
     803
     825
     877
     790
     830
     823
     872
     848
     772
     836
     810
     852
     792
     864
     867
     852
     872
     888
     894
     937
     947
     979
     899
     874
     871
     857
     816
     826
     833
     857
     865
     923
     914
     917
     880
     852
     870
     834
     895
     924
     898
     858
     911
     872
     870
     888
     927
     926
     919
     833
     855
     868
     916
     861
     960
     909
     883
     886
     898
     901
     903
     939
     922
     921
     864
     939
     925
     905
     970
     935
     923
     873
     894
     912
     871
     942
     910
     928
     955
     906
     960
     919
     949
     933
     944
     885
     968
     936
     976
     979
     988
    1026
     943
     969
     961
     983
     991
     972
     959
     956
    1025
     994
     972
     983
     987
    1001
     988
    1047
     993
    1064
    1003
    1071
    1070
    1070
    1041
    1045
     965
    1041
     979
    1024
    1083
    1013
    1056
    1056
    1127
    1035
    1099
    1051
    1115
    1078
    1095
    1104
    1074
    1078
    1062
    1110
    1147
    1100
    1101
    1125
    1107
    1109
    1171
    1151
    1151
    1136
    1213
    1145
    1123
    1141
    1153
    1178
    1152
    1222
    1204
    1201
    1172
    1215
    1150
    1177
    1217
    1226
    1228
    1292
    1323
    1196
    1207
    1287
    1251
    1294
    1246
    1277
    1250
    1263
    1262
    1331
    1320
    1286
    1319
    1351
    1375
    1335
    1350
    1264
    1310
    1373
    1393
    1371
    1422
    1335
    1408
    1329
    1343
    1367
    1359
    1378
    1406
    1441
    1365
    1343
    1341
    1372
    1381
    1334
    1425
    1337
    1347
    1300
    1340
    1257
    1252
    1189
    1201
    1186
    1175
    1116
    1041
    1010
    1051
    1018
     994
     999
     946
     933
     944
     952
     951
     839
     896
     932
     911
     929
     927
     881
     892
     910
     865
     857
     898
     897
     901
     880
     861
     873
     888
     874
     859
     820
     898
     903
     834
     866
     873
     889
     837
     854
     836
     860
     837
     867
     895
     820
     845
     832
     838
     858
     822
     801
     847
     878
     872
     851
     761
     826
     816
     839
     850
     787
     833
     850
     800
     818
     823
     845
     805
     794
     848
     804
     762
     803
     812
     780
     798
     819
     782
     831
     806
     801
     795
     818
     830
     825
     781
     845
     774
     828
     776
     757
     785
     840
     765
     782
     779
     855
     757
     759
     796
     815
     700
     735
     808
     789
     764
     815
     731
     752
     765
     788
     746
     770
     786
     765
     781
     780
     725
     778
     786
     769
     831
     765
     779
     777
     742
     774
     736
     772
     823
     757
     761
     777
     766
     751
     815
     793
     781
     787
     819
     788
     827
     749
     832
     759
     737
     821
     779
     742
     788
     865
     732
     839
     770
     824
     819
     830
     842
     827
     806
     855
     892
     833
     784
     868
     840
     873
     876
     816
     906
     870
     860
     853
     888
     841
     870
     839
     899
     880
     874
     862
     856
     882
     875
     874
     965
     929
     882
     916
     945
     874
     942
     898
     867
     909
     881
     854
     899
     871
     877
     791
     833
     830
     825
     792
     778
     728
     689
     731
     647
     595
     564
     550
     543
     517
     518
     501
     517
     535
     461
     529
     475
     487
     478
     527
     451
     468
     427
     491
     491
     426
     450
     435
     475
     441
     493
     426
     452
     451
     453
     418
     416
     423
     435
     430
     407
     382
     403
     440
     393
     388
     387
     391
     419
     405
     391
     414
     410
     383
     368
     394
     372
     386
     386
     412
     372
     411
     443
     482
     505
     586
     666
     707
     802
     860
     944
    1130
    1401
    2520
    7193
   19960
   29341
   19079
    6066
    1312
     411
     321
     286
     303
     286
     312
     288
     267
     281
     274
     277
     246
     270
     257
     271
     266
     263
     231
     256
     287
     238
     240
     241
     233
     230
     232
     230
     234
     226
     223
     194
     221
     210
     202
     185
     209
     215
     206
     187
     208
     196
     182
     188
     163
     187
     166
     149
     147
     177
     154
     169
     148
     161
     174
     154
     127
     141
     147
     135
     136
     123
     121
     113
     136
     129
     113
     118
     111
     112
     138
     114
     115
     110
     109
     114
      81
     103
     112
      98
     103
     103
      85
      87
      92
      84
     102
      87
      97
      76
      86
      84
     104
      74
      85
      78
      85
      83
      79
      75
      90
      73
      69
      64
      61
      82
      62
      75
      79
      67
      73
      70
      55
      63
      65
      67
      72
      72
      75
      55
      82
      67
      58
      57
      57
      66
      60
      69
      61
      59
      62
      64
      66
      74
      55
      70
      63
      59
      69
      67
      60
      61
      76
      48
      63
      61
      79
      67
      59
      51
      50
      45
      57
      68
      55
      47
      55
      49
      50
      57
      47
      58
      64
      56
      62
      54
      60
      59
      49
      58
      61
      56
      57
      52
      49
      56
      60
      63
      57
      46
      49
      63
      51
      62
      46
      49
      43
      44
      64
      64
      63
      53
      51
      49
      65
      75
      78
      98
      98
      99
     129
     148
     212
     254
     335
     385
     501
     564
     670
     799
    1338
    3400
   10215
   21127
   22316
   11338
    3121
     488
      81
      39
      29
      37
      28
      24
      22
      34
      23
      32
      25
      24
      30
      26
      25
      25
      20
      26
      32
      27
      32
      34
      24
      24
      24
      26
      24
      25
      25
      23
      32
      19
      29
      28
      31
      28
      28
      25
      32
      24
      20
      23
      29
      27
      13
      18
      20
      27
      26
      20
      15
      26
      28
      31
      23
      24
      19
      21
      24
      25
      29
      27
      21
      29
      18
      25
      24
      29
      27
      21
      25
      20
      14
      19
      23
      25
      25
      17
      25
      19
      28
      23
      27
      23
      29
      28
      19
      20
      21
      14
      14
      20
      18
      18
      26
      23
      24
      26
      23
      32
      21
      32
      32
      26
      23
      23
      25
      16
      23
      15
      23
      15
      24
      19
      19
      17
      18
      20
      23
      20
      23
      25
      20
      19
      23
      21
      22
      19
      19
      24
      24
      21
      28
      15
      21
      20
      19
      22
      17
      15
      23
      22
      20
      30
      14
      29
      18
      27
      27
      11
      19
      25
      20
      18
      22
      22
      32
      20
      18
      15
      22
      28
      24
      15
      25
      17
      24
      30
      32
      58
      63
      62
      43
      23
      15
      13
      21
      19
      18
      21
      22
      21
      17
      25
      17
      15
      26
      24
      16
      21
      21
      23
      29
      20
      17
      28
      22
      23
      14
       0
       0
       0
       0
       0
       0
       0
       0
       0
       0
       0
       0
       0
       0
       0
       0
       0
       0
       0
       0
       0
       0
       0
       0
       0
       0
       0
       0
       0
       0
       0
       0
$ROI:
0
$PRESETS:
None
0
0
$ENER_FIT:
0.000000 0.731044
$MCA_CAL:
3
0.000000E+000 7.310444E-001 0.000000E+000 keV
$SHAPE_CAL:
3
0.000000E+000 0.000000E+000 0.000000E+000
