$SPEC_ID:
No sample description was entered.
$SPEC_REM:
DET# 4
DETDESC# JLAB-20 MCB 131
AP# Maestro Version 7.01
$DATE_MEA:
10/07/2025 02:20:02
$MEAS_TIM:
579 600
$DATA:
0 2047
       0
       0
       0
       0
       0
       0
       0
       0
       0
       0
       0
       0
       0
       0
       0
       0
       0
       0
       0
       0
       0
       0
       0
       0
       0
       0
       0
       0
       0
       0
       0
       0
       0
       0
       0
       0
       0
       0
       0
       0
       0
       0
       0
       0
       0
       0
       0
       0
       0
       0
       0
       0
       0
       0
       0
       0
       0
       0
       0
       0
       0
       0
       0
       0
       0
       0
       0
       0
       0
      59
    1376
    1422
    1424
    1455
    1389
    1416
    1442
    1422
    1341
    1347
    1417
    1414
    1388
    1405
    1367
    1319
    1404
    1310
    1377
    1382
    1377
    1385
    1334
    1372
    1381
    1332
    1303
    1323
    1421
    1452
    1350
    1501
    1616
    1355
    1386
    1374
    1271
    1384
    1335
    1346
    1258
    1335
    1306
    1347
    1322
    1454
    1397
    1367
    1438
    1377
    1383
    1373
    1308
    1280
    1366
    1306
    1332
    1255
    1361
    1298
    1385
    1328
    1329
    1236
    1304
    1268
    1292
    1260
    1311
    1308
    1284
    1334
    1253
    1289
    1337
    1292
    1311
    1364
    1312
    1344
    1283
    1322
    1288
    1240
    1269
    1296
    1281
    1329
    1238
    1319
    1309
    1415
    1334
    1328
    1328
    1281
    1286
    1333
    1336
    1373
    1390
    1267
    1404
    1315
    1334
    1353
    1328
    1263
    1299
    1303
    1313
    1319
    1227
    1288
    1339
    1238
    1336
    1364
    1283
    1300
    1351
    1249
    1364
    1295
    1235
    1360
    1286
    1294
    1285
    1287
    1288
    1299
    1228
    1282
    1306
    1322
    1348
    1288
    1293
    1296
    1227
    1258
    1212
    1258
    1294
    1215
    1218
    1282
    1220
    1272
    1290
    1284
    1235
    1320
    1294
    1216
    1227
    1200
    1269
    1172
    1240
    1261
    1250
    1197
    1303
    1226
    1222
    1205
    1234
    1186
    1264
    1223
    1266
    1195
    1205
    1203
    1237
    1123
    1223
    1142
    1215
    1237
    1119
    1253
    1238
    1191
    1192
    1192
    1190
    1211
    1232
    1232
    1177
    1131
    1172
    1207
    1127
    1150
    1177
    1179
    1167
    1199
    1126
    1222
    1216
    1176
    1215
    1210
    1209
    1194
    1264
    1297
    1251
    1226
    1308
    1348
    1324
    1422
    1384
    1463
    1361
    1472
    1505
    1523
    1463
    1523
    1486
    1497
    1419
    1419
    1493
    1574
    1498
    1445
    1449
    1495
    1468
    1412
    1426
    1364
    1373
    1333
    1390
    1395
    1375
    1382
    1253
    1333
    1287
    1382
    1346
    1374
    1242
    1317
    1371
    1371
    1328
    1353
    1361
    1307
    1360
    1277
    1283
    1292
    1209
    1248
    1276
    1221
    1211
    1251
    1224
    1201
    1245
    1190
    1230
    1174
    1155
    1284
    1166
    1220
    1220
    1224
    1133
    1145
    1206
    1220
    1192
    1205
    1144
    1185
    1226
    1147
    1129
    1081
    1105
    1160
    1150
    1148
    1102
    1131
    1126
    1140
    1100
    1131
    1096
    1105
    1116
    1041
    1156
    1057
    1161
    1051
    1125
    1119
    1064
    1025
    1097
    1071
    1091
    1024
    1094
    1069
     999
    1080
    1011
    1054
    1024
    1041
    1031
    1072
     971
    1056
    1020
     989
    1063
    1045
    1004
    1043
    1014
    1017
    1033
    1066
    1029
     914
     967
     989
     966
    1018
    1013
     989
     998
    1056
    1257
    1206
    1043
     919
    1053
     998
     965
     966
     935
     959
     969
     958
     928
     990
     944
     954
     936
     912
     910
     904
     962
     944
     902
     939
     921
     876
     938
     923
     954
     976
     904
     891
     897
     852
     946
     910
     892
     911
     925
     883
     899
     931
     845
     878
     889
     886
     909
     885
     949
     886
     942
     906
     883
     841
     873
     891
     959
     873
     880
     870
     870
     817
     859
     892
     850
     870
     834
     862
     916
     816
     878
     853
     854
     891
     870
     838
     851
     819
     886
     853
     826
     893
     871
     837
     871
     819
     846
     808
     876
     859
     762
     814
     832
     861
     799
     806
     840
     854
     810
     844
     805
     766
     832
     822
     819
     802
     780
     870
     854
     791
     838
     873
     852
     857
     830
     844
     775
     810
     810
     830
     791
     777
     822
     823
     796
     872
     825
     821
     797
     782
     803
     813
     813
     785
     814
     805
     818
     833
     829
     771
     784
     797
     788
     820
     775
     779
     767
     784
     780
     784
     776
     754
     780
     782
     787
     783
     778
     788
     801
     756
     782
     786
     789
     852
     804
     793
     783
     776
     774
     712
     782
     754
     724
     784
     771
     765
     796
     786
     820
     731
     732
     789
     770
     741
     770
     735
     755
     730
     763
     729
     783
     738
     760
     760
     723
     794
     753
     809
     776
     809
     762
     670
     722
     759
     779
     708
     685
     760
     771
     777
     751
     780
     789
     726
     770
     704
     775
     777
     738
     769
     798
     697
     805
     771
     755
     741
     716
     782
     668
     799
     709
     782
     743
     756
     701
     753
     721
     739
     766
     772
     750
     743
     770
     756
     722
     744
     711
     784
     724
     763
     715
     750
     749
     772
     753
     729
     770
     736
     755
     759
     728
     709
     723
     722
     745
     750
     797
     762
     762
     745
     703
     775
     701
     791
     767
     757
     760
     699
     725
     742
     716
     769
     701
     661
     706
     762
     756
     795
     747
     699
     745
     704
     704
     702
     760
     755
     775
     712
     760
     817
     716
     760
     783
     718
     714
     726
     737
     777
     751
     710
     707
     741
     735
     697
     698
     706
     684
     716
     742
     718
     734
     727
     745
     736
     774
     751
     705
     711
     770
     715
     703
     708
     690
     715
     724
     727
     693
     776
     720
     741
     688
     728
     762
     762
     707
     742
     743
     741
     742
     730
     713
     758
     727
     761
     717
     695
     692
     722
     708
     715
     726
     728
     692
     744
     789
     718
     737
     707
     728
     711
     745
     714
     732
     762
     655
     727
     712
     758
     752
     706
     693
     703
     721
     764
     708
     733
     687
     743
     700
     696
     721
     708
     748
     676
     682
     747
     707
     768
     747
     747
     676
     733
     747
     732
     704
     713
     760
     767
     764
     716
     693
     695
     741
     740
     752
     775
     743
     711
     775
     690
     717
     692
     722
     720
     749
     693
     744
     800
     731
     740
     696
     704
     766
     765
     697
     777
     744
     721
     753
     766
     712
     714
     741
     697
     731
     683
     748
     753
     721
     763
     744
     753
     773
     737
     728
     729
     713
     723
     739
     710
     762
     736
     743
     730
     713
     788
     715
     740
     724
     764
     765
     718
     772
     717
     746
     714
     789
     711
     782
     727
     738
     779
     765
     734
     764
     706
     713
     723
     719
     731
     732
     718
     778
     747
     690
     745
     706
     774
     718
     724
     708
     762
     729
     741
     732
     740
     732
     763
     724
     768
     753
     709
     716
     741
     723
     810
     750
     783
     738
     722
     736
     800
     787
     761
     755
     750
     730
     755
     779
     748
     753
     777
     745
     753
     750
     761
     758
     737
     754
     738
     704
     774
     670
     754
     696
     715
     731
     752
     778
     767
     750
     733
     781
     820
     747
     754
     807
     760
     753
     757
     719
     770
     735
     740
     777
     777
     763
     788
     749
     773
     753
     761
     710
     774
     809
     800
     811
     845
     771
     749
     758
     742
     732
     712
     754
     789
     794
     806
     798
     764
     763
     808
     757
     752
     799
     789
     800
     768
     773
     768
     748
     793
     764
     835
     763
     768
     787
     826
     825
     755
     783
     800
     703
     740
     752
     783
     754
     761
     777
     792
     773
     723
     815
     829
     801
     763
     735
     796
     789
     771
     785
     747
     771
     792
     787
     836
     809
     757
     843
     774
     794
     816
     790
     757
     762
     789
     814
     800
     790
     779
     806
     861
     812
     827
     793
     768
     823
     831
     907
     787
     861
     799
     845
     796
     826
     852
     833
     801
     855
     818
     832
     843
     838
     822
     821
     792
     854
     827
     842
     803
     856
     792
     779
     857
     797
     841
     861
     845
     825
     829
     801
     864
     839
     884
     905
     962
     899
     886
     849
     911
     853
     837
     877
     903
     899
     831
     876
     804
     867
     831
     837
     832
     879
     831
     894
     918
     871
     855
     840
     910
     863
     858
     858
     938
     876
     908
     895
     911
     919
     919
     893
     914
     886
     896
     897
     884
     919
     884
     937
     885
     908
     922
     943
     880
     981
     893
     952
     950
     997
     896
     957
     888
     907
     944
     954
     954
     965
     907
     947
     985
     967
     962
     947
     994
    1007
     908
     986
    1026
     977
     959
     935
     978
    1006
     974
     995
     995
     935
     958
    1014
     998
    1044
     959
    1060
    1026
    1056
    1006
    1080
     988
    1018
    1040
    1021
    1027
    1034
    1074
    1088
    1049
    1098
    1038
    1084
    1079
    1099
    1060
    1091
    1088
    1060
    1114
    1107
    1056
    1047
    1014
    1104
    1097
    1124
    1067
    1086
    1104
    1140
    1107
    1197
    1224
    1123
    1122
    1147
    1187
    1185
    1233
    1117
    1276
    1197
    1182
    1206
    1295
    1170
    1156
    1192
    1208
    1251
    1244
    1250
    1179
    1192
    1248
    1235
    1268
    1261
    1296
    1222
    1313
    1274
    1300
    1344
    1306
    1297
    1334
    1324
    1274
    1284
    1313
    1337
    1345
    1385
    1300
    1385
    1341
    1443
    1369
    1415
    1435
    1395
    1371
    1384
    1292
    1406
    1386
    1334
    1425
    1414
    1412
    1348
    1355
    1314
    1367
    1342
    1357
    1284
    1340
    1272
    1210
    1172
    1130
    1188
    1034
    1049
     963
    1053
     940
    1001
    1046
     962
     975
     913
     940
     919
     910
     912
     875
     845
     945
     961
     899
     881
     894
     936
     892
     880
     898
     869
     892
     923
     852
     889
     895
     856
     890
     913
     881
     873
     813
     898
     853
     838
     857
     877
     860
     917
     852
     869
     889
     834
     846
     835
     865
     865
     839
     834
     862
     869
     885
     856
     817
     862
     829
     839
     829
     841
     832
     866
     836
     833
     808
     891
     865
     817
     807
     824
     804
     800
     824
     817
     786
     858
     825
     794
     821
     820
     816
     787
     847
     757
     816
     820
     774
     798
     823
     834
     795
     823
     754
     792
     811
     770
     786
     741
     740
     747
     767
     820
     783
     745
     816
     831
     796
     806
     742
     765
     746
     766
     797
     762
     764
     792
     772
     743
     757
     768
     777
     739
     780
     703
     777
     741
     803
     829
     711
     796
     736
     766
     803
     790
     755
     755
     764
     802
     814
     770
     819
     745
     804
     782
     784
     779
     799
     796
     811
     787
     794
     842
     837
     843
     851
     807
     852
     837
     831
     812
     846
     894
     790
     820
     855
     844
     822
     843
     892
     846
     868
     872
     858
     878
     874
     876
     905
     865
     873
     878
     924
     911
     939
     891
     921
     929
     874
     878
     946
     907
     973
     912
     975
     895
     873
     944
     869
     912
     873
     871
     826
     789
     760
     793
     683
     683
     714
     638
     604
     604
     570
     562
     527
     487
     531
     556
     435
     471
     454
     486
     500
     527
     463
     481
     431
     449
     479
     410
     479
     463
     415
     432
     419
     453
     461
     434
     421
     422
     422
     439
     402
     423
     395
     380
     383
     438
     438
     407
     458
     389
     421
     410
     415
     377
     420
     394
     367
     378
     391
     437
     429
     413
     372
     411
     442
     441
     527
     566
     614
     685
     740
     805
     828
     976
    1100
    1560
    3039
    9604
   23757
   28307
   15270
    4257
     862
     341
     277
     312
     284
     279
     284
     324
     281
     297
     270
     261
     231
     286
     239
     249
     246
     238
     281
     232
     220
     209
     235
     244
     235
     234
     237
     222
     225
     204
     208
     214
     209
     224
     197
     214
     197
     198
     217
     213
     159
     217
     178
     180
     192
     156
     153
     176
     146
     173
     151
     166
     140
     156
     129
     157
     137
     140
     152
     128
     127
     128
     125
     114
     128
     114
     106
     121
     118
     108
     112
     119
     112
     122
     110
      91
     110
     110
      87
     101
      69
      97
      90
      88
      94
     110
      87
      85
      93
      82
      69
      77
      75
      73
      78
      61
      81
      66
      69
      89
      79
      68
      57
      77
      65
      72
      82
      67
      80
      76
      60
      55
      62
      58
      67
      57
      61
      64
      79
      77
      68
      80
      69
      74
      78
      80
      71
      77
      64
      58
      63
      69
      65
      79
      63
      65
      50
      64
      55
      50
      74
      80
      54
      41
      68
      68
      64
      52
      62
      51
      57
      56
      55
      60
      55
      52
      71
      59
      53
      56
      59
      62
      43
      51
      72
      53
      50
      55
      50
      63
      55
      60
      50
      50
      47
      53
      40
      52
      52
      56
      49
      43
      42
      33
      50
      44
      46
      40
      65
      52
      52
      53
      60
      63
      63
      71
      56
      93
      78
      96
     133
     199
     245
     269
     362
     403
     457
     551
     659
     971
    1667
    4504
   13522
   23541
   19852
    8188
    1889
     306
      64
      45
      48
      37
      26
      27
      26
      34
      31
      26
      21
      29
      24
      21
      21
      20
      26
      21
      35
      38
      26
      26
      17
      21
      23
      33
      20
      21
      27
      25
      25
      29
      27
      18
      23
      19
      26
      31
      32
      29
      15
      25
      24
      28
      16
      27
      24
      34
      27
      30
      19
      24
      30
      15
      22
      24
      25
      24
      22
      21
      33
      29
      32
      21
      25
      17
      22
      18
      29
      23
      20
      23
      25
      15
      26
      22
      35
      36
      21
      26
      33
      22
      18
      16
      22
      25
      27
      23
      23
      25
      20
      24
      20
      21
      25
      20
      25
      22
      20
      18
      14
      26
      12
      22
      26
      29
      21
      26
      17
      22
      20
      23
      30
      16
      22
      17
      22
      19
      22
      23
      18
      24
      26
      16
      19
      28
      24
      22
      27
      17
      18
      20
      19
      17
      19
      22
      15
      16
      28
      22
      17
      15
      28
      18
      19
      16
      20
      16
      17
      14
      24
      16
      17
      11
      26
      25
      17
      21
      19
      25
      21
      18
      14
      22
      17
      23
      20
      31
      50
      69
      84
      40
      25
      21
      20
      23
      20
      19
      27
      18
      18
      15
      20
      16
      17
      13
      26
      25
      20
      16
      15
      22
      15
      27
      10
      13
      16
      24
      21
       0
       0
       0
       0
       0
       0
       0
       0
       0
       0
       0
       0
       0
       0
       0
       0
       0
       0
       0
       0
       0
       0
       0
       0
       0
       0
       0
       0
       0
       0
       0
       0
$ROI:
0
$PRESETS:
None
0
0
$ENER_FIT:
0.000000 0.731044
$MCA_CAL:
3
0.000000E+000 7.310444E-001 0.000000E+000 keV
$SHAPE_CAL:
3
0.000000E+000 0.000000E+000 0.000000E+000
