$SPEC_ID:
No sample description was entered.
$SPEC_REM:
DET# 4
DETDESC# JLAB-20 MCB 131
AP# Maestro Version 7.01
$DATE_MEA:
10/07/2025 21:50:02
$MEAS_TIM:
579 599
$DATA:
0 2047
       0
       0
       0
       0
       0
       0
       0
       0
       0
       0
       0
       0
       0
       0
       0
       0
       0
       0
       0
       0
       0
       0
       0
       0
       0
       0
       0
       0
       0
       0
       0
       0
       0
       0
       0
       0
       0
       0
       0
       0
       0
       0
       0
       0
       0
       0
       0
       0
       0
       0
       0
       0
       0
       0
       0
       0
       0
       0
       0
       0
       0
       0
       0
       0
       0
       0
       0
       0
       0
      44
    1269
    1427
    1399
    1360
    1447
    1321
    1357
    1399
    1417
    1399
    1398
    1292
    1402
    1350
    1396
    1329
    1343
    1336
    1382
    1329
    1316
    1362
    1382
    1318
    1347
    1389
    1385
    1319
    1421
    1442
    1373
    1522
    1608
    1396
    1390
    1466
    1387
    1271
    1359
    1274
    1340
    1341
    1331
    1325
    1335
    1464
    1374
    1347
    1390
    1274
    1293
    1289
    1316
    1297
    1287
    1247
    1284
    1281
    1295
    1411
    1354
    1408
    1371
    1335
    1348
    1338
    1311
    1373
    1335
    1345
    1351
    1360
    1344
    1284
    1256
    1394
    1248
    1272
    1324
    1329
    1308
    1294
    1337
    1298
    1312
    1358
    1279
    1322
    1331
    1407
    1263
    1240
    1231
    1256
    1280
    1257
    1296
    1328
    1400
    1306
    1391
    1354
    1331
    1301
    1321
    1300
    1282
    1302
    1275
    1289
    1327
    1324
    1310
    1314
    1280
    1336
    1243
    1312
    1306
    1237
    1281
    1385
    1347
    1306
    1275
    1278
    1376
    1282
    1347
    1277
    1345
    1268
    1311
    1285
    1320
    1325
    1299
    1235
    1314
    1293
    1306
    1362
    1224
    1264
    1243
    1256
    1223
    1285
    1291
    1272
    1253
    1218
    1266
    1252
    1186
    1230
    1189
    1279
    1184
    1239
    1236
    1219
    1216
    1251
    1229
    1247
    1243
    1231
    1195
    1173
    1290
    1135
    1202
    1266
    1198
    1201
    1193
    1202
    1188
    1256
    1171
    1122
    1233
    1198
    1212
    1178
    1192
    1200
    1199
    1204
    1154
    1214
    1085
    1144
    1146
    1148
    1221
    1240
    1214
    1214
    1183
    1233
    1214
    1175
    1122
    1181
    1191
    1173
    1239
    1142
    1258
    1243
    1275
    1251
    1310
    1319
    1330
    1337
    1410
    1304
    1398
    1451
    1461
    1476
    1420
    1477
    1468
    1487
    1505
    1485
    1499
    1455
    1411
    1477
    1484
    1479
    1454
    1440
    1376
    1390
    1419
    1368
    1404
    1339
    1393
    1346
    1406
    1359
    1392
    1362
    1279
    1347
    1328
    1318
    1330
    1370
    1342
    1273
    1315
    1316
    1270
    1214
    1209
    1263
    1276
    1255
    1225
    1279
    1226
    1258
    1205
    1243
    1168
    1268
    1250
    1216
    1197
    1175
    1208
    1241
    1211
    1235
    1211
    1139
    1122
    1163
    1202
    1132
    1167
    1193
    1176
    1169
    1178
    1163
    1126
    1164
    1108
    1145
    1222
    1078
    1088
    1166
    1070
    1179
    1055
    1111
    1070
    1098
    1080
    1120
    1042
    1058
    1068
    1068
    1096
    1075
    1041
    1032
    1054
    1034
    1074
    1045
    1038
    1019
    1035
    1015
    1060
    1023
    1022
    1078
    1017
    1087
    1010
    1095
    1069
    1015
     987
    1002
     993
     982
     986
    1069
    1014
    1002
     998
     968
     979
    1082
     953
     977
     978
     991
    1264
    1228
    1007
     985
    1001
     963
     968
     946
     931
     875
     974
    1003
     911
     949
     929
     907
     977
     975
     943
     936
     920
     951
     920
     947
     927
     965
     945
     909
     890
     903
     910
     900
     945
     910
     891
     918
     908
     891
     927
     900
     891
     953
     890
     888
     890
     861
     922
     899
     875
     895
     910
     872
     874
     857
     840
     856
     957
     920
     881
     840
     837
     868
     912
     842
     884
     839
     872
     850
     881
     840
     830
     852
     843
     858
     827
     872
     863
     872
     822
     847
     845
     821
     862
     830
     869
     814
     813
     793
     838
     793
     828
     833
     801
     832
     824
     836
     851
     812
     832
     870
     782
     825
     795
     861
     832
     790
     852
     814
     783
     780
     800
     790
     853
     851
     795
     836
     796
     802
     875
     815
     839
     811
     775
     790
     769
     792
     813
     818
     802
     809
     786
     771
     762
     805
     765
     855
     784
     814
     822
     755
     763
     763
     761
     775
     815
     777
     815
     788
     772
     781
     772
     787
     777
     796
     792
     815
     772
     812
     781
     794
     731
     793
     720
     790
     734
     770
     801
     798
     787
     759
     773
     758
     747
     812
     862
     773
     778
     752
     776
     787
     773
     772
     802
     748
     792
     764
     770
     789
     848
     774
     743
     778
     749
     760
     781
     743
     754
     750
     794
     767
     749
     762
     765
     763
     731
     740
     698
     757
     729
     758
     708
     787
     747
     792
     725
     792
     760
     707
     778
     759
     753
     778
     718
     694
     757
     728
     729
     738
     770
     768
     784
     762
     809
     737
     760
     735
     733
     752
     777
     720
     752
     806
     770
     719
     734
     769
     732
     702
     726
     759
     739
     805
     758
     774
     758
     798
     733
     740
     739
     744
     695
     742
     724
     774
     726
     729
     713
     688
     711
     765
     724
     763
     730
     753
     802
     764
     753
     714
     740
     736
     741
     705
     740
     733
     748
     765
     751
     732
     718
     767
     716
     727
     724
     735
     739
     770
     735
     731
     766
     790
     742
     770
     722
     701
     711
     743
     706
     729
     733
     727
     718
     747
     701
     748
     719
     743
     722
     700
     736
     728
     699
     762
     727
     711
     749
     738
     712
     780
     712
     699
     710
     735
     715
     741
     680
     732
     672
     704
     711
     732
     726
     746
     745
     721
     749
     712
     686
     738
     803
     755
     739
     742
     711
     750
     777
     734
     697
     735
     745
     712
     708
     724
     720
     703
     715
     776
     702
     786
     730
     726
     763
     742
     732
     730
     746
     734
     709
     747
     721
     699
     729
     736
     690
     753
     771
     724
     695
     710
     710
     717
     702
     651
     711
     718
     729
     747
     699
     714
     778
     702
     708
     690
     760
     730
     718
     760
     775
     768
     761
     717
     745
     738
     742
     749
     718
     713
     667
     771
     756
     749
     727
     731
     777
     778
     752
     727
     750
     688
     753
     735
     728
     801
     732
     714
     731
     729
     752
     694
     760
     691
     706
     749
     757
     718
     757
     738
     688
     777
     744
     765
     736
     732
     716
     741
     715
     685
     711
     770
     761
     731
     767
     692
     732
     752
     752
     741
     748
     696
     714
     717
     786
     796
     719
     720
     729
     669
     730
     706
     794
     752
     750
     749
     689
     745
     710
     712
     727
     739
     768
     726
     762
     746
     714
     682
     762
     741
     732
     752
     769
     744
     744
     726
     716
     759
     721
     738
     706
     757
     765
     775
     780
     723
     761
     731
     729
     730
     754
     727
     732
     707
     735
     723
     766
     773
     806
     776
     742
     783
     776
     762
     765
     802
     723
     741
     759
     765
     776
     770
     757
     772
     721
     739
     661
     785
     723
     753
     737
     783
     766
     731
     773
     743
     739
     796
     740
     706
     734
     749
     776
     770
     791
     768
     735
     761
     787
     774
     758
     775
     778
     738
     788
     724
     764
     755
     747
     785
     678
     742
     759
     780
     774
     769
     809
     762
     701
     794
     779
     734
     743
     770
     767
     771
     742
     806
     744
     778
     749
     812
     795
     797
     732
     740
     778
     827
     798
     774
     730
     766
     813
     792
     778
     748
     755
     807
     787
     751
     759
     798
     790
     799
     812
     801
     778
     773
     779
     789
     811
     825
     770
     814
     788
     771
     820
     823
     782
     815
     806
     765
     861
     794
     809
     813
     799
     789
     808
     830
     804
     782
     799
     782
     803
     812
     811
     827
     843
     796
     782
     805
     823
     801
     852
     846
     808
     797
     863
     824
     838
     762
     844
     797
     816
     822
     826
     878
     841
     821
     812
     839
     805
     870
     836
     802
     857
     804
     857
     815
     865
     826
     888
     862
     839
     816
     900
     852
     875
     933
     917
     882
     824
     810
     791
     852
     883
     895
     769
     895
     855
     879
     905
     851
     835
     884
     856
     877
     884
     876
     856
     899
     868
     881
     871
     854
     893
     863
     895
     903
     824
     940
     864
     855
     866
     912
     919
     896
     891
     947
     926
     865
     946
     914
     896
     888
     876
     910
     914
     937
     899
     941
     919
     893
     964
     940
     922
     968
     931
     940
     969
     953
     949
     928
     976
     960
     957
     898
     958
     972
     956
     909
     931
     971
     988
     943
     980
    1019
    1007
     982
    1012
     957
    1005
     969
     963
    1028
    1015
    1004
     997
    1030
     959
    1046
    1067
    1014
    1055
    1096
    1052
    1037
    1027
    1008
    1049
    1079
    1021
    1123
    1043
     990
    1147
    1063
    1100
    1118
    1117
    1033
    1105
    1047
    1163
    1140
    1089
    1063
    1106
    1133
    1142
    1117
    1165
    1139
    1146
    1197
    1193
    1186
    1133
    1203
    1126
    1162
    1156
    1176
    1203
    1204
    1154
    1210
    1206
    1167
    1199
    1264
    1221
    1197
    1198
    1218
    1223
    1192
    1266
    1213
    1281
    1311
    1277
    1268
    1275
    1353
    1309
    1323
    1330
    1329
    1269
    1292
    1362
    1322
    1300
    1396
    1281
    1369
    1368
    1402
    1380
    1329
    1323
    1369
    1349
    1390
    1343
    1340
    1384
    1351
    1362
    1464
    1409
    1401
    1347
    1346
    1342
    1302
    1327
    1237
    1285
    1329
    1176
    1202
    1116
    1120
    1054
    1052
    1049
    1030
    1010
    1004
     951
     990
     996
     914
     889
     932
     872
     939
     896
     907
     894
     916
     973
     885
     911
     866
     945
     829
     888
     881
     849
     991
     835
     860
     886
     868
     900
     911
     847
     855
     886
     880
     827
     847
     849
     866
     851
     859
     831
     829
     792
     836
     769
     776
     866
     868
     884
     796
     840
     844
     811
     880
     832
     831
     832
     889
     814
     817
     887
     818
     778
     800
     821
     853
     835
     867
     861
     847
     839
     856
     778
     804
     837
     799
     767
     802
     846
     774
     815
     827
     787
     839
     787
     863
     822
     807
     790
     776
     790
     782
     784
     796
     828
     748
     754
     816
     784
     852
     850
     818
     771
     783
     732
     713
     797
     744
     770
     774
     730
     808
     750
     778
     775
     782
     726
     730
     750
     789
     785
     798
     722
     770
     714
     756
     810
     776
     758
     783
     772
     806
     771
     778
     757
     845
     769
     780
     764
     771
     766
     790
     823
     789
     871
     812
     812
     804
     841
     819
     854
     791
     755
     796
     832
     810
     818
     810
     791
     840
     896
     804
     835
     815
     886
     805
     841
     905
     841
     853
     834
     885
     877
     893
     813
     858
     794
     939
     902
     875
     871
     888
     869
     893
     933
     924
     887
     867
     934
     886
     887
     919
     889
     881
     897
     874
     881
     841
     852
     877
     799
     777
     746
     710
     619
     672
     641
     632
     550
     565
     552
     549
     524
     493
     520
     529
     505
     469
     513
     492
     481
     475
     437
     468
     467
     458
     434
     486
     437
     432
     459
     451
     442
     420
     402
     386
     398
     420
     420
     433
     419
     393
     381
     438
     410
     415
     400
     387
     384
     402
     403
     397
     397
     391
     393
     430
     402
     399
     346
     411
     383
     415
     417
     415
     414
     481
     530
     614
     671
     717
     850
     833
     969
    1135
    1497
    2830
    8502
   22195
   28799
   16791
    4937
    1006
     403
     296
     294
     311
     273
     280
     275
     263
     267
     284
     282
     272
     278
     263
     251
     249
     263
     246
     242
     261
     254
     250
     245
     229
     260
     228
     215
     210
     203
     227
     205
     173
     217
     196
     215
     234
     178
     173
     178
     184
     214
     187
     178
     176
     179
     145
     162
     186
     152
     165
     142
     145
     126
     130
     162
     134
     128
     131
     130
     144
     129
     138
     142
     116
     105
     139
     115
     107
      92
     131
     133
      98
     130
     119
     101
     113
     110
     115
     107
     103
      93
     110
      74
      91
     100
      91
      80
      88
      82
      92
      77
      83
      89
      82
      63
      81
      76
      81
      82
      81
      66
      81
      71
      88
      72
      77
      69
      61
      61
      69
      66
      90
      62
      73
      65
      62
      63
      60
      61
      64
      69
      63
      51
      56
      75
      56
      60
      65
      60
      78
      63
      66
      51
      66
      52
      58
      45
      53
      52
      55
      72
      58
      59
      64
      68
      61
      60
      55
      54
      78
      60
      59
      61
      69
      63
      64
      61
      59
      73
      57
      53
      56
      58
      73
      58
      55
      59
      55
      58
      60
      44
      77
      60
      69
      49
      52
      52
      50
      61
      52
      60
      63
      48
      55
      54
      42
      49
      56
      65
      60
      61
      68
      72
      55
      65
      81
      73
      84
      74
     133
     165
     241
     276
     386
     403
     466
     551
     698
     895
    1480
    3994
   12118
   22647
   20816
    9322
    2299
     371
      55
      40
      32
      20
      36
      44
      39
      24
      30
      26
      29
      32
      22
      24
      17
      23
      29
      21
      27
      27
      34
      35
      27
      23
      19
      19
      24
      33
      36
      32
      24
      16
      23
      19
      26
      25
      18
      27
      25
      23
      20
      28
      35
      19
      22
      30
      28
      27
      28
      40
      20
      16
      19
      22
      19
      22
      27
      25
      23
      28
      18
      23
      23
      30
      27
      29
      29
      33
      21
      24
      17
      22
      28
      32
      22
      25
      29
      21
      25
      28
      28
      24
      28
      21
      20
      17
      17
      26
      21
      27
      21
      17
      26
      17
      26
      18
      22
      26
      24
      25
      23
      13
      21
      17
      22
      19
      22
      13
      25
      27
      21
      22
      20
      21
      18
      25
      21
      23
      17
      23
      22
      15
      24
      17
      17
      17
      22
      25
      18
      18
      16
      23
      19
      24
      18
      25
      22
      20
      21
      21
      27
      15
      28
      18
      14
      17
      24
      20
      22
      18
      21
      27
      16
      22
      14
      22
      22
      15
      26
      23
      24
      19
      19
      21
      23
      15
      22
      22
      45
      51
      85
      59
      29
      19
      17
      26
      17
      20
      16
      18
      18
      20
      23
      16
      18
      15
      18
      13
      18
      15
      24
      17
      19
      15
      16
      22
      17
      23
      19
       0
       0
       0
       0
       0
       0
       0
       0
       0
       0
       0
       0
       0
       0
       0
       0
       0
       0
       0
       0
       0
       0
       0
       0
       0
       0
       0
       0
       0
       0
       0
       0
$ROI:
0
$PRESETS:
None
0
0
$ENER_FIT:
0.000000 0.731044
$MCA_CAL:
3
0.000000E+000 7.310444E-001 0.000000E+000 keV
$SHAPE_CAL:
3
0.000000E+000 0.000000E+000 0.000000E+000
