$SPEC_ID:
No sample description was entered.
$SPEC_REM:
DET# 4
DETDESC# JLAB-20 MCB 131
AP# Maestro Version 7.01
$DATE_MEA:
10/08/2025 07:40:02
$MEAS_TIM:
579 599
$DATA:
0 2047
       0
       0
       0
       0
       0
       0
       0
       0
       0
       0
       0
       0
       0
       0
       0
       0
       0
       0
       0
       0
       0
       0
       0
       0
       0
       0
       0
       0
       0
       0
       0
       0
       0
       0
       0
       0
       0
       0
       0
       0
       0
       0
       0
       0
       0
       0
       0
       0
       0
       0
       0
       0
       0
       0
       0
       0
       0
       0
       0
       0
       0
       0
       0
       0
       0
       0
       0
       0
       0
      48
    1307
    1420
    1406
    1374
    1383
    1382
    1368
    1353
    1392
    1330
    1395
    1375
    1348
    1382
    1344
    1339
    1310
    1356
    1332
    1257
    1345
    1336
    1349
    1307
    1373
    1329
    1325
    1349
    1391
    1505
    1378
    1505
    1502
    1382
    1391
    1348
    1288
    1317
    1300
    1316
    1328
    1324
    1331
    1281
    1349
    1392
    1366
    1462
    1432
    1333
    1320
    1338
    1336
    1327
    1346
    1360
    1339
    1352
    1320
    1282
    1305
    1310
    1337
    1355
    1351
    1333
    1304
    1323
    1282
    1305
    1335
    1350
    1294
    1323
    1363
    1297
    1254
    1382
    1269
    1333
    1311
    1324
    1295
    1265
    1337
    1291
    1366
    1287
    1342
    1383
    1343
    1355
    1290
    1319
    1245
    1263
    1279
    1277
    1303
    1277
    1245
    1278
    1297
    1401
    1374
    1234
    1357
    1354
    1376
    1336
    1372
    1297
    1293
    1316
    1259
    1228
    1331
    1258
    1326
    1290
    1308
    1306
    1302
    1358
    1353
    1338
    1314
    1271
    1315
    1294
    1302
    1350
    1285
    1245
    1359
    1330
    1332
    1281
    1214
    1240
    1304
    1272
    1186
    1310
    1244
    1202
    1239
    1282
    1275
    1222
    1225
    1330
    1270
    1269
    1251
    1234
    1266
    1244
    1222
    1236
    1241
    1186
    1191
    1231
    1260
    1190
    1223
    1282
    1247
    1230
    1271
    1199
    1225
    1262
    1214
    1206
    1227
    1151
    1243
    1158
    1218
    1146
    1172
    1138
    1160
    1169
    1246
    1224
    1113
    1135
    1214
    1235
    1207
    1165
    1201
    1232
    1238
    1105
    1161
    1154
    1165
    1182
    1177
    1156
    1201
    1097
    1219
    1199
    1250
    1190
    1247
    1232
    1249
    1246
    1253
    1403
    1389
    1339
    1416
    1500
    1407
    1468
    1484
    1544
    1469
    1492
    1506
    1550
    1444
    1511
    1469
    1448
    1473
    1458
    1477
    1458
    1434
    1423
    1410
    1454
    1442
    1422
    1420
    1394
    1343
    1352
    1395
    1353
    1317
    1293
    1342
    1371
    1370
    1341
    1306
    1413
    1315
    1277
    1288
    1208
    1275
    1320
    1311
    1237
    1300
    1188
    1283
    1250
    1263
    1280
    1249
    1188
    1149
    1189
    1241
    1150
    1174
    1213
    1185
    1146
    1190
    1190
    1149
    1181
    1150
    1189
    1157
    1205
    1222
    1174
    1201
    1170
    1111
    1158
    1143
    1122
    1131
    1135
    1141
    1154
    1161
    1064
    1108
    1057
    1096
    1091
    1146
    1100
    1048
    1100
    1110
    1143
    1041
    1086
    1060
    1057
    1124
    1073
    1083
    1060
    1020
    1095
    1031
    1081
    1006
    1068
    1071
    1040
    1028
     984
    1036
    1032
    1015
    1014
    1010
     958
    1044
    1035
     965
    1004
    1042
    1002
     999
    1001
     954
     995
     985
     979
     981
     995
     960
     945
    1226
    1265
     999
     969
     968
    1010
     874
     913
     975
     966
     969
     943
    1030
     971
     955
     938
     931
     954
     989
     932
     958
     903
     953
     960
     925
     941
     996
     860
     920
     923
     897
     912
     926
     911
     946
     880
     875
     963
     906
     972
     901
     880
     859
     879
     920
     891
     924
     912
     874
     886
     856
     919
     859
     877
     852
     919
     896
     899
     890
     839
     844
     836
     866
     860
     853
     836
     887
     859
     859
     825
     896
     836
     866
     907
     896
     890
     871
     880
     850
     831
     830
     839
     860
     820
     832
     832
     798
     826
     800
     861
     834
     824
     834
     823
     821
     848
     773
     850
     836
     865
     842
     808
     847
     780
     848
     850
     870
     800
     800
     797
     789
     828
     822
     860
     835
     803
     815
     772
     852
     818
     845
     836
     803
     768
     842
     799
     843
     802
     813
     845
     830
     800
     818
     786
     822
     748
     787
     800
     777
     807
     810
     804
     824
     827
     810
     803
     771
     774
     813
     821
     798
     812
     758
     777
     807
     762
     808
     757
     706
     769
     806
     789
     823
     773
     837
     835
     750
     810
     845
     773
     738
     773
     794
     802
     764
     827
     759
     730
     748
     758
     769
     754
     775
     850
     774
     768
     735
     729
     794
     766
     756
     762
     831
     737
     750
     747
     760
     789
     755
     730
     754
     738
     748
     796
     743
     760
     742
     702
     765
     748
     768
     727
     766
     717
     790
     761
     763
     770
     724
     678
     729
     766
     721
     770
     741
     776
     742
     712
     737
     701
     767
     801
     708
     764
     760
     754
     793
     787
     795
     761
     745
     752
     785
     708
     773
     726
     778
     787
     765
     770
     730
     757
     700
     744
     821
     731
     762
     774
     766
     735
     712
     763
     765
     756
     664
     732
     727
     766
     758
     732
     710
     780
     736
     747
     755
     788
     730
     725
     761
     786
     762
     727
     707
     786
     729
     713
     704
     694
     720
     765
     739
     692
     773
     755
     766
     764
     701
     738
     729
     748
     725
     774
     732
     700
     735
     740
     776
     711
     729
     735
     692
     713
     722
     750
     717
     729
     701
     733
     652
     731
     709
     718
     749
     725
     768
     763
     749
     738
     678
     752
     676
     732
     720
     670
     717
     700
     750
     715
     723
     691
     751
     675
     758
     753
     711
     725
     723
     769
     717
     698
     724
     718
     752
     701
     758
     747
     723
     729
     728
     746
     723
     682
     731
     751
     729
     690
     787
     701
     733
     703
     758
     739
     729
     747
     704
     724
     705
     703
     736
     721
     726
     768
     763
     720
     739
     769
     754
     724
     741
     790
     708
     748
     730
     717
     632
     702
     752
     730
     699
     740
     741
     713
     709
     755
     726
     755
     741
     750
     724
     759
     683
     756
     722
     706
     764
     730
     696
     724
     721
     720
     755
     740
     778
     704
     695
     718
     724
     707
     730
     723
     697
     738
     704
     727
     736
     748
     726
     736
     736
     737
     687
     714
     741
     727
     764
     746
     696
     731
     710
     755
     699
     692
     687
     721
     723
     767
     711
     742
     708
     711
     726
     718
     740
     707
     760
     721
     725
     710
     714
     729
     717
     720
     744
     718
     764
     725
     731
     767
     756
     762
     741
     716
     721
     703
     728
     707
     718
     738
     742
     743
     748
     751
     760
     725
     728
     722
     709
     757
     709
     752
     716
     713
     688
     742
     762
     737
     730
     735
     752
     731
     737
     720
     710
     760
     735
     732
     739
     742
     718
     669
     750
     708
     719
     761
     703
     764
     742
     732
     736
     786
     724
     767
     761
     771
     773
     718
     744
     720
     714
     746
     761
     740
     740
     749
     724
     720
     753
     797
     747
     738
     745
     714
     748
     743
     769
     723
     745
     815
     769
     711
     768
     763
     735
     787
     749
     736
     741
     734
     788
     805
     756
     744
     789
     720
     756
     789
     710
     761
     777
     731
     825
     857
     758
     768
     800
     716
     754
     738
     810
     746
     733
     786
     811
     785
     774
     787
     769
     750
     761
     794
     764
     769
     772
     748
     768
     790
     735
     823
     763
     798
     759
     790
     818
     803
     783
     810
     769
     778
     776
     797
     789
     800
     819
     780
     753
     807
     795
     794
     799
     764
     862
     749
     792
     816
     802
     794
     803
     797
     802
     768
     839
     808
     879
     789
     756
     810
     798
     755
     798
     783
     840
     812
     779
     832
     831
     753
     771
     771
     776
     861
     853
     785
     776
     818
     884
     851
     763
     796
     773
     797
     807
     821
     845
     813
     798
     860
     811
     840
     810
     833
     842
     851
     856
     830
     801
     848
     822
     846
     840
     766
     817
     867
     864
     824
     893
     914
     912
     861
     830
     839
     844
     913
     867
     831
     825
     811
     886
     788
     882
     864
     916
     885
     916
     861
     830
     819
     863
     865
     875
     900
     944
     816
     895
     893
     863
     884
     938
     872
     887
     896
     892
     863
     897
     887
     927
     917
     944
     892
     907
     884
     885
     872
     932
     933
     939
     926
     931
     897
     927
     960
     915
     866
     935
     913
    1004
     935
     985
     916
     937
     922
     904
     959
     992
     931
     883
     941
     962
     969
     913
     936
     945
     966
    1069
     943
     982
     946
     959
    1000
     990
     996
     990
    1015
    1005
    1031
    1051
     986
     985
    1024
    1015
    1000
    1044
    1042
    1046
     987
    1039
    1058
    1022
    1063
    1033
    1078
    1067
    1124
    1078
    1115
    1061
    1086
    1068
    1100
    1065
    1092
    1106
    1089
    1121
    1113
    1100
    1111
    1089
    1112
    1132
    1149
    1120
    1159
    1130
    1160
    1113
    1163
    1157
    1205
    1135
    1187
    1227
    1176
    1223
    1187
    1199
    1190
    1186
    1257
    1202
    1236
    1210
    1227
    1244
    1211
    1284
    1271
    1262
    1284
    1288
    1246
    1278
    1354
    1269
    1301
    1282
    1296
    1320
    1306
    1381
    1301
    1258
    1323
    1309
    1381
    1361
    1313
    1315
    1373
    1379
    1378
    1365
    1372
    1374
    1369
    1426
    1382
    1348
    1419
    1458
    1407
    1384
    1344
    1423
    1371
    1286
    1303
    1297
    1185
    1196
    1110
    1134
    1115
    1096
     994
    1040
    1001
    1053
    1003
     950
     954
     953
     903
     926
     908
     947
     971
     910
     896
     920
     931
     866
     901
     902
     875
     869
     875
     929
     913
     919
     883
     862
     888
     847
     885
     819
     876
     870
     848
     844
     862
     848
     799
     880
     850
     897
     827
     853
     852
     803
     794
     896
     842
     869
     904
     859
     871
     856
     848
     834
     805
     813
     803
     889
     856
     884
     817
     822
     872
     846
     835
     866
     839
     799
     841
     810
     847
     841
     780
     825
     857
     810
     799
     776
     774
     820
     849
     790
     861
     856
     800
     798
     735
     788
     798
     775
     798
     850
     777
     791
     771
     812
     800
     792
     800
     829
     780
     833
     774
     825
     793
     792
     761
     750
     838
     783
     771
     759
     759
     787
     807
     797
     804
     803
     813
     804
     759
     743
     753
     732
     789
     718
     750
     789
     790
     776
     803
     747
     773
     785
     767
     789
     741
     754
     816
     805
     710
     847
     814
     790
     772
     782
     794
     762
     829
     742
     748
     777
     790
     832
     850
     808
     816
     823
     821
     835
     812
     890
     809
     865
     866
     892
     869
     837
     865
     914
     852
     913
     893
     815
     853
     851
     873
     867
     899
     839
     855
     932
     893
     902
     915
     894
     850
     933
     902
     909
     881
     947
     888
     894
     914
     952
     881
     894
     878
     867
     763
     780
     762
     682
     680
     697
     687
     664
     572
     593
     578
     552
     548
     542
     537
     497
     492
     483
     519
     459
     455
     502
     478
     453
     471
     463
     455
     422
     464
     466
     427
     468
     415
     429
     436
     412
     409
     437
     369
     387
     386
     427
     418
     394
     421
     412
     417
     422
     388
     437
     389
     375
     420
     386
     392
     380
     378
     367
     401
     345
     393
     412
     412
     399
     396
     484
     508
     536
     584
     699
     777
     863
     901
     934
    1105
    1480
    2927
    9131
   22708
   28729
   16169
    4494
     960
     361
     320
     284
     309
     264
     270
     266
     261
     271
     275
     260
     267
     267
     256
     245
     252
     260
     242
     267
     282
     254
     239
     221
     231
     204
     244
     219
     201
     255
     233
     217
     217
     214
     208
     175
     202
     181
     188
     188
     194
     203
     185
     173
     170
     164
     176
     164
     163
     157
     165
     181
     149
     145
     159
     149
     146
     135
     115
     149
     149
     141
     146
     129
     124
     121
     124
     129
     113
     139
     119
     116
     119
      91
      88
     110
     117
      92
     107
      82
     109
      91
     101
      90
      81
      94
      78
      91
      83
      95
      74
      87
      91
      71
      81
      73
      68
      73
      81
      66
      71
      65
      66
      80
      65
      83
      72
      70
      71
      70
      76
      57
      73
      79
      59
      62
      72
      59
      65
      58
      51
      82
      67
      67
      64
      60
      58
      59
      66
      62
      55
      53
      50
      53
      76
      54
      43
      66
      57
      51
      60
      66
      63
      62
      70
      71
      60
      44
      55
      54
      61
      61
      63
      63
      46
      46
      54
      61
      74
      58
      61
      46
      59
      57
      66
      57
      55
      55
      57
      58
      58
      61
      57
      59
      46
      65
      47
      58
      60
      56
      48
      66
      61
      55
      54
      62
      62
      56
      58
      57
      61
      52
      61
      66
      63
      68
      72
      76
     100
      83
     147
     176
     206
     289
     351
     410
     468
     532
     682
     874
    1598
    4161
   12425
   23223
   20476
    8931
    2066
     341
      66
      40
      26
      31
      32
      31
      25
      34
      35
      22
      34
      20
      20
      35
      29
      20
      40
      23
      29
      22
      25
      34
      35
      34
      23
      22
      25
      28
      27
      19
      18
      32
      13
      22
      19
      36
      32
      21
      27
      38
      28
      30
      31
      18
      30
      29
      17
      27
      22
      24
      17
      21
      33
      27
      16
      24
      26
      18
      27
      19
      26
      18
      23
      27
      20
      14
      23
      24
      33
      23
      24
      35
      18
      26
      24
      25
      26
      18
      18
      22
      19
      25
      29
      17
      25
      36
      16
      20
      22
      23
      26
      24
      16
      26
      23
      26
      17
      20
      27
      22
      24
      28
      17
      22
      22
      19
      22
      11
      31
      23
      24
      22
      23
      28
      29
      28
      20
      17
      25
      18
      38
      24
      24
      18
      27
      25
      18
      18
      13
      23
      17
      15
      20
      22
      20
      18
      24
      33
      28
      17
      18
      16
      22
      26
      18
      16
      14
      24
      17
      17
      20
      23
      21
      15
      22
      16
      15
      21
      17
      14
      26
      21
      18
      20
      18
      24
      19
      22
      35
      65
      56
      57
      35
      17
      16
      15
      18
      28
      18
      17
      18
      25
      17
      21
      19
      19
      20
      27
      18
      14
      13
      16
      22
      20
      19
      22
      10
      16
      23
       0
       0
       0
       0
       0
       0
       0
       0
       0
       0
       0
       0
       0
       0
       0
       0
       0
       0
       0
       0
       0
       0
       0
       0
       0
       0
       0
       0
       0
       0
       0
       0
$ROI:
0
$PRESETS:
None
0
0
$ENER_FIT:
0.000000 0.731044
$MCA_CAL:
3
0.000000E+000 7.310444E-001 0.000000E+000 keV
$SHAPE_CAL:
3
0.000000E+000 0.000000E+000 0.000000E+000
