$SPEC_ID:
No sample description was entered.
$SPEC_REM:
DET# 4
DETDESC# JLAB-20 MCB 131
AP# Maestro Version 7.01
$DATE_MEA:
10/07/2025 19:00:02
$MEAS_TIM:
579 599
$DATA:
0 2047
       0
       0
       0
       0
       0
       0
       0
       0
       0
       0
       0
       0
       0
       0
       0
       0
       0
       0
       0
       0
       0
       0
       0
       0
       0
       0
       0
       0
       0
       0
       0
       0
       0
       0
       0
       0
       0
       0
       0
       0
       0
       0
       0
       0
       0
       0
       0
       0
       0
       0
       0
       0
       0
       0
       0
       0
       0
       0
       0
       0
       0
       0
       0
       0
       0
       0
       0
       0
       0
      26
    1356
    1402
    1372
    1326
    1406
    1441
    1357
    1351
    1380
    1337
    1363
    1383
    1364
    1338
    1358
    1343
    1371
    1259
    1350
    1321
    1316
    1315
    1369
    1345
    1314
    1384
    1349
    1311
    1498
    1471
    1355
    1476
    1597
    1364
    1323
    1327
    1384
    1295
    1341
    1322
    1349
    1365
    1371
    1310
    1381
    1411
    1345
    1352
    1341
    1386
    1263
    1363
    1280
    1329
    1320
    1261
    1316
    1342
    1330
    1361
    1311
    1325
    1294
    1271
    1294
    1319
    1277
    1398
    1360
    1368
    1261
    1270
    1216
    1310
    1349
    1341
    1229
    1361
    1317
    1325
    1277
    1285
    1341
    1274
    1251
    1282
    1365
    1297
    1334
    1320
    1312
    1298
    1276
    1311
    1383
    1347
    1248
    1312
    1286
    1380
    1395
    1402
    1287
    1328
    1281
    1356
    1347
    1334
    1355
    1312
    1307
    1272
    1297
    1279
    1288
    1345
    1261
    1325
    1344
    1264
    1300
    1292
    1278
    1332
    1363
    1242
    1321
    1288
    1253
    1313
    1244
    1288
    1315
    1280
    1317
    1316
    1341
    1290
    1282
    1278
    1257
    1295
    1297
    1272
    1264
    1245
    1220
    1253
    1278
    1231
    1229
    1211
    1295
    1259
    1205
    1254
    1270
    1274
    1227
    1233
    1248
    1179
    1258
    1204
    1209
    1249
    1271
    1216
    1235
    1189
    1194
    1210
    1231
    1113
    1177
    1179
    1223
    1210
    1270
    1212
    1212
    1178
    1177
    1231
    1251
    1182
    1193
    1160
    1208
    1173
    1256
    1180
    1157
    1196
    1225
    1219
    1198
    1158
    1172
    1191
    1192
    1155
    1204
    1150
    1244
    1164
    1226
    1186
    1203
    1203
    1173
    1260
    1291
    1278
    1294
    1321
    1353
    1407
    1413
    1400
    1446
    1418
    1485
    1457
    1503
    1514
    1498
    1549
    1470
    1541
    1460
    1505
    1507
    1484
    1401
    1454
    1461
    1427
    1421
    1421
    1390
    1318
    1363
    1392
    1392
    1310
    1339
    1395
    1337
    1359
    1356
    1319
    1350
    1261
    1381
    1339
    1290
    1257
    1301
    1312
    1246
    1272
    1275
    1294
    1266
    1277
    1305
    1269
    1256
    1242
    1207
    1166
    1158
    1227
    1151
    1214
    1177
    1196
    1186
    1196
    1214
    1198
    1141
    1199
    1174
    1160
    1215
    1114
    1186
    1154
    1176
    1150
    1163
    1154
    1211
    1152
    1132
    1197
    1126
    1160
    1058
    1131
    1136
    1144
    1119
    1081
    1098
    1155
    1145
    1105
    1100
    1100
    1023
    1106
    1128
    1083
    1088
    1065
    1083
    1051
    1022
    1021
    1047
    1060
    1025
    1019
    1021
    1014
     979
     978
    1024
    1052
    1055
    1067
    1077
     999
    1006
    1031
    1045
     992
    1006
     995
     978
     959
     964
     953
     988
     956
     969
     998
     968
     956
    1203
    1219
     995
     937
     987
    1009
    1073
     949
     965
     933
     903
     961
     975
     968
     883
     961
     949
     934
     879
     913
     926
     944
     987
     991
     915
     903
     935
     886
     958
     889
     938
     888
     871
     934
     962
     873
     908
     912
     893
     917
     855
     822
     930
     915
     906
     856
     854
     836
     832
     902
     891
     882
     879
     887
     850
     867
     907
     934
     862
     862
     866
     878
     848
     910
     907
     888
     859
     881
     859
     903
     851
     854
     879
     847
     854
     855
     911
     859
     838
     885
     813
     862
     797
     842
     867
     818
     794
     805
     826
     830
     804
     810
     819
     831
     837
     836
     804
     861
     818
     837
     825
     837
     818
     837
     806
     802
     797
     827
     819
     839
     812
     842
     782
     795
     818
     810
     793
     787
     811
     797
     842
     817
     804
     793
     790
     831
     793
     781
     800
     827
     787
     842
     872
     828
     761
     799
     830
     808
     821
     774
     752
     784
     757
     784
     779
     767
     782
     791
     798
     763
     777
     773
     759
     828
     762
     754
     846
     765
     799
     798
     761
     795
     740
     845
     755
     852
     775
     813
     765
     771
     767
     768
     747
     791
     808
     748
     770
     797
     746
     750
     747
     741
     772
     772
     789
     760
     767
     758
     767
     730
     757
     802
     726
     732
     706
     771
     796
     717
     710
     735
     720
     769
     754
     786
     739
     725
     760
     762
     743
     768
     736
     809
     697
     735
     768
     734
     712
     748
     737
     724
     731
     734
     728
     794
     795
     738
     697
     757
     769
     753
     766
     781
     775
     738
     768
     732
     767
     754
     737
     744
     713
     736
     712
     747
     742
     793
     769
     759
     769
     748
     763
     764
     777
     759
     753
     746
     771
     773
     734
     728
     735
     748
     742
     726
     728
     776
     753
     731
     708
     737
     736
     744
     798
     762
     756
     782
     709
     737
     772
     746
     760
     733
     788
     738
     710
     739
     761
     725
     730
     716
     740
     701
     772
     712
     755
     723
     692
     702
     722
     760
     738
     763
     723
     743
     757
     764
     717
     756
     777
     706
     708
     721
     731
     734
     727
     760
     713
     685
     718
     728
     706
     784
     738
     689
     770
     725
     694
     755
     760
     748
     789
     715
     754
     733
     683
     700
     686
     752
     727
     753
     706
     722
     752
     700
     727
     700
     756
     713
     727
     725
     715
     710
     687
     711
     733
     753
     745
     689
     739
     700
     728
     726
     712
     794
     684
     747
     665
     720
     667
     716
     735
     769
     731
     762
     757
     795
     711
     753
     716
     700
     778
     728
     720
     742
     736
     731
     747
     763
     708
     715
     730
     701
     744
     738
     734
     757
     746
     737
     694
     753
     719
     719
     762
     747
     748
     739
     786
     705
     743
     726
     664
     670
     710
     713
     745
     712
     748
     804
     736
     691
     733
     721
     771
     718
     730
     719
     766
     729
     709
     732
     714
     738
     768
     730
     752
     762
     731
     710
     699
     802
     734
     713
     730
     766
     726
     753
     756
     749
     747
     735
     743
     784
     765
     746
     741
     737
     749
     713
     771
     710
     742
     790
     739
     724
     762
     725
     762
     753
     747
     722
     724
     726
     718
     731
     741
     716
     719
     747
     770
     712
     721
     717
     729
     691
     719
     722
     719
     747
     730
     724
     728
     688
     683
     723
     741
     729
     707
     706
     711
     739
     758
     758
     757
     802
     780
     719
     741
     725
     686
     764
     747
     720
     742
     770
     775
     723
     724
     727
     759
     782
     719
     706
     768
     699
     770
     728
     725
     737
     734
     736
     775
     751
     760
     796
     789
     760
     730
     735
     760
     766
     734
     774
     728
     730
     743
     753
     765
     664
     738
     746
     739
     776
     777
     776
     748
     824
     718
     769
     732
     734
     748
     804
     756
     774
     719
     751
     735
     755
     795
     798
     758
     790
     752
     730
     759
     721
     806
     774
     777
     772
     806
     766
     740
     784
     794
     765
     770
     753
     745
     797
     790
     744
     751
     811
     815
     816
     734
     729
     785
     800
     807
     795
     812
     797
     757
     766
     812
     794
     783
     774
     742
     764
     818
     771
     752
     772
     778
     750
     794
     793
     803
     859
     798
     746
     787
     809
     796
     809
     784
     793
     805
     810
     748
     734
     795
     793
     802
     857
     777
     827
     796
     793
     821
     776
     801
     790
     861
     848
     800
     849
     831
     760
     797
     745
     836
     824
     825
     806
     793
     820
     810
     799
     803
     758
     807
     845
     789
     752
     855
     827
     817
     802
     837
     795
     844
     817
     827
     848
     864
     848
     796
     859
     784
     808
     826
     854
     834
     875
     830
     864
     855
     869
     834
     847
     929
     935
     961
     898
     839
     901
     811
     867
     846
     884
     873
     871
     835
     806
     888
     877
     837
     869
     827
     906
     841
     846
     827
     867
     836
     866
     900
     804
     907
     858
     877
     896
     906
     860
     881
     870
     934
     898
     879
     892
     883
     919
     919
     944
     898
     901
     907
     980
     883
     881
     946
     962
     921
     958
     960
     908
     958
     957
     954
     936
     957
     935
    1035
     947
     952
     950
     921
     950
    1042
     914
     942
     947
     965
     970
     950
     975
     945
    1012
     946
     974
     998
     964
    1004
     921
    1065
    1008
     989
    1004
    1026
     953
     993
     982
    1002
    1052
    1027
    1032
    1072
    1045
    1009
    1037
    1026
    1027
    1064
    1028
    1067
    1091
    1096
    1066
    1057
    1067
    1018
    1091
    1121
    1143
    1040
    1135
    1067
    1154
    1135
    1072
    1093
    1139
    1216
    1088
    1141
    1190
    1136
    1146
    1204
    1200
    1166
    1137
    1197
    1159
    1183
    1207
    1190
    1175
    1225
    1235
    1197
    1252
    1239
    1228
    1202
    1263
    1200
    1249
    1218
    1241
    1284
    1247
    1194
    1301
    1217
    1275
    1285
    1315
    1315
    1330
    1343
    1328
    1223
    1319
    1341
    1361
    1365
    1394
    1375
    1350
    1349
    1323
    1356
    1339
    1406
    1327
    1384
    1416
    1394
    1349
    1416
    1345
    1388
    1402
    1349
    1387
    1374
    1419
    1396
    1342
    1352
    1289
    1240
    1189
    1224
    1175
    1131
    1087
    1111
     992
    1021
    1028
     964
    1021
     952
    1020
     873
     898
     928
     950
     960
     977
     895
     920
     885
     878
     925
     896
     884
     871
     893
     902
     850
     904
     869
     875
     913
     862
     916
     885
     862
     882
     866
     897
     941
     872
     883
     856
     861
     886
     857
     849
     826
     825
     870
     827
     836
     865
     882
     819
     843
     852
     867
     878
     893
     857
     919
     829
     788
     839
     816
     817
     845
     844
     770
     840
     816
     846
     826
     826
     823
     834
     796
     780
     825
     795
     806
     812
     794
     802
     810
     838
     880
     781
     777
     781
     751
     812
     818
     826
     763
     816
     798
     790
     784
     802
     806
     770
     792
     739
     770
     794
     737
     817
     786
     786
     797
     765
     760
     788
     806
     825
     779
     774
     818
     781
     763
     724
     738
     769
     730
     742
     765
     815
     776
     765
     749
     803
     760
     760
     779
     807
     732
     803
     792
     801
     736
     789
     743
     785
     801
     742
     807
     834
     750
     732
     816
     798
     821
     813
     777
     850
     830
     843
     840
     813
     850
     884
     874
     815
     848
     863
     820
     777
     829
     898
     888
     777
     901
     866
     824
     774
     898
     865
     865
     859
     868
     903
     892
     897
     911
     871
     888
     835
     924
     999
     904
     916
     854
     934
     903
     836
     927
     934
     846
     932
     916
     871
     890
     890
     878
     750
     815
     789
     770
     748
     661
     608
     625
     593
     542
     568
     523
     560
     521
     493
     537
     491
     492
     471
     519
     491
     491
     464
     473
     450
     471
     437
     442
     447
     463
     457
     424
     426
     432
     453
     423
     431
     435
     437
     399
     434
     407
     416
     417
     408
     403
     419
     433
     399
     396
     410
     391
     377
     379
     384
     386
     384
     401
     403
     381
     385
     431
     420
     424
     435
     441
     495
     564
     623
     652
     778
     802
     890
     963
    1178
    1505
    3151
    9684
   23808
   28507
   14842
    4110
     892
     345
     316
     310
     286
     297
     311
     278
     263
     257
     253
     302
     267
     268
     251
     263
     242
     272
     227
     242
     236
     240
     232
     214
     241
     224
     234
     233
     214
     218
     215
     210
     190
     231
     182
     185
     207
     200
     210
     190
     149
     174
     193
     167
     188
     168
     165
     193
     179
     184
     157
     161
     142
     136
     161
     142
     135
     135
     135
     118
     128
     128
     140
     130
     144
     116
     117
     128
     107
     111
     120
     119
     135
     110
     125
     103
     103
     121
     101
      90
      92
      99
     111
      75
     112
      99
      98
     100
      82
      70
      84
      78
      73
     101
      74
      82
      76
      67
      73
      79
      81
      81
      61
      74
      71
      61
      81
      60
      66
      73
      68
      58
      69
      81
      74
      63
      70
      68
      56
      66
      71
      68
      56
      61
      64
      47
      54
      71
      74
      65
      63
      68
      67
      71
      70
      80
      64
      53
      59
      53
      62
      42
      73
      56
      63
      65
      59
      57
      53
      64
      61
      54
      48
      55
      69
      54
      69
      61
      68
      58
      57
      45
      50
      45
      49
      51
      58
      65
      47
      60
      50
      39
      55
      65
      49
      42
      67
      61
      56
      53
      46
      46
      54
      49
      59
      49
      60
      56
      48
      58
      54
      62
      61
      67
      60
      62
      72
      68
      89
     114
     146
     196
     236
     315
     369
     428
     469
     551
     701
     956
    1724
    4602
   13557
   23322
   19880
    8139
    1905
     285
      60
      38
      43
      30
      38
      34
      26
      30
      31
      21
      24
      25
      35
      18
      31
      29
      26
      19
      32
      23
      27
      25
      30
      28
      24
      27
      34
      24
      17
      13
      22
      18
      28
      20
      23
      34
      26
      33
      25
      28
      28
      23
      23
      25
      27
      28
      32
      29
      21
      20
      27
      24
      24
      28
      29
      24
      22
      26
      28
      34
      17
      21
      25
      24
      23
      21
      29
      24
      23
      27
      15
      20
      35
      22
      20
      25
      26
      20
      14
      25
      23
      30
      26
      15
      18
      29
      15
      24
      19
      14
      26
      31
      23
      25
      18
      22
      21
      24
      22
      23
      24
      24
      21
      25
      25
      18
      29
      23
      23
      24
      28
      23
      21
      26
      20
      23
      19
      28
      20
      21
      13
      18
      22
      25
      14
      16
      17
      13
      25
      15
      20
      25
      25
      21
      25
      43
      16
      20
      25
      16
      18
      20
      21
      15
      16
      13
      20
      19
      22
      28
      19
      21
      20
      13
      14
      30
      24
      23
      19
      27
      20
      22
      20
      16
      28
      33
      19
      24
      32
      53
      55
      56
      30
      21
      19
      23
      18
      26
      21
      19
      15
      13
      19
      12
      15
      30
      28
      20
      13
      18
      20
      28
      19
      23
      18
      21
      18
      25
      19
       0
       0
       0
       0
       0
       0
       0
       0
       0
       0
       0
       0
       0
       0
       0
       0
       0
       0
       0
       0
       0
       0
       0
       0
       0
       0
       0
       0
       0
       0
       0
       0
$ROI:
0
$PRESETS:
None
0
0
$ENER_FIT:
0.000000 0.731044
$MCA_CAL:
3
0.000000E+000 7.310444E-001 0.000000E+000 keV
$SHAPE_CAL:
3
0.000000E+000 0.000000E+000 0.000000E+000
