$SPEC_ID:
No sample description was entered.
$SPEC_REM:
DET# 4
DETDESC# JLAB-20 MCB 131
AP# Maestro Version 7.01
$DATE_MEA:
10/07/2025 09:50:02
$MEAS_TIM:
579 599
$DATA:
0 2047
       0
       0
       0
       0
       0
       0
       0
       0
       0
       0
       0
       0
       0
       0
       0
       0
       0
       0
       0
       0
       0
       0
       0
       0
       0
       0
       0
       0
       0
       0
       0
       0
       0
       0
       0
       0
       0
       0
       0
       0
       0
       0
       0
       0
       0
       0
       0
       0
       0
       0
       0
       0
       0
       0
       0
       0
       0
       0
       0
       0
       0
       0
       0
       0
       0
       0
       0
       0
       0
      33
    1319
    1397
    1381
    1425
    1376
    1335
    1413
    1353
    1435
    1384
    1418
    1403
    1315
    1394
    1346
    1377
    1352
    1321
    1301
    1357
    1388
    1304
    1328
    1348
    1347
    1335
    1323
    1353
    1395
    1433
    1384
    1570
    1518
    1297
    1372
    1318
    1422
    1300
    1344
    1266
    1365
    1252
    1334
    1349
    1312
    1394
    1397
    1334
    1378
    1325
    1366
    1284
    1374
    1277
    1407
    1246
    1325
    1335
    1308
    1317
    1337
    1283
    1375
    1305
    1293
    1350
    1352
    1336
    1303
    1342
    1265
    1408
    1361
    1368
    1303
    1368
    1386
    1265
    1286
    1337
    1256
    1241
    1325
    1307
    1314
    1313
    1326
    1328
    1410
    1310
    1246
    1313
    1305
    1359
    1386
    1324
    1301
    1264
    1324
    1284
    1294
    1297
    1304
    1392
    1320
    1339
    1331
    1311
    1325
    1309
    1262
    1295
    1310
    1324
    1217
    1287
    1298
    1397
    1329
    1291
    1288
    1364
    1349
    1348
    1302
    1333
    1299
    1304
    1216
    1271
    1339
    1298
    1290
    1328
    1278
    1315
    1260
    1247
    1282
    1349
    1315
    1316
    1235
    1233
    1275
    1252
    1270
    1221
    1257
    1216
    1226
    1187
    1286
    1332
    1265
    1273
    1200
    1288
    1270
    1186
    1220
    1251
    1250
    1238
    1152
    1220
    1200
    1250
    1138
    1201
    1200
    1182
    1178
    1163
    1177
    1226
    1165
    1202
    1221
    1182
    1184
    1182
    1150
    1164
    1204
    1172
    1207
    1136
    1153
    1149
    1238
    1215
    1138
    1150
    1228
    1144
    1189
    1157
    1203
    1178
    1166
    1173
    1139
    1190
    1200
    1173
    1167
    1259
    1202
    1172
    1219
    1215
    1248
    1302
    1291
    1289
    1366
    1401
    1333
    1483
    1444
    1428
    1456
    1445
    1510
    1516
    1460
    1503
    1545
    1451
    1484
    1591
    1444
    1487
    1489
    1475
    1449
    1412
    1407
    1390
    1361
    1386
    1452
    1361
    1369
    1346
    1363
    1376
    1409
    1324
    1298
    1294
    1393
    1358
    1403
    1366
    1301
    1302
    1277
    1249
    1249
    1247
    1291
    1269
    1291
    1293
    1272
    1323
    1278
    1229
    1270
    1240
    1257
    1229
    1249
    1146
    1172
    1249
    1174
    1184
    1197
    1172
    1171
    1215
    1217
    1166
    1142
    1163
    1241
    1171
    1170
    1166
    1173
    1130
    1164
    1137
    1147
    1113
    1116
    1125
    1158
    1103
    1089
    1203
    1135
    1138
    1115
    1077
    1054
    1075
    1094
    1120
    1127
    1101
    1060
    1089
    1099
    1083
    1115
    1067
    1016
    1008
    1000
    1082
    1057
    1052
    1056
    1077
    1086
    1018
     990
    1038
    1060
    1014
    1060
    1043
     980
    1021
     939
    1013
    1032
    1022
    1060
     981
    1023
     976
     978
     960
    1057
     973
     959
     997
    1266
    1224
     963
     990
     990
     952
     996
     951
     953
     996
     906
     966
     925
     961
     933
     911
     950
     907
    1014
     939
     886
     947
     948
     918
     927
     882
     952
     946
     911
     954
     889
     888
     922
     909
     925
     895
     954
     903
     933
     898
     943
     948
     892
     873
     921
     893
     922
     858
     890
     855
     874
     907
     865
     871
     883
     901
     858
     930
     904
     873
     863
     862
     879
     875
     855
     833
     822
     863
     904
     852
     911
     821
     854
     865
     830
     847
     840
     883
     775
     809
     806
     867
     850
     869
     865
     790
     812
     896
     841
     817
     844
     822
     813
     873
     811
     842
     865
     789
     846
     877
     828
     828
     798
     793
     824
     802
     806
     869
     807
     822
     794
     824
     837
     837
     801
     833
     871
     861
     868
     798
     779
     798
     813
     763
     752
     810
     855
     804
     781
     782
     722
     801
     792
     800
     813
     777
     762
     794
     764
     843
     768
     829
     737
     728
     742
     767
     734
     788
     760
     837
     784
     841
     825
     784
     822
     787
     757
     736
     763
     794
     752
     815
     781
     806
     761
     750
     775
     698
     775
     746
     787
     769
     790
     759
     776
     767
     776
     809
     817
     781
     769
     763
     759
     730
     717
     753
     746
     737
     814
     758
     740
     805
     765
     747
     753
     725
     764
     746
     766
     797
     754
     728
     767
     740
     772
     785
     744
     713
     746
     803
     774
     770
     818
     772
     749
     706
     759
     752
     751
     784
     751
     731
     733
     743
     747
     752
     736
     720
     764
     773
     751
     794
     738
     791
     712
     749
     785
     746
     787
     777
     761
     754
     743
     725
     758
     796
     725
     715
     726
     781
     719
     730
     727
     709
     763
     744
     713
     774
     728
     721
     729
     740
     794
     763
     749
     785
     750
     774
     726
     739
     754
     767
     767
     793
     746
     753
     731
     721
     758
     740
     723
     733
     806
     747
     776
     695
     710
     767
     712
     718
     687
     738
     697
     766
     690
     731
     776
     705
     735
     680
     762
     758
     718
     706
     747
     766
     690
     779
     726
     718
     715
     713
     737
     735
     685
     765
     766
     729
     763
     808
     748
     755
     746
     732
     719
     700
     733
     727
     676
     767
     743
     736
     772
     747
     756
     724
     777
     692
     777
     765
     727
     736
     759
     788
     663
     683
     696
     716
     746
     709
     701
     723
     750
     752
     749
     767
     725
     772
     694
     705
     743
     734
     717
     691
     720
     796
     771
     740
     700
     731
     739
     705
     688
     673
     748
     670
     692
     685
     716
     726
     698
     717
     686
     731
     748
     744
     740
     717
     728
     714
     707
     699
     769
     697
     782
     691
     736
     701
     695
     756
     759
     722
     724
     738
     712
     705
     784
     796
     757
     724
     763
     706
     771
     710
     675
     712
     731
     714
     698
     692
     732
     711
     708
     740
     775
     704
     751
     654
     743
     724
     741
     745
     708
     760
     729
     702
     734
     738
     746
     704
     701
     718
     715
     711
     754
     772
     720
     695
     739
     732
     758
     738
     742
     757
     714
     727
     716
     726
     777
     738
     761
     719
     687
     686
     705
     739
     744
     728
     707
     742
     738
     703
     769
     787
     722
     735
     756
     724
     722
     753
     720
     758
     727
     749
     759
     714
     741
     746
     729
     733
     772
     717
     732
     780
     715
     747
     739
     740
     764
     725
     766
     783
     708
     726
     789
     772
     756
     734
     758
     751
     770
     764
     761
     731
     735
     745
     789
     756
     753
     657
     765
     743
     735
     730
     723
     733
     776
     753
     738
     791
     764
     728
     774
     799
     746
     754
     744
     766
     767
     750
     758
     776
     729
     780
     758
     738
     791
     770
     722
     759
     707
     758
     766
     768
     696
     740
     730
     762
     771
     720
     773
     758
     732
     722
     745
     751
     754
     785
     773
     686
     737
     719
     744
     771
     750
     718
     753
     795
     813
     818
     792
     799
     769
     760
     729
     774
     768
     781
     805
     780
     774
     738
     776
     784
     750
     740
     806
     801
     832
     826
     741
     794
     707
     762
     805
     779
     779
     795
     757
     797
     775
     795
     796
     765
     840
     773
     770
     753
     811
     810
     759
     819
     764
     792
     843
     791
     802
     846
     774
     828
     800
     775
     776
     815
     828
     795
     772
     787
     823
     794
     825
     808
     788
     817
     818
     793
     804
     775
     805
     811
     795
     809
     788
     812
     821
     793
     863
     821
     843
     777
     845
     841
     826
     800
     821
     767
     834
     765
     844
     801
     817
     826
     861
     885
     815
     826
     824
     846
     870
     811
     859
     850
     828
     794
     833
     825
     803
     864
     806
     835
     818
     898
     806
     861
     909
     928
     905
     934
     865
     858
     855
     812
     842
     829
     893
     893
     858
     878
     903
     869
     889
     870
     852
     893
     875
     837
     893
     837
     854
     854
     860
     868
     933
     925
     871
     897
     876
     868
     924
     908
     851
     912
     859
     877
     856
     872
     935
     888
     917
     931
     932
     930
     898
     892
     963
     901
     952
     933
     915
     924
     946
     951
     916
     989
     897
     976
     910
     962
     943
     916
     963
     904
     994
     925
     959
     932
     952
     984
     879
     893
     939
    1004
     930
     973
    1033
     924
    1005
    1009
     914
     985
    1013
    1020
     985
    1032
    1020
     984
    1058
     995
     985
    1039
    1053
    1035
    1083
    1026
    1003
    1022
    1121
    1071
    1057
    1119
    1060
    1080
    1056
    1062
    1130
    1080
    1069
    1107
    1105
    1139
    1099
    1083
    1101
    1164
    1082
    1066
    1177
    1157
    1106
    1122
    1036
    1138
    1199
    1143
    1165
    1094
    1166
    1192
    1111
    1178
    1289
    1220
    1250
    1243
    1180
    1212
    1253
    1258
    1203
    1228
    1284
    1265
    1261
    1296
    1289
    1221
    1304
    1271
    1270
    1242
    1285
    1271
    1283
    1297
    1380
    1356
    1358
    1315
    1324
    1361
    1392
    1404
    1419
    1332
    1350
    1396
    1380
    1378
    1423
    1368
    1335
    1350
    1376
    1336
    1394
    1327
    1309
    1370
    1434
    1355
    1389
    1301
    1385
    1252
    1337
    1321
    1251
    1264
    1147
    1149
    1048
    1118
    1065
    1039
    1003
    1073
     984
     967
     950
     991
     944
     956
     938
     869
     951
     894
     894
     908
     894
     953
     878
     907
     899
     922
     902
     941
     889
     876
     882
     847
     880
     865
     910
     876
     887
     857
     848
     885
     886
     826
     871
     857
     810
     856
     794
     847
     867
     821
     818
     863
     876
     837
     807
     830
     831
     829
     855
     788
     829
     785
     857
     807
     794
     792
     807
     831
     822
     839
     818
     809
     816
     845
     807
     793
     833
     802
     820
     773
     888
     827
     802
     805
     790
     877
     798
     779
     842
     798
     823
     788
     823
     831
     826
     809
     708
     803
     814
     809
     797
     811
     831
     834
     810
     797
     784
     828
     722
     799
     778
     774
     795
     753
     727
     826
     814
     795
     785
     775
     745
     755
     801
     726
     772
     784
     762
     820
     747
     786
     816
     787
     781
     772
     682
     777
     804
     771
     801
     799
     761
     820
     789
     779
     816
     779
     785
     779
     834
     787
     805
     859
     789
     807
     871
     811
     841
     820
     786
     874
     815
     800
     809
     873
     856
     799
     854
     806
     787
     858
     745
     816
     836
     825
     841
     853
     885
     818
     952
     877
     893
     875
     872
     902
     919
     873
     888
     898
     915
     918
     873
     862
     880
     886
     961
     923
     913
     928
     897
     874
     888
     886
     914
     897
     884
     865
     813
     859
     774
     806
     810
     747
     692
     673
     576
     601
     544
     560
     574
     532
     530
     509
     513
     470
     489
     495
     478
     482
     500
     444
     480
     423
     458
     427
     456
     449
     427
     459
     457
     448
     449
     427
     400
     431
     420
     407
     383
     419
     402
     429
     406
     436
     438
     396
     414
     368
     401
     381
     385
     388
     406
     419
     426
     407
     394
     417
     369
     422
     370
     394
     434
     420
     412
     467
     485
     566
     633
     699
     773
     829
     950
    1057
    1346
    2298
    6288
   18636
   29421
   20641
    6967
    1457
     462
     326
     317
     308
     314
     322
     305
     274
     279
     293
     264
     262
     257
     259
     268
     223
     270
     249
     250
     240
     251
     234
     205
     250
     251
     242
     222
     214
     196
     231
     229
     219
     222
     194
     195
     189
     193
     181
     180
     193
     171
     181
     164
     168
     161
     163
     174
     173
     162
     152
     180
     156
     168
     168
     143
     150
     137
     150
     136
     147
     137
     113
     126
     129
     111
     117
     119
     110
     116
      98
      87
     105
     103
     103
     116
     102
     109
     102
      99
      96
     106
     102
      85
      80
     101
      84
      92
      90
      87
      72
      74
      85
      89
      89
      91
      71
      90
      89
      64
      77
      70
      84
      79
      67
      59
      69
      73
      64
      72
      71
      60
      61
      60
      64
      76
      67
      61
      71
      74
      73
      74
      77
      54
      63
      67
      62
      61
      49
      63
      61
      54
      63
      58
      62
      56
      54
      66
      56
      73
      69
      53
      59
      62
      54
      65
      70
      71
      72
      64
      50
      51
      64
      57
      53
      43
      62
      55
      56
      63
      76
      59
      47
      58
      57
      54
      53
      62
      56
      56
      43
      45
      59
      43
      63
      55
      55
      56
      47
      62
      60
      51
      64
      68
      58
      49
      53
      54
      57
      57
      65
      51
      62
      57
      53
      64
      68
      75
      87
     104
     119
     156
     225
     299
     292
     387
     435
     537
     625
     829
    1246
    2893
    9144
   20224
   23291
   12729
    3549
     619
     100
      34
      39
      29
      28
      18
      30
      34
      28
      33
      29
      31
      27
      29
      25
      38
      24
      31
      31
      35
      29
      30
      23
      22
      23
      19
      24
      22
      27
      22
      25
      21
      28
      24
      21
      21
      21
      14
      19
      29
      20
      22
      11
      28
      25
      27
      33
      23
      14
      21
      24
      19
      26
      30
      36
      24
      22
      25
      28
      26
      26
      16
      21
      23
      25
      22
      21
      27
      20
      26
      18
      16
      17
      28
      31
      25
      31
      22
      22
      17
      26
      29
      26
      19
      22
      21
      21
      29
      29
      19
      23
      20
      22
      18
      19
      20
      24
      17
      22
      32
      23
      24
      22
      18
      20
      20
      16
      26
      28
      27
      29
      19
      25
      16
      18
      32
      20
      17
      27
      21
      19
      21
      16
      18
      29
      27
      17
      15
      21
      22
      21
      16
      26
      15
      16
      22
      21
      24
      20
      17
      14
      21
      21
      20
      25
      22
      24
      22
      24
      20
      18
      19
      18
      30
      21
      15
      23
      20
      23
      21
      18
      26
      17
      21
      21
      25
      24
      29
      43
      58
      74
      71
      49
      27
      12
      21
      14
      21
      17
      19
      14
      23
      17
      19
      17
      16
      29
      13
      15
       7
      19
      12
      16
      27
      14
      22
      16
      20
      13
       0
       0
       0
       0
       0
       0
       0
       0
       0
       0
       0
       0
       0
       0
       0
       0
       0
       0
       0
       0
       0
       0
       0
       0
       0
       0
       0
       0
       0
       0
       0
       0
$ROI:
0
$PRESETS:
None
0
0
$ENER_FIT:
0.000000 0.731044
$MCA_CAL:
3
0.000000E+000 7.310444E-001 0.000000E+000 keV
$SHAPE_CAL:
3
0.000000E+000 0.000000E+000 0.000000E+000
