$SPEC_ID:
No sample description was entered.
$SPEC_REM:
DET# 4
DETDESC# JLAB-20 MCB 131
AP# Maestro Version 7.01
$DATE_MEA:
10/08/2025 04:20:02
$MEAS_TIM:
579 599
$DATA:
0 2047
       0
       0
       0
       0
       0
       0
       0
       0
       0
       0
       0
       0
       0
       0
       0
       0
       0
       0
       0
       0
       0
       0
       0
       0
       0
       0
       0
       0
       0
       0
       0
       0
       0
       0
       0
       0
       0
       0
       0
       0
       0
       0
       0
       0
       0
       0
       0
       0
       0
       0
       0
       0
       0
       0
       0
       0
       0
       0
       0
       0
       0
       0
       0
       0
       0
       0
       0
       0
       0
      30
    1387
    1350
    1427
    1460
    1332
    1372
    1403
    1385
    1325
    1411
    1370
    1429
    1324
    1324
    1329
    1410
    1437
    1376
    1307
    1367
    1324
    1384
    1398
    1322
    1309
    1302
    1310
    1382
    1437
    1469
    1397
    1495
    1515
    1296
    1447
    1371
    1356
    1273
    1292
    1425
    1353
    1318
    1303
    1345
    1335
    1374
    1390
    1380
    1355
    1397
    1331
    1415
    1364
    1368
    1330
    1292
    1358
    1362
    1340
    1255
    1318
    1362
    1307
    1340
    1307
    1292
    1348
    1263
    1339
    1307
    1314
    1266
    1280
    1266
    1312
    1306
    1282
    1302
    1352
    1325
    1324
    1321
    1316
    1324
    1347
    1307
    1289
    1359
    1309
    1354
    1248
    1249
    1351
    1296
    1376
    1342
    1323
    1344
    1300
    1332
    1346
    1359
    1291
    1308
    1317
    1346
    1329
    1319
    1281
    1252
    1351
    1364
    1316
    1335
    1341
    1301
    1363
    1354
    1331
    1326
    1305
    1363
    1294
    1338
    1288
    1371
    1300
    1272
    1277
    1244
    1244
    1306
    1300
    1300
    1269
    1368
    1291
    1249
    1263
    1318
    1313
    1267
    1266
    1312
    1303
    1206
    1245
    1212
    1314
    1290
    1265
    1206
    1238
    1267
    1253
    1290
    1298
    1266
    1213
    1303
    1244
    1252
    1271
    1287
    1259
    1166
    1159
    1265
    1220
    1212
    1138
    1212
    1150
    1219
    1189
    1142
    1211
    1173
    1224
    1216
    1175
    1118
    1236
    1151
    1174
    1211
    1152
    1229
    1215
    1209
    1213
    1193
    1205
    1195
    1169
    1159
    1188
    1198
    1163
    1150
    1236
    1208
    1135
    1202
    1181
    1225
    1231
    1257
    1206
    1271
    1185
    1186
    1263
    1273
    1366
    1331
    1349
    1342
    1456
    1422
    1405
    1436
    1507
    1458
    1496
    1442
    1497
    1538
    1539
    1497
    1497
    1511
    1486
    1557
    1492
    1487
    1457
    1470
    1434
    1430
    1397
    1429
    1396
    1456
    1347
    1326
    1370
    1329
    1393
    1425
    1399
    1393
    1269
    1335
    1333
    1326
    1274
    1311
    1340
    1310
    1366
    1298
    1280
    1345
    1237
    1256
    1267
    1239
    1287
    1308
    1288
    1203
    1169
    1236
    1238
    1196
    1157
    1178
    1235
    1213
    1215
    1196
    1204
    1216
    1191
    1200
    1288
    1207
    1191
    1096
    1149
    1145
    1118
    1137
    1124
    1138
    1139
    1126
    1121
    1094
    1100
    1108
    1141
    1105
    1102
    1161
    1090
    1075
    1031
    1065
    1073
    1029
    1100
    1080
    1170
    1128
    1088
    1121
    1022
    1071
    1098
    1089
    1075
    1000
    1079
    1066
     985
    1052
    1054
    1014
    1018
    1068
    1029
     995
    1046
     987
     979
     998
    1014
     944
     987
     952
     994
     971
    1000
     997
     957
    1014
     961
     982
     966
     989
    1198
    1248
    1032
    1031
     945
     939
     929
     926
     962
     915
     970
     902
     913
     949
     933
     936
     902
     962
     970
     940
     958
     963
     949
     979
     906
     961
     915
     913
     925
     852
     901
     876
     883
     942
     863
     924
     908
     901
     939
     877
     896
     939
     899
     887
     885
     887
     915
     881
     897
     888
     902
     874
     894
     853
     825
     840
     838
     879
     897
     874
     939
     877
     902
     849
     889
     944
     894
     803
     874
     843
     895
     901
     877
     850
     813
     843
     864
     884
     835
     824
     852
     873
     843
     818
     823
     851
     857
     839
     883
     838
     868
     868
     769
     825
     817
     837
     832
     821
     804
     811
     780
     785
     816
     790
     804
     834
     726
     854
     821
     782
     805
     792
     810
     810
     790
     805
     792
     812
     765
     837
     804
     790
     830
     758
     802
     801
     826
     762
     821
     836
     839
     750
     781
     825
     777
     810
     834
     767
     816
     798
     802
     768
     778
     778
     790
     766
     796
     798
     806
     774
     760
     748
     771
     760
     833
     753
     773
     750
     733
     800
     735
     789
     771
     758
     819
     764
     746
     770
     774
     831
     773
     754
     723
     763
     778
     805
     766
     794
     801
     787
     796
     718
     802
     752
     732
     745
     765
     804
     786
     742
     771
     759
     749
     818
     771
     736
     801
     771
     790
     796
     732
     756
     745
     761
     800
     737
     748
     749
     766
     754
     785
     780
     738
     760
     818
     743
     738
     722
     734
     760
     755
     718
     787
     760
     779
     735
     764
     757
     770
     747
     718
     758
     730
     768
     729
     740
     741
     679
     745
     732
     769
     698
     703
     757
     764
     769
     759
     719
     732
     703
     753
     720
     697
     724
     691
     696
     749
     718
     726
     704
     705
     746
     728
     727
     769
     739
     777
     690
     755
     730
     738
     746
     777
     775
     807
     722
     762
     699
     729
     781
     716
     755
     746
     725
     782
     686
     795
     726
     752
     736
     728
     699
     743
     724
     725
     758
     746
     736
     749
     738
     764
     747
     749
     737
     728
     704
     724
     684
     680
     777
     718
     748
     739
     734
     746
     710
     765
     726
     689
     715
     692
     696
     809
     743
     711
     688
     796
     792
     717
     698
     754
     721
     747
     755
     763
     775
     761
     748
     731
     732
     703
     785
     750
     698
     656
     822
     711
     771
     734
     761
     730
     674
     704
     692
     737
     741
     721
     684
     704
     735
     698
     718
     733
     721
     747
     767
     719
     689
     737
     714
     732
     708
     705
     784
     707
     719
     752
     743
     751
     722
     752
     735
     711
     740
     704
     732
     747
     714
     762
     743
     777
     738
     665
     689
     673
     755
     690
     684
     723
     745
     661
     727
     727
     711
     701
     725
     734
     765
     761
     776
     739
     741
     747
     685
     718
     698
     717
     711
     707
     707
     749
     755
     747
     767
     757
     760
     719
     802
     684
     706
     747
     725
     717
     707
     766
     682
     774
     698
     742
     708
     696
     777
     715
     744
     737
     702
     725
     751
     802
     779
     714
     724
     701
     725
     666
     744
     749
     707
     771
     681
     698
     750
     727
     741
     717
     709
     703
     717
     746
     735
     772
     763
     861
     696
     725
     794
     723
     740
     763
     733
     717
     730
     756
     758
     735
     756
     724
     755
     720
     770
     748
     699
     734
     714
     740
     741
     721
     721
     702
     775
     740
     783
     732
     741
     748
     715
     738
     747
     735
     772
     757
     758
     716
     754
     774
     741
     751
     756
     723
     743
     780
     738
     755
     702
     723
     749
     761
     729
     742
     686
     704
     750
     744
     757
     761
     804
     777
     726
     747
     725
     730
     766
     694
     766
     747
     720
     735
     743
     782
     760
     746
     754
     761
     812
     746
     791
     760
     788
     756
     788
     769
     801
     763
     780
     776
     802
     742
     745
     760
     702
     745
     720
     775
     775
     754
     749
     751
     751
     745
     758
     758
     740
     730
     818
     746
     802
     738
     820
     771
     738
     791
     761
     806
     782
     781
     777
     775
     795
     817
     738
     745
     761
     765
     753
     751
     795
     748
     749
     766
     766
     772
     785
     771
     778
     798
     779
     778
     759
     790
     785
     784
     763
     767
     808
     761
     802
     808
     781
     812
     805
     798
     827
     805
     820
     807
     713
     819
     810
     781
     757
     780
     756
     808
     793
     809
     765
     733
     805
     821
     816
     855
     801
     825
     786
     774
     832
     792
     779
     789
     737
     810
     810
     807
     800
     884
     746
     807
     818
     772
     874
     886
     833
     840
     849
     771
     818
     844
     837
     840
     819
     817
     849
     800
     884
     884
     868
     816
     849
     822
     882
     833
     872
     835
     906
     902
     939
     879
     859
     827
     864
     817
     946
     831
     898
     884
     861
     835
     810
     825
     839
     868
     851
     852
     895
     857
     906
     880
     866
     856
     868
     864
     882
     920
     859
     881
     863
     907
     924
     880
     920
     894
     868
     915
     936
     911
     878
     886
     838
     867
     898
     885
     871
     888
     926
     885
     923
     923
     897
     898
     894
     896
     922
     950
     932
     900
     913
     925
     969
     955
     990
     966
     979
     931
     963
     996
     989
     971
     967
     964
    1021
     951
    1004
     951
     979
     947
     917
    1002
     992
     972
     990
     967
    1009
     998
    1069
    1027
     981
    1015
    1038
    1034
    1041
    1079
    1021
     966
    1033
     982
    1031
    1039
    1075
     996
    1037
    1098
    1006
    1123
    1097
    1027
     995
    1089
    1056
    1072
    1071
    1092
    1096
    1076
    1108
    1073
    1079
    1121
    1135
    1157
    1157
    1123
    1134
    1147
    1188
    1071
    1232
    1144
    1206
    1195
    1115
    1174
    1252
    1200
    1148
    1221
    1204
    1262
    1207
    1164
    1149
    1225
    1251
    1258
    1285
    1366
    1230
    1216
    1315
    1241
    1205
    1326
    1260
    1296
    1259
    1328
    1280
    1340
    1289
    1330
    1342
    1315
    1369
    1434
    1313
    1275
    1316
    1399
    1369
    1313
    1393
    1329
    1388
    1339
    1382
    1385
    1470
    1331
    1370
    1333
    1354
    1376
    1367
    1386
    1404
    1365
    1292
    1341
    1247
    1237
    1172
    1127
     997
    1056
    1017
     976
     999
    1012
     951
     945
     909
     941
     927
     943
     924
     881
     872
     864
     885
     906
     882
     901
     874
     895
     922
     855
     887
     882
     910
     918
     900
     847
     866
     909
     839
     876
     893
     868
     851
     861
     870
     851
     871
     839
     862
     880
     867
     852
     833
     875
     843
     903
     866
     817
     836
     839
     856
     813
     886
     839
     828
     835
     821
     817
     803
     876
     826
     844
     825
     820
     813
     833
     840
     772
     776
     857
     793
     814
     786
     796
     843
     818
     762
     874
     822
     778
     810
     812
     793
     816
     826
     810
     801
     747
     791
     760
     785
     762
     785
     773
     775
     788
     784
     760
     768
     749
     772
     744
     779
     731
     811
     791
     777
     817
     751
     749
     757
     756
     811
     814
     777
     751
     684
     810
     780
     774
     713
     760
     755
     764
     739
     758
     737
     824
     790
     756
     761
     847
     755
     728
     783
     773
     792
     793
     843
     771
     814
     809
     759
     813
     758
     891
     792
     813
     758
     837
     807
     760
     843
     820
     810
     868
     847
     812
     810
     814
     855
     835
     875
     804
     860
     878
     804
     873
     831
     887
     911
     917
     895
     864
     898
     886
     825
     840
     914
     930
     871
     891
     865
     878
     878
     883
     927
     937
     888
     876
     932
     922
     948
     879
     882
     919
     929
     873
     886
     810
     835
     814
     797
     773
     774
     691
     686
     592
     638
     626
     581
     568
     545
     577
     515
     544
     479
     452
     481
     459
     506
     480
     513
     451
     488
     464
     500
     478
     449
     468
     459
     440
     436
     423
     473
     429
     442
     413
     429
     406
     392
     413
     398
     436
     394
     398
     431
     417
     410
     365
     369
     382
     422
     413
     398
     400
     380
     395
     416
     380
     409
     379
     408
     393
     431
     416
     465
     534
     582
     642
     754
     828
     830
     937
    1120
    1458
    2422
    6850
   19388
   29028
   19691
    6373
    1359
     417
     317
     309
     313
     264
     261
     221
     297
     277
     282
     250
     281
     254
     248
     220
     251
     243
     251
     262
     249
     216
     264
     239
     228
     246
     214
     228
     216
     231
     217
     198
     237
     210
     206
     195
     207
     199
     212
     190
     177
     196
     176
     194
     190
     144
     184
     169
     177
     179
     177
     156
     150
     125
     157
     168
     144
     134
     131
     137
     137
     125
     119
     133
     130
     125
     138
     133
     109
      96
     116
     110
     111
     106
     115
      99
     110
     109
     100
      96
     111
     102
      99
      93
     115
      75
      87
      98
     105
      93
      88
      87
      91
      79
      81
      76
      75
      82
      85
      74
      81
      89
      72
      60
      69
      86
      80
      86
      73
      77
      76
      71
      62
      65
      72
      73
      76
      67
      56
      59
      73
      62
      63
      76
      44
      87
      57
      73
      57
      69
      64
      75
      68
      61
      74
      53
      60
      74
      57
      61
      58
      66
      58
      52
      72
      63
      58
      57
      68
      48
      53
      70
      67
      64
      63
      45
      56
      57
      63
      59
      57
      53
      69
      49
      75
      66
      64
      50
      47
      50
      53
      68
      50
      57
      63
      70
      46
      53
      48
      42
      47
      57
      50
      54
      57
      59
      51
      42
      60
      60
      62
      64
      67
      70
      54
      56
      76
      66
      82
      96
     133
     155
     221
     301
     365
     404
     495
     535
     624
     820
    1303
    3214
    9697
   21214
   22480
   11719
    3237
     587
      77
      42
      31
      21
      26
      25
      29
      30
      24
      32
      31
      27
      36
      32
      23
      32
      35
      29
      26
      28
      19
      24
      29
      17
      25
      21
      22
      27
      30
      32
      14
      21
      25
      27
      17
      26
      28
      12
      31
      23
      26
      32
      28
      30
      34
      18
      18
      18
      23
      28
      32
      26
      35
      20
      16
      22
      31
      23
      22
      23
      20
      19
      21
      27
      19
      23
      27
      30
      28
      27
      16
      25
      29
      21
      24
      22
      24
      20
      26
      29
      24
      19
      26
      24
      29
      18
      27
      21
      30
      14
      18
      25
      25
      17
      34
      20
      26
      23
      16
      30
      24
      19
      19
      21
      18
      22
      26
      12
      24
      18
      16
      21
      18
      27
      19
      23
      27
      19
      28
      21
      24
      19
      19
      19
      16
      20
      22
      24
      23
      21
      18
      11
      29
      21
      18
      16
      27
      18
      20
      20
      25
      19
      19
      22
      25
      24
      34
      24
      19
      19
      20
      21
      22
      22
      24
      15
      20
      21
      20
      24
      25
      25
      17
      20
      17
      30
      25
      34
      26
      57
      73
      58
      34
      25
      21
      20
      23
      18
      15
      22
      22
      22
      28
      21
      23
      20
      16
      19
      21
      11
      17
      19
      22
      14
      16
      19
      15
      18
      26
       0
       0
       0
       0
       0
       0
       0
       0
       0
       0
       0
       0
       0
       0
       0
       0
       0
       0
       0
       0
       0
       0
       0
       0
       0
       0
       0
       0
       0
       0
       0
       0
$ROI:
0
$PRESETS:
None
0
0
$ENER_FIT:
0.000000 0.731044
$MCA_CAL:
3
0.000000E+000 7.310444E-001 0.000000E+000 keV
$SHAPE_CAL:
3
0.000000E+000 0.000000E+000 0.000000E+000
