$SPEC_ID:
No sample description was entered.
$SPEC_REM:
DET# 4
DETDESC# JLAB-20 MCB 131
AP# Maestro Version 7.01
$DATE_MEA:
10/06/2025 12:10:02
$MEAS_TIM:
579 599
$DATA:
0 2047
       0
       0
       0
       0
       0
       0
       0
       0
       0
       0
       0
       0
       0
       0
       0
       0
       0
       0
       0
       0
       0
       0
       0
       0
       0
       0
       0
       0
       0
       0
       0
       0
       0
       0
       0
       0
       0
       0
       0
       0
       0
       0
       0
       0
       0
       0
       0
       0
       0
       0
       0
       0
       0
       0
       0
       0
       0
       0
       0
       0
       0
       0
       0
       0
       0
       0
       0
       0
       0
      44
    1298
    1400
    1375
    1359
    1388
    1412
    1357
    1408
    1371
    1403
    1371
    1421
    1377
    1364
    1440
    1333
    1324
    1357
    1317
    1324
    1381
    1321
    1376
    1395
    1324
    1317
    1264
    1330
    1488
    1430
    1330
    1550
    1661
    1389
    1420
    1386
    1322
    1295
    1385
    1326
    1308
    1356
    1341
    1316
    1436
    1458
    1369
    1370
    1380
    1314
    1291
    1380
    1375
    1407
    1318
    1370
    1365
    1313
    1309
    1382
    1318
    1349
    1300
    1304
    1303
    1338
    1307
    1323
    1320
    1283
    1339
    1361
    1360
    1329
    1318
    1342
    1299
    1328
    1242
    1322
    1321
    1324
    1276
    1290
    1277
    1351
    1301
    1303
    1323
    1302
    1245
    1269
    1335
    1294
    1278
    1280
    1297
    1294
    1261
    1361
    1335
    1342
    1317
    1323
    1320
    1264
    1301
    1269
    1347
    1310
    1324
    1284
    1309
    1347
    1323
    1352
    1314
    1298
    1333
    1316
    1302
    1328
    1313
    1285
    1330
    1298
    1309
    1255
    1223
    1296
    1289
    1300
    1295
    1323
    1333
    1321
    1331
    1276
    1236
    1318
    1286
    1292
    1231
    1354
    1275
    1278
    1293
    1214
    1293
    1207
    1223
    1256
    1293
    1230
    1192
    1252
    1176
    1170
    1254
    1289
    1229
    1190
    1198
    1269
    1219
    1243
    1208
    1219
    1214
    1247
    1206
    1193
    1189
    1319
    1235
    1234
    1213
    1183
    1216
    1179
    1210
    1126
    1204
    1257
    1227
    1233
    1260
    1209
    1190
    1184
    1165
    1173
    1232
    1196
    1239
    1213
    1232
    1111
    1226
    1182
    1170
    1175
    1220
    1198
    1172
    1191
    1228
    1231
    1163
    1201
    1254
    1288
    1244
    1253
    1358
    1382
    1417
    1319
    1364
    1438
    1456
    1433
    1522
    1499
    1462
    1551
    1536
    1480
    1478
    1472
    1436
    1444
    1496
    1425
    1490
    1433
    1456
    1350
    1447
    1348
    1371
    1375
    1371
    1417
    1410
    1374
    1383
    1371
    1283
    1317
    1275
    1331
    1270
    1329
    1336
    1336
    1305
    1299
    1263
    1324
    1326
    1325
    1212
    1301
    1316
    1212
    1267
    1284
    1231
    1295
    1188
    1203
    1243
    1222
    1204
    1207
    1202
    1233
    1206
    1251
    1270
    1201
    1178
    1188
    1166
    1150
    1215
    1140
    1216
    1166
    1139
    1155
    1166
    1139
    1144
    1133
    1113
    1159
    1127
    1107
    1111
    1154
    1079
    1093
    1127
    1107
    1102
    1113
    1069
    1094
    1102
    1095
    1092
    1043
    1107
    1062
    1074
    1061
    1065
    1033
    1100
    1079
     998
    1089
     992
    1068
    1013
    1052
     935
    1049
    1031
    1046
     984
    1000
    1040
    1031
    1031
     997
    1003
    1021
    1023
     960
     978
     983
    1004
     966
     948
    1026
     978
     972
     934
    1024
    1274
    1196
     983
     943
     974
     958
     947
     983
     953
     996
     973
    1011
     963
     971
     932
     961
     947
     921
     960
     893
     917
     920
     938
     906
     931
     960
     920
     900
     911
     942
     904
     832
     962
     901
     895
     904
     929
     933
     900
     927
     881
     902
     942
     848
     946
     919
     895
     876
     892
     895
     934
     877
     880
     905
     894
     894
     937
     990
     935
     923
     854
     907
     836
     897
     907
     872
     856
     828
     841
     828
     851
     807
     788
     838
     864
     854
     854
     883
     887
     830
     776
     828
     815
     827
     858
     834
     792
     811
     849
     837
     808
     843
     873
     794
     831
     819
     824
     835
     852
     842
     822
     824
     813
     865
     813
     816
     849
     805
     800
     807
     774
     806
     855
     848
     793
     815
     793
     806
     813
     881
     808
     864
     843
     833
     792
     783
     765
     795
     827
     806
     782
     825
     753
     809
     778
     827
     805
     830
     797
     811
     772
     855
     757
     800
     847
     756
     788
     751
     766
     775
     822
     792
     812
     772
     778
     819
     799
     733
     751
     779
     758
     777
     816
     810
     838
     801
     752
     761
     728
     748
     788
     788
     770
     706
     778
     771
     774
     764
     730
     732
     769
     727
     714
     728
     825
     777
     823
     804
     743
     768
     768
     755
     800
     767
     759
     735
     758
     784
     799
     759
     812
     739
     820
     777
     713
     742
     740
     779
     779
     766
     786
     750
     798
     770
     753
     758
     725
     726
     793
     782
     766
     778
     749
     755
     720
     801
     746
     710
     760
     688
     770
     737
     808
     716
     778
     772
     776
     766
     763
     760
     787
     745
     780
     729
     733
     753
     745
     729
     806
     722
     735
     737
     709
     733
     720
     702
     736
     794
     731
     734
     741
     745
     737
     710
     708
     739
     764
     728
     735
     723
     677
     776
     804
     763
     751
     744
     756
     742
     764
     739
     731
     727
     741
     752
     738
     715
     724
     775
     747
     808
     739
     702
     762
     719
     733
     732
     723
     791
     725
     751
     722
     746
     768
     732
     740
     742
     722
     736
     716
     706
     732
     724
     740
     721
     735
     770
     681
     726
     761
     696
     718
     724
     704
     748
     756
     665
     767
     731
     701
     752
     692
     725
     710
     756
     694
     750
     782
     779
     702
     730
     744
     774
     735
     745
     733
     702
     702
     746
     722
     745
     703
     699
     735
     786
     733
     700
     690
     699
     737
     733
     723
     759
     723
     727
     731
     732
     714
     690
     744
     733
     742
     731
     736
     694
     733
     769
     697
     709
     715
     704
     747
     766
     715
     675
     716
     728
     714
     751
     713
     704
     704
     747
     681
     747
     739
     721
     711
     717
     762
     718
     738
     746
     768
     709
     691
     780
     730
     743
     775
     751
     692
     728
     707
     772
     759
     730
     733
     760
     725
     717
     718
     779
     723
     746
     765
     735
     701
     697
     701
     732
     699
     705
     781
     762
     684
     729
     736
     734
     728
     747
     698
     725
     780
     750
     748
     791
     738
     773
     733
     700
     783
     800
     758
     765
     735
     702
     755
     697
     693
     670
     734
     744
     721
     739
     749
     733
     736
     711
     704
     687
     731
     745
     754
     698
     767
     754
     706
     734
     763
     749
     775
     714
     740
     748
     735
     748
     752
     688
     741
     700
     732
     754
     754
     762
     739
     743
     745
     778
     711
     784
     736
     728
     735
     737
     747
     761
     762
     691
     748
     733
     737
     775
     758
     748
     755
     755
     763
     778
     738
     775
     762
     760
     754
     728
     764
     687
     781
     757
     761
     786
     733
     753
     758
     746
     794
     745
     753
     741
     717
     806
     769
     799
     762
     776
     717
     726
     778
     749
     784
     735
     723
     745
     759
     783
     761
     761
     780
     754
     796
     844
     736
     735
     778
     753
     738
     811
     725
     772
     765
     749
     785
     804
     756
     796
     804
     739
     753
     752
     767
     779
     773
     721
     792
     786
     756
     800
     777
     748
     755
     792
     794
     744
     795
     803
     769
     786
     793
     768
     747
     773
     791
     764
     786
     802
     729
     814
     774
     795
     753
     765
     826
     812
     746
     831
     807
     808
     755
     774
     790
     769
     766
     788
     750
     740
     827
     811
     814
     868
     786
     793
     805
     777
     821
     826
     729
     821
     811
     780
     786
     752
     824
     854
     795
     782
     796
     777
     825
     797
     780
     786
     810
     828
     843
     763
     864
     786
     818
     793
     808
     761
     851
     805
     843
     884
     791
     821
     855
     802
     779
     759
     869
     797
     825
     812
     827
     801
     808
     809
     852
     786
     834
     803
     839
     802
     810
     819
     882
     830
     834
     840
     793
     934
     795
     905
     903
     872
     951
     961
     860
     857
     838
     874
     913
     902
     867
     851
     858
     891
     869
     847
     847
     923
     878
     904
     867
     913
     905
     869
     877
     884
     906
     813
     952
     890
     923
     948
     885
     898
     903
     911
     912
     915
     912
     924
     897
     923
     857
     949
     905
     916
     927
     936
     891
     905
     922
     839
     902
     935
     925
     891
     945
     957
     903
     999
     920
     971
     946
     958
     969
     941
     911
     947
     950
     936
     996
     983
     945
     967
     973
     985
     975
    1009
    1011
     942
     967
     983
     972
    1042
     951
     968
     988
     990
    1011
     992
    1008
    1005
    1064
    1046
     984
     984
     992
    1061
    1080
    1035
    1096
    1055
    1067
    1060
    1053
    1046
    1078
    1023
    1093
    1106
    1070
    1087
    1095
    1136
    1121
    1101
    1085
    1103
    1132
    1058
    1075
    1146
    1085
    1240
    1093
    1116
    1147
    1168
    1157
    1219
    1183
    1168
    1163
    1205
    1172
    1247
    1200
    1153
    1253
    1211
    1188
    1157
    1236
    1242
    1271
    1206
    1304
    1183
    1232
    1308
    1307
    1272
    1268
    1231
    1267
    1260
    1252
    1277
    1274
    1328
    1264
    1338
    1338
    1323
    1344
    1261
    1357
    1327
    1421
    1307
    1343
    1438
    1310
    1319
    1381
    1334
    1439
    1433
    1359
    1365
    1373
    1350
    1431
    1410
    1357
    1407
    1380
    1335
    1392
    1305
    1399
    1341
    1312
    1268
    1209
    1195
    1157
    1052
    1063
    1044
    1001
    1034
     993
     961
     999
     911
     935
     957
     951
     936
     965
     927
     940
     903
     926
     883
     869
     944
     881
     827
     904
     869
     873
     835
     883
     886
     897
     933
     878
     880
     883
     894
     824
     882
     842
     904
     842
     865
     814
     896
     882
     843
     881
     886
     808
     846
     838
     836
     875
     800
     848
     840
     910
     864
     809
     832
     841
     800
     803
     868
     843
     846
     832
     848
     790
     825
     843
     832
     824
     805
     855
     781
     823
     876
     828
     789
     797
     832
     882
     779
     821
     821
     812
     771
     786
     857
     764
     803
     792
     782
     737
     815
     764
     754
     778
     778
     795
     784
     769
     823
     794
     749
     809
     816
     811
     764
     764
     800
     773
     747
     764
     719
     778
     771
     753
     770
     840
     776
     816
     784
     760
     753
     747
     748
     775
     791
     805
     752
     775
     766
     763
     770
     802
     805
     779
     713
     785
     747
     772
     790
     830
     754
     777
     790
     813
     781
     789
     854
     814
     768
     855
     801
     816
     810
     815
     806
     879
     833
     809
     869
     852
     791
     812
     846
     857
     916
     900
     842
     828
     847
     869
     823
     909
     891
     913
     849
     936
     896
     894
     866
     913
     905
     903
     906
     914
     929
     917
     913
     920
     894
     925
     936
     887
     906
     870
     920
     832
     922
     881
     839
     813
     823
     797
     742
     719
     684
     692
     633
     632
     595
     594
     538
     533
     561
     525
     512
     499
     499
     492
     493
     505
     469
     460
     466
     462
     473
     454
     444
     448
     451
     455
     467
     420
     457
     456
     483
     418
     404
     420
     428
     409
     417
     394
     415
     429
     417
     377
     362
     413
     375
     397
     408
     376
     400
     385
     395
     362
     395
     390
     409
     347
     424
     400
     374
     401
     428
     447
     503
     538
     635
     673
     783
     828
     926
     977
    1279
    1979
    5143
   15467
   28211
   23440
    9384
    2125
     559
     302
     324
     300
     275
     276
     297
     279
     254
     275
     242
     264
     243
     273
     265
     239
     267
     268
     259
     240
     259
     249
     249
     231
     232
     225
     215
     229
     207
     223
     207
     212
     220
     192
     198
     173
     197
     209
     217
     195
     168
     195
     206
     167
     176
     166
     139
     186
     136
     165
     152
     166
     170
     137
     150
     138
     133
     142
     144
     130
     135
     118
     130
     122
     131
     135
     119
     113
     121
     106
     122
     110
     109
      86
     100
     102
     103
      92
      92
     102
      92
     111
      92
     107
     113
      70
      94
      99
      85
      75
     105
     100
      86
      82
      87
      94
      79
      83
      81
      76
      84
      70
      55
      75
      66
      79
      60
      62
      74
      77
      69
      80
      80
      75
      63
      65
      58
      72
      66
      66
      66
      65
      73
      44
      89
      56
      51
      67
      55
      60
      70
      60
      63
      54
      74
      73
      67
      71
      62
      60
      63
      53
      64
      58
      66
      70
      57
      58
      57
      65
      50
      66
      75
      59
      59
      62
      53
      66
      50
      61
      41
      63
      49
      65
      59
      56
      56
      51
      61
      58
      63
      49
      62
      60
      49
      59
      50
      50
      59
      53
      57
      53
      58
      54
      39
      57
      61
      51
      43
      53
      66
      63
      55
      66
      62
      63
      54
      80
      71
     102
     163
     205
     243
     288
     396
     460
     489
     571
     801
    1144
    2751
    8446
   19295
   23431
   13804
    4175
     750
     121
      50
      36
      31
      26
      28
      28
      25
      31
      22
      21
      26
      26
      29
      30
      22
      40
      30
      28
      29
      26
      18
      27
      27
      19
      21
      23
      27
      20
      24
      25
      26
      37
      25
      28
      28
      32
      21
      27
      27
      22
      20
      23
      24
      20
      24
      34
      32
      30
      29
      23
      19
      22
      17
      28
      24
      18
      32
      27
      25
      21
      18
      19
      22
      23
      32
      28
      11
      22
      21
      29
      17
      24
      24
      29
      19
      17
      26
      24
      17
      36
      24
      20
      24
      22
      28
      20
      19
      27
      30
      26
      21
      20
      28
      18
      32
      19
      15
      18
      19
      27
      27
      21
      30
      22
      21
      25
      21
      20
      20
      21
      20
      38
      21
      25
      31
      13
      30
      22
      16
      21
      21
      22
      23
      22
      23
      18
      26
      21
      21
      35
      19
      15
      19
      17
      30
      12
      22
      25
      23
      24
      26
      30
      24
      26
      31
      21
      17
      22
      23
      16
      23
      21
      19
      28
      20
      21
      23
      22
      23
      25
      20
      23
      19
      17
      20
      26
      23
      18
      66
      71
      53
      43
      22
      20
      18
      13
      21
      23
      17
      16
      20
      19
      24
      24
      18
      24
      19
      25
      23
      17
      21
      26
      27
      20
      24
      12
      23
      15
      16
       0
       0
       0
       0
       0
       0
       0
       0
       0
       0
       0
       0
       0
       0
       0
       0
       0
       0
       0
       0
       0
       0
       0
       0
       0
       0
       0
       0
       0
       0
       0
       0
$ROI:
0
$PRESETS:
None
0
0
$ENER_FIT:
0.000000 0.731044
$MCA_CAL:
3
0.000000E+000 7.310444E-001 0.000000E+000 keV
$SHAPE_CAL:
3
0.000000E+000 0.000000E+000 0.000000E+000
