$SPEC_ID:
No sample description was entered.
$SPEC_REM:
DET# 4
DETDESC# JLAB-20 MCB 131
AP# Maestro Version 7.01
$DATE_MEA:
10/08/2025 04:10:02
$MEAS_TIM:
579 600
$DATA:
0 2047
       0
       0
       0
       0
       0
       0
       0
       0
       0
       0
       0
       0
       0
       0
       0
       0
       0
       0
       0
       0
       0
       0
       0
       0
       0
       0
       0
       0
       0
       0
       0
       0
       0
       0
       0
       0
       0
       0
       0
       0
       0
       0
       0
       0
       0
       0
       0
       0
       0
       0
       0
       0
       0
       0
       0
       0
       0
       0
       0
       0
       0
       0
       0
       0
       0
       0
       0
       0
       0
      34
    1335
    1416
    1355
    1403
    1378
    1451
    1369
    1364
    1367
    1361
    1386
    1380
    1396
    1477
    1358
    1380
    1384
    1326
    1367
    1349
    1348
    1368
    1377
    1391
    1299
    1344
    1305
    1343
    1443
    1426
    1435
    1460
    1608
    1365
    1383
    1306
    1309
    1349
    1285
    1322
    1295
    1311
    1382
    1328
    1387
    1469
    1352
    1303
    1382
    1317
    1288
    1286
    1321
    1310
    1311
    1319
    1322
    1333
    1336
    1363
    1357
    1328
    1328
    1310
    1245
    1385
    1305
    1341
    1313
    1328
    1293
    1345
    1359
    1290
    1325
    1308
    1320
    1281
    1228
    1389
    1284
    1257
    1288
    1256
    1309
    1279
    1270
    1329
    1331
    1316
    1323
    1341
    1225
    1329
    1312
    1224
    1322
    1314
    1282
    1283
    1306
    1244
    1383
    1327
    1372
    1316
    1279
    1349
    1191
    1309
    1344
    1325
    1292
    1315
    1322
    1293
    1278
    1355
    1304
    1284
    1340
    1245
    1340
    1257
    1311
    1292
    1252
    1300
    1341
    1253
    1217
    1217
    1305
    1307
    1359
    1305
    1318
    1334
    1297
    1275
    1279
    1274
    1302
    1248
    1268
    1274
    1257
    1297
    1293
    1203
    1253
    1324
    1210
    1270
    1210
    1290
    1240
    1195
    1281
    1251
    1191
    1172
    1224
    1265
    1256
    1231
    1227
    1172
    1204
    1230
    1225
    1271
    1189
    1247
    1172
    1188
    1228
    1219
    1213
    1249
    1216
    1172
    1236
    1184
    1160
    1195
    1182
    1164
    1195
    1230
    1179
    1186
    1134
    1197
    1145
    1214
    1229
    1160
    1155
    1177
    1195
    1204
    1186
    1240
    1160
    1196
    1203
    1206
    1180
    1250
    1156
    1175
    1215
    1250
    1302
    1312
    1373
    1372
    1445
    1399
    1409
    1471
    1537
    1468
    1585
    1462
    1401
    1498
    1483
    1398
    1431
    1483
    1429
    1470
    1490
    1466
    1446
    1362
    1370
    1431
    1399
    1441
    1382
    1455
    1400
    1332
    1396
    1423
    1306
    1423
    1283
    1345
    1365
    1285
    1386
    1358
    1357
    1298
    1221
    1336
    1294
    1252
    1313
    1294
    1300
    1306
    1251
    1226
    1220
    1250
    1243
    1299
    1205
    1194
    1253
    1222
    1236
    1194
    1194
    1236
    1232
    1191
    1174
    1152
    1144
    1214
    1190
    1152
    1161
    1184
    1158
    1121
    1113
    1160
    1197
    1152
    1166
    1191
    1122
    1117
    1133
    1128
    1059
    1093
    1074
    1126
    1092
    1094
    1149
    1129
    1030
    1120
    1129
    1076
    1050
    1078
    1071
    1069
    1057
    1060
    1097
    1008
    1031
    1064
    1128
    1054
    1065
    1021
    1039
    1006
     993
    1031
    1057
    1023
    1051
    1052
    1026
    1037
    1068
     992
    1023
    1029
     958
    1001
     996
    1024
     954
     957
    1007
     988
    1008
     989
    1199
    1251
     984
     942
    1015
     953
     975
     952
     975
     941
     974
     982
    1006
     951
     980
     875
     908
     937
     934
     929
     991
     944
     859
     876
     977
     891
     946
     879
     915
     855
     970
     908
     902
     875
     927
     870
     907
     922
     943
     871
     920
     933
     873
     870
     893
     898
     881
     873
     838
     841
     873
     869
     877
     835
     857
     886
     909
     954
     855
     849
     828
     897
     868
     877
     897
     840
     890
     885
     848
     856
     831
     857
     830
     811
     881
     858
     830
     814
     876
     779
     839
     866
     843
     784
     843
     786
     837
     851
     856
     774
     853
     814
     787
     800
     799
     833
     843
     846
     817
     796
     858
     779
     764
     783
     822
     813
     820
     843
     796
     836
     789
     852
     815
     793
     849
     829
     779
     845
     831
     806
     822
     770
     784
     766
     798
     809
     851
     834
     806
     778
     775
     809
     722
     761
     802
     779
     825
     838
     771
     744
     783
     781
     790
     805
     789
     769
     772
     771
     786
     812
     809
     783
     782
     783
     708
     763
     754
     741
     767
     784
     740
     854
     759
     763
     761
     750
     767
     783
     750
     777
     753
     751
     787
     802
     799
     751
     765
     773
     809
     816
     777
     741
     753
     787
     816
     726
     731
     774
     729
     713
     766
     751
     729
     776
     745
     769
     785
     800
     720
     759
     738
     757
     713
     788
     736
     724
     759
     793
     802
     757
     723
     757
     764
     762
     733
     745
     735
     731
     735
     777
     777
     739
     738
     772
     726
     704
     751
     707
     755
     697
     735
     775
     720
     744
     760
     746
     723
     750
     752
     777
     747
     715
     725
     737
     737
     709
     764
     793
     783
     713
     765
     767
     720
     769
     747
     751
     748
     763
     721
     719
     745
     683
     747
     769
     735
     724
     730
     713
     661
     767
     756
     763
     774
     790
     771
     734
     739
     766
     761
     745
     792
     707
     723
     705
     744
     736
     709
     700
     795
     774
     719
     784
     740
     698
     717
     789
     701
     690
     714
     706
     727
     747
     773
     753
     709
     728
     733
     714
     713
     710
     722
     708
     729
     711
     732
     712
     718
     698
     772
     695
     735
     715
     726
     696
     721
     694
     712
     763
     755
     766
     697
     752
     746
     693
     729
     736
     724
     717
     697
     700
     799
     780
     747
     703
     713
     693
     771
     734
     722
     724
     724
     672
     721
     699
     722
     709
     709
     744
     742
     725
     678
     709
     763
     777
     713
     757
     712
     753
     701
     739
     756
     731
     730
     732
     731
     755
     689
     751
     757
     762
     736
     738
     712
     701
     740
     711
     733
     737
     731
     770
     715
     717
     710
     775
     689
     703
     726
     751
     713
     723
     727
     722
     725
     665
     752
     751
     745
     776
     717
     739
     742
     753
     728
     765
     724
     736
     725
     720
     724
     725
     743
     743
     733
     721
     690
     762
     756
     719
     718
     737
     718
     764
     737
     739
     704
     739
     728
     723
     743
     696
     767
     721
     741
     713
     696
     758
     729
     723
     743
     733
     732
     725
     755
     737
     733
     715
     766
     754
     752
     714
     726
     728
     756
     691
     717
     722
     717
     745
     728
     764
     719
     713
     725
     793
     739
     721
     743
     693
     750
     748
     747
     723
     725
     786
     772
     721
     793
     729
     694
     726
     717
     710
     723
     681
     746
     738
     736
     755
     755
     721
     778
     716
     813
     717
     752
     736
     733
     736
     746
     747
     759
     738
     737
     727
     715
     728
     733
     709
     768
     789
     753
     714
     702
     770
     695
     695
     728
     762
     762
     744
     770
     751
     719
     764
     728
     740
     740
     757
     795
     742
     794
     762
     799
     795
     801
     710
     751
     757
     722
     712
     748
     753
     722
     739
     829
     745
     743
     729
     748
     728
     739
     736
     730
     726
     742
     739
     791
     804
     744
     775
     779
     761
     781
     774
     719
     780
     805
     746
     734
     776
     771
     788
     805
     706
     741
     828
     764
     687
     790
     788
     813
     753
     799
     791
     764
     756
     743
     777
     739
     784
     799
     750
     782
     783
     835
     783
     805
     719
     742
     784
     734
     785
     823
     804
     799
     792
     776
     797
     726
     740
     788
     798
     767
     784
     827
     809
     799
     849
     775
     774
     790
     761
     814
     770
     799
     797
     803
     781
     745
     781
     801
     795
     810
     790
     772
     818
     849
     803
     827
     796
     748
     797
     819
     802
     803
     825
     829
     762
     868
     841
     841
     771
     809
     815
     812
     804
     877
     833
     833
     860
     837
     831
     837
     812
     837
     815
     827
     770
     820
     865
     865
     838
     840
     851
     870
     786
     879
     875
     832
     800
     871
     870
     799
     919
     920
     965
     942
     885
     830
     831
     853
     851
     874
     848
     839
     894
     842
     902
     907
     855
     875
     882
     896
     860
     888
     839
     857
     926
     896
     877
     878
     783
     889
     883
     926
     826
     936
     870
     903
     926
     900
     871
     895
     919
     898
     890
     869
     879
     869
     903
     902
     955
     899
     932
     919
     901
     922
    1006
     963
     919
     942
     923
     858
     963
     907
     905
     909
     923
     907
     919
     979
     925
     994
     941
     912
     923
     959
     955
     962
     936
     988
    1005
     899
    1022
     942
     974
     980
    1016
     984
    1032
     996
    1000
    1032
     980
     992
    1058
     987
    1050
    1012
    1023
    1006
    1056
     961
    1071
    1039
    1084
    1032
     970
    1088
     978
    1036
    1020
    1081
    1043
    1059
    1084
    1061
    1042
    1094
    1084
    1073
    1053
    1127
    1069
    1196
    1083
    1116
    1175
    1130
    1214
    1135
    1186
    1116
    1138
    1140
    1135
    1166
    1189
    1129
    1143
    1174
    1190
    1184
    1218
    1274
    1182
    1230
    1202
    1287
    1204
    1234
    1217
    1229
    1236
    1272
    1203
    1319
    1268
    1271
    1268
    1372
    1245
    1321
    1323
    1334
    1316
    1326
    1259
    1328
    1358
    1320
    1341
    1350
    1343
    1374
    1314
    1350
    1389
    1424
    1392
    1394
    1348
    1434
    1364
    1420
    1432
    1322
    1373
    1356
    1371
    1379
    1427
    1348
    1412
    1299
    1301
    1296
    1275
    1166
    1216
    1174
    1151
    1091
    1067
    1013
     993
     993
    1001
     982
    1007
     984
     921
     918
     909
     866
     959
     944
     862
     886
     844
     902
     921
     888
     892
     916
     920
     922
     906
     851
     857
     866
     916
     899
     863
     923
     838
     862
     904
     890
     858
     863
     908
     885
     839
     869
     850
     904
     887
     802
     899
     856
     891
     821
     877
     812
     812
     823
     818
     832
     831
     843
     864
     839
     861
     815
     867
     850
     819
     793
     820
     831
     810
     804
     836
     827
     808
     770
     805
     787
     790
     851
     804
     793
     806
     788
     819
     813
     779
     786
     825
     805
     753
     800
     772
     768
     826
     802
     822
     754
     824
     791
     827
     771
     863
     754
     734
     765
     683
     742
     767
     771
     760
     814
     753
     783
     766
     747
     758
     749
     773
     769
     755
     792
     808
     832
     773
     746
     782
     748
     770
     760
     726
     818
     740
     749
     772
     825
     793
     739
     796
     800
     772
     782
     772
     791
     782
     789
     749
     758
     793
     784
     754
     774
     832
     790
     795
     794
     786
     820
     800
     834
     794
     802
     845
     827
     807
     836
     851
     890
     827
     831
     814
     844
     863
     871
     884
     906
     862
     809
     938
     875
     864
     933
     948
     904
     880
     831
     897
     915
     925
     882
     805
     911
     910
     939
     940
     872
     894
     933
     934
     908
     885
     847
     903
     811
     775
     800
     788
     775
     769
     665
     630
     660
     578
     597
     573
     531
     535
     489
     514
     536
     511
     486
     481
     513
     498
     490
     460
     470
     477
     473
     438
     441
     482
     448
     449
     453
     446
     442
     452
     438
     436
     398
     401
     454
     372
     448
     394
     428
     421
     393
     395
     386
     385
     381
     426
     368
     385
     405
     375
     374
     398
     375
     388
     413
     412
     393
     388
     417
     410
     432
     496
     607
     576
     613
     779
     770
     868
     973
    1079
    1412
    2365
    6646
   18607
   29246
   20203
    6921
    1498
     427
     310
     323
     297
     289
     289
     274
     255
     261
     270
     261
     280
     261
     270
     226
     253
     241
     261
     294
     249
     263
     238
     237
     237
     231
     217
     229
     243
     200
     249
     203
     213
     205
     225
     207
     232
     210
     177
     188
     189
     182
     181
     173
     186
     170
     169
     171
     170
     151
     175
     185
     163
     152
     160
     141
     131
     125
     137
     131
     119
     113
     129
     112
     127
     116
     114
     106
     128
      95
     103
     106
     106
     112
      94
     102
     112
      95
     102
     106
      94
     105
      84
      98
      86
     113
     109
      94
      97
     101
      95
      62
      87
      74
      81
      81
      70
      82
      85
      67
      70
      60
      70
      65
      81
      70
      66
      72
      75
      71
      65
      53
      72
      61
      71
      66
      71
      58
      51
      65
      62
      55
      73
      65
      72
      61
      49
      69
      71
      77
      63
      75
      58
      59
      72
      60
      49
      69
      67
      52
      55
      59
      51
      60
      61
      56
      61
      62
      45
      67
      60
      51
      56
      63
      48
      60
      57
      66
      54
      54
      60
      55
      55
      43
      64
      73
      48
      56
      43
      53
      55
      59
      56
      66
      51
      51
      62
      48
      44
      61
      55
      55
      65
      58
      55
      57
      57
      63
      59
      58
      60
      56
      59
      54
      79
      62
      61
      60
      78
      96
     114
     163
     217
     234
     338
     372
     442
     557
     598
     842
    1282
    2932
    9397
   20583
   23002
   12308
    3524
     611
     102
      44
      32
      25
      28
      35
      35
      29
      24
      26
      22
      36
      29
      29
      36
      15
      25
      37
      38
      20
      32
      23
      34
      28
      23
      18
      22
      26
      18
      11
      18
      25
      27
      27
      24
      24
      25
      21
      28
      31
      22
      33
      19
      28
      13
      16
      22
      25
      20
      30
      18
      26
      24
      18
      24
      26
      20
      22
      22
      32
      28
      26
      26
      23
      21
      22
      24
      16
      23
      28
      29
      32
      25
      25
      24
      26
      27
      16
      31
      29
      14
      20
      29
      29
      28
      18
      24
      27
      23
      22
      26
      21
      29
      18
      14
      15
      21
      29
      17
      19
      31
      17
      20
      16
      25
      33
      27
      20
      23
      23
      20
      25
      23
      23
      32
      25
      23
      22
      26
      17
      19
      21
      21
      27
      19
      29
      14
      22
      25
      22
      12
      20
      25
      26
      24
      24
      18
      17
      27
      19
      27
      22
      19
      29
      18
      18
      27
      19
      20
      12
      19
      29
      22
      17
      27
      20
      13
      15
      20
      17
      26
      22
      18
      26
      17
      19
      30
      24
      27
      53
      60
      69
      37
      22
      21
      15
      16
      24
      26
      15
      24
      22
      21
      18
      15
      12
      23
      16
      19
      17
      18
      12
      18
      17
      14
      16
      18
      20
      16
       0
       0
       0
       0
       0
       0
       0
       0
       0
       0
       0
       0
       0
       0
       0
       0
       0
       0
       0
       0
       0
       0
       0
       0
       0
       0
       0
       0
       0
       0
       0
       0
$ROI:
0
$PRESETS:
None
0
0
$ENER_FIT:
0.000000 0.731044
$MCA_CAL:
3
0.000000E+000 7.310444E-001 0.000000E+000 keV
$SHAPE_CAL:
3
0.000000E+000 0.000000E+000 0.000000E+000
