$SPEC_ID:
No sample description was entered.
$SPEC_REM:
DET# 4
DETDESC# JLAB-20 MCB 131
AP# Maestro Version 7.01
$DATE_MEA:
10/07/2025 16:20:02
$MEAS_TIM:
579 600
$DATA:
0 2047
       0
       0
       0
       0
       0
       0
       0
       0
       0
       0
       0
       0
       0
       0
       0
       0
       0
       0
       0
       0
       0
       0
       0
       0
       0
       0
       0
       0
       0
       0
       0
       0
       0
       0
       0
       0
       0
       0
       0
       0
       0
       0
       0
       0
       0
       0
       0
       0
       0
       0
       0
       0
       0
       0
       0
       0
       0
       0
       0
       0
       0
       0
       0
       0
       0
       0
       0
       0
       0
      34
    1327
    1444
    1337
    1355
    1393
    1400
    1415
    1348
    1329
    1405
    1427
    1407
    1376
    1294
    1374
    1426
    1396
    1331
    1270
    1348
    1354
    1319
    1348
    1433
    1305
    1364
    1407
    1332
    1364
    1519
    1401
    1475
    1531
    1360
    1372
    1385
    1329
    1332
    1390
    1310
    1333
    1281
    1332
    1319
    1392
    1418
    1346
    1383
    1360
    1343
    1303
    1345
    1385
    1401
    1356
    1329
    1307
    1348
    1294
    1320
    1359
    1349
    1314
    1320
    1381
    1389
    1340
    1295
    1327
    1301
    1328
    1321
    1310
    1373
    1280
    1348
    1235
    1294
    1286
    1243
    1315
    1308
    1340
    1270
    1336
    1249
    1323
    1379
    1318
    1338
    1265
    1296
    1318
    1298
    1291
    1325
    1354
    1358
    1383
    1274
    1340
    1305
    1309
    1340
    1348
    1328
    1357
    1270
    1290
    1317
    1331
    1311
    1282
    1284
    1342
    1319
    1323
    1342
    1320
    1325
    1355
    1351
    1282
    1257
    1341
    1331
    1292
    1328
    1328
    1303
    1280
    1263
    1232
    1319
    1264
    1329
    1357
    1195
    1264
    1292
    1320
    1287
    1300
    1261
    1281
    1258
    1240
    1332
    1294
    1254
    1264
    1220
    1244
    1214
    1193
    1199
    1276
    1249
    1168
    1218
    1270
    1308
    1210
    1275
    1213
    1202
    1240
    1245
    1227
    1242
    1231
    1147
    1173
    1165
    1176
    1273
    1215
    1218
    1163
    1202
    1194
    1104
    1138
    1202
    1214
    1209
    1199
    1173
    1227
    1215
    1225
    1189
    1183
    1141
    1190
    1133
    1226
    1144
    1209
    1176
    1199
    1143
    1279
    1187
    1168
    1232
    1191
    1261
    1224
    1245
    1225
    1239
    1234
    1227
    1314
    1371
    1380
    1340
    1394
    1415
    1449
    1406
    1485
    1496
    1517
    1555
    1490
    1501
    1465
    1493
    1393
    1462
    1431
    1455
    1525
    1468
    1448
    1379
    1460
    1357
    1397
    1346
    1406
    1346
    1406
    1342
    1340
    1366
    1308
    1332
    1379
    1337
    1316
    1325
    1345
    1290
    1268
    1297
    1259
    1302
    1285
    1230
    1317
    1303
    1313
    1306
    1295
    1263
    1280
    1259
    1242
    1217
    1171
    1197
    1231
    1210
    1201
    1218
    1176
    1222
    1321
    1180
    1167
    1148
    1203
    1192
    1196
    1151
    1167
    1126
    1121
    1199
    1167
    1124
    1071
    1115
    1120
    1147
    1151
    1090
    1179
    1155
    1072
    1089
    1120
    1090
    1077
    1129
    1085
    1103
    1145
    1046
    1104
    1066
    1133
    1096
    1100
    1087
    1064
    1079
    1119
    1045
    1134
    1010
    1024
    1004
    1052
    1043
     980
    1037
    1055
     987
    1062
    1035
    1006
    1016
    1000
    1004
     975
    1008
    1030
    1002
    1007
    1041
     988
     975
     976
    1032
    1004
     955
     944
    1036
    1264
    1184
    1067
    1009
     999
     982
     990
     941
     983
     952
     956
     956
     975
     922
     970
     971
     955
     896
     912
     938
     956
     902
     886
     940
     985
     877
     922
     961
     904
     912
     929
     929
     890
     888
     933
     906
     896
     931
     899
     893
     944
     967
     896
     890
     884
     891
     885
     914
     937
     836
     892
     897
     948
     885
     888
     908
     894
     900
     890
     845
     833
     857
     866
     882
     870
     943
     824
     887
     805
     789
     850
     852
     833
     826
     855
     863
     876
     857
     816
     849
     837
     834
     900
     919
     797
     849
     851
     837
     832
     829
     843
     802
     855
     892
     834
     824
     833
     845
     811
     837
     852
     852
     842
     784
     803
     788
     900
     825
     794
     797
     828
     815
     859
     840
     798
     809
     832
     779
     784
     814
     786
     834
     808
     810
     778
     809
     812
     800
     815
     782
     811
     840
     774
     790
     792
     794
     811
     756
     733
     838
     806
     759
     829
     780
     783
     813
     766
     788
     837
     809
     752
     777
     760
     769
     797
     774
     785
     800
     747
     805
     790
     782
     747
     774
     758
     790
     755
     762
     785
     782
     784
     721
     737
     789
     746
     792
     721
     738
     756
     803
     796
     752
     778
     785
     777
     747
     728
     753
     798
     751
     726
     745
     791
     768
     799
     790
     739
     798
     725
     779
     698
     743
     734
     800
     752
     752
     779
     769
     772
     741
     765
     689
     734
     774
     767
     779
     721
     793
     756
     790
     760
     732
     751
     765
     842
     755
     775
     720
     740
     724
     757
     702
     765
     764
     693
     765
     762
     739
     764
     734
     757
     748
     766
     761
     707
     738
     711
     738
     755
     757
     727
     762
     714
     767
     752
     725
     737
     774
     679
     767
     754
     683
     729
     753
     775
     743
     753
     725
     726
     686
     776
     764
     784
     806
     834
     735
     774
     756
     749
     681
     722
     744
     752
     690
     734
     731
     748
     719
     752
     777
     718
     744
     752
     733
     755
     726
     725
     757
     742
     690
     770
     708
     754
     713
     740
     761
     751
     735
     710
     733
     708
     723
     725
     723
     746
     769
     708
     699
     730
     677
     769
     706
     734
     741
     726
     701
     759
     719
     711
     695
     750
     740
     695
     713
     741
     707
     755
     709
     726
     700
     726
     704
     718
     744
     748
     736
     685
     670
     756
     700
     759
     741
     735
     675
     778
     777
     725
     803
     730
     688
     713
     765
     701
     750
     745
     749
     762
     765
     721
     733
     697
     709
     732
     696
     744
     749
     735
     726
     710
     732
     754
     715
     747
     735
     723
     734
     737
     701
     762
     720
     733
     722
     714
     688
     713
     711
     751
     738
     759
     753
     747
     699
     738
     728
     743
     718
     753
     791
     744
     760
     737
     736
     738
     733
     736
     749
     735
     707
     747
     756
     702
     753
     718
     737
     715
     784
     708
     739
     751
     715
     703
     750
     693
     725
     708
     727
     758
     741
     751
     736
     770
     719
     689
     682
     703
     775
     736
     778
     715
     687
     733
     757
     718
     728
     795
     765
     727
     688
     762
     718
     754
     736
     753
     730
     717
     753
     765
     743
     761
     742
     717
     699
     725
     730
     709
     699
     694
     732
     716
     730
     729
     727
     731
     735
     706
     735
     723
     690
     750
     723
     750
     767
     734
     736
     742
     745
     729
     760
     750
     713
     758
     744
     755
     789
     743
     738
     764
     751
     746
     801
     705
     773
     782
     735
     755
     727
     725
     752
     790
     782
     712
     787
     759
     764
     736
     700
     743
     763
     734
     775
     727
     717
     766
     735
     738
     762
     776
     777
     787
     724
     752
     754
     765
     779
     720
     758
     757
     776
     756
     773
     754
     742
     776
     717
     734
     747
     748
     769
     706
     769
     723
     723
     753
     747
     735
     805
     785
     748
     751
     748
     779
     713
     811
     777
     774
     761
     780
     756
     799
     767
     707
     808
     805
     761
     759
     777
     758
     775
     801
     790
     723
     761
     756
     767
     740
     821
     782
     777
     822
     741
     789
     764
     752
     790
     802
     748
     771
     771
     764
     771
     826
     806
     784
     770
     763
     774
     793
     798
     782
     759
     759
     769
     808
     830
     838
     766
     773
     799
     796
     768
     794
     792
     824
     836
     765
     771
     817
     751
     791
     799
     786
     779
     819
     810
     809
     766
     823
     795
     822
     747
     822
     783
     783
     810
     799
     787
     823
     835
     825
     812
     885
     877
     871
     823
     795
     844
     816
     857
     820
     853
     869
     855
     809
     821
     779
     802
     820
     787
     877
     841
     820
     788
     855
     839
     801
     812
     896
     804
     816
     786
     860
     882
     880
     899
     876
     950
     904
     835
     839
     858
     837
     863
     883
     903
     845
     853
     838
     868
     854
     924
     825
     856
     846
     870
     834
     856
     856
     924
     879
     846
     896
     884
     909
     875
     874
     901
     889
     927
     933
     919
     889
     895
     896
     876
     866
     912
     865
     873
     937
     940
     827
     945
     885
     843
     964
     908
     907
     882
     895
     928
     896
     953
     904
     896
     922
    1005
     916
     938
     965
     984
     963
     948
     925
     911
     922
     939
     977
     925
     968
     967
     971
     937
     928
    1021
    1032
     987
    1015
     984
     958
    1002
     979
    1017
     998
    1014
     963
    1000
    1039
    1067
    1020
     972
    1102
    1038
    1041
     998
     988
    1031
    1034
    1136
    1077
    1069
    1037
    1083
    1020
    1096
    1094
    1056
    1073
    1056
    1101
    1094
    1079
    1109
    1140
    1170
    1084
    1177
    1117
    1138
    1127
    1150
    1176
    1202
    1210
    1109
    1172
    1184
    1137
    1218
    1200
    1165
    1191
    1215
    1225
    1214
    1278
    1181
    1171
    1215
    1215
    1201
    1228
    1243
    1220
    1247
    1290
    1302
    1253
    1302
    1262
    1321
    1291
    1291
    1353
    1245
    1329
    1279
    1345
    1344
    1345
    1369
    1342
    1356
    1356
    1384
    1371
    1377
    1420
    1289
    1389
    1386
    1449
    1361
    1318
    1455
    1417
    1399
    1389
    1372
    1360
    1390
    1335
    1478
    1333
    1355
    1300
    1313
    1277
    1318
    1240
    1184
    1133
    1052
    1076
    1015
    1040
     948
     992
     975
    1002
     937
     905
     956
     862
     873
     910
     955
     901
     869
     917
     876
     930
     901
     846
     863
     901
     882
     907
     870
     875
     884
     809
     814
     892
     851
     875
     936
     800
     859
     860
     875
     850
     895
     874
     830
     838
     814
     879
     838
     876
     839
     840
     816
     820
     798
     855
     857
     815
     853
     826
     825
     855
     811
     813
     813
     853
     846
     815
     794
     840
     853
     794
     842
     809
     861
     801
     819
     785
     825
     827
     792
     779
     790
     807
     861
     727
     842
     791
     807
     777
     775
     835
     753
     758
     847
     800
     803
     813
     792
     807
     788
     767
     795
     765
     776
     778
     776
     804
     740
     762
     740
     745
     701
     835
     765
     739
     806
     774
     754
     785
     750
     720
     766
     804
     792
     769
     769
     738
     735
     795
     754
     759
     768
     769
     772
     774
     790
     790
     757
     816
     774
     804
     728
     786
     767
     773
     792
     768
     796
     793
     814
     786
     775
     800
     806
     770
     763
     795
     773
     788
     770
     829
     876
     796
     852
     828
     892
     819
     859
     846
     825
     849
     839
     858
     858
     828
     883
     865
     854
     858
     840
     885
     898
     837
     914
     868
     931
     960
     910
     904
     949
     911
     908
     932
     934
     881
     895
     922
     941
     912
     912
     888
     891
     874
     850
     878
     814
     775
     797
     680
     708
     672
     661
     631
     581
     582
     555
     537
     538
     566
     504
     483
     488
     503
     494
     507
     496
     518
     452
     441
     468
     442
     443
     426
     452
     429
     453
     452
     416
     438
     491
     438
     405
     407
     423
     438
     461
     397
     424
     384
     451
     394
     389
     416
     367
     435
     417
     356
     387
     393
     416
     371
     405
     389
     414
     387
     381
     371
     389
     386
     410
     477
     485
     574
     599
     654
     715
     847
     865
    1003
    1114
    1667
    3394
   10726
   24943
   27968
   13995
    3665
     770
     308
     301
     286
     262
     256
     280
     284
     270
     269
     265
     286
     267
     236
     245
     227
     256
     244
     255
     250
     270
     233
     211
     230
     241
     219
     223
     220
     232
     207
     226
     212
     187
     191
     215
     186
     196
     199
     174
     169
     167
     162
     166
     205
     152
     188
     130
     163
     183
     158
     155
     142
     164
     146
     160
     154
     131
     121
     142
     162
     140
     136
     118
     111
     121
     128
     129
     116
     114
     112
     104
     123
     102
     103
     122
     104
      90
      95
     101
      98
      94
      96
     111
      87
      97
      73
      76
      93
      94
      96
      61
      93
      83
      89
      83
      81
      84
      82
      86
      67
      73
      61
      74
      69
      74
      71
      67
      75
      74
      69
      62
      81
      69
      69
      68
      68
      56
      64
      70
      74
      60
      61
      67
      62
      60
      60
      57
      58
      53
      54
      64
      61
      73
      60
      72
      68
      61
      57
      55
      63
      53
      64
      66
      75
      64
      52
      58
      64
      53
      47
      51
      51
      51
      66
      53
      60
      65
      64
      51
      67
      57
      61
      50
      50
      63
      47
      42
      66
      47
      61
      52
      71
      47
      48
      58
      61
      52
      70
      66
      56
      52
      59
      45
      50
      58
      58
      53
      53
      53
      46
      68
      57
      65
      60
      64
      78
      72
      78
      86
     107
     136
     212
     250
     320
     380
     427
     463
     567
     694
     913
    1779
    5088
   14606
   23588
   18603
    7203
    1552
     237
      62
      23
      43
      30
      33
      30
      32
      27
      29
      32
      23
      22
      26
      28
      24
      28
      15
      26
      23
      25
      26
      40
      30
      21
      27
      27
      35
      22
      29
      29
      19
      18
      19
      20
      29
      23
      18
      19
      18
      26
      29
      14
      32
      23
      18
      26
      28
      20
      24
      29
      35
      19
      20
      24
      18
      26
      22
      31
      27
      19
      24
      22
      20
      24
      25
      26
      22
      22
      27
      16
      26
      29
      18
      28
      23
      17
      28
      30
      22
      26
      23
      26
      17
      21
      21
      21
      25
      14
      20
      19
      19
      19
      23
      21
      26
      34
      18
      22
      30
      29
      18
      30
      21
      25
      14
      20
      24
      27
      21
      23
      23
      19
      25
      15
      23
      24
      17
      16
      14
      30
      21
      14
      20
      23
      22
      24
      24
      24
      24
      23
      23
      21
      25
      17
      22
      16
      29
      22
      11
      23
      21
      23
      17
      20
      18
      16
      16
      15
      14
      25
      26
      26
      15
      21
      14
      20
      24
      16
      20
      13
      15
      26
      19
      18
      17
      17
      24
      24
      39
      59
      61
      56
      37
      17
      16
      25
      26
      22
      13
      15
      29
      28
      20
      24
      24
      16
      24
      15
      16
      12
      18
      18
      16
      15
      22
      13
      16
      17
      22
       0
       0
       0
       0
       0
       0
       0
       0
       0
       0
       0
       0
       0
       0
       0
       0
       0
       0
       0
       0
       0
       0
       0
       0
       0
       0
       0
       0
       0
       0
       0
       0
$ROI:
0
$PRESETS:
None
0
0
$ENER_FIT:
0.000000 0.731044
$MCA_CAL:
3
0.000000E+000 7.310444E-001 0.000000E+000 keV
$SHAPE_CAL:
3
0.000000E+000 0.000000E+000 0.000000E+000
