$SPEC_ID:
No sample description was entered.
$SPEC_REM:
DET# 4
DETDESC# JLAB-20 MCB 131
AP# Maestro Version 7.01
$DATE_MEA:
10/06/2025 15:20:02
$MEAS_TIM:
579 599
$DATA:
0 2047
       0
       0
       0
       0
       0
       0
       0
       0
       0
       0
       0
       0
       0
       0
       0
       0
       0
       0
       0
       0
       0
       0
       0
       0
       0
       0
       0
       0
       0
       0
       0
       0
       0
       0
       0
       0
       0
       0
       0
       0
       0
       0
       0
       0
       0
       0
       0
       0
       0
       0
       0
       0
       0
       0
       0
       0
       0
       0
       0
       0
       0
       0
       0
       0
       0
       0
       0
       0
       0
      31
    1346
    1392
    1405
    1380
    1405
    1421
    1357
    1388
    1374
    1445
    1329
    1335
    1385
    1386
    1387
    1326
    1423
    1352
    1347
    1344
    1414
    1342
    1332
    1335
    1407
    1385
    1327
    1288
    1399
    1511
    1433
    1545
    1575
    1365
    1405
    1382
    1355
    1347
    1371
    1278
    1332
    1306
    1329
    1313
    1345
    1374
    1394
    1379
    1458
    1334
    1341
    1294
    1435
    1307
    1332
    1356
    1294
    1384
    1358
    1375
    1279
    1310
    1381
    1331
    1307
    1379
    1271
    1338
    1376
    1305
    1294
    1315
    1318
    1293
    1306
    1309
    1334
    1382
    1306
    1325
    1283
    1326
    1345
    1329
    1246
    1287
    1261
    1331
    1327
    1318
    1294
    1332
    1344
    1239
    1268
    1234
    1347
    1311
    1267
    1356
    1328
    1364
    1260
    1316
    1297
    1321
    1259
    1305
    1330
    1313
    1252
    1295
    1304
    1292
    1288
    1334
    1300
    1313
    1341
    1268
    1309
    1236
    1312
    1268
    1315
    1356
    1301
    1304
    1331
    1269
    1255
    1242
    1283
    1282
    1336
    1349
    1384
    1256
    1322
    1302
    1262
    1276
    1271
    1299
    1334
    1263
    1372
    1216
    1256
    1261
    1331
    1280
    1267
    1285
    1265
    1241
    1274
    1235
    1265
    1240
    1216
    1271
    1228
    1254
    1229
    1229
    1183
    1169
    1229
    1265
    1204
    1159
    1182
    1251
    1187
    1194
    1223
    1265
    1131
    1166
    1160
    1253
    1244
    1205
    1153
    1126
    1248
    1166
    1228
    1163
    1228
    1175
    1129
    1134
    1246
    1146
    1129
    1150
    1181
    1224
    1185
    1121
    1209
    1205
    1153
    1179
    1214
    1174
    1160
    1214
    1199
    1226
    1236
    1192
    1301
    1348
    1346
    1418
    1412
    1356
    1464
    1506
    1424
    1558
    1474
    1527
    1456
    1466
    1533
    1490
    1487
    1502
    1456
    1413
    1406
    1419
    1402
    1470
    1409
    1376
    1366
    1390
    1435
    1440
    1282
    1395
    1375
    1359
    1357
    1356
    1279
    1324
    1404
    1331
    1370
    1391
    1290
    1290
    1304
    1290
    1323
    1258
    1225
    1288
    1275
    1263
    1233
    1258
    1248
    1182
    1183
    1227
    1209
    1276
    1206
    1271
    1192
    1212
    1181
    1172
    1189
    1208
    1185
    1230
    1168
    1176
    1173
    1160
    1120
    1205
    1144
    1123
    1124
    1121
    1209
    1126
    1156
    1186
    1124
    1062
    1107
    1164
    1142
    1088
    1152
    1106
    1077
    1122
    1083
    1105
    1116
    1062
    1067
    1045
    1092
    1055
    1095
    1005
    1029
    1062
    1080
    1092
    1022
    1153
    1019
    1060
    1036
    1007
    1021
    1021
    1011
    1055
    1025
     978
     991
     997
     983
    1092
    1085
    1010
     979
    1021
     960
     964
     956
    1049
     977
     988
     997
    1012
     994
    1043
    1223
    1223
     959
     954
     948
     919
     990
     969
     962
     959
     913
     955
     907
     936
     957
     922
     919
     964
     970
     861
    1002
     934
     986
     920
     932
     980
     925
     933
     972
     922
     908
     861
     976
     938
     948
     938
     934
     921
     887
     918
     906
     867
     910
     877
     883
     899
     927
     879
     874
     847
     933
     839
     908
     851
     916
     851
     918
     904
     851
     877
     852
     861
     834
     886
     847
     813
     809
     895
     827
     857
     837
     866
     842
     898
     846
     862
     880
     832
     869
     852
     808
     897
     823
     828
     858
     864
     783
     878
     827
     817
     882
     806
     820
     853
     833
     813
     837
     812
     841
     853
     852
     810
     829
     836
     862
     831
     819
     834
     815
     814
     824
     830
     800
     777
     764
     843
     805
     855
     795
     807
     737
     824
     810
     782
     843
     817
     809
     818
     826
     783
     762
     771
     838
     804
     823
     789
     821
     774
     804
     837
     791
     767
     705
     783
     790
     770
     788
     750
     812
     838
     763
     753
     758
     773
     816
     819
     778
     769
     809
     768
     780
     780
     777
     748
     758
     749
     796
     760
     823
     750
     785
     772
     781
     793
     846
     819
     716
     794
     718
     756
     752
     754
     746
     787
     691
     788
     797
     710
     781
     813
     805
     788
     759
     755
     768
     772
     744
     750
     750
     755
     745
     749
     771
     781
     738
     767
     743
     783
     799
     762
     736
     771
     752
     763
     763
     780
     733
     729
     757
     804
     725
     752
     699
     747
     739
     718
     749
     744
     788
     745
     701
     807
     727
     701
     775
     750
     752
     767
     711
     782
     729
     760
     744
     774
     770
     805
     768
     724
     734
     722
     738
     757
     741
     740
     760
     768
     747
     750
     727
     712
     695
     753
     752
     754
     738
     762
     754
     713
     735
     736
     713
     793
     749
     776
     791
     680
     708
     753
     726
     724
     751
     756
     731
     743
     767
     724
     698
     742
     712
     702
     709
     747
     716
     698
     760
     748
     711
     693
     714
     739
     709
     734
     755
     764
     723
     731
     773
     761
     720
     778
     751
     768
     753
     742
     744
     797
     795
     730
     755
     774
     748
     703
     724
     724
     711
     670
     720
     715
     703
     732
     712
     718
     747
     757
     753
     708
     664
     729
     763
     746
     763
     714
     747
     720
     713
     718
     731
     715
     689
     746
     723
     720
     744
     649
     780
     776
     748
     737
     786
     726
     724
     687
     745
     676
     783
     693
     719
     762
     766
     739
     800
     693
     732
     737
     705
     788
     738
     726
     727
     713
     725
     725
     732
     754
     742
     734
     753
     743
     748
     757
     766
     752
     739
     718
     734
     729
     708
     786
     707
     698
     714
     761
     741
     727
     752
     732
     779
     769
     741
     726
     757
     697
     752
     736
     702
     749
     703
     686
     713
     754
     689
     725
     740
     698
     716
     715
     720
     741
     689
     748
     786
     705
     738
     751
     753
     731
     771
     773
     755
     754
     775
     761
     762
     692
     694
     705
     743
     741
     757
     752
     738
     762
     733
     689
     746
     755
     739
     772
     773
     723
     758
     744
     748
     745
     799
     745
     746
     730
     739
     713
     757
     712
     781
     729
     762
     758
     744
     737
     725
     778
     761
     795
     754
     706
     726
     732
     738
     757
     733
     726
     763
     761
     759
     703
     750
     760
     720
     751
     743
     717
     719
     675
     729
     725
     729
     713
     743
     734
     673
     735
     773
     764
     743
     751
     780
     751
     738
     753
     751
     789
     792
     720
     780
     776
     713
     756
     755
     748
     751
     773
     769
     741
     728
     774
     720
     711
     790
     759
     775
     720
     750
     719
     732
     726
     750
     774
     771
     766
     746
     791
     820
     755
     729
     790
     757
     798
     749
     737
     778
     745
     789
     768
     765
     759
     736
     773
     802
     756
     742
     741
     759
     719
     799
     763
     766
     821
     750
     774
     753
     755
     726
     772
     775
     769
     738
     742
     763
     763
     787
     770
     803
     781
     716
     806
     716
     772
     803
     698
     751
     744
     757
     801
     769
     769
     838
     784
     816
     800
     783
     835
     760
     735
     750
     752
     720
     753
     777
     815
     751
     792
     786
     778
     765
     818
     790
     770
     772
     816
     889
     743
     823
     802
     750
     806
     780
     838
     824
     814
     817
     769
     812
     816
     814
     851
     772
     794
     784
     779
     823
     821
     813
     836
     787
     797
     806
     822
     787
     787
     824
     821
     762
     828
     828
     821
     811
     804
     815
     831
     850
     788
     795
     831
     831
     843
     832
     778
     844
     817
     809
     822
     823
     879
     841
     903
     836
     866
     814
     864
     807
     839
     803
     847
     882
     859
     930
     861
     856
     872
     892
     863
     908
     842
     859
     905
     868
     892
     826
     869
     865
     856
     870
     816
     865
     902
     805
     916
     832
     888
     899
     808
     901
     882
     885
     925
     905
     855
     911
     919
     941
     945
     842
     886
     899
     926
     888
     922
     930
     893
     888
     929
     980
     899
     893
     921
     930
     903
     932
     940
     904
     910
     875
     928
     901
     914
     926
     908
     979
     955
     975
     970
     895
     969
     984
     919
     943
     917
     967
    1003
    1001
     971
     956
     972
     948
     996
    1036
    1040
     981
    1012
    1000
    1005
     981
    1028
    1015
    1099
    1004
    1022
    1028
    1024
     993
    1003
    1006
     968
    1028
    1002
    1055
    1010
    1082
    1064
    1065
    1082
    1120
    1073
    1055
    1075
    1074
    1081
    1097
    1138
    1084
    1161
    1090
    1046
    1113
    1105
    1106
    1106
    1126
    1158
    1088
    1169
    1113
    1066
    1129
    1236
    1222
    1121
    1219
    1180
    1192
    1239
    1177
    1216
    1231
    1194
    1150
    1205
    1229
    1235
    1277
    1235
    1238
    1245
    1229
    1230
    1333
    1295
    1233
    1329
    1316
    1241
    1303
    1336
    1304
    1299
    1356
    1361
    1274
    1410
    1249
    1286
    1316
    1370
    1364
    1360
    1368
    1382
    1445
    1376
    1380
    1377
    1361
    1376
    1290
    1321
    1445
    1383
    1384
    1372
    1420
    1372
    1321
    1373
    1366
    1379
    1340
    1248
    1272
    1260
    1203
    1155
    1104
    1073
    1042
    1019
    1063
    1028
     984
     981
     967
     926
     981
     915
     931
     943
     907
     933
     914
     958
     885
     938
     916
     856
     867
     909
     918
     894
     862
     908
     886
     913
     834
     873
     863
     866
     860
     917
     889
     818
     870
     831
     880
     879
     916
     848
     891
     906
     839
     846
     875
     889
     841
     806
     808
     867
     847
     866
     867
     905
     852
     826
     827
     859
     814
     813
     871
     783
     794
     848
     802
     853
     798
     794
     838
     842
     861
     784
     812
     838
     745
     782
     786
     781
     821
     795
     787
     782
     758
     748
     841
     830
     766
     821
     806
     815
     801
     771
     794
     805
     850
     776
     796
     816
     810
     750
     758
     832
     787
     734
     809
     807
     785
     802
     774
     796
     799
     744
     768
     790
     737
     775
     790
     754
     811
     792
     795
     795
     799
     748
     778
     769
     826
     816
     711
     737
     766
     773
     791
     790
     783
     791
     774
     747
     760
     786
     837
     794
     809
     817
     788
     800
     776
     840
     788
     789
     832
     812
     740
     736
     830
     818
     847
     817
     852
     829
     845
     816
     801
     809
     900
     900
     849
     855
     796
     882
     876
     841
     843
     859
     905
     877
     909
     920
     886
     955
     891
     894
     944
     883
     937
     885
     913
     902
     922
     919
     918
     888
     907
     926
     864
     931
     890
     900
     854
     819
     808
     860
     839
     794
     739
     746
     733
     675
     628
     603
     545
     550
     551
     477
     501
     461
     516
     474
     467
     482
     471
     452
     458
     480
     462
     418
     431
     456
     441
     454
     457
     445
     453
     444
     423
     463
     428
     442
     425
     424
     423
     426
     433
     427
     422
     400
     438
     397
     393
     425
     380
     393
     397
     405
     411
     431
     396
     414
     362
     383
     391
     417
     401
     418
     414
     407
     475
     480
     527
     615
     700
     775
     834
     850
     995
    1215
    1836
    4153
   13163
   27127
   25783
   11080
    2620
     611
     312
     317
     296
     305
     298
     305
     284
     288
     288
     250
     251
     240
     259
     252
     270
     274
     264
     250
     260
     255
     234
     233
     260
     221
     237
     249
     215
     233
     234
     224
     210
     198
     203
     205
     203
     202
     201
     216
     182
     194
     193
     192
     162
     150
     168
     166
     163
     173
     169
     163
     169
     167
     168
     165
     162
     113
     145
     144
     122
     129
     131
     119
     135
     115
     118
     111
     119
     126
     123
     104
     119
     105
     121
      97
     101
      88
      98
     102
      75
      97
      95
      96
      99
     103
      78
     100
     102
      79
      84
      75
      74
      86
      77
      85
      71
      75
      81
      65
      60
      79
      58
      82
      72
      78
      71
      65
      81
      73
      62
      76
      65
      67
      67
      71
      71
      54
      71
      60
      67
      85
      58
      59
      60
      66
      56
      67
      52
      50
      77
      73
      70
      71
      57
      65
      53
      65
      45
      67
      59
      52
      54
      54
      55
      63
      69
      52
      52
      50
      68
      57
      64
      56
      67
      56
      63
      59
      70
      63
      39
      81
      51
      59
      66
      51
      58
      46
      49
      48
      57
      55
      57
      51
      52
      57
      62
      66
      63
      50
      58
      43
      62
      48
      60
      38
      52
      47
      52
      54
      71
      61
      60
      70
      58
      57
      75
      73
      71
     104
     123
     143
     180
     267
     301
     401
     430
     491
     592
     733
    1086
    2272
    6911
   17549
   23702
   15770
    5400
    1074
     161
      42
      37
      21
      37
      26
      25
      22
      26
      18
      34
      27
      29
      28
      32
      24
      26
      19
      25
      33
      25
      28
      23
      25
      27
      23
      25
      20
      35
      28
      23
      21
      29
      29
      27
      29
      28
      26
      17
      36
      33
      28
      16
      23
      27
      28
      26
      28
      29
      27
      20
      22
      23
      25
      25
      22
      20
      22
      19
      27
      21
      25
      34
      22
      16
      28
      15
      31
      24
      19
      21
      16
      31
      22
      20
      21
      16
      21
      11
      14
      27
      27
      31
      23
      22
      26
      24
      22
      25
      27
      21
      21
      26
      19
      26
      29
      25
      26
      26
      28
      17
      18
      28
      30
      17
      19
      19
      23
      25
      26
      21
      26
      31
      26
      22
      12
      28
      18
      22
      25
      18
      19
      22
      24
      18
      21
      23
      22
      18
      17
      24
      22
      18
      19
      25
      19
      17
      20
      29
      13
      18
      19
      20
      22
      25
      19
      14
      11
      20
      14
      26
      18
      18
      23
      19
      22
      17
      24
      16
      26
      16
      25
      15
      26
      11
      23
      20
      35
      35
      53
      84
      63
      56
      21
      14
      17
      18
      19
      18
      19
      24
      16
      21
      19
      19
      16
      21
      23
      20
      14
      20
      27
      28
      19
      30
      17
      22
      19
      24
      15
       0
       0
       0
       0
       0
       0
       0
       0
       0
       0
       0
       0
       0
       0
       0
       0
       0
       0
       0
       0
       0
       0
       0
       0
       0
       0
       0
       0
       0
       0
       0
       0
$ROI:
0
$PRESETS:
None
0
0
$ENER_FIT:
0.000000 0.731044
$MCA_CAL:
3
0.000000E+000 7.310444E-001 0.000000E+000 keV
$SHAPE_CAL:
3
0.000000E+000 0.000000E+000 0.000000E+000
