$SPEC_ID:
No sample description was entered.
$SPEC_REM:
DET# 4
DETDESC# JLAB-20 MCB 131
AP# Maestro Version 7.01
$DATE_MEA:
10/07/2025 01:40:02
$MEAS_TIM:
579 600
$DATA:
0 2047
       0
       0
       0
       0
       0
       0
       0
       0
       0
       0
       0
       0
       0
       0
       0
       0
       0
       0
       0
       0
       0
       0
       0
       0
       0
       0
       0
       0
       0
       0
       0
       0
       0
       0
       0
       0
       0
       0
       0
       0
       0
       0
       0
       0
       0
       0
       0
       0
       0
       0
       0
       0
       0
       0
       0
       0
       0
       0
       0
       0
       0
       0
       0
       0
       0
       0
       0
       0
       0
      34
    1313
    1377
    1441
    1379
    1453
    1424
    1306
    1371
    1334
    1307
    1390
    1330
    1366
    1424
    1307
    1339
    1348
    1366
    1319
    1409
    1375
    1330
    1346
    1347
    1389
    1351
    1337
    1366
    1440
    1489
    1456
    1501
    1618
    1345
    1372
    1392
    1307
    1384
    1281
    1351
    1328
    1298
    1314
    1348
    1383
    1393
    1381
    1355
    1416
    1374
    1379
    1358
    1300
    1343
    1321
    1378
    1335
    1370
    1327
    1296
    1311
    1306
    1279
    1303
    1319
    1342
    1355
    1360
    1334
    1340
    1328
    1306
    1266
    1365
    1290
    1405
    1345
    1232
    1262
    1293
    1284
    1279
    1257
    1328
    1258
    1311
    1284
    1187
    1335
    1412
    1317
    1324
    1283
    1295
    1349
    1341
    1312
    1288
    1293
    1252
    1262
    1349
    1383
    1375
    1276
    1349
    1319
    1271
    1294
    1329
    1348
    1360
    1260
    1363
    1276
    1312
    1313
    1403
    1286
    1300
    1316
    1212
    1318
    1293
    1330
    1288
    1183
    1283
    1346
    1268
    1311
    1281
    1281
    1273
    1305
    1286
    1326
    1172
    1259
    1226
    1265
    1242
    1290
    1236
    1309
    1265
    1269
    1177
    1302
    1235
    1203
    1250
    1194
    1231
    1190
    1259
    1257
    1229
    1142
    1228
    1170
    1167
    1217
    1285
    1245
    1251
    1226
    1189
    1223
    1194
    1225
    1226
    1209
    1199
    1221
    1158
    1137
    1197
    1203
    1124
    1252
    1242
    1240
    1128
    1186
    1164
    1157
    1186
    1132
    1224
    1113
    1177
    1172
    1254
    1193
    1144
    1171
    1181
    1141
    1118
    1221
    1219
    1126
    1233
    1219
    1184
    1244
    1208
    1176
    1294
    1230
    1264
    1199
    1287
    1209
    1391
    1325
    1406
    1379
    1484
    1383
    1501
    1497
    1485
    1579
    1523
    1511
    1458
    1497
    1474
    1483
    1443
    1469
    1560
    1504
    1438
    1482
    1379
    1446
    1325
    1392
    1446
    1397
    1318
    1335
    1326
    1438
    1335
    1311
    1347
    1372
    1319
    1348
    1319
    1387
    1365
    1302
    1288
    1294
    1337
    1338
    1270
    1231
    1294
    1297
    1230
    1277
    1297
    1247
    1258
    1189
    1250
    1255
    1232
    1152
    1203
    1266
    1237
    1189
    1194
    1240
    1281
    1248
    1163
    1128
    1177
    1144
    1100
    1132
    1124
    1167
    1148
    1169
    1172
    1187
    1164
    1156
    1159
    1094
    1088
    1162
    1135
    1108
    1145
    1112
    1104
    1110
    1150
    1109
    1156
    1024
    1041
    1073
    1094
    1055
    1117
    1081
    1074
    1046
    1077
    1085
    1036
    1029
    1063
    1075
    1010
    1073
    1053
    1129
    1098
    1053
    1021
    1036
    1003
     966
    1018
    1019
     969
    1014
    1041
     984
     988
     957
     981
     964
     962
     969
    1018
     997
     962
    1014
    1023
    1258
    1229
    1059
     924
     981
     994
     922
     961
     966
     934
     928
     983
     994
    1013
     976
     973
     921
     968
     938
     952
     919
     902
     914
     895
     946
     950
     848
     904
     937
     912
     933
     938
     929
     900
     899
     901
     855
     832
     873
     898
     934
     905
     903
     896
     882
     947
     858
     861
     821
     895
     900
     903
     869
     897
     909
     829
     896
     896
     936
     886
     892
     899
     857
     845
     899
     896
     877
     860
     874
     881
     821
     877
     901
     871
     812
     888
     801
     859
     894
     844
     913
     857
     854
     858
     825
     858
     842
     784
     800
     857
     836
     858
     799
     865
     829
     859
     799
     872
     791
     791
     822
     885
     844
     799
     811
     792
     852
     844
     808
     848
     797
     830
     843
     857
     822
     866
     827
     860
     808
     838
     808
     796
     823
     809
     788
     813
     766
     822
     755
     745
     809
     819
     812
     788
     829
     780
     802
     862
     792
     750
     830
     780
     816
     784
     803
     783
     794
     845
     832
     783
     797
     776
     768
     824
     812
     746
     797
     762
     760
     746
     757
     748
     803
     764
     833
     787
     782
     739
     767
     788
     753
     797
     793
     765
     803
     778
     785
     765
     771
     774
     825
     738
     777
     749
     800
     725
     767
     775
     800
     770
     774
     778
     777
     768
     764
     748
     725
     761
     699
     808
     794
     770
     749
     798
     718
     780
     727
     765
     697
     794
     748
     729
     819
     786
     757
     779
     721
     777
     722
     825
     719
     789
     721
     740
     683
     709
     800
     745
     772
     765
     756
     759
     795
     801
     728
     791
     806
     750
     777
     728
     757
     742
     739
     732
     741
     759
     732
     691
     751
     770
     753
     729
     761
     736
     721
     767
     722
     763
     756
     742
     703
     765
     720
     728
     780
     714
     709
     764
     720
     723
     702
     765
     750
     841
     757
     760
     742
     786
     757
     756
     712
     739
     698
     768
     733
     714
     746
     701
     778
     754
     712
     734
     757
     698
     753
     742
     671
     747
     748
     764
     725
     715
     743
     740
     750
     739
     745
     748
     772
     716
     742
     738
     760
     683
     720
     726
     772
     731
     759
     751
     792
     716
     736
     726
     746
     716
     701
     731
     796
     740
     761
     754
     748
     723
     764
     693
     798
     720
     673
     743
     757
     738
     726
     744
     708
     764
     732
     755
     699
     732
     707
     707
     682
     783
     708
     782
     739
     720
     726
     754
     748
     668
     714
     747
     738
     690
     713
     746
     695
     732
     736
     702
     787
     751
     673
     694
     748
     694
     724
     742
     748
     773
     741
     760
     742
     705
     677
     720
     675
     735
     707
     695
     733
     697
     738
     687
     727
     696
     708
     692
     771
     701
     740
     711
     802
     724
     728
     742
     754
     741
     746
     700
     716
     727
     693
     750
     709
     706
     728
     755
     716
     722
     668
     749
     753
     741
     686
     764
     706
     666
     736
     784
     703
     709
     715
     712
     702
     702
     719
     726
     731
     723
     732
     750
     736
     750
     797
     671
     716
     752
     718
     726
     720
     707
     701
     765
     744
     751
     751
     699
     744
     750
     755
     715
     711
     731
     739
     730
     726
     771
     771
     759
     751
     705
     730
     771
     733
     785
     758
     756
     760
     691
     734
     745
     807
     781
     723
     793
     740
     724
     717
     765
     758
     719
     800
     743
     727
     749
     769
     788
     800
     733
     733
     699
     745
     742
     749
     772
     719
     731
     735
     772
     778
     744
     720
     745
     747
     791
     758
     724
     778
     810
     803
     764
     736
     774
     758
     750
     728
     735
     731
     722
     726
     708
     705
     735
     752
     782
     766
     760
     770
     673
     770
     743
     722
     736
     739
     742
     768
     782
     762
     780
     739
     766
     786
     743
     720
     741
     753
     769
     763
     726
     756
     721
     751
     779
     760
     797
     706
     808
     748
     779
     746
     750
     744
     761
     760
     731
     806
     769
     787
     757
     735
     778
     731
     748
     853
     781
     743
     791
     757
     768
     810
     767
     794
     750
     758
     789
     788
     736
     750
     774
     793
     846
     758
     798
     792
     786
     739
     772
     762
     813
     794
     780
     779
     787
     815
     790
     815
     837
     778
     815
     773
     787
     783
     785
     838
     785
     785
     850
     773
     775
     808
     795
     798
     750
     753
     795
     773
     764
     786
     810
     835
     802
     757
     798
     778
     830
     800
     789
     801
     747
     808
     756
     798
     806
     793
     850
     804
     772
     810
     752
     816
     777
     809
     830
     814
     842
     780
     783
     814
     823
     836
     852
     847
     882
     841
     840
     831
     824
     887
     790
     830
     852
     805
     800
     813
     832
     835
     866
     853
     834
     832
     842
     910
     919
     904
     909
     872
     815
     811
     922
     789
     855
     871
     885
     861
     864
     842
     890
     861
     890
     833
     866
     879
     855
     861
     869
     862
     871
     886
     894
     901
     880
     880
     840
     880
     917
     879
     839
     921
     841
     895
     877
     916
     887
     847
     887
     903
     892
     919
     963
     893
     904
     923
     967
     948
     967
     883
     908
     952
     961
     927
     935
     884
     937
     910
    1026
     870
     933
     926
     902
     943
     924
     970
     942
     936
     939
     956
     991
     921
     965
     967
     969
     999
    1000
    1024
    1032
    1017
    1011
    1005
     977
     992
     950
    1032
    1078
    1018
    1074
    1049
     967
    1039
     999
    1038
    1026
     985
    1063
    1072
    1067
    1063
    1020
    1099
    1053
    1134
    1050
    1104
    1090
    1105
    1050
    1076
    1043
    1089
    1164
    1123
    1067
    1082
    1085
    1199
    1155
    1174
    1129
    1183
    1155
    1133
    1154
    1204
    1136
    1196
    1152
    1192
    1212
    1207
    1206
    1226
    1192
    1189
    1213
    1192
    1217
    1219
    1264
    1249
    1243
    1279
    1197
    1279
    1290
    1212
    1287
    1307
    1294
    1352
    1292
    1360
    1310
    1398
    1282
    1248
    1310
    1375
    1333
    1311
    1360
    1338
    1304
    1375
    1382
    1333
    1356
    1368
    1393
    1403
    1413
    1364
    1347
    1384
    1368
    1390
    1371
    1301
    1444
    1332
    1399
    1313
    1349
    1287
    1250
    1327
    1212
    1194
    1167
    1077
    1119
    1132
    1091
    1052
    1061
    1034
    1013
     947
     955
     950
     922
     910
     971
     962
     909
     933
     943
     916
     930
     865
     940
     928
     871
     899
     917
     876
     918
     851
     887
     903
     910
     873
     882
     880
     839
     898
     836
     865
     908
     854
     860
     834
     878
     820
     848
     826
     893
     831
     829
     889
     864
     840
     860
     833
     824
     858
     876
     847
     805
     897
     847
     800
     851
     780
     792
     820
     862
     865
     786
     804
     806
     806
     808
     806
     817
     826
     849
     827
     882
     817
     843
     822
     838
     831
     810
     796
     800
     816
     831
     819
     806
     856
     799
     809
     759
     753
     827
     798
     754
     788
     819
     727
     787
     773
     764
     793
     758
     733
     833
     758
     771
     779
     756
     779
     760
     777
     746
     813
     760
     774
     812
     752
     773
     822
     782
     740
     758
     777
     790
     745
     794
     760
     810
     765
     799
     783
     740
     780
     789
     791
     792
     790
     750
     750
     777
     776
     817
     799
     825
     793
     783
     828
     775
     806
     752
     793
     810
     836
     823
     797
     833
     846
     836
     842
     894
     845
     844
     830
     862
     894
     807
     834
     817
     885
     906
     828
     849
     874
     876
     849
     920
     880
     823
     927
     949
     922
     901
     870
     884
     923
     886
     895
     893
     933
     935
     936
     914
     902
     926
     951
     882
     884
     848
     858
     796
     757
     808
     797
     731
     706
     676
     585
     601
     589
     553
     540
     549
     560
     540
     529
     524
     492
     497
     460
     477
     479
     457
     461
     461
     464
     485
     449
     453
     447
     450
     433
     455
     452
     459
     415
     393
     459
     417
     440
     405
     412
     447
     411
     400
     392
     425
     389
     414
     418
     396
     409
     417
     452
     399
     398
     387
     362
     385
     429
     351
     420
     403
     357
     403
     471
     509
     513
     592
     691
     759
     756
     838
    1014
    1152
    1526
    2814
    8574
   22371
   28996
   16804
    4774
    1033
     360
     307
     287
     285
     273
     274
     261
     288
     248
     306
     258
     294
     284
     282
     233
     258
     268
     232
     266
     229
     258
     269
     227
     209
     245
     233
     230
     224
     218
     221
     209
     192
     206
     192
     230
     195
     193
     244
     168
     201
     191
     195
     179
     171
     188
     160
     164
     173
     168
     161
     154
     162
     153
     148
     132
     153
     154
     153
     119
     125
     124
     122
     114
     139
     126
     104
     118
     130
     127
     105
     116
     115
     111
     112
     103
     114
     120
     118
      99
     108
     106
      90
      93
      96
      87
      87
      88
      87
      69
      95
      87
      90
      69
      83
      84
      79
      83
      83
      94
      73
      74
      74
      80
      82
      68
      73
      64
      57
      73
      77
      80
      78
      76
      53
      88
      72
      65
      72
      64
      60
      60
      59
      78
      58
      59
      52
      53
      65
      48
      67
      56
      65
      65
      69
      54
      66
      45
      64
      58
      54
      47
      61
      57
      50
      51
      62
      65
      62
      56
      63
      63
      53
      71
      64
      52
      39
      64
      52
      62
      67
      44
      58
      63
      43
      55
      63
      64
      48
      68
      51
      63
      57
      47
      54
      64
      39
      51
      57
      52
      51
      48
      54
      45
      64
      58
      40
      53
      57
      60
      44
      49
      61
      53
      81
      58
      59
      76
      80
     106
     120
     168
     216
     271
     346
     452
     482
     541
     703
     940
    1533
    4057
   12062
   22885
   20783
    9402
    2317
     355
      73
      38
      21
      26
      40
      33
      31
      42
      35
      34
      27
      24
      29
      42
      21
      24
      36
      23
      23
      28
      25
      20
      23
      31
      26
      30
      25
      20
      18
      28
      23
      32
      23
      24
      29
      16
      28
      18
      27
      22
      25
      18
      27
      25
      23
      27
      19
      25
      25
      18
      24
      30
      22
      35
      42
      21
      28
      17
      19
      31
      16
      19
      22
      22
      29
      27
      30
      32
      24
      24
      29
      30
      23
      27
      22
      31
      29
      24
      25
      17
      21
      26
      27
      15
      24
      23
      20
      21
      16
      28
      22
      13
      20
      25
      26
      22
      25
      20
      21
      23
      15
      27
      26
      21
      25
      21
      33
      23
      19
      24
      21
      21
      12
      21
      24
      27
      21
      30
      18
      19
      15
      17
      17
      23
      22
      34
      26
      20
      16
      20
      17
      18
      18
      18
      20
      26
      17
      15
      23
      23
      17
      20
      28
      27
      38
      29
      25
      22
      22
      27
      17
      19
      18
      12
      18
      15
      19
      18
      25
      25
      31
      16
      20
      18
      18
      24
      16
      27
      50
      75
      65
      56
      32
      30
      22
      18
      14
      23
      16
      31
      21
      18
      18
      20
      24
      16
      14
      17
      20
      18
      16
      22
      17
      18
      20
      17
      15
      24
      22
       0
       0
       0
       0
       0
       0
       0
       0
       0
       0
       0
       0
       0
       0
       0
       0
       0
       0
       0
       0
       0
       0
       0
       0
       0
       0
       0
       0
       0
       0
       0
       0
$ROI:
0
$PRESETS:
None
0
0
$ENER_FIT:
0.000000 0.731044
$MCA_CAL:
3
0.000000E+000 7.310444E-001 0.000000E+000 keV
$SHAPE_CAL:
3
0.000000E+000 0.000000E+000 0.000000E+000
