$SPEC_ID:
No sample description was entered.
$SPEC_REM:
DET# 4
DETDESC# JLAB-20 MCB 131
AP# Maestro Version 7.01
$DATE_MEA:
10/06/2025 09:41:48
$MEAS_TIM:
672 684
$DATA:
0 2047
       0
       0
       0
       0
       0
       0
       0
       0
       0
       0
       0
       0
       0
       0
       0
       0
       0
       0
       0
       0
       0
       0
       0
       0
       0
       0
       0
       0
       0
       0
       0
       0
       0
       0
       0
       0
       0
       0
       0
       0
       0
       0
       0
       0
       0
       0
       0
       0
       0
       0
       0
       0
       0
       0
       0
       0
       0
       0
       0
       0
       0
       0
       0
       0
       0
       0
       0
       0
       0
       7
     290
     231
     236
     257
     256
     241
     242
     243
     250
     230
     240
     237
     225
     212
     217
     244
     243
     227
     212
     193
     220
     201
     201
     208
     224
     212
     218
     219
     187
     247
     208
     201
     186
     200
     194
     222
     207
     204
     193
     185
     205
     175
     220
     206
     187
     176
     195
     191
     196
     194
     195
     168
     200
     176
     187
     206
     199
     202
     205
     189
     177
     199
     178
     162
     204
     180
     174
     196
     174
     208
     181
     152
     183
     168
     176
     164
     171
     180
     186
     172
     178
     163
     170
     172
     180
     164
     161
     172
     186
     171
     183
     176
     164
     162
     166
     156
     161
     161
     162
     197
     162
     156
     167
     202
     161
     184
     147
     182
     160
     172
     170
     152
     177
     148
     147
     141
     157
     169
     157
     146
     162
     151
     177
     165
     150
     139
     157
     159
     151
     133
     167
     133
     132
     163
     155
     143
     156
     122
     135
     151
     164
     136
     135
     140
     126
     133
     129
     148
     138
     153
     153
     120
     126
     148
     134
     143
     155
     133
     137
     150
     119
     137
     113
     130
     124
     133
     139
     116
     137
      98
     136
     113
     128
     149
     155
     114
     113
     120
     108
     126
     120
     126
     115
     117
     111
     125
     101
     105
     125
     112
     132
     132
     125
     125
     100
     110
     116
     129
     104
      94
     115
     113
     107
     111
     104
     107
     102
     120
     125
     112
      98
     108
     121
      91
     125
     124
     141
     126
     122
      99
      83
     120
     100
     114
     110
     102
     120
     114
     111
     109
     118
     105
     113
     117
     108
     107
     126
      97
     119
     104
     123
     127
      94
     101
      96
      81
      97
      88
      99
     103
     106
     126
      97
     107
     106
     107
     102
      92
      85
      87
     110
     103
     111
      98
     107
      95
      97
      81
     105
      92
      98
     116
     110
     100
      89
     107
      94
      94
     100
      84
      95
      99
     101
      96
     119
     104
      86
      95
     115
      94
      91
      82
      71
     111
     106
      78
      97
      65
     102
      94
     104
     103
     101
     101
      93
      98
      73
      87
      93
     110
      97
     114
      82
      93
     100
      90
      93
     108
     101
      93
      78
     103
      99
      91
      83
      99
      83
      94
      89
      91
      77
      96
      81
      88
      96
     102
     108
      88
      87
      93
      93
      95
     101
      73
      90
      81
      87
     110
     109
      84
     101
      87
      86
      86
      85
     102
      91
      88
      87
      81
      85
      94
      89
      86
      90
     107
      88
      86
      83
      81
      81
      89
      83
      95
      88
      92
      85
      94
      69
     102
      85
      85
      86
      92
     100
     101
      97
      86
      83
      83
      89
      80
      89
      92
      84
      79
      76
      77
      84
      83
      87
      80
      80
      73
      76
      68
      77
      82
      84
      84
      75
      76
      78
      82
      82
      69
      81
      70
      80
      88
      96
      80
      85
      84
      72
      81
      95
      83
      62
      83
      74
      79
      89
      83
      89
     100
      76
      74
     100
      78
      80
      88
      73
      83
      71
      73
      73
      75
      72
      88
      71
      77
      69
      70
      88
      83
      85
      74
      77
      86
      73
      67
      76
      77
      69
      73
      64
      86
      72
      82
      74
      77
      77
      84
      88
      76
      83
      98
      72
      67
      97
      85
      78
      76
      82
      81
      85
      84
      83
      81
      86
      73
      93
      68
      79
      50
      76
      82
      84
      71
      76
      85
     100
      87
      72
      85
      83
      93
      73
      77
      94
      85
      78
      75
      97
      74
      71
      99
     100
      82
      68
      86
      81
      77
      98
      80
      69
      84
      79
      79
      74
      81
      88
      59
      77
      87
      86
      83
      73
      81
      83
      74
      89
      95
      91
      88
      85
      94
      66
      97
      93
      90
      83
      79
      78
      86
      94
      78
      74
      80
      92
      91
      97
      99
      85
      96
      88
      81
      74
      89
      96
      88
      80
      92
      84
      83
      86
      71
      82
      72
      90
      83
      80
      96
      93
      75
      70
      85
      79
      76
      73
      89
      78
      92
     102
      76
      61
      88
      81
      81
     101
      78
      83
      99
      66
      71
      81
      92
      84
      75
      81
      90
      95
      81
      89
      93
      95
      84
     107
      81
      84
      84
      94
      82
     100
      95
      90
      79
     105
      93
     117
      96
      79
      97
      97
      96
      93
     105
     115
      91
      90
      98
      74
     105
      95
      82
      97
     117
     121
     103
     109
     124
      94
     106
     100
     106
     100
      98
      98
      90
     105
     120
     134
     115
     126
     102
     105
     111
      78
     116
     129
     105
     138
     130
     117
     127
     101
     130
     104
     119
     125
     132
     119
     111
     110
     135
     139
     159
     123
     130
     123
     120
     135
     147
     113
     121
     134
     132
     144
     172
     169
     148
     167
     139
     178
     152
     181
     185
     158
     152
     158
     167
     176
     168
     180
     174
     181
     187
     213
     185
     158
     195
     210
     196
     214
     208
     224
     223
     224
     229
     233
     211
     228
     231
     245
     252
     244
     246
     291
     242
     289
     292
     304
     269
     260
     284
     295
     330
     263
     324
     326
     313
     308
     336
     325
     353
     334
     325
     320
     333
     290
     338
     349
     384
     358
     367
     367
     387
     376
     365
     388
     356
     369
     383
     383
     375
     360
     355
     380
     365
     367
     359
     388
     364
     395
     372
     339
     365
     321
     368
     342
     337
     370
     352
     356
     337
     328
     330
     326
     365
     335
     311
     312
     355
     340
     320
     336
     317
     320
     316
     353
     348
     322
     308
     342
     325
     299
     293
     313
     305
     291
     319
     293
     309
     318
     343
     293
     319
     315
     314
     312
     313
     315
     352
     345
     333
     317
     309
     334
     301
     296
     351
     340
     324
     298
     343
     336
     350
     362
     316
     329
     339
     363
     368
     405
     342
     343
     373
     375
     404
     425
     422
     397
     425
     440
     448
     476
     466
     492
     504
     476
     489
     492
     494
     543
     487
     556
     554
     549
     530
     629
     619
     576
     614
     660
     630
     647
     630
     683
     676
     686
     664
     762
     678
     720
     726
     722
     693
     717
     644
     709
     699
     707
     703
     681
     642
     681
     667
     732
     707
     683
     689
     684
     635
     704
     694
     673
     721
     701
     746
     763
     729
     704
     738
     739
     686
     757
     761
     755
     730
     767
     781
     796
     770
     803
     811
     819
     804
     791
     837
     787
     765
     840
     801
     776
     813
     812
     819
     831
     785
     857
     855
     836
     877
     873
     853
     901
     875
     834
     923
     899
     874
     971
     894
     907
     910
     923
     959
     934
     989
     995
     922
    1025
    1019
    1005
     977
     966
    1045
    1017
     983
    1005
    1067
    1033
    1061
    1081
    1056
    1153
    1074
    1104
    1067
    1173
    1119
    1133
    1142
    1175
    1166
    1157
    1172
    1219
    1206
    1188
    1173
    1188
    1192
    1234
    1253
    1306
    1271
    1256
    1313
    1291
    1307
    1295
    1299
    1313
    1342
    1402
    1350
    1358
    1392
    1403
    1374
    1394
    1412
    1431
    1479
    1442
    1416
    1460
    1487
    1526
    1507
    1547
    1577
    1498
    1471
    1543
    1475
    1504
    1486
    1512
    1519
    1566
    1522
    1446
    1576
    1480
    1519
    1508
    1474
    1454
    1516
    1544
    1478
    1512
    1390
    1381
    1448
    1419
    1447
    1322
    1339
    1377
    1344
    1437
    1418
    1540
    1667
    1856
    2296
    2756
    3387
    4178
    5027
    5862
    7068
    8361
    9312
   10561
   11205
   11846
   12765
   12917
   13029
   12785
   12527
   11880
   11104
   10323
    9502
    8731
    7725
    6862
    5961
    5180
    4405
    3694
    2960
    2467
    1933
    1465
    1149
     806
     591
     388
     263
     198
     131
     106
      69
      67
      46
      53
      45
      48
      42
      47
      45
      45
      47
      54
      57
      42
      41
      58
      43
      54
      53
      48
      45
      38
      42
      37
      45
      38
      45
      47
      46
      44
      47
      49
      53
      43
      52
      50
      43
      38
      49
      54
      36
      35
      56
      39
      30
      46
      54
      52
      43
      42
      51
      57
      35
      44
      46
      38
      53
      34
      38
      47
      46
      48
      48
      59
      52
      47
      42
      49
      48
      41
      43
      34
      37
      47
      55
      61
      57
      51
      45
      37
      60
      52
      45
      41
      50
      35
      45
      53
      57
      46
      51
      48
      55
      38
      45
      55
      52
      54
      44
      56
      50
      45
      58
      49
      43
      49
      44
      44
      47
      52
      48
      48
      69
      56
      57
      68
      64
      74
      63
      78
      81
      60
      58
      62
      63
      70
      51
      62
      58
      50
      70
      65
      49
      74
      60
      53
      45
      46
      47
      55
      52
      54
      36
      53
      50
      52
      42
      38
      64
      51
      49
      43
      48
      50
      55
      54
      52
      59
      73
      45
      61
      63
      54
      42
      52
      55
      47
      54
      49
      57
      47
      60
      52
      52
      53
      38
      59
      56
      46
      42
      50
      58
      50
      43
      49
      58
      43
      54
      45
      38
      47
      36
      37
      52
      54
      34
      50
      34
      45
      58
      48
      40
      51
      49
      46
      39
      52
      43
      56
      41
      44
      46
      48
      44
      50
      47
      48
      40
      57
      49
      48
      61
      49
      55
      40
      45
      62
      52
      64
      55
      57
      39
      49
      58
      58
      49
      49
      63
      40
      60
      49
      37
      51
      64
      59
      46
      44
      58
      47
      58
      53
      58
      48
      54
      56
      52
      60
      56
      57
      48
      51
      55
      59
      69
      67
      52
      65
      56
      55
      64
      82
      55
      80
      61
      72
      54
      73
      56
      73
      65
      76
      67
      57
      62
      42
      57
      56
      70
      64
      74
      62
      60
      54
      61
      47
      66
      61
      61
      53
      54
      51
      59
      46
      50
      67
      65
      64
      60
      60
      60
      66
      62
      55
      43
      60
      72
      58
      64
      54
      53
      47
      64
      52
      56
      64
      60
      46
      61
      71
      56
      73
      42
      50
      54
      69
      57
      66
      59
      58
      55
      69
      61
      72
      67
      68
      72
      81
      58
      63
      57
      47
      60
      72
      60
      65
      59
      54
      72
      61
      58
      57
      63
      59
      54
      62
      60
      56
      56
      69
      54
      50
      60
      53
      48
      62
      65
      57
      72
      61
      48
      66
      63
      74
      64
      65
      76
      84
      61
      72
      68
      66
      64
      81
      56
      69
      66
      57
      74
      59
      67
      72
      68
      63
      80
      57
      63
      61
      71
      60
      51
      58
      68
      54
      63
      67
      61
      67
      74
      56
      54
      60
      64
      69
      75
      74
      71
      63
      68
      74
      73
      60
      69
      53
      63
      55
      80
      68
      67
      61
      60
      75
      81
      73
      71
      84
      76
      51
      74
      65
      82
      72
      67
      86
      91
      77
      60
      79
      76
      61
      75
      61
      73
      68
      75
      69
      76
      53
      76
      61
      79
      72
      80
      81
      63
      65
      83
      69
      75
      60
      56
      64
      89
      67
      69
      65
      79
      70
      78
      83
      69
      77
      63
      69
      68
      78
      66
      81
      79
      64
      72
      66
      68
      69
      65
      85
      90
      74
      82
      78
      73
      81
      96
      70
      73
      81
      74
      67
      78
      78
      83
      69
      71
      68
      73
      80
      67
      49
      88
      89
      70
      65
      84
      65
      78
      66
      80
      81
      67
      64
      76
      67
      68
      70
      85
      73
      73
      76
      72
      64
      64
      64
      67
      71
      81
      66
      67
      80
      68
      70
      58
      82
      71
      61
      73
      59
      69
      70
      68
      65
      65
      75
      69
      71
      76
      81
      62
      73
      71
      66
      67
      72
      63
      79
      73
      60
      71
      80
      64
      67
      84
      77
      82
      64
      87
      69
      78
      67
      69
      67
      70
      63
      79
      69
      64
      64
      80
      77
      68
      75
      67
      62
      84
      61
      80
      70
      66
      63
      54
      78
      80
      77
      71
      68
      73
      62
      66
      72
      70
      76
      75
      83
      67
      70
      88
      83
      79
      89
      73
      68
      59
      74
      76
      73
      78
      66
      71
      68
      74
      70
      64
      73
      66
      80
      82
      76
      72
      58
      68
      69
      75
      71
      80
      70
      76
      58
      59
      73
      74
      77
      57
      73
      64
      63
      64
      67
      77
      76
      68
      67
      66
      63
      59
      79
      77
      63
      70
      74
      62
      60
      79
      55
      64
      81
      62
      71
      79
      66
      79
      62
      78
      66
      51
      63
      54
      64
      65
      78
      66
      67
      74
      67
      41
      58
      71
      61
      74
      69
      56
      59
      77
      62
      81
      66
      74
      77
      80
      63
      72
      73
      82
      76
      77
     107
      74
      73
      93
      86
      82
      97
      82
      82
      87
      78
      77
      80
      82
      81
      73
      72
      75
      75
      55
      61
      75
      71
      48
      66
      55
      63
      84
      64
      49
      55
      55
      53
      55
      53
      66
      59
      69
      64
      59
      58
      66
      60
      42
      50
      57
      75
      69
      68
      56
      62
      58
      57
      69
      68
      63
      73
      58
      51
      58
      69
      56
      56
      73
      63
      46
      54
      70
      71
      71
      77
      67
      70
      78
      71
      84
      88
      85
     103
     102
      72
      84
     117
     107
      88
      81
      93
      78
      87
      83
      98
      76
      68
      62
      76
      72
      77
      64
      70
      59
      48
      77
      40
      73
      57
       0
       0
       0
       0
       0
       0
       0
       0
       0
       0
       0
       0
       0
       0
       0
       0
       0
       0
       0
       0
       0
       0
       0
       0
       0
       0
       0
       0
       0
       0
       0
       0
$ROI:
0
$PRESETS:
None
0
0
$ENER_FIT:
0.104017 0.051493
$MCA_CAL:
3
1.040166E-001 5.149331E-002 0.000000E+000 keV
$SHAPE_CAL:
3
0.000000E+000 0.000000E+000 0.000000E+000
