$SPEC_ID:
No sample description was entered.
$SPEC_REM:
DET# 4
DETDESC# JLAB-20 MCB 131
AP# Maestro Version 7.01
$DATE_MEA:
10/06/2025 11:22:07
$MEAS_TIM:
534 1031
$DATA:
0 2047
       0
       0
       0
       0
       0
       0
       0
       0
       0
       0
       0
       0
       0
       0
       0
       0
       0
       0
       0
       0
       0
       0
       0
       0
       0
       0
       0
       0
       0
       0
       0
       0
       0
       0
       0
       0
       0
       0
       0
       0
       0
       0
       0
       0
       0
       0
       0
       0
       0
       0
       0
       0
       0
       0
       0
       0
       0
       0
       0
       0
       0
       0
       0
       0
       0
       0
       0
       0
       0
    1400
   36148
   38077
   37946
   37693
   37549
   37712
   37457
   37803
   37761
   37330
   37488
   37304
   37303
   37500
   36913
   36696
   37034
   37158
   37013
   36827
   36779
   36949
   36710
   36192
   36728
   36253
   36409
   36527
   36364
   36191
   36132
   36224
   36096
   36048
   35898
   35755
   35596
   35846
   35614
   35587
   35479
   35308
   35485
   35474
   35375
   35053
   35315
   35405
   34981
   35118
   35130
   34958
   35210
   34754
   35385
   35020
   34868
   34645
   34570
   34885
   34889
   34878
   34762
   34592
   34365
   34513
   34787
   34627
   34869
   34560
   34930
   34911
   34575
   34880
   34808
   35109
   34906
   35004
   35502
   34875
   35061
   35116
   34707
   35329
   35110
   35017
   35283
   35175
   34992
   35022
   35021
   35143
   35106
   34980
   35348
   34863
   35005
   35268
   35073
   35138
   34864
   35161
   35135
   34834
   35208
   35183
   34683
   34978
   35297
   35180
   34829
   35305
   35116
   35040
   35088
   34716
   35063
   34766
   35018
   35045
   34837
   35066
   35152
   34745
   35053
   35147
   35115
   34748
   34887
   34842
   34811
   34955
   35161
   34969
   34963
   35489
   34992
   35273
   35227
   35284
   35446
   35493
   35573
   35646
   35899
   35617
   35650
   36047
   35653
   36361
   36419
   36540
   36611
   37013
   37543
   37385
   37836
   38471
   38648
   39227
   39253
   39629
   40173
   40919
   41690
   42248
   42846
   43110
   44121
   43934
   44087
   44130
   44038
   44172
   44316
   44143
   43801
   44081
   44215
   44030
   43989
   43920
   43971
   43633
   43295
   43271
   43541
   43447
   42968
   43273
   42562
   42429
   42469
   42375
   42022
   41664
   41632
   41626
   41707
   41468
   40989
   41057
   40877
   40356
   40622
   40546
   40184
   40059
   40204
   39482
   39583
   39510
   39636
   39115
   39608
   39414
   39278
   39459
   39293
   39079
   39046
   39391
   38859
   38859
   39077
   39035
   38868
   38710
   38800
   38745
   38735
   38394
   38356
   38671
   38185
   38210
   38220
   38114
   37745
   37448
   38147
   37533
   37570
   37433
   37279
   37093
   37054
   37016
   37261
   37072
   36990
   36478
   36742
   36510
   36545
   36679
   36825
   36523
   36546
   36442
   36308
   36477
   35821
   36206
   36454
   35990
   36256
   36134
   36174
   36108
   36090
   36198
   36020
   36260
   36130
   36161
   36036
   36262
   35843
   36031
   36008
   35687
   36026
   35688
   35754
   35443
   35520
   35977
   35433
   35772
   35746
   35685
   35445
   35569
   36124
   35901
   35443
   35700
   35916
   35420
   35735
   36062
   36142
   36153
   36095
   35830
   35995
   36180
   36116
   36261
   36186
   36229
   36413
   36234
   36467
   36283
   36641
   36874
   36599
   36624
   36845
   37133
   36996
   37415
   36956
   37390
   37293
   37663
   37600
   38041
   37745
   38127
   38135
   38528
   38871
   38400
   38458
   38780
   39327
   39529
   39481
   39908
   40040
   39985
   40294
   40710
   40454
   40410
   41212
   41463
   41669
   41767
   41989
   41785
   42432
   42433
   42987
   43431
   43141
   43824
   44182
   44483
   44850
   44891
   45270
   45421
   45330
   45772
   45941
   46417
   46556
   46683
   47196
   46788
   47221
   47890
   47439
   47532
   48084
   47555
   47730
   48426
   47868
   47945
   47460
   47138
   47076
   46597
   46569
   45783
   44741
   44082
   43487
   42481
   41235
   40048
   38903
   37888
   36395
   34931
   34002
   32752
   32077
   31391
   30312
   29919
   29227
   28812
   28166
   28059
   28003
   27442
   27294
   26838
   26292
   26257
   26065
   25780
   25684
   25305
   25080
   25019
   24682
   24599
   24700
   24033
   24131
   23887
   23828
   23587
   22846
   23255
   22705
   22470
   22435
   22318
   22028
   21832
   21740
   21654
   21391
   21188
   20927
   20664
   20636
   20620
   20456
   20278
   20066
   19905
   19741
   19595
   19426
   19201
   18808
   18683
   18817
   18810
   18520
   18062
   17865
   18045
   17930
   17688
   17612
   17388
   17392
   17036
   16911
   16677
   16621
   16675
   16691
   16181
   15901
   15941
   16029
   15631
   15539
   15383
   15349
   15328
   15109
   15004
   14649
   14617
   14647
   14484
   14422
   14354
   14009
   14057
   13900
   13795
   13712
   13948
   13765
   13625
   13409
   13431
   13380
   13348
   13316
   13245
   13069
   13182
   13101
   13196
   12940
   13086
   12927
   12938
   12812
   12851
   12627
   12552
   12670
   12664
   12921
   12679
   12785
   12526
   12404
   12492
   12521
   12645
   12386
   12607
   12411
   12336
   12463
   12508
   12350
   12295
   12347
   12617
   12464
   12290
   12258
   12193
   12322
   12149
   12041
   12201
   12145
   12229
   12233
   11828
   12133
   12035
   11731
   11901
   11898
   11714
   11964
   11791
   11749
   11818
   11677
   11581
   11640
   11546
   11443
   11727
   11630
   11453
   11537
   11415
   11580
   11204
   11487
   11455
   11444
   11365
   11270
   11334
   11276
   11288
   11216
   11221
   11235
   11108
   11120
   11123
   11187
   11022
   11190
   11316
   11354
   11304
   11611
   11817
   11757
   12291
   12203
   12661
   12870
   13433
   14272
   15002
   15639
   16593
   18009
   18994
   21091
   23000
   25154
   28084
   31465
   34841
   39292
   44213
   49592
   56016
   63384
   71713
   80663
   90376
  101671
  112584
  125197
  139407
  152760
  167771
  184855
  206531
  236459
  279308
  333581
  387965
  409620
  378980
  306192
  215949
  140242
   84767
   51048
   32909
   22765
   18153
   15637
   14790
   13933
   13925
   13326
   13584
   13246
   13146
   13087
   12963
   13018
   12691
   12539
   12655
   12521
   12304
   12405
   12365
   12307
   12088
   12137
   11896
   11994
   11820
   11855
   11805
   11737
   11835
   11589
   11829
   11493
   11349
   11528
   11486
   11546
   11352
   11483
   11257
   11467
   11350
   11106
   11082
   11114
   10925
   11103
   11016
   11057
   11037
   10979
   10997
   10846
   10807
   11008
   10863
   10832
   10598
   10824
   10894
   10725
   10511
   10653
   10598
   10591
   10551
   10513
   10600
   10588
   10567
   10594
   10573
   10539
   10421
   10463
   10231
   10548
   10604
   10458
   10326
   10585
   10304
   10361
   10496
   10375
   10162
   10152
   10337
   10359
   10308
   10239
   10151
   10277
   10156
   10041
   10163
   10136
   10037
    9995
   10102
    9936
   10104
   10002
   10130
   10040
    9909
    9971
    9930
   10049
    9917
    9881
    9824
    9896
    9831
    9795
    9849
    9749
    9798
    9568
    9625
    9727
    9697
    9631
    9684
    9769
    9669
    9685
    9705
    9699
    9714
    9635
    9545
    9683
    9630
    9656
    9610
    9601
    9490
    9814
    9417
    9345
    9577
    9455
    9585
    9514
    9502
    9590
    9499
    9354
    9564
    9273
    9580
    9383
    9510
    9387
    9456
    9267
    9405
    9277
    9545
    9432
    9355
    9420
    9428
    9301
    9315
    9435
    9326
    9282
    9328
    9404
    9356
    9233
    9292
    9393
    9071
    9253
    9081
    9086
    9359
    9105
    9233
    9235
    8984
    9139
    9088
    9157
    9093
    9033
    9170
    9096
    8978
    8970
    9072
    9059
    9022
    9139
    9096
    9040
    9036
    9034
    9066
    8975
    8907
    9026
    9010
    9031
    8946
    9040
    8980
    8847
    8963
    8964
    8949
    9074
    9176
    9133
    9013
    8965
    8978
    8949
    9117
    9191
    9072
    9014
    9108
    9300
    9357
    9233
    9201
    9095
    9030
    9214
    9041
    8996
    9082
    8965
    8975
    8956
    9068
    8751
    8929
    8805
    8833
    8782
    8811
    8925
    8675
    8682
    8747
    8782
    8758
    8583
    8748
    8694
    8612
    8673
    8835
    8593
    8623
    8410
    8446
    8631
    8555
    8389
    8540
    8716
    8547
    8488
    8401
    8586
    8522
    8554
    8379
    8420
    8371
    8488
    8332
    8461
    8375
    8396
    8445
    8365
    8440
    8287
    8470
    8414
    8358
    8384
    8419
    8390
    8539
    8243
    8357
    8480
    8348
    8148
    8322
    8393
    8085
    8167
    8159
    8197
    8298
    8241
    8177
    8367
    8273
    8183
    8165
    8065
    8134
    8320
    8147
    8190
    8070
    8101
    8154
    8075
    8264
    8202
    8218
    8160
    8165
    8272
    7991
    8130
    7956
    8256
    8140
    8335
    8106
    8266
    8179
    8139
    8283
    8241
    8129
    8095
    8201
    8112
    7990
    8026
    8175
    7922
    7932
    7987
    8053
    7980
    7971
    8000
    8106
    7962
    7899
    8018
    7842
    7958
    8075
    7960
    7915
    7938
    7849
    7850
    7883
    7977
    8098
    8021
    7998
    7957
    7899
    7798
    7871
    7933
    7891
    7861
    7883
    7979
    7823
    7794
    7745
    7815
    7958
    7888
    7775
    7691
    7876
    8001
    7759
    7960
    7756
    7819
    7834
    7895
    7868
    7745
    8009
    7791
    7969
    7856
    7845
    7831
    7737
    7708
    7936
    7924
    7668
    7779
    7870
    7769
    7837
    7754
    7807
    7959
    7787
    7734
    7882
    7839
    7666
    7788
    7723
    7816
    7863
    7754
    7832
    7678
    7830
    7755
    7883
    7880
    7606
    7692
    7725
    7578
    7673
    7887
    7637
    7656
    7729
    7729
    7659
    7786
    7666
    7708
    7581
    7624
    7587
    7501
    7613
    7515
    7609
    7662
    7356
    7427
    7535
    7565
    7458
    7568
    7556
    7665
    7444
    7385
    7492
    7519
    7389
    7357
    7440
    7459
    7428
    7286
    7469
    7436
    7450
    7453
    7443
    7350
    7392
    7408
    7264
    7441
    7538
    7287
    7328
    7382
    7405
    7478
    7318
    7307
    7410
    7422
    7354
    7332
    7428
    7500
    7446
    7423
    7537
    7378
    7504
    7164
    7442
    7267
    7593
    7309
    7535
    7517
    7415
    7358
    7547
    7451
    7303
    7432
    7538
    7743
    7533
    7409
    7630
    7455
    7431
    7342
    7531
    7385
    7554
    7383
    7402
    7398
    7504
    7682
    7498
    7630
    7586
    7488
    7384
    7499
    7445
    7413
    7372
    7430
    7376
    7491
    7620
    7457
    7637
    7628
    7506
    7582
    7623
    7520
    7578
    7504
    7569
    7762
    7644
    7707
    7605
    7639
    7720
    7693
    7653
    7782
    7659
    7731
    7745
    7802
    7705
    7627
    7743
    7613
    7800
    7707
    7809
    7653
    7793
    8000
    7813
    7913
    7948
    8030
    7880
    7792
    7820
    8010
    7903
    7988
    7844
    7962
    7826
    8006
    8039
    7937
    8010
    7924
    7844
    8033
    7939
    8038
    8063
    8137
    8097
    8218
    8189
    8179
    8159
    8242
    8164
    8148
    8189
    8056
    8257
    8375
    8284
    8279
    8177
    8267
    8344
    8375
    8233
    8327
    8467
    8399
    8447
    8520
    8560
    8488
    8498
    8581
    8516
    8630
    8501
    8586
    8617
    8714
    8696
    8564
    8715
    8840
    8752
    8882
    8936
    8970
    8771
    8773
    8846
    8924
    8927
    9151
    9116
    9280
    9040
    9136
    9344
    9218
    9146
    9015
    9360
    9364
    9355
    9295
    9407
    9376
    9453
    9474
    9597
    9661
    9574
    9719
    9970
    9825
    9819
    9733
    9971
   10010
   10043
   10183
   10290
   10482
   10378
   10391
   10479
   10428
   10405
   10715
   10616
   10658
   11105
   10680
   10868
   11072
   10786
   10972
   10868
   10760
   10717
   10733
   10451
   10259
   10383
   10336
   10304
   10420
   10258
   10503
   10409
   10491
   10734
   10705
   10510
   10897
   10906
   10754
   11060
   11093
   11046
   11094
   10978
   11005
   11161
   11086
   11219
   11174
   11272
   11225
   11290
   11163
   11352
   11341
   11371
   11333
   11408
   11347
   11194
   11261
   11134
   11100
   11014
   10915
   10654
   10614
   10308
   10339
   10116
    9897
    9725
    9574
    9333
    8829
    8806
    8660
    8441
    8274
    8162
    8168
    7861
    7706
    7796
    7571
    7636
    7681
    7428
    7532
    7507
    7509
    7288
    7164
    7196
    7201
    7273
    7114
    7054
    6981
    7343
    6988
    6915
    6904
    7123
    6736
    6983
    6823
    6775
    6823
    6858
    6744
    6703
    6786
    6628
    6737
    6723
    6567
    6631
    6574
    6624
    6566
    6431
    6454
    6450
    6444
    6416
    6384
    6357
    6354
    6308
    6253
    6248
    6275
    6235
    6241
    6229
    6187
    6126
    6311
    6053
    6023
    5929
    5991
    6034
    5967
    6071
    5915
    5865
    5908
    5841
    5808
    5805
    5707
    5769
    5772
    5673
    5623
    5702
    5640
    5697
    5509
    5466
    5486
    5502
    5362
    5404
    5312
    5391
    5418
    5355
    5344
    5271
    5302
    5130
    5138
    5121
    4915
    4950
    5029
    5089
    4957
    4887
    4930
    4820
    4660
    4809
    4791
    4589
    4603
    4690
    4578
    4700
    4495
    4606
    4626
    4448
    4425
    4436
    4427
    4323
    4436
    4372
    4357
    4248
    4308
    4128
    4195
    4096
    4144
    4125
    3933
    4034
    4010
    4002
    3930
    3928
    3866
    3959
    3932
    3863
    3852
    3843
    3898
    3894
    3899
    3789
    3901
    3743
    3758
    3703
    3546
    3561
    3535
    3656
    3630
    3593
    3591
    3475
    3507
    3503
    3552
    3494
    3402
    3370
    3438
    3336
    3382
    3400
    3384
    3419
    3376
    3364
    3436
    3401
    3374
    3353
    3303
    3328
    3312
    3336
    3228
    3311
    3387
    3303
    3293
    3131
    3268
    3294
    3117
    3140
    3210
    3241
    3183
    3348
    3199
    3190
    3251
    3197
    3125
    3206
    3139
    3155
    3182
    3114
    3084
    3185
    3128
    3098
    3067
    3110
    3198
    3042
    3073
    2977
    3070
    3075
    2988
    3042
    2980
    3028
    3087
    2990
    3036
    2953
    2909
    2882
    3006
    3012
    3099
    3017
    3005
    3034
    2940
    3015
    2952
    3011
    2925
    2917
    2987
    2929
    2863
    3010
    2962
    3011
    2898
    3118
    3042
    3084
    3145
    3156
    3243
    3341
    3427
    3479
    3617
    3918
    3944
    4254
    4572
    4948
    5515
    5740
    6394
    7223
    7810
    8628
    9656
   10729
   12155
   13539
   14837
   16989
   18835
   20836
   23292
   25477
   28122
   30440
   33278
   37094
   41483
   48288
   59522
   72772
   80876
   76018
   60055
   40641
   25075
   15269
    9411
    6702
    5409
    4634
    4263
    4166
    4016
    3924
    4004
    3808
    3901
    3794
    3782
    3684
    3727
    3652
    3729
    3569
    3668
    3560
    3522
    3507
    3649
    3439
    3485
    3365
    3538
    3361
    3392
    3369
    3393
    3396
    3341
    3313
    3385
    3338
    3377
    3261
    3270
    3293
    3286
    3151
    3166
    3374
    3221
    3200
    3211
    3143
    3211
    3132
    3242
    3177
    3152
    3205
    3167
    3207
    3122
    3179
    3093
    3167
    3090
    3150
    3163
    3161
    3116
    3131
    3138
    3159
    3116
    3094
    3128
    2956
    3031
    3069
    3046
    3022
    2993
    3013
    2993
    2966
    2892
    2974
    2970
    2915
    2920
    2955
    2958
    2892
    2973
    2985
    2821
    2807
    2822
    2809
    2891
    2943
    2924
    2829
    2752
    2823
    2911
    2880
    2875
    2905
    2881
    2897
    2793
    2867
    2802
    2838
    2883
    2820
    2718
    2748
    2677
    2682
    2730
    2702
    2714
    2739
    2716
    2614
    2744
    2770
    2725
    2765
    2651
    2765
    2745
    2632
    2749
    2628
    2685
    2659
    2689
    2625
    2646
    2548
    2604
    2740
    2637
    2612
    2617
    2528
    2588
    2493
    2554
    2548
    2506
    2601
    2578
    2523
    2541
    2456
    2467
    2514
    2397
    2553
    2524
    2525
    2444
    2495
    2470
    2485
    2458
    2449
    2449
    2472
    2545
    2386
    2424
    2498
    2532
    2400
    2416
    2371
    2378
    2417
    2374
    2384
    2331
    2394
    2387
    2299
    2369
    2328
    2398
    2313
    2327
    2282
    2277
    2236
    2346
    2238
    2354
    2317
    2300
    2296
    2365
    2230
    2412
    2325
    2262
    2328
    2265
    2237
    2341
    2232
    2305
    2312
    2248
    2281
    2255
    2291
    2287
    2267
    2219
    2242
    2342
    2293
    2350
    2327
    2247
    2289
    2290
    2346
    2320
    2223
    2311
    2320
    2282
    2255
    2251
    2364
    2311
    2339
    2291
    2270
    2129
    2288
    2249
    2204
    2282
    2237
    2239
    2348
    2324
    2248
    2220
    2275
    2234
    2255
    2239
    2146
    2154
    2306
    2200
    2176
    2226
    2109
    2184
    2098
    2115
    2140
    2170
    2246
    2160
    2133
       0
       0
       0
       0
       0
       0
       0
       0
       0
       0
       0
       0
       0
       0
       0
       0
       0
       0
       0
       0
       0
       0
       0
       0
       0
       0
       0
       0
       0
       0
       0
       0
$ROI:
0
$PRESETS:
None
0
0
$ENER_FIT:
0.000000 0.731044
$MCA_CAL:
3
0.000000E+000 7.310444E-001 0.000000E+000 keV
$SHAPE_CAL:
3
0.000000E+000 0.000000E+000 0.000000E+000
