$SPEC_ID:
No sample description was entered.
$SPEC_REM:
DET# 4
DETDESC# JLAB-20 MCB 131
AP# Maestro Version 7.01
$DATE_MEA:
10/08/2025 10:25:27
$MEAS_TIM:
372 388
$DATA:
0 2047
       0
       0
       0
       0
       0
       0
       0
       0
       0
       0
       0
       0
       0
       0
       0
       0
       0
       0
       0
       0
       0
       0
       0
       0
       0
       0
       0
       0
       0
       0
       0
       0
       0
       0
       0
       0
       0
       0
       0
       0
       0
       0
       0
       0
       0
       0
       0
       0
       0
       0
       0
       0
       0
       0
       0
       0
       0
       0
       0
       0
       0
       0
       0
       0
       0
       0
       0
       0
       0
       4
     274
     298
     248
     242
     251
     253
     254
     234
     232
     256
     229
     218
     239
     224
     212
     195
     220
     201
     205
     203
     175
     173
     178
     172
     176
     161
     180
     192
     190
     166
     181
     161
     169
     170
     169
     154
     145
     174
     151
     162
     143
     152
     137
     165
     156
     143
     157
     131
     143
     139
     149
     131
     141
     141
     141
     141
     119
     118
     125
     121
     102
     116
     124
     119
     109
     109
     111
      95
     124
     131
     104
     114
      94
     108
     107
      93
     121
     119
      84
     106
      96
     118
     113
     110
      93
      98
      97
      91
     110
      79
     105
     109
      88
      94
      92
      82
     107
      91
      81
      91
      80
      84
      92
      82
      75
     102
      92
      82
     104
      86
     100
      81
      85
      88
      90
      94
      87
      87
      83
      78
      81
      82
      79
      60
      83
      70
      83
      75
      77
      79
      77
      89
      83
      66
      84
      81
      69
      69
      69
      72
      75
      72
      73
      63
      80
      63
      77
      64
      83
      75
      61
      73
      69
      70
      42
      78
      78
      72
      88
      70
      65
      67
      74
      76
      59
      75
      62
      50
      57
      60
      70
      63
      70
      77
      74
      66
      57
      50
      75
      71
      79
      67
      58
      64
      66
      68
      57
      72
      60
      69
      71
      67
      75
      59
      78
      64
      53
      60
      54
      80
      68
      83
      84
      79
      78
      77
      63
      79
      82
      96
      90
      79
      93
      97
      96
      89
      76
      87
      87
      78
      84
      96
      83
      92
     104
      81
     114
     105
      96
     104
     120
     123
     137
     137
     144
     148
     188
     204
     205
     209
     222
     230
     244
     287
     303
     321
     335
     352
     360
     323
     354
     354
     366
     356
     337
     368
     356
     345
     396
     392
     411
     443
     457
     487
     512
     564
     603
     640
     677
     721
     827
     905
     983
    1083
    1113
    1257
    1265
    1271
    1362
    1436
    1434
    1442
    1460
    1499
    1450
    1463
    1446
    1368
    1371
    1306
    1293
    1213
    1167
    1097
    1039
     946
     900
     829
     773
     688
     670
     629
     514
     465
     415
     332
     300
     277
     217
     205
     180
     138
     154
     123
     110
      92
      83
      91
      84
      86
      94
      88
      62
      99
      86
      87
     109
     110
      96
      92
      97
      97
     117
     107
     116
     111
     138
     133
     123
     101
     142
     129
     127
     152
     138
     132
     164
     148
     151
     179
     192
     188
     221
     244
     272
     286
     257
     260
     317
     322
     317
     320
     325
     362
     372
     318
     358
     360
     320
     350
     369
     335
     309
     322
     326
     311
     284
     271
     262
     229
     254
     187
     218
     185
     207
     149
     142
     161
     115
      99
     130
      94
      83
      84
      91
      74
      63
      81
      77
      53
      72
      59
      58
      54
      55
      51
      54
      60
      64
      41
      46
      40
      27
      48
      40
      40
      42
      41
      32
      55
      42
      52
      41
      56
      47
      58
      55
      55
      52
      59
      48
      49
      51
      51
      45
      53
      47
      45
      43
      55
      48
      47
      55
      46
      48
      37
      45
      59
      45
      53
      53
      52
      53
      68
      60
      64
      53
      50
      65
      62
      61
      68
      68
      62
      58
      66
      61
      60
      59
      66
      69
      74
      91
      75
      83
      69
      64
      69
      72
      73
      88
      71
      87
      87
      78
      86
      79
      73
     100
     102
     101
     104
      81
      99
     100
     114
      97
     108
     108
     122
     123
     118
     158
     115
     123
     143
     143
     159
     157
     144
     147
     176
     170
     175
     175
     182
     192
     201
     193
     204
     236
     211
     211
     255
     284
     271
     289
     292
     310
     319
     361
     396
     393
     420
     473
     525
     514
     597
     702
     751
     842
    1093
    1206
    1445
    1769
    2112
    2512
    3075
    3825
    4500
    5443
    6357
    7331
    8633
    9626
   11186
   12370
   13866
   15245
   16585
   17764
   18942
   19888
   20843
   21632
   22199
   22892
   23140
   23294
   23161
   22717
   22357
   21933
   21145
   20392
   19531
   18656
   17824
   16666
   15738
   14768
   13474
   12625
   11304
   10193
    9196
    8308
    7278
    6420
    5258
    4776
    3936
    3191
    2720
    2241
    1790
    1405
    1196
     903
     717
     566
     440
     321
     293
     234
     227
     202
     198
     204
     202
     184
     188
     188
     199
     203
     199
     238
     231
     261
     304
     273
     322
     341
     354
     444
     529
     514
     647
     737
     895
    1142
    1259
    1584
    1816
    2119
    2378
    2662
    2996
    3413
    3879
    4220
    4459
    4866
    5120
    5519
    5760
    5895
    6108
    6293
    6320
    6281
    6483
    6410
    6274
    6175
    6056
    5976
    5779
    5461
    5499
    5345
    4935
    4709
    4456
    4094
    3760
    3547
    3256
    2954
    2612
    2412
    2177
    1890
    1718
    1521
    1340
    1146
     973
     862
     774
     695
     592
     435
     407
     344
     279
     231
     223
     173
     158
     114
      92
      85
      56
      69
      44
      40
      32
      28
      28
      18
      16
      25
      19
      15
      21
      17
      26
      16
      24
      21
      24
      17
      14
      15
      19
      14
      15
      18
      17
      16
      18
      17
      24
      16
      20
      17
       9
      18
      13
      18
      14
      13
      19
      20
      20
      18
      15
      13
      14
      13
      19
      17
      19
      21
      19
       7
      22
      14
      24
      16
      16
      19
      16
      20
      21
      17
      23
      17
      22
      21
      17
       8
       9
      24
      23
      19
      14
      26
      16
      16
      22
      12
      20
      20
      27
      16
      16
      17
      15
      25
      18
      17
      22
      27
      13
      20
      16
      12
      14
      17
      14
      17
      16
      16
      10
      17
      17
      16
      14
      26
      18
      17
      25
      25
      22
      21
      11
      24
      22
      14
      18
      25
      19
      30
      21
      27
      13
      23
      22
      20
      22
      23
      19
      29
      31
      15
      26
      23
      31
      19
      28
      27
      26
      36
      32
      22
      28
      27
      22
      34
      27
      42
      34
      29
      24
      26
      25
      27
      35
      25
      27
      31
      31
      19
      21
      25
      26
      35
      25
      45
      31
      29
      35
      38
      30
      25
      26
      25
      28
      17
      35
      30
      33
      22
      38
      39
      27
      31
      36
      30
      28
      35
      22
      30
      23
      34
      37
      31
      33
      39
      22
      35
      31
      33
      31
      26
      21
      35
      34
      34
      27
      31
      30
      41
      29
      37
      33
      38
      35
      37
      32
      28
      41
      32
      39
      34
      30
      37
      25
      44
      33
      24
      43
      25
      31
      38
      32
      29
      24
      36
      26
      33
      38
      29
      22
      34
      27
      37
      23
      31
      37
      29
      39
      40
      26
      29
      25
      28
      26
      30
      27
      31
      31
      32
      25
      31
      34
      35
      29
      34
      34
      24
      26
      31
      33
      35
      31
      32
      32
      34
      27
      29
      28
      25
      23
      26
      28
      34
      31
      34
      22
      35
      41
      27
      43
      35
      30
      26
      43
      33
      34
      29
      28
      33
      36
      33
      23
      49
      31
      41
      36
      28
      18
      39
      39
      25
      34
      30
      33
      32
      36
      37
      40
      25
      38
      27
      27
      38
      44
      36
      37
      42
      30
      33
      37
      33
      40
      40
      37
      29
      34
      31
      35
      34
      27
      31
      39
      23
      29
      38
      31
      40
      35
      35
      41
      38
      38
      33
      37
      37
      32
      51
      34
      35
      40
      48
      28
      32
      41
      37
      38
      40
      49
      39
      41
      40
      46
      40
      43
      54
      38
      41
      42
      39
      38
      51
      34
      43
      35
      29
      49
      36
      48
      34
      46
      43
      47
      45
      38
      35
      55
      49
      33
      30
      42
      44
      47
      37
      54
      39
      43
      35
      46
      44
      43
      43
      35
      40
      39
      53
      47
      48
      42
      57
      38
      48
      31
      34
      38
      51
      48
      36
      52
      40
      63
      47
      45
      67
      38
      40
      41
      50
      51
      43
      44
      45
      41
      45
      45
      45
      50
      34
      40
      59
      52
      45
      63
      67
      35
      57
      56
      56
      50
      52
      43
      40
      69
      61
      43
      75
      48
      54
      78
      63
      69
      61
      59
      71
      73
      76
      61
      80
      72
      78
      43
      77
      75
      87
      64
      65
      73
      90
      79
      92
      86
      71
      69
      89
      77
      93
      84
      92
      94
     101
      91
      91
      88
      86
     108
     107
      75
     104
     106
      81
     109
     107
      91
      93
      87
      94
      84
      79
     105
      96
      85
      81
      87
      77
      77
      84
      82
      98
      87
      78
      86
     101
     108
      88
      99
      89
      91
     107
     105
      75
      88
      94
      96
      82
     108
      95
     111
      85
     112
     117
      97
     116
     105
     106
     113
     108
     128
     118
     125
     117
     116
     131
     131
     132
     131
     140
     130
     129
     140
     149
     164
     145
     143
     142
     187
     148
     153
     165
     189
     158
     188
     170
     164
     201
     174
     173
     153
     170
     183
     144
     177
     182
     202
     206
     218
     204
     205
     185
     205
     228
     214
     245
     196
     242
     229
     245
     255
     268
     228
     272
     252
     263
     274
     287
     302
     304
     298
     322
     330
     316
     324
     341
     338
     363
     390
     374
     363
     386
     387
     409
     469
     438
     429
     433
     465
     456
     487
     512
     521
     545
     504
     542
     546
     542
     555
     566
     566
     605
     591
     594
     590
     625
     608
     605
     611
     586
     669
     634
     587
     648
     652
     620
     590
     626
     669
     629
     620
     639
     600
     603
     607
     610
     602
     568
     583
     608
     547
     502
     548
     496
     510
     511
     499
     492
     440
     485
     458
     441
     442
     439
     430
     319
     392
     386
     380
     345
     370
     355
     347
     323
     348
     341
     319
     305
     290
     285
     312
     265
     282
     296
     263
     281
     260
     264
     261
     245
     215
     250
     242
     229
     211
     219
     210
     240
     211
     222
     196
     209
     213
     209
     187
     191
     181
     184
     183
     203
     166
     171
     158
     201
     192
     183
     182
     162
     184
     172
     182
     159
     171
     175
     179
     155
     183
     180
     162
     161
     157
     156
     168
     143
     147
     162
     185
     167
     168
     166
     157
     171
     184
     162
     138
     153
     147
     149
     158
     153
     167
     134
     139
     134
     136
     134
     168
     142
     128
     131
     152
     147
     139
     142
     124
     142
     145
     131
     124
     127
     140
     148
     123
     130
     149
     131
     146
     138
     147
     133
     151
     117
     135
     136
     155
     128
     167
     143
     152
     125
     155
     129
     149
     134
     125
     151
     124
     130
     146
     170
     124
     130
     142
     127
     141
     134
     129
     153
     133
     125
     136
     122
     135
     146
     125
     119
     130
     138
     127
     132
     131
     126
     125
     103
     144
     105
     117
     119
     122
      91
     126
     121
     108
     118
     106
     102
     135
     139
     112
     112
     121
     101
     100
      95
     109
     110
     115
     106
     120
     111
     112
      97
     112
     112
     102
      96
     107
     116
     108
     122
      97
     101
      91
      96
      97
      96
     108
      96
      97
      87
     106
      79
     114
     111
      95
      75
     114
      94
      93
      80
      99
      88
      82
      90
      73
      91
      89
     103
      81
      94
      79
      96
      83
      78
      79
      95
      91
      93
      99
      98
     119
     151
     184
     176
     211
     219
     263
     329
     390
     443
     538
     602
     677
     782
     872
     955
    1050
    1067
    1190
    1336
    1317
    1341
    1485
    1467
    1507
    1518
    1545
    1549
    1528
    1476
    1428
    1437
    1391
    1288
    1205
    1152
    1161
     971
     927
     893
     733
     744
     675
     595
     534
     492
     381
     349
     297
     229
     190
     166
     141
     120
     104
      72
      57
      47
      35
      38
      22
      16
      18
       9
      17
      12
       9
      14
       7
      19
       9
      14
      11
       9
       5
      15
      12
       5
      12
      10
      12
      14
       9
      12
      16
      14
       8
      15
       9
      10
       9
      12
      11
       6
       9
      13
      12
      10
      11
       8
      10
       8
      22
       8
      15
      12
      11
       9
      16
       9
       9
       9
       9
       8
      10
       9
       9
      11
      13
       9
       5
      10
       9
       6
      11
      11
       5
       8
      10
      11
       9
      14
       9
       7
      15
       7
       5
      14
       5
      13
       5
      14
      13
      13
      11
      10
      19
       6
      13
       6
      10
       6
      11
       9
      11
      10
      10
       5
      10
      12
      11
       5
      12
      10
       7
       7
      10
      12
      16
      11
      17
       9
      15
      13
      14
      17
       9
      13
       8
      16
       5
      16
       7
      10
       9
      13
       8
      16
      15
       7
       8
      11
      13
      12
      13
      14
      13
      11
       6
      13
      13
       8
      18
      13
      16
      10
      11
      12
       8
       8
       9
       7
      11
      10
      11
      10
      14
       7
      14
      17
      10
      11
      11
      16
      10
      14
      13
      15
      23
      10
      14
      12
      13
      12
      16
      15
      10
      16
       9
      18
      17
       9
      20
      18
      15
      16
      11
      16
      12
      15
      28
      22
      13
      20
      18
      19
      19
      13
      14
      17
      14
      19
      14
      21
      21
      16
      15
      12
       9
      13
      15
      16
      14
      13
      14
       7
      10
      10
      11
      10
       8
       8
      12
      10
      21
      13
      17
      12
      15
      20
       9
      13
       9
      20
      16
      13
      13
      18
      17
       7
      21
      13
      13
      11
      18
      15
      17
      10
      12
      19
      11
      15
      20
      18
       9
       6
      15
      16
      13
      10
      11
      12
      16
      14
      13
       0
       0
       0
       0
       0
       0
       0
       0
       0
       0
       0
       0
       0
       0
       0
       0
       0
       0
       0
       0
       0
       0
       0
       0
       0
       0
       0
       0
       0
       0
       0
       0
$ROI:
0
$PRESETS:
None
0
0
$ENER_FIT:
0.000000 0.034753
$MCA_CAL:
3
0.000000E+000 3.475336E-002 0.000000E+000 keV
$SHAPE_CAL:
3
0.000000E+000 0.000000E+000 0.000000E+000
