$SPEC_ID:
No sample description was entered.
$SPEC_REM:
DET# 4
DETDESC# JLAB-20 MCB 131
AP# Maestro Version 7.01
$DATE_MEA:
10/08/2025 10:33:52
$MEAS_TIM:
238 246
$DATA:
0 2047
       0
       0
       0
       0
       0
       0
       0
       0
       0
       0
       0
       0
       0
       0
       0
       0
       0
       0
       0
       0
       0
       0
       0
       0
       0
       0
       0
       0
       0
       0
       0
       0
       0
       0
       0
       0
       0
       0
       0
       0
       0
       0
       0
       0
       0
       0
       0
       0
       0
       0
       0
       0
       0
       0
       0
       0
       0
       0
       0
       0
       0
       0
       0
       0
       0
       0
       0
       0
       0
       2
      95
     125
     131
     110
     144
     102
     126
     118
     119
     120
      90
     100
     112
     100
      78
     106
     100
     118
     106
     110
      85
      99
      87
      99
      88
      95
      98
      76
      83
      82
      73
      85
      82
      70
      71
      66
      97
      84
      85
     105
      74
      74
      75
      64
      68
      82
      64
      76
      62
      65
      77
      67
      61
      57
      66
      64
      70
      70
      52
      46
      54
      61
      73
      51
      56
      61
      46
      61
      62
      50
      59
      56
      61
      42
      54
      55
      64
      48
      74
      54
      45
      55
      39
      52
      52
      51
      43
      36
      43
      41
      49
      53
      43
      36
      40
      66
      39
      39
      52
      48
      50
      42
      41
      35
      49
      43
      45
      44
      40
      48
      43
      45
      49
      44
      51
      37
      44
      37
      42
      47
      40
      38
      51
      34
      41
      46
      50
      36
      33
      44
      39
      42
      37
      39
      49
      31
      28
      43
      43
      38
      42
      34
      38
      40
      40
      37
      36
      40
      38
      34
      36
      35
      29
      41
      46
      33
      33
      41
      33
      42
      27
      37
      31
      39
      35
      30
      26
      35
      33
      43
      34
      34
      38
      29
      35
      43
      29
      32
      27
      37
      39
      31
      34
      35
      35
      33
      46
      25
      25
      37
      38
      33
      31
      33
      41
      22
      35
      34
      39
      45
      39
      26
      40
      28
      31
      28
      39
      44
      43
      39
      45
      40
      58
      43
      49
      37
      51
      46
      33
      41
      43
      34
      38
      45
      33
      48
      44
      52
      48
      44
      53
      66
      61
      58
      62
      58
      86
      89
      89
      98
     113
     105
     136
     115
     130
     142
     132
     154
     145
     175
     142
     143
     163
     156
     156
     171
     178
     152
     162
     164
     186
     235
     221
     203
     214
     244
     274
     262
     353
     351
     366
     414
     407
     515
     532
     522
     550
     578
     601
     599
     637
     619
     671
     696
     662
     643
     659
     659
     641
     571
     562
     561
     515
     530
     449
     418
     387
     398
     356
     337
     289
     239
     246
     236
     194
     165
     138
     120
     118
      90
      79
      69
      47
      60
      56
      46
      38
      38
      50
      37
      39
      56
      56
      52
      41
      49
      60
      45
      59
      53
      49
      54
      47
      49
      62
      59
      63
      66
      62
      62
      60
      62
      56
      59
      74
      61
      70
      77
     101
      89
      91
      89
     124
     104
     119
     133
     150
     152
     154
     158
     171
     156
     166
     153
     166
     182
     157
     181
     195
     176
     179
     168
     138
     179
     155
     141
     121
     136
     136
     118
     101
      96
      84
      92
      68
      76
      79
      85
      70
      56
      45
      47
      49
      37
      34
      33
      32
      32
      26
      28
      33
      21
      41
      26
      31
      13
      27
      23
      15
      20
      22
      29
      20
      24
      28
      26
      16
      18
      22
      26
      18
      20
      22
      15
      22
      17
      17
      23
      16
      26
      32
      34
      20
      20
      30
      22
      28
      21
      23
      25
      16
      27
      26
      25
      25
      20
      26
      27
      19
      32
      25
      24
      43
      20
      28
      35
      40
      28
      31
      20
      27
      22
      28
      24
      30
      25
      36
      23
      23
      32
      39
      41
      34
      35
      27
      23
      41
      38
      27
      34
      45
      43
      37
      33
      43
      44
      41
      44
      51
      39
      43
      55
      48
      45
      39
      43
      54
      42
      53
      51
      52
      48
      59
      58
      60
      53
      71
      88
      68
      75
      84
      73
      73
      80
      83
      86
      80
     101
      84
      88
      94
      79
     115
     104
     122
     124
     136
     145
     161
     179
     128
     157
     187
     214
     218
     203
     258
     265
     340
     332
     397
     436
     548
     630
     803
     910
    1121
    1485
    1649
    2073
    2489
    3097
    3299
    3921
    4394
    5116
    5658
    6372
    6651
    7410
    7898
    8391
    9010
    9330
    9631
    9840
   10075
   10227
   10276
   10220
   10069
   10037
    9784
    9458
    9251
    8877
    8546
    7953
    7550
    7211
    6664
    6171
    5617
    5063
    4628
    4074
    3636
    3267
    2846
    2567
    1985
    1777
    1459
    1211
     987
     847
     603
     471
     394
     325
     240
     215
     164
     141
     125
     109
      94
      90
      93
      70
      83
     106
     115
      96
     100
     126
     109
     139
     112
     127
     156
     174
     165
     207
     176
     227
     271
     307
     371
     431
     560
     663
     759
     871
    1048
    1201
    1401
    1543
    1700
    1885
    2104
    2318
    2412
    2630
    2675
    2956
    3010
    3053
    3134
    3106
    3118
    3225
    3171
    3152
    3078
    3075
    3036
    2954
    2809
    2696
    2623
    2465
    2382
    2172
    2187
    1876
    1747
    1581
    1421
    1292
    1187
    1058
     984
     805
     718
     642
     532
     493
     435
     412
     331
     288
     246
     216
     189
     144
     132
     107
      89
      67
      61
      59
      30
      34
      25
      22
      20
      17
      14
      19
      16
      16
       6
      11
      14
      12
      17
       9
      15
      13
      10
      12
       8
      10
      12
       9
      13
       9
      11
      12
      12
      12
       9
      15
       9
       7
       9
       9
      12
       8
      13
      13
       4
      10
       7
       9
       6
       6
       9
      11
       8
       9
      14
      14
       9
      10
       5
      12
       9
       8
      11
       9
       8
      11
       6
       9
       6
       7
       9
      15
      10
      12
      11
       6
       8
      12
       8
       6
       6
       4
      14
      15
       6
       6
       7
      11
      17
      12
       8
       4
       7
       9
      12
      14
       5
       9
      13
      17
      12
      13
      16
      12
       8
       8
      11
       9
      12
      10
       6
       8
      19
       8
       8
      10
      10
      14
      10
      12
      12
       5
      10
      15
       8
      10
      11
      16
      12
      18
      12
      14
      15
       8
      13
      12
      15
      15
       9
      19
      11
      17
      16
      23
      14
      12
       8
      13
      12
      13
      19
      17
      10
      16
      14
      12
      16
      11
      13
      13
       8
       8
      18
      14
      14
       5
      17
      10
       7
      20
      12
      11
      17
       9
      14
      10
      14
      13
      10
      11
      18
      13
      15
      15
      10
      18
      16
      17
      13
      18
      18
      11
      15
      15
      12
      11
      14
      14
      17
      11
      13
      11
      16
      11
      15
      19
       9
      12
      12
      10
      20
      12
      20
      12
      16
      17
      17
      13
      13
      18
      11
      12
       7
      14
      18
      15
       9
      13
      11
      17
      11
      26
      11
      18
      20
      20
      12
      12
      21
      11
      14
      14
      11
      22
      11
      17
      14
      26
      11
      17
      14
      14
      16
      12
      15
      12
      10
      20
      16
      13
      11
      15
      15
      10
      12
      16
      15
      13
      16
      12
      10
      12
      14
      17
      24
      14
      13
      15
      19
      13
      17
      13
      17
      15
      20
      21
      16
      11
      13
      23
       8
      21
      14
       7
      13
      16
      19
      15
      19
      12
       9
      11
       8
      15
      12
      19
      10
      12
      12
      12
      16
      10
      17
      10
      17
      17
      23
      15
      21
      16
      27
      19
      18
      15
      18
      15
      13
      20
      12
      24
      16
      14
      10
      23
      17
      16
      13
      20
      11
      18
      15
      17
      18
      21
      15
      15
      18
      16
      15
      29
      21
      17
      17
      22
      15
      14
      14
      19
      14
      22
      23
      19
      23
      16
      19
      19
      19
      16
      24
      31
      28
      17
      25
      19
      25
      21
      23
      19
      22
      14
      22
      14
      28
      22
      18
      19
      14
      31
      28
      11
      19
      18
      25
      21
      19
      27
      17
      28
      17
      20
      22
      21
      17
      23
      11
      24
      26
      30
      25
      21
      27
      17
      20
      18
      26
      22
      24
      16
      21
      23
      22
      20
      27
      22
      22
      29
      31
      20
      25
      21
      23
      14
      18
      16
      16
      16
      17
      29
      23
      21
      20
      32
      15
      26
      20
      22
      29
      25
      17
      30
      26
      29
      29
      32
      23
      25
      26
      31
      22
      33
      34
      29
      28
      28
      31
      29
      31
      28
      37
      43
      42
      39
      38
      33
      26
      28
      32
      29
      40
      37
      39
      26
      36
      37
      38
      36
      37
      34
      30
      28
      45
      36
      27
      40
      35
      41
      41
      37
      41
      36
      44
      37
      46
      54
      47
      43
      51
      41
      43
      48
      39
      64
      46
      42
      46
      40
      37
      49
      41
      44
      54
      40
      56
      57
      49
      40
      50
      44
      44
      47
      56
      47
      49
      51
      35
      53
      52
      50
      44
      54
      43
      34
      41
      61
      59
      49
      66
      50
      48
      61
      44
      56
      62
      41
      62
      66
      58
      60
      63
      59
      57
      61
      63
      79
      82
      63
      65
      90
      62
      75
      69
      79
      77
      92
      83
      69
      88
      86
     101
      94
      90
     101
      72
      81
     101
     101
      88
      85
     118
     104
      81
      95
     115
     111
     105
     102
     119
     118
     122
     121
      98
     128
     122
     119
     112
     118
     111
     126
     129
     138
     142
     141
     153
     146
     140
     166
     156
     162
     167
     178
     188
     180
     191
     175
     160
     187
     195
     191
     207
     197
     219
     202
     221
     256
     223
     254
     269
     286
     287
     300
     295
     272
     274
     291
     298
     283
     320
     342
     337
     301
     352
     359
     367
     342
     372
     393
     349
     372
     344
     396
     381
     407
     392
     367
     355
     415
     386
     400
     385
     372
     365
     381
     417
     351
     399
     384
     378
     376
     344
     350
     342
     338
     349
     309
     337
     320
     309
     357
     330
     319
     319
     291
     291
     255
     270
     268
     259
     271
     264
     259
     230
     288
     239
     217
     245
     233
     217
     219
     211
     199
     209
     203
     155
     164
     187
     178
     169
     169
     161
     171
     169
     142
     136
     144
     142
     142
     130
     153
     115
     136
     127
     129
     134
     139
     122
     121
     112
     135
     101
     125
     108
     112
     128
     116
     120
     115
     105
     120
     119
     127
     125
     126
     106
     109
     104
     114
     105
     110
     104
     128
      86
     106
     107
      91
     120
      96
     108
     111
     105
      93
      77
      93
      93
     100
      81
      96
      82
     108
      94
      95
     107
     101
      83
      91
      92
      76
      88
      71
      99
      88
     103
      75
      82
      87
      97
     110
      80
      94
      83
      85
      80
      86
      92
      95
      80
      77
      84
      99
      78
      78
      85
      66
      93
      88
      83
     102
      91
      99
      90
      91
      90
      93
      80
      95
      83
      95
      85
      76
      69
      88
     104
      95
      90
      75
     102
      76
      86
      84
      87
      91
      69
      86
      83
      82
     100
      56
      77
      79
      76
      87
      87
      74
      94
      85
      76
      79
      83
      81
      73
      73
      73
      87
      67
      76
      78
      90
      75
      69
      87
      73
      82
      70
      58
      81
      90
      69
      67
      88
      67
      76
      65
      62
      65
      60
      83
      62
      88
      90
      74
      68
      71
      72
      59
      49
      63
      52
      63
      71
      63
      58
      60
      61
      56
      69
      52
      48
      63
      49
      62
      51
      71
      77
      66
      57
      53
      63
      57
      66
      43
      52
      59
      56
      55
      64
      63
      56
      68
      58
      52
      56
      53
      70
      57
      82
      83
      91
     118
     126
     180
     187
     209
     233
     316
     336
     395
     397
     484
     533
     628
     636
     713
     736
     785
     817
     901
     907
     921
     964
     992
     922
     900
     930
     959
     905
     897
     809
     788
     791
     727
     695
     611
     595
     502
     481
     437
     381
     366
     310
     294
     229
     189
     162
     148
     119
     110
      72
      65
      59
      37
      32
      18
      18
      17
      16
      13
       7
      14
      13
       3
      11
       8
       6
      12
       5
       6
       5
       5
       4
       3
       4
       3
      10
       6
       6
       8
       6
       3
       6
       8
       6
       4
       3
       9
       7
       8
       3
       3
       9
       4
       5
       7
       4
      10
       8
       4
       7
       3
       4
      11
       6
       5
       9
       4
       4
       2
       7
       7
       7
      10
       4
       9
       5
      10
       7
      10
       4
       4
       7
      10
       7
       5
       6
       4
       3
       9
      10
       6
       2
       6
       7
      10
       4
       8
      10
       6
      13
      10
      11
       3
       6
       4
       4
       5
       8
       5
       7
       8
      11
       9
       7
       5
       5
       9
       5
       5
       3
      10
       9
       8
       8
       7
       8
       8
       6
       7
       1
       8
      13
      10
       7
       9
      10
       9
       5
       8
       7
       5
      10
       5
       6
      10
      11
       8
       8
       8
       3
       6
       5
       6
       4
       9
       3
       9
       6
       3
       4
       5
       5
       4
       9
       4
       9
       5
       9
       9
       8
      11
       8
       3
       8
       7
       3
       8
       5
       9
       6
       8
       8
       7
       5
       5
       6
       8
      13
       6
       9
       6
       5
      10
       6
      10
      14
       6
      10
       8
       6
      14
      14
      10
      12
       8
      10
       9
      12
      10
      13
      13
      11
       9
       6
       6
      11
      16
      12
       7
       6
       6
       4
      12
       5
      12
       5
      10
       6
       6
       4
       5
       2
       9
       6
       5
      10
       4
       5
       7
      16
       5
       4
       4
       7
       9
       3
       9
       2
      11
       4
      10
      15
      10
       5
       7
       9
       7
      11
       9
       7
      13
       7
      10
      10
       5
       8
       5
      11
       8
       4
      11
       7
       8
       4
       8
       7
       5
       8
       8
      16
       8
      10
       0
       0
       0
       0
       0
       0
       0
       0
       0
       0
       0
       0
       0
       0
       0
       0
       0
       0
       0
       0
       0
       0
       0
       0
       0
       0
       0
       0
       0
       0
       0
       0
$ROI:
0
$PRESETS:
None
0
0
$ENER_FIT:
0.000000 0.034753
$MCA_CAL:
3
0.000000E+000 3.475336E-002 0.000000E+000 keV
$SHAPE_CAL:
3
0.000000E+000 0.000000E+000 0.000000E+000
