$SPEC_ID:
No sample description was entered.
$SPEC_REM:
DET# 4
DETDESC# JLAB-20 MCB 131
AP# Maestro Version 7.01
$DATE_MEA:
10/08/2025 10:39:08
$MEAS_TIM:
386 396
$DATA:
0 2047
       0
       0
       0
       0
       0
       0
       0
       0
       0
       0
       0
       0
       0
       0
       0
       0
       0
       0
       0
       0
       0
       0
       0
       0
       0
       0
       0
       0
       0
       0
       0
       0
       0
       0
       0
       0
       0
       0
       0
       0
       0
       0
       0
       0
       0
       0
       0
       0
       0
       0
       0
       0
       0
       0
       0
       0
       0
       0
       0
       0
       0
       0
       0
       0
       0
       0
       0
       0
       0
       7
     171
     143
     176
     161
     160
     162
     146
     131
     148
     141
     144
     136
     116
     128
     126
     128
     139
     105
     116
     120
     128
     122
     125
     120
     132
     111
      99
     131
     121
     128
      98
     101
     117
      83
     105
     118
      88
      88
      92
      81
     101
      88
      95
      91
     106
      95
      83
     112
      87
      64
      75
      79
      97
      74
      94
      98
      76
      76
      89
      80
      71
      80
      69
      59
      77
      68
      85
      80
      72
      82
      80
      75
      66
      75
      63
      68
      78
      83
      65
      84
      56
      76
      82
      66
      59
      76
      75
      51
      75
      84
      63
      57
      61
      60
      70
      62
      68
      58
      48
      59
      50
      61
      53
      62
      62
      63
      46
      58
      56
      54
      59
      60
      50
      52
      53
      47
      75
      47
      52
      62
      46
      52
      50
      55
      51
      72
      55
      51
      55
      58
      57
      49
      45
      44
      45
      64
      49
      46
      60
      52
      61
      51
      39
      65
      42
      48
      41
      51
      49
      42
      52
      45
      52
      57
      62
      63
      49
      57
      61
      63
      52
      41
      44
      44
      54
      52
      49
      41
      43
      45
      50
      39
      42
      33
      46
      51
      43
      43
      52
      45
      48
      32
      47
      45
      35
      51
      58
      36
      45
      43
      51
      45
      34
      61
      49
      33
      54
      48
      51
      40
      46
      53
      46
      43
      45
      41
      51
      65
      49
      46
      38
      55
      42
      60
      49
      51
      59
      64
      44
      55
      50
      57
      54
      64
      53
      62
      63
      68
      65
      58
      59
      80
      95
      81
      88
     100
      99
      88
     105
     114
     126
     129
     155
     164
     142
     186
     143
     162
     188
     177
     170
     181
     179
     188
     200
     190
     204
     193
     194
     206
     176
     201
     236
     258
     228
     280
     312
     333
     418
     409
     456
     449
     509
     544
     584
     619
     606
     678
     707
     733
     764
     741
     682
     740
     728
     743
     729
     721
     678
     715
     652
     613
     553
     572
     560
     477
     472
     451
     400
     336
     354
     308
     262
     229
     214
     202
     150
     151
     132
     109
     102
      96
      66
      74
      72
      59
      53
      59
      62
      47
      55
      64
      51
      60
      71
      72
      68
      82
      64
      76
      58
      82
      63
      97
      59
      83
      72
      63
      73
      85
      83
      72
      88
      72
      64
      90
      90
     101
     107
     136
     120
     128
     126
     131
     181
     165
     179
     179
     212
     204
     209
     234
     224
     209
     212
     247
     202
     213
     235
     235
     202
     219
     188
     201
     181
     186
     202
     161
     154
     131
     141
     151
     123
     114
     105
      91
      81
      84
      90
      76
      70
      69
      62
      61
      59
      56
      40
      44
      38
      41
      49
      34
      31
      32
      40
      31
      27
      36
      37
      28
      24
      34
      32
      31
      24
      27
      37
      29
      31
      32
      31
      31
      26
      28
      25
      40
      22
      24
      39
      20
      35
      26
      33
      36
      32
      31
      37
      35
      28
      18
      26
      31
      30
      28
      27
      30
      34
      39
      35
      33
      24
      33
      32
      28
      43
      27
      36
      49
      31
      36
      35
      29
      30
      32
      39
      42
      37
      34
      39
      42
      31
      35
      43
      50
      33
      48
      43
      42
      42
      58
      43
      46
      42
      52
      46
      36
      55
      38
      39
      63
      57
      57
      60
      50
      49
      62
      66
      62
      56
      56
      64
      84
      74
      69
      83
      58
      81
      72
      80
      63
      95
      90
      87
     119
     107
     102
     115
     102
     109
     108
     132
     125
     116
     158
     134
     150
     135
     158
     165
     152
     165
     179
     208
     180
     235
     236
     253
     297
     344
     347
     455
     487
     639
     694
     895
    1037
    1337
    1535
    1879
    2281
    2762
    3261
    3716
    4285
    4940
    5541
    6347
    7137
    7593
    8388
    8948
    9698
   10102
   10615
   10945
   11225
   11289
   11530
   11420
   11508
   11529
   11383
   10960
   10770
   10185
    9774
    9463
    9143
    8344
    8016
    7388
    6811
    6258
    5579
    5270
    4617
    4036
    3737
    3175
    2703
    2319
    1907
    1562
    1311
    1121
     884
     707
     585
     437
     351
     288
     238
     196
     166
     123
     128
     106
     131
      98
     119
     121
     117
     114
     103
     136
     140
     164
     161
     156
     158
     167
     203
     186
     262
     251
     300
     358
     426
     453
     603
     697
     821
     987
    1162
    1368
    1478
    1695
    1961
    2159
    2345
    2658
    2770
    3029
    3248
    3443
    3614
    3633
    3863
    3890
    4063
    3955
    3915
    3966
    3940
    3915
    3887
    3808
    3563
    3480
    3522
    3284
    3129
    2936
    2844
    2592
    2375
    2212
    1977
    1869
    1625
    1473
    1367
    1179
    1078
     914
     809
     709
     619
     541
     478
     381
     330
     297
     256
     226
     198
     161
     129
     105
      82
      59
      68
      56
      46
      34
      26
      21
      18
      27
      21
      19
      22
      14
      10
      11
      14
      12
      15
      14
      16
      13
      14
      10
      13
       6
      11
       7
      17
      11
      11
      17
      12
      16
      17
      16
      13
      11
      13
      15
      18
      12
      16
      20
      15
      22
      15
      12
       7
      22
      13
      10
      14
      17
      17
      14
      16
       5
      16
      11
      16
      16
      16
      17
      17
      14
      14
       8
      18
      12
      17
      15
      13
      10
      18
      17
      15
      18
       7
      10
      15
      18
      14
      12
      11
      15
      18
       9
      15
      14
      14
      10
      17
      10
      16
      17
      12
      14
      16
      15
      13
      14
      18
      12
      13
       8
       8
      15
      20
      22
      14
       8
       8
      14
      14
      16
      12
       9
      10
       9
       8
      11
      11
      13
       8
      17
      21
      22
      23
      23
      16
      14
      14
      16
      16
      14
      18
      17
      15
      11
      13
      14
      19
      23
      11
      15
      21
      19
      20
      25
      13
      12
      14
      14
      17
      10
      13
      11
      12
      17
      19
      14
      20
      14
      10
      20
      16
      16
      19
      10
      17
      18
      17
      18
      13
      13
       8
      11
      14
       9
      13
      13
      12
      22
      21
      14
      15
      16
      18
      17
      26
      11
      19
      23
      15
      20
      17
      19
      17
      15
      12
      23
       8
      16
      16
      10
      16
      20
      16
      23
      20
      17
      17
      18
      15
      12
      15
      20
      17
      16
      12
      14
      15
      14
      19
      25
      19
      15
      21
      17
      21
      18
      11
      19
      21
      17
      17
      17
      10
      18
      22
      18
      15
      17
      17
      19
      23
      19
      26
      24
      17
      13
      11
      10
      24
      10
      18
      18
      19
      24
      23
      13
      20
      18
      18
      25
      18
      23
      10
      22
      26
      18
      11
      16
      20
      12
      17
      16
      24
      16
      18
      20
      17
      18
      18
      13
      20
      20
      24
      16
      13
      18
      18
      19
      24
      20
      12
      24
      12
      23
      23
      17
      19
      17
      19
      20
      27
      15
      27
      19
      12
      20
      17
      19
      25
      23
      18
      19
      18
      23
      29
      22
      18
      22
      17
      26
      16
      22
      20
      30
      21
      18
      23
      22
      19
      23
      28
      21
      12
      29
      25
      19
      30
      22
      29
      20
      19
      26
      36
      27
      26
      28
      30
      30
      23
      22
      22
      26
      28
      35
      27
      28
      23
      19
      27
      25
      27
      25
      26
      24
      23
      17
      34
      27
      27
      22
      33
      33
      24
      36
      27
      25
      20
      30
      29
      29
      26
      33
      30
      19
      27
      26
      33
      40
      30
      31
      37
      33
      26
      25
      25
      33
      30
      31
      30
      29
      29
      26
      36
      30
      32
      31
      26
      42
      37
      30
      25
      30
      29
      38
      41
      38
      29
      35
      24
      33
      31
      33
      36
      28
      31
      33
      27
      37
      40
      42
      36
      44
      29
      36
      37
      41
      35
      25
      40
      39
      40
      32
      31
      28
      36
      27
      35
      38
      25
      41
      36
      38
      37
      42
      41
      32
      40
      38
      34
      42
      33
      33
      42
      33
      48
      56
      41
      38
      48
      42
      51
      35
      47
      44
      45
      46
      44
      43
      43
      41
      37
      48
      49
      61
      40
      60
      45
      41
      38
      44
      48
      50
      53
      67
      49
      56
      49
      54
      60
      80
      64
      70
      65
      78
      68
      66
      61
      75
      58
      74
      72
      70
      59
      74
      69
      76
      71
      61
      81
      62
      60
      60
      84
      74
      72
      74
      74
      60
      71
      81
      84
      90
      58
      82
      84
      82
      77
     103
      70
      69
      86
      96
      91
      99
      88
      87
      86
     104
      86
      92
     107
     104
      98
      96
     115
     119
     113
      98
     139
      97
     122
     104
     119
     117
     103
     126
     115
     129
     136
     134
     142
     140
     123
     135
     136
     154
     159
     166
     175
     148
     156
     144
     125
     153
     176
     159
     170
     171
     154
     161
     180
     185
     187
     163
     185
     223
     204
     189
     185
     206
     196
     202
     221
     211
     213
     196
     247
     262
     242
     273
     261
     267
     254
     244
     274
     284
     303
     293
     291
     339
     312
     311
     319
     350
     352
     338
     426
     398
     389
     391
     400
     446
     452
     430
     450
     417
     474
     426
     473
     460
     503
     496
     495
     567
     523
     580
     574
     559
     554
     562
     570
     595
     551
     652
     596
     612
     630
     611
     615
     580
     581
     598
     606
     564
     602
     584
     603
     620
     586
     613
     565
     570
     559
     572
     537
     585
     498
     493
     497
     468
     505
     470
     497
     466
     461
     450
     413
     419
     403
     376
     423
     386
     380
     370
     376
     352
     357
     338
     355
     347
     328
     332
     279
     288
     302
     280
     235
     278
     261
     286
     267
     252
     262
     252
     258
     238
     243
     194
     224
     194
     227
     206
     194
     217
     200
     197
     210
     201
     198
     210
     199
     179
     195
     173
     201
     168
     174
     163
     187
     182
     181
     183
     166
     165
     170
     153
     173
     157
     156
     162
     174
     156
     172
     156
     151
     161
     172
     159
     164
     139
     161
     171
     138
     152
     168
     151
     154
     128
     155
     124
     140
     150
     150
     150
     174
     166
     153
     136
     159
     158
     157
     141
     144
     149
     127
     127
     139
     158
     130
     174
     126
     142
     129
     140
     147
     131
     150
     131
     157
     134
     130
     124
     141
     141
     153
     137
     136
     149
     123
     125
     129
     161
     149
     156
     122
     139
     145
     124
     136
     118
     151
     138
     134
     144
     151
     136
     125
     124
     150
     139
     126
     140
     146
     116
     143
     124
     145
     145
     121
     137
     128
     147
     133
     146
     126
     150
     135
     143
     115
     129
     140
     135
     108
     122
     115
     125
     114
     125
     121
     123
     115
     125
     104
     119
     141
     109
     131
      95
     133
     132
     121
     119
     111
     119
     118
     102
     109
     110
     114
     109
      93
     105
     112
     115
     111
     119
     105
     116
      86
     115
     107
     101
      96
      95
     124
     121
      84
     102
     120
      94
      96
     106
     103
     110
      94
     102
      85
     107
      95
     111
      94
     102
      87
     103
      96
     108
      96
      91
      96
      89
      84
      99
      98
     112
     108
     130
     119
     133
     149
     155
     215
     231
     257
     329
     380
     465
     494
     630
     693
     716
     810
     918
     941
    1085
    1179
    1197
    1283
    1362
    1435
    1473
    1448
    1508
    1457
    1490
    1502
    1432
    1376
    1355
    1304
    1232
    1241
    1196
    1038
    1002
     949
     839
     791
     691
     633
     517
     517
     426
     354
     282
     278
     233
     196
     166
     150
     103
      79
      63
      51
      34
      42
      24
      16
      25
      13
      11
      10
       9
      14
      14
      15
       5
       6
      11
      10
       4
      13
       7
       5
      10
      10
       6
      11
       3
       7
       7
       8
      10
       3
      12
       7
      11
      10
      11
      11
      10
      11
      11
      12
       7
      10
      11
      15
       7
      10
      12
      12
      11
       9
       9
      10
       8
       8
      10
       5
       3
       9
       5
       7
       9
      10
       8
       7
      14
       6
       9
       7
       9
      13
       5
       8
       9
      10
       8
       7
       5
      15
       3
      14
      10
       7
       8
       4
       9
      15
      12
      11
      11
       9
      13
      11
       9
      10
      10
      11
       9
       8
      21
       8
      10
       6
      11
      15
       9
       8
      15
      10
      12
      11
      13
      12
       9
       6
       9
       6
       8
      11
       5
      13
      11
      18
      10
       7
      10
      14
       8
      12
       9
      12
      13
       7
       3
      14
      15
      12
      13
      15
      11
      12
      10
      10
      11
      10
       5
      15
      10
       4
       9
      10
      12
       8
       8
      10
       4
       6
      14
       7
      12
      10
      10
       8
       6
      10
      12
      10
       5
      11
      15
      17
      12
      10
      12
       6
      13
      14
      14
      11
      18
      11
      21
      10
      16
      14
      12
      10
       7
      10
      15
       6
      14
       6
      21
      11
      18
      14
      15
      21
      18
      10
       9
      12
       9
       9
      19
      12
      11
      10
       9
      10
      19
      19
       6
       7
      11
      11
      10
      10
      10
      13
      11
      11
      15
      18
       8
      11
      13
      10
       9
      15
      14
      13
      12
      11
       7
      17
      14
       6
      12
      11
      10
      14
      11
      11
       9
      12
      12
      12
      13
      15
      14
       9
      12
       9
      12
      17
      13
      13
       5
      14
      13
      13
      12
      10
      16
      18
      12
      11
       0
       0
       0
       0
       0
       0
       0
       0
       0
       0
       0
       0
       0
       0
       0
       0
       0
       0
       0
       0
       0
       0
       0
       0
       0
       0
       0
       0
       0
       0
       0
       0
$ROI:
1
564 710
$PRESETS:
None
0
0
$ENER_FIT:
0.000000 0.034753
$MCA_CAL:
3
0.000000E+000 3.475336E-002 0.000000E+000 keV
$SHAPE_CAL:
3
0.000000E+000 0.000000E+000 0.000000E+000
