$SPEC_ID:
No sample description was entered.
$SPEC_REM:
DET# 4
DETDESC# JLAB-20 MCB 131
AP# Maestro Version 7.01
$DATE_MEA:
10/08/2025 11:02:01
$MEAS_TIM:
706 717
$DATA:
0 2047
       0
       0
       0
       0
       0
       0
       0
       0
       0
       0
       0
       0
       0
       0
       0
       0
       0
       0
       0
       0
       0
       0
       0
       0
       0
       0
       0
       0
       0
       0
       0
       0
       0
       0
       0
       0
       0
       0
       0
       0
       0
       0
       0
       0
       0
       0
       0
       0
       0
       0
       0
       0
       0
       0
       0
       0
       0
       0
       0
       0
       0
       0
       0
       0
       0
       0
       0
       0
       0
       4
     135
     146
     120
     148
     126
     130
     134
     139
     125
     130
     121
     125
      97
      96
     126
     107
     123
     104
     105
     114
     124
     111
      88
     105
     104
     123
      88
      92
     113
     103
     110
     103
     102
      88
      82
      99
     109
      97
      78
      92
      89
     102
     102
      85
      86
      90
      82
      79
     104
      84
      96
      92
      77
      76
      78
      84
      85
      85
      79
      84
      82
      90
      71
      81
      78
      69
      77
      72
      78
      74
      76
      70
      88
      70
      59
      71
      67
      71
      56
      75
      55
      58
      76
      74
      73
      83
      77
      74
      72
      69
      64
      58
      71
      70
      62
      66
      61
      61
      63
      54
      58
      63
      71
      66
      68
      63
      70
      77
      63
      79
      57
      63
      67
      75
      58
      52
      66
      60
      61
      79
      45
      49
      55
      69
      56
      63
      57
      71
      65
      58
      47
      57
      49
      66
      59
      58
      60
      51
      52
      59
      66
      48
      61
      62
      66
      64
      56
      63
      69
      59
      67
      73
      81
      79
      81
      68
      83
      81
      75
      87
      86
      78
      83
      72
      73
      71
      74
      69
      75
      84
      66
      84
      66
      84
      69
      71
      65
      69
      68
      62
      92
      74
      66
      76
      74
      68
      64
      61
      63
      55
      50
      58
      63
      65
      52
      67
      62
      48
      50
      70
      59
      55
      61
      54
      51
      53
      45
      58
      55
      61
      53
      55
      68
      64
      50
      43
      57
      49
      46
      51
      59
      56
      63
      57
      67
      61
      53
      55
      48
      64
      48
      56
      63
      64
      54
      82
      73
      77
      92
      82
      86
     111
     106
     101
      96
     107
      99
     102
      84
     118
     108
     128
     115
     134
     129
     144
     123
     147
     121
     135
     114
     148
     141
     146
     163
     178
     163
     184
     204
     224
     252
     271
     244
     311
     338
     335
     363
     390
     413
     405
     384
     444
     432
     392
     443
     434
     422
     434
     374
     414
     354
     338
     335
     295
     299
     267
     282
     241
     229
     201
     201
     181
     183
     157
     142
     116
     108
     108
      93
      85
      86
      68
      65
      43
      58
      54
      57
      49
      38
      49
      59
      50
      54
      50
      52
      60
      66
      62
      73
      59
      75
      59
      70
      67
      56
      68
      68
      65
      59
      78
      63
      78
      75
      76
      71
      80
      91
      70
      86
      89
     103
     110
     112
     121
     127
     146
     149
     163
     153
     174
     163
     176
     163
     156
     161
     180
     185
     178
     178
     165
     171
     190
     179
     166
     165
     149
     147
     160
     120
     112
     118
     116
     104
      92
      90
      99
      93
      86
      79
      74
      59
      52
      46
      56
      41
      52
      44
      55
      43
      36
      48
      43
      29
      48
      36
      36
      32
      44
      37
      31
      25
      32
      48
      27
      27
      27
      32
      40
      31
      35
      39
      28
      31
      35
      29
      37
      36
      28
      38
      33
      36
      31
      32
      28
      40
      38
      34
      37
      30
      44
      33
      34
      40
      31
      41
      32
      37
      35
      42
      39
      37
      41
      39
      39
      33
      28
      37
      25
      32
      28
      40
      41
      34
      20
      29
      33
      23
      29
      40
      39
      30
      34
      42
      32
      30
      38
      38
      43
      34
      34
      43
      35
      43
      43
      27
      34
      42
      38
      40
      51
      36
      37
      46
      50
      54
      34
      39
      42
      52
      52
      48
      54
      52
      49
      56
      56
      39
      48
      51
      61
      61
      65
      67
      50
      66
      64
      70
      76
      73
      61
      77
      84
      79
      77
      79
      94
      90
      89
      90
     110
     102
     115
     100
     133
     138
     127
     190
     171
     187
     199
     233
     268
     306
     357
     500
     549
     727
     782
    1027
    1191
    1463
    1744
    1932
    2340
    2557
    2841
    3313
    3639
    4102
    4243
    4758
    4958
    5213
    5573
    5751
    5867
    6030
    5992
    6123
    6127
    5955
    6002
    5890
    5625
    5418
    5293
    5087
    4712
    4350
    4283
    3952
    3550
    3284
    3076
    2690
    2446
    2189
    1930
    1658
    1468
    1276
    1102
     908
     722
     619
     493
     405
     344
     223
     207
     192
     130
     123
     121
      83
      76
      96
      96
     104
      91
      81
      87
      97
      91
      98
     101
     115
     111
     123
     141
     119
     176
     170
     182
     218
     244
     272
     291
     363
     459
     497
     629
     678
     824
    1021
    1082
    1231
    1433
    1590
    1797
    1915
    2073
    2277
    2553
    2605
    2648
    2811
    2856
    2886
    2840
    3114
    2994
    2973
    2908
    3027
    2915
    2790
    2721
    2654
    2514
    2476
    2301
    2188
    2047
    1911
    1870
    1668
    1516
    1414
    1217
    1193
    1005
     933
     801
     738
     651
     534
     450
     450
     309
     298
     275
     221
     228
     193
     128
     142
     112
     106
      69
      82
      72
      54
      50
      30
      42
      32
      35
      27
      26
      24
      21
      29
      23
      23
      26
      25
      20
      19
      23
      21
      24
      14
      27
      20
      24
      22
      22
      20
      17
      23
      18
      24
      21
      27
      28
      17
      27
      27
      22
      33
      28
      30
      26
      21
      25
      22
      33
      17
      26
      19
      26
      18
      20
      17
      17
      30
      20
      20
      18
      29
      19
      21
      31
      21
      22
      22
      13
      19
      12
      23
      31
      17
      23
      17
      15
      18
      25
      28
      21
      18
      24
      23
      25
      16
      16
      21
      17
      20
      19
      26
      27
      15
      34
      21
      17
      22
      13
      16
      21
      32
      26
      16
      25
      19
      21
      27
      17
      23
      32
      17
      24
      26
      26
      22
      24
      19
      21
      29
      30
      30
      25
      24
      22
      30
      30
      24
      28
      24
      30
      20
      28
      30
      20
      18
      23
      16
      19
      19
      22
      30
      33
      30
      20
      22
      22
      27
      19
      16
      24
      24
      24
      13
      20
      19
      21
      26
      22
      11
      21
      21
      16
      17
      21
      24
      17
      18
      25
      18
      17
      30
      21
      29
      21
      18
      37
      18
      18
      24
      19
      21
      23
      29
      27
      23
      23
      22
      30
      23
      22
      36
      13
      22
      23
      25
      27
      28
      20
      20
      26
      22
      11
      18
      20
      19
      23
      19
      34
      18
      27
      20
      26
      19
      23
      28
      21
      20
      25
      27
      26
      18
      25
      19
      21
      21
      14
      23
      27
      22
      31
      26
      22
      27
      32
      29
      23
      21
      27
      28
      19
      13
      27
      24
      18
      27
      18
      22
      26
      22
      32
      20
      31
      21
      28
      15
      21
      27
      26
      24
      18
      27
      26
      23
      20
      18
      21
      20
      24
      18
      24
      29
      28
      28
      25
      31
      29
      18
      22
      30
      19
      29
      21
      18
      35
      24
      29
      29
      18
      22
      22
      29
      32
      26
      31
      13
      29
      24
      28
      32
      29
      29
      32
      34
      20
      30
      30
      23
      28
      28
      35
      29
      30
      16
      31
      27
      28
      31
      26
      37
      37
      23
      29
      37
      27
      32
      28
      27
      29
      32
      36
      46
      35
      31
      25
      32
      38
      32
      31
      35
      32
      33
      35
      35
      36
      25
      38
      26
      42
      32
      31
      30
      26
      27
      20
      32
      33
      28
      35
      44
      37
      37
      45
      44
      25
      36
      46
      29
      46
      42
      45
      38
      30
      42
      36
      44
      31
      37
      39
      37
      31
      51
      41
      41
      36
      36
      33
      32
      50
      36
      42
      45
      42
      39
      39
      40
      49
      42
      38
      36
      42
      33
      31
      42
      39
      40
      37
      29
      38
      35
      32
      32
      41
      45
      33
      43
      50
      40
      38
      37
      49
      46
      41
      50
      41
      38
      45
      42
      32
      37
      49
      51
      48
      43
      45
      38
      32
      43
      46
      52
      50
      42
      43
      45
      47
      50
      31
      40
      50
      52
      42
      50
      55
      53
      55
      41
      50
      42
      53
      53
      53
      52
      48
      62
      54
      66
      47
      41
      68
      62
      63
      59
      61
      69
      54
      55
      52
      65
      40
      59
      65
      69
      68
      68
      57
      68
      58
      70
      69
      76
      68
      69
      63
      77
      68
      70
      74
      58
      70
      76
      77
      71
      95
      64
      94
      73
      93
      91
     102
      81
     100
      84
      93
      72
      79
      79
      88
      94
      91
      81
      99
     105
      86
      91
     121
     101
     108
     102
      99
     104
     122
     108
     112
     104
     107
     122
     140
     129
     107
     109
     108
     127
     129
     116
     139
     146
     124
     109
     125
     139
     145
     152
     140
     132
     140
     156
     158
     162
     164
     147
     147
     151
     156
     150
     166
     185
     176
     206
     156
     187
     155
     193
     188
     187
     184
     193
     194
     196
     198
     206
     222
     184
     242
     179
     233
     217
     250
     210
     232
     238
     259
     245
     230
     250
     233
     249
     255
     296
     313
     267
     285
     288
     282
     284
     289
     299
     314
     348
     323
     353
     329
     344
     355
     388
     369
     363
     416
     389
     411
     416
     475
     445
     491
     466
     494
     477
     533
     516
     544
     549
     550
     562
     590
     634
     633
     653
     702
     699
     686
     723
     730
     710
     750
     759
     808
     877
     810
     848
     821
     833
     916
     856
     904
     920
     904
     869
    1006
     981
     976
     947
     962
    1020
     987
    1002
    1011
    1039
    1033
     973
    1007
     995
    1015
    1043
    1019
     950
     926
     933
     954
     927
     932
     896
     899
     923
     849
     874
     851
     844
     844
     841
     778
     788
     760
     768
     767
     688
     664
     668
     631
     669
     648
     613
     611
     544
     618
     600
     545
     507
     562
     539
     553
     490
     447
     474
     427
     462
     414
     447
     407
     409
     452
     413
     430
     400
     435
     367
     392
     387
     381
     341
     368
     330
     355
     360
     371
     285
     342
     316
     309
     322
     319
     306
     306
     359
     296
     315
     287
     272
     296
     297
     295
     317
     293
     275
     278
     253
     263
     291
     286
     279
     273
     296
     274
     261
     290
     249
     267
     240
     276
     258
     275
     278
     270
     225
     248
     268
     233
     259
     235
     248
     247
     238
     249
     244
     237
     251
     245
     272
     248
     238
     248
     245
     256
     229
     232
     214
     255
     224
     252
     247
     214
     221
     221
     244
     204
     217
     231
     202
     232
     211
     223
     231
     238
     222
     228
     226
     223
     239
     235
     224
     206
     209
     221
     226
     232
     239
     200
     204
     213
     220
     248
     233
     214
     248
     204
     221
     190
     203
     209
     221
     220
     230
     223
     195
     191
     210
     226
     207
     220
     212
     238
     212
     225
     209
     190
     201
     212
     194
     212
     200
     191
     186
     198
     213
     196
     213
     187
     181
     168
     184
     191
     169
     189
     176
     193
     169
     190
     171
     185
     157
     183
     173
     190
     183
     167
     155
     196
     162
     166
     188
     169
     176
     160
     153
     183
     152
     163
     166
     173
     148
     161
     170
     147
     160
     155
     173
     150
     170
     179
     168
     155
     140
     153
     167
     166
     181
     152
     155
     162
     124
     147
     147
     129
     144
     121
     155
     145
     181
     156
     168
     166
     181
     178
     182
     195
     211
     233
     287
     356
     424
     520
     588
     617
     762
     877
     973
    1142
    1277
    1390
    1667
    1776
    1958
    2009
    2140
    2289
    2496
    2564
    2621
    2608
    2671
    2643
    2566
    2502
    2407
    2421
    2465
    2317
    2204
    2172
    2005
    1830
    1715
    1666
    1432
    1404
    1188
    1042
     992
     920
     779
     645
     556
     418
     384
     328
     273
     236
     185
     157
     115
      90
      56
      62
      43
      33
      24
      29
      17
      14
      19
      17
      19
      14
      12
      10
      17
      11
      19
      22
      14
      19
      18
      13
      14
      11
      14
      18
      11
       8
      25
       7
      14
       7
       7
      12
      10
      19
      20
      26
      14
      24
      15
      15
      17
      13
      16
      11
      17
      13
      18
      15
      17
      19
      15
      16
      15
      15
      12
      15
      18
      18
      16
      18
      20
       9
      14
      19
      16
      14
      13
      21
      14
      15
      13
      10
      17
      15
      18
      16
      17
      14
       9
      18
      11
      18
      18
      11
      17
      13
      13
      25
       5
      12
      18
      13
      12
      10
      10
      20
      20
      28
      17
       6
      11
      21
      16
       9
      10
      17
      11
      12
      15
      12
       8
      16
      12
      14
      14
      15
      13
      11
      18
      19
      32
      15
      21
      15
      17
      14
      16
      12
      17
      14
      14
      23
      17
      15
      12
      22
      15
      19
      13
      11
      16
      13
      13
      20
      20
      12
      12
       8
      23
      17
      21
      21
      13
      17
      17
      12
      19
      18
      13
      16
      12
      17
      17
      19
      14
      15
      17
      31
      16
      20
      18
      21
      20
      12
      18
      23
      19
      27
      21
      20
      30
      17
      21
      19
      29
      19
      26
      22
      25
      25
      20
      29
      27
      27
      22
      20
      23
      30
      22
      15
      13
      13
      11
      18
      15
      20
      15
      23
      20
      25
      15
      20
      18
      17
      22
      19
      17
      23
      15
      19
      14
      16
      11
      16
      19
      23
      17
      13
      16
      12
      17
      16
      17
      12
      15
      18
      28
      17
      22
      13
      21
      12
      15
      23
      19
      22
      23
      19
      25
      18
      25
      26
      18
       6
      21
      15
      16
      17
      10
      20
      20
      24
      13
      21
      19
      13
       0
       0
       0
       0
       0
       0
       0
       0
       0
       0
       0
       0
       0
       0
       0
       0
       0
       0
       0
       0
       0
       0
       0
       0
       0
       0
       0
       0
       0
       0
       0
       0
$ROI:
0
$PRESETS:
None
0
0
$ENER_FIT:
0.000000 0.034753
$MCA_CAL:
3
0.000000E+000 3.475336E-002 0.000000E+000 keV
$SHAPE_CAL:
3
0.000000E+000 0.000000E+000 0.000000E+000
