$SPEC_ID:
No sample description was entered.
$SPEC_REM:
DET# 4
DETDESC# JLAB-20 MCB 131
AP# Maestro Version 7.01
$DATE_MEA:
10/08/2025 11:23:03
$MEAS_TIM:
668 675
$DATA:
0 2047
       0
       0
       0
       0
       0
       0
       0
       0
       0
       0
       0
       0
       0
       0
       0
       0
       0
       0
       0
       0
       0
       0
       0
       0
       0
       0
       0
       0
       0
       0
       0
       0
       0
       0
       0
       0
       0
       0
       0
       0
       0
       0
       0
       0
       0
       0
       0
       0
       0
       0
       0
       0
       0
       0
       0
       0
       0
       0
       0
       0
       0
       0
       0
       0
       0
       0
       0
       0
       0
       1
      86
      87
      79
      84
      67
      93
      80
      90
      84
      84
      89
      85
      65
      55
      69
      66
      67
      73
      68
      62
      70
      63
      78
      47
      69
      77
      68
      76
      73
      72
      59
      44
      61
      56
      64
      55
      68
      54
      55
      57
      48
      71
      61
      50
      65
      69
      64
      61
      57
      51
      59
      57
      53
      62
      57
      56
      51
      64
      48
      58
      37
      57
      52
      56
      34
      59
      52
      58
      60
      58
      63
      42
      59
      53
      56
      50
      60
      52
      51
      59
      64
      46
      55
      48
      55
      63
      64
      45
      41
      35
      52
      45
      40
      48
      51
      51
      55
      49
      42
      47
      43
      50
      48
      39
      56
      54
      45
      31
      33
      47
      44
      49
      50
      50
      51
      45
      46
      40
      46
      48
      49
      56
      42
      37
      47
      51
      53
      40
      44
      44
      33
      48
      42
      59
      43
      60
      54
      42
      40
      58
      48
      53
      41
      56
      51
      58
      44
      46
      51
      40
      53
      40
      42
      45
      40
      56
      59
      40
      60
      42
      38
      60
      58
      54
      62
      62
      49
      40
      49
      51
      57
      59
      54
      45
      46
      51
      47
      53
      60
      46
      51
      33
      46
      30
      50
      51
      43
      46
      44
      44
      47
      47
      44
      55
      45
      34
      46
      38
      42
      33
      39
      35
      49
      55
      53
      45
      38
      47
      60
      31
      29
      29
      50
      31
      41
      36
      42
      27
      39
      32
      43
      40
      40
      43
      38
      35
      47
      33
      43
      35
      50
      36
      52
      33
      47
      30
      37
      41
      36
      39
      43
      50
      40
      62
      52
      62
      47
      56
      56
      51
      52
      66
      59
      64
      63
      57
      61
      53
      65
      66
      58
      53
      54
      54
      58
      87
      61
      67
      92
      79
      84
      90
     107
     107
     105
     126
     136
     152
     116
     107
     134
     139
     135
     132
     145
     139
     134
     126
     126
     120
     127
     111
     105
     104
      93
     103
      92
      89
      87
      85
      65
      88
      63
      67
      60
      54
      35
      47
      45
      37
      50
      29
      41
      48
      38
      36
      43
      29
      27
      33
      44
      36
      35
      34
      45
      42
      47
      45
      37
      39
      29
      42
      43
      35
      35
      31
      52
      30
      44
      26
      35
      39
      45
      54
      43
      33
      39
      48
      63
      54
      52
      42
      62
      67
      64
      63
      72
      81
      59
      60
      66
      78
      79
      83
      83
      82
      85
      78
      89
      74
      64
      85
      85
      74
      79
      71
      66
      58
      55
      69
      64
      49
      55
      51
      50
      49
      44
      51
      52
      43
      48
      40
      41
      29
      38
      42
      31
      24
      26
      21
      30
      28
      20
      29
      29
      25
      28
      21
      26
      33
      22
      20
      19
      28
      20
      25
      30
      24
      15
      27
      29
      30
      27
      22
      30
      22
      21
      20
      25
      22
      26
      28
      26
      26
      29
      25
      20
      23
      17
      35
      28
      25
      29
      32
      30
      26
      23
      20
      22
      27
      21
      14
      18
      24
      23
      29
      19
      31
      24
      26
      31
      25
      28
      26
      32
      20
      33
      28
      29
      19
      15
      22
      24
      20
      24
      23
      31
      22
      33
      21
      32
      30
      28
      31
      23
      26
      24
      24
      32
      25
      28
      28
      28
      32
      21
      35
      24
      25
      28
      25
      26
      35
      31
      25
      30
      25
      33
      40
      37
      23
      36
      25
      40
      21
      22
      21
      41
      32
      34
      33
      37
      30
      33
      28
      39
      43
      34
      35
      54
      43
      42
      36
      51
      39
      45
      57
      58
      47
      73
      79
      88
     101
     109
     142
     153
     195
     192
     232
     287
     365
     429
     521
     578
     704
     755
     869
     985
    1144
    1241
    1311
    1372
    1456
    1650
    1605
    1656
    1725
    1791
    1752
    1757
    1730
    1779
    1766
    1696
    1618
    1623
    1555
    1489
    1366
    1407
    1290
    1093
    1052
     907
     941
     839
     723
     656
     593
     508
     430
     380
     312
     247
     240
     172
     139
     146
     105
      83
      61
      59
      61
      51
      52
      61
      38
      44
      46
      47
      40
      42
      44
      31
      39
      43
      41
      49
      49
      60
      70
      65
      71
      85
      93
      99
      92
     123
     143
     158
     166
     215
     251
     306
     361
     388
     468
     531
     586
     707
     774
     863
     868
     956
     975
    1063
    1106
    1114
    1186
    1203
    1220
    1276
    1286
    1239
    1243
    1257
    1210
    1181
    1173
    1113
    1050
    1023
    1030
     864
     865
     786
     696
     694
     631
     611
     536
     472
     475
     430
     372
     321
     258
     253
     218
     191
     153
     151
     125
     116
      95
      94
      80
      56
      63
      42
      63
      51
      28
      25
      33
      27
      35
      28
      28
      22
      16
      16
      13
      22
      20
      24
      16
      20
      22
      17
      24
      24
      18
      14
      14
      14
      14
      15
      19
      22
      21
      13
       7
      19
      21
      19
      18
      17
      15
      13
      17
      21
      20
      16
      20
      17
      19
      20
      22
      20
      18
      24
      18
      18
      19
      13
      19
      12
      16
      23
      29
      21
      20
      24
      17
      24
      15
      19
      19
      13
      20
      21
      19
      16
      11
      22
      20
      17
      11
      12
      12
      21
      23
      30
      20
      19
      16
      31
      23
      19
      25
      13
      17
      21
      16
      11
      19
      18
      10
      16
      15
       9
      19
      24
      21
      16
      12
      18
      11
      16
      13
      14
      18
      18
      20
      25
      28
      25
      17
      20
      14
      25
      13
      22
      17
      15
      16
      20
      21
      20
      14
      23
      19
      24
      14
      16
      17
      12
      28
      24
      18
      19
      25
      14
      18
      22
      22
      17
      23
      10
      17
      21
      18
      17
      18
      22
      18
      23
      19
      25
      20
      30
      22
      15
      13
      23
      16
      16
      19
      25
      22
      16
      21
      16
      14
      13
      24
       9
      18
      24
      16
      14
      19
      19
      23
      23
      26
      18
      14
      18
      10
      19
      24
      22
      18
      16
      17
      19
      21
      22
      24
      20
      19
      12
      15
      12
      15
      23
      25
      27
      16
      14
      14
      18
      23
      15
      22
      19
      14
      15
      22
      17
      23
      17
      21
      23
      15
      21
      15
      29
      14
      16
      21
      15
      18
      11
      17
      26
      16
      19
      16
      24
      23
      21
      20
      20
      22
      19
      25
      21
      25
      18
      17
      24
      19
      15
      12
      16
      25
      17
      25
      23
      14
      22
      12
      19
      30
      20
      23
      16
      20
      18
      30
      29
      18
      19
      16
      23
      24
      24
      22
      17
      24
      20
      27
      14
      23
      34
      17
      20
      15
      18
      25
      22
      16
      21
      17
      21
      29
      29
      23
      26
      18
      16
      25
      25
      27
      24
      29
      21
      30
      16
      27
      15
      30
      32
      24
      28
      27
      25
      31
      23
      26
      21
      20
      31
      26
      25
      30
      26
      27
      22
      24
      31
      24
      25
      25
      20
      29
      33
      24
      33
      31
      22
      35
      25
      31
      35
      22
      30
      23
      29
      27
      29
      38
      28
      24
      24
      31
      45
      28
      34
      32
      31
      31
      33
      34
      36
      32
      30
      29
      23
      29
      31
      39
      44
      32
      39
      30
      31
      40
      41
      43
      42
      29
      26
      28
      39
      23
      30
      37
      34
      29
      34
      42
      33
      34
      32
      27
      39
      35
      38
      33
      42
      37
      31
      41
      32
      26
      38
      21
      33
      30
      40
      44
      26
      33
      29
      29
      42
      41
      31
      35
      40
      44
      37
      29
      44
      34
      34
      48
      39
      38
      31
      33
      34
      49
      32
      40
      40
      34
      35
      38
      40
      46
      38
      55
      35
      39
      56
      32
      46
      29
      51
      43
      28
      41
      42
      45
      42
      41
      50
      37
      48
      41
      49
      39
      51
      49
      51
      48
      55
      52
      53
      65
      58
      47
      51
      48
      54
      54
      51
      57
      65
      53
      51
      52
      64
      59
      71
      50
      53
      62
      59
      64
      61
      53
      75
      71
      56
      62
      76
      54
      58
      67
      67
      71
      78
      72
      70
      75
      71
      72
      72
      74
      75
      76
      90
      91
      75
      75
      73
      62
      82
      91
      75
      70
      75
      91
      81
      97
     107
      75
      92
      94
      91
      89
     105
     104
     117
     101
     107
     101
      98
     108
     101
      96
     121
      94
     101
     125
     117
     121
     134
     128
     124
     118
     118
     120
     140
     137
     112
     137
     136
     138
     145
     144
     156
     148
     161
     161
     151
     183
     144
     167
     196
     171
     160
     189
     171
     181
     172
     177
     200
     199
     201
     186
     213
     177
     188
     210
     200
     192
     195
     227
     213
     237
     220
     247
     240
     251
     245
     213
     232
     257
     264
     271
     269
     277
     259
     296
     289
     334
     303
     278
     329
     320
     303
     363
     379
     386
     365
     401
     431
     416
     404
     438
     469
     482
     470
     469
     508
     508
     472
     541
     488
     556
     595
     631
     622
     587
     576
     646
     647
     667
     681
     704
     646
     752
     726
     751
     712
     754
     792
     809
     810
     823
     827
     798
     825
     833
     859
     780
     865
     855
     817
     871
     885
     840
     865
     821
     827
     813
     845
     792
     785
     785
     781
     836
     794
     787
     749
     740
     695
     732
     712
     720
     677
     694
     650
     700
     645
     621
     615
     605
     568
     576
     554
     519
     504
     510
     517
     497
     486
     443
     451
     426
     448
     455
     466
     423
     414
     392
     399
     377
     390
     386
     350
     334
     337
     370
     353
     327
     315
     290
     329
     313
     334
     291
     306
     307
     297
     262
     302
     266
     283
     274
     283
     285
     261
     307
     272
     251
     261
     248
     264
     259
     257
     248
     240
     286
     262
     234
     215
     228
     249
     231
     247
     242
     241
     255
     227
     236
     224
     229
     205
     225
     242
     228
     209
     227
     218
     230
     243
     208
     217
     213
     213
     215
     217
     218
     213
     216
     226
     193
     218
     199
     186
     218
     194
     182
     230
     217
     225
     185
     238
     203
     206
     218
     202
     165
     205
     190
     182
     178
     208
     209
     201
     188
     200
     193
     219
     211
     188
     194
     164
     171
     185
     201
     189
     208
     179
     216
     208
     195
     197
     189
     191
     188
     172
     180
     191
     164
     174
     191
     179
     182
     190
     172
     210
     189
     174
     188
     174
     188
     185
     188
     162
     190
     202
     189
     173
     157
     195
     215
     185
     179
     181
     171
     172
     187
     176
     145
     164
     165
     184
     149
     193
     170
     140
     167
     162
     142
     146
     161
     172
     167
     170
     137
     157
     157
     148
     159
     145
     139
     134
     138
     144
     152
     155
     152
     150
     143
     161
     157
     152
     160
     157
     172
     159
     147
     151
     149
     135
     150
     128
     157
     129
     123
     114
     128
     152
     142
     140
     128
     116
     155
     135
     128
     123
     142
     133
     138
     138
     129
     143
     147
     127
     124
     164
     142
     178
     176
     214
     258
     269
     318
     360
     457
     489
     600
     664
     781
     879
    1058
    1173
    1374
    1398
    1575
    1666
    1836
    1870
    2072
    2132
    2062
    2293
    2309
    2227
    2318
    2342
    2167
    2189
    2178
    2091
    2004
    1846
    1813
    1738
    1582
    1577
    1439
    1308
    1155
    1056
    1016
     844
     789
     666
     581
     481
     418
     351
     322
     244
     195
     153
     125
     101
      79
      62
      49
      48
      29
      22
      25
      19
      18
      17
      19
      15
      16
      16
      17
      11
      18
      16
      14
      14
      16
      13
      21
      21
       9
      15
      13
      16
      16
      12
      10
      13
       6
      13
      13
      15
       9
      11
      17
      16
      13
      12
      13
      15
      13
       9
      15
       8
      18
      13
      11
       9
      25
      12
      14
      17
      18
      15
       7
      15
      12
      15
      22
      12
      14
      11
      16
      10
      13
      10
      10
      17
       7
      11
       8
      15
      12
      13
       9
      12
      13
       9
      15
      14
      21
      11
      15
      10
       8
      12
      10
      10
      12
      16
      12
      10
      15
      15
      18
      12
      14
      16
      12
       9
      15
       9
      19
      15
      13
      19
      13
      17
      17
      19
      20
      13
      20
      19
      18
      20
      17
      16
       9
      16
      13
      18
      13
      12
      13
      11
      19
      11
      22
      11
      20
      15
      15
      11
      16
      13
      11
      19
      16
      19
      14
      13
      20
      17
       6
      13
      11
      15
      19
      15
      10
      16
      25
      15
      15
      13
       9
      12
      13
      12
      20
      15
      24
      13
      23
      12
      19
      20
      18
      14
      16
      13
      18
      22
      19
      25
       7
      32
      12
      24
      19
      27
      20
      21
      20
      15
       9
      20
      19
      22
      24
      16
      24
      23
      26
      31
      19
      18
      16
      17
      12
      18
      20
      12
      12
      14
      14
      14
      20
      17
      29
      20
      12
      20
       9
      19
      17
      13
      10
      16
      12
      15
      20
      23
      19
      15
      15
      15
      21
      15
      17
      12
      12
      19
      16
      16
      18
      10
      20
      19
      15
      14
      17
      21
      21
      16
      21
      16
      11
      13
      16
      12
      15
      23
      17
      23
      12
      23
      21
      22
      13
      18
      15
      16
      17
       0
       0
       0
       0
       0
       0
       0
       0
       0
       0
       0
       0
       0
       0
       0
       0
       0
       0
       0
       0
       0
       0
       0
       0
       0
       0
       0
       0
       0
       0
       0
       0
$ROI:
0
$PRESETS:
None
0
0
$ENER_FIT:
0.000000 0.034753
$MCA_CAL:
3
0.000000E+000 3.475336E-002 0.000000E+000 keV
$SHAPE_CAL:
3
0.000000E+000 0.000000E+000 0.000000E+000
