$SPEC_ID:
No sample description was entered.
$SPEC_REM:
DET# 4
DETDESC# JLAB-20 MCB 131
AP# Maestro Version 7.01
$DATE_MEA:
10/08/2025 09:49:51
$MEAS_TIM:
529 559
$DATA:
0 2047
       0
       0
       0
       0
       0
       0
       0
       0
       0
       0
       0
       0
       0
       0
       0
       0
       0
       0
       0
       0
       0
       0
       0
       0
       0
       0
       0
       0
       0
       0
       0
       0
       0
       0
       0
       0
       0
       0
       0
       0
       0
       0
       0
       0
       0
       0
       0
       0
       0
       0
       0
       0
       0
       0
       0
       0
       0
       0
       0
       0
       0
       0
       0
       0
       0
       0
       0
       0
       0
      12
     500
     481
     473
     525
     494
     477
     466
     443
     467
     437
     431
     390
     446
     355
     419
     391
     405
     369
     390
     354
     382
     396
     357
     356
     331
     331
     332
     361
     354
     330
     316
     315
     284
     318
     299
     286
     296
     289
     291
     301
     282
     267
     273
     284
     235
     247
     241
     230
     288
     261
     253
     253
     277
     232
     241
     260
     230
     248
     221
     236
     227
     214
     189
     223
     220
     214
     227
     231
     219
     215
     187
     203
     198
     239
     200
     210
     203
     199
     184
     182
     204
     179
     172
     170
     177
     222
     179
     195
     187
     178
     183
     175
     185
     205
     191
     170
     182
     181
     170
     167
     184
     171
     148
     144
     159
     153
     154
     170
     170
     141
     134
     147
     156
     153
     151
     157
     157
     149
     144
     141
     154
     151
     154
     147
     128
     160
     158
     154
     139
     143
     117
     118
     147
     123
     122
     139
     150
     155
     118
     137
     120
     150
     138
     144
     135
     144
     129
     116
     130
     122
     139
     136
     135
     115
     128
     136
     116
     110
     140
     115
     141
     133
     125
     137
     129
     126
     125
     122
     115
     122
     139
     119
     121
     115
     124
     124
     121
     117
     143
     122
     123
     109
     127
     130
     117
     131
     127
     101
     115
     120
     114
     136
     124
     115
     125
     143
     129
     118
     122
     130
     134
     135
     151
     155
     141
     140
     153
     157
     151
     158
     186
     172
     178
     171
     174
     163
     188
     192
     171
     188
     184
     197
     171
     169
     210
     210
     182
     195
     209
     237
     237
     229
     273
     277
     307
     300
     334
     357
     415
     430
     492
     484
     540
     551
     594
     605
     614
     643
     719
     668
     661
     708
     683
     697
     736
     722
     773
     739
     792
     763
     776
     812
     914
     973
     971
    1071
    1178
    1297
    1447
    1475
    1714
    1728
    1976
    2096
    2342
    2365
    2558
    2600
    2621
    2933
    2847
    2943
    2940
    2983
    3017
    2948
    2918
    2856
    2785
    2633
    2514
    2407
    2494
    2200
    2158
    1907
    1833
    1731
    1541
    1356
    1247
    1164
    1092
     887
     823
     747
     629
     561
     474
     383
     353
     292
     270
     209
     190
     201
     186
     142
     165
     161
     185
     173
     156
     197
     175
     200
     201
     197
     209
     211
     206
     225
     221
     190
     223
     214
     234
     249
     236
     251
     233
     236
     249
     252
     229
     248
     280
     279
     304
     314
     330
     390
     426
     441
     455
     500
     540
     550
     575
     545
     630
     593
     626
     690
     625
     657
     595
     682
     610
     652
     633
     614
     577
     596
     575
     525
     508
     484
     486
     443
     405
     390
     346
     355
     352
     304
     292
     294
     232
     206
     216
     189
     182
     136
     154
     146
     133
     125
     123
     109
     108
     110
     107
     100
      93
     108
     104
      93
      94
     101
      79
      92
      97
      83
      83
      86
      94
      91
     106
      80
      98
      90
     104
      97
      78
      90
     112
      93
      84
     106
      96
      87
      84
     103
     101
     111
     102
     103
     101
     101
     101
      94
     130
     100
     117
     108
     116
     113
     119
     110
      96
     102
     117
     115
     113
     117
     123
     125
     115
     112
     115
     120
     116
     119
     109
     133
     125
     116
     143
     119
     129
     127
     141
     129
     137
     148
     146
     143
     135
     153
     130
     139
     154
     161
     185
     158
     161
     169
     161
     225
     190
     217
     209
     207
     200
     205
     215
     231
     201
     254
     243
     245
     244
     270
     260
     267
     284
     259
     294
     296
     331
     321
     336
     322
     347
     373
     375
     418
     397
     449
     452
     489
     510
     461
     516
     573
     580
     618
     633
     711
     743
     778
     796
     843
     917
    1034
    1062
    1258
    1403
    1497
    1779
    2062
    2486
    2923
    3561
    4337
    5223
    6352
    7443
    9016
   10775
   12789
   14752
   17242
   19861
   22348
   24968
   27884
   30344
   33222
   35812
   38418
   40546
   42229
   43521
   45059
   45644
   46274
   46591
   46496
   45994
   45197
   44214
   43065
   41405
   40380
   38136
   36245
   34189
   32384
   29813
   27886
   25490
   23553
   20934
   19099
   16665
   14922
   12875
   11140
    9603
    8194
    6752
    5574
    4579
    3606
    3009
    2299
    1861
    1472
    1161
     931
     756
     526
     491
     423
     434
     369
     366
     366
     345
     358
     373
     357
     436
     459
     438
     441
     512
     527
     546
     544
     580
     669
     776
     826
    1012
    1214
    1426
    1630
    1921
    2247
    2704
    3290
    3711
    4395
    4816
    5571
    6232
    6888
    7612
    8232
    8845
    9391
    9714
   10267
   10847
   11023
   11185
   11702
   11537
   11698
   11640
   11554
   11485
   11297
   10937
   10591
   10407
    9840
    9571
    9148
    8514
    7991
    7586
    6859
    6537
    5953
    5367
    5028
    4454
    4020
    3644
    3194
    2727
    2429
    2146
    1874
    1591
    1423
    1225
    1047
     859
     739
     636
     544
     447
     443
     299
     290
     216
     199
     160
     116
      95
      90
      77
      58
      61
      41
      36
      45
      40
      30
      43
      50
      30
      44
      38
      41
      30
      31
      32
      40
      24
      23
      32
      23
      34
      37
      39
      37
      32
      32
      46
      40
      34
      33
      35
      35
      28
      28
      27
      21
      32
      28
      27
      29
      37
      30
      43
      35
      36
      38
      27
      26
      36
      33
      31
      30
      38
      28
      27
      20
      34
      25
      25
      28
      44
      35
      26
      40
      24
      27
      26
      28
      38
      21
      24
      30
      30
      41
      26
      35
      18
      29
      33
      28
      17
      30
      25
      27
      27
      32
      31
      33
      29
      36
      50
      25
      39
      26
      44
      35
      27
      25
      32
      29
      33
      34
      45
      23
      27
      24
      34
      23
      29
      47
      28
      35
      34
      44
      50
      39
      42
      41
      31
      53
      41
      43
      52
      44
      57
      48
      40
      60
      44
      48
      57
      52
      59
      57
      66
      66
      45
      83
      54
      50
      55
      62
      57
      62
      62
      52
      50
      73
      48
      54
      59
      56
      52
      49
      49
      74
      49
      65
      59
      68
      72
      67
      56
      61
      44
      58
      65
      53
      57
      50
      59
      46
      64
      77
      74
      60
      57
      66
      59
      49
      57
      60
      61
      57
      60
      60
      52
      69
      62
      66
      57
      78
      69
      73
      78
      70
      81
      60
      56
      85
      75
      74
      80
      71
      60
      67
      80
      75
      74
      60
      77
      75
      76
      63
      78
      80
      65
      66
      62
      69
      58
      70
      67
      78
      61
      67
      61
      85
      73
      51
      64
      65
      57
      59
      69
      82
      67
      57
      66
      60
      61
      71
      52
      62
      52
      59
      61
      58
      50
      64
      68
      71
      77
      72
      64
      75
      57
      71
      67
      69
      61
      60
      53
      70
      65
      68
      70
      71
      70
      60
      56
      57
      77
      81
      55
      61
      64
      54
      64
      70
      62
      76
      68
      80
      65
      70
      61
      81
      69
      69
      65
      59
      64
      56
      70
      64
      62
      86
      64
      65
      64
      72
      68
      76
      74
      57
      74
      76
      62
      79
      66
      81
      71
      79
      76
      69
      73
      84
      64
      67
      64
      75
      71
      73
      80
      71
      61
      63
      68
      70
      72
      72
      67
      60
      90
      64
      66
      80
      67
      76
      73
      65
      92
      72
      67
      71
      67
      77
      66
      89
      67
      68
      72
      81
      80
      83
      77
      53
      89
      75
      82
      74
      81
      67
      72
      84
      84
      79
      74
      80
      84
      88
      99
      67
      71
      71
      92
      78
      88
      90
      67
      69
      73
      80
      72
      95
      81
      78
      74
      80
      89
      84
      81
      72
      84
      81
      97
      86
      78
      84
      73
      82
      94
      88
      74
      94
      76
      96
      89
      81
     106
      67
      87
      84
      94
      71
      84
      85
      96
     115
     110
      89
      87
      74
      89
      88
      83
      73
      86
      96
      87
      88
      86
      72
      83
     106
      98
     106
      80
     104
      89
     100
      92
     100
     102
      85
     103
     107
      95
     112
      95
     108
     112
     120
     120
     103
     106
     107
     111
     119
      96
     106
     108
     130
     124
     130
     119
     124
     127
     116
     123
     152
     156
     129
     153
     116
     131
     146
     133
     135
     150
     129
     151
     157
     158
     156
     176
     160
     166
     157
     161
     180
     170
     194
     172
     135
     172
     174
     163
     158
     203
     214
     180
     179
     168
     169
     185
     184
     174
     180
     151
     147
     175
     168
     214
     172
     176
     168
     166
     147
     168
     131
     152
     166
     143
     143
     132
     146
     144
     165
     171
     149
     137
     134
     137
     162
     144
     154
     162
     145
     143
     162
     158
     142
     178
     172
     190
     172
     171
     177
     201
     177
     196
     189
     177
     208
     211
     184
     197
     203
     202
     221
     219
     218
     214
     218
     225
     208
     227
     222
     231
     234
     243
     245
     242
     241
     259
     264
     264
     267
     275
     236
     276
     248
     275
     319
     293
     285
     301
     302
     294
     334
     315
     330
     327
     317
     297
     325
     327
     332
     314
     393
     330
     357
     365
     345
     403
     378
     418
     388
     402
     420
     418
     425
     461
     475
     527
     502
     497
     515
     499
     558
     587
     613
     604
     633
     622
     603
     608
     675
     650
     713
     710
     736
     745
     808
     769
     847
     790
     856
     854
     856
     844
     847
     836
     871
     914
     913
    1011
     958
     890
     946
     932
     960
     986
    1005
    1025
     977
     923
     989
     916
     940
     942
     953
     926
     935
     977
     941
     907
     880
     876
     875
     908
     814
     782
     855
     778
     778
     808
     751
     730
     674
     677
     725
     618
     623
     642
     613
     611
     588
     561
     595
     575
     552
     543
     473
     472
     509
     514
     508
     457
     462
     451
     428
     429
     408
     427
     409
     404
     377
     386
     358
     366
     322
     377
     349
     329
     331
     342
     308
     326
     314
     326
     324
     302
     271
     322
     278
     311
     308
     285
     283
     264
     281
     274
     261
     279
     276
     251
     287
     263
     241
     258
     256
     254
     253
     229
     248
     245
     227
     243
     233
     250
     227
     260
     259
     226
     222
     228
     238
     242
     224
     248
     225
     254
     219
     233
     228
     236
     215
     248
     184
     210
     218
     202
     215
     208
     213
     206
     219
     201
     183
     197
     210
     192
     220
     212
     205
     190
     191
     216
     213
     211
     216
     216
     218
     220
     203
     213
     203
     192
     192
     191
     196
     218
     193
     186
     209
     224
     206
     188
     164
     212
     171
     226
     184
     179
     203
     195
     210
     199
     193
     178
     217
     178
     201
     197
     194
     178
     162
     212
     193
     178
     168
     185
     180
     224
     191
     187
     173
     189
     177
     157
     173
     200
     177
     190
     187
     172
     172
     157
     186
     173
     167
     168
     172
     180
     165
     117
     177
     164
     151
     190
     141
     144
     162
     159
     167
     165
     128
     155
     140
     163
     159
     126
     145
     149
     146
     157
     154
     115
     135
     135
     157
     118
     142
     132
     144
     151
     163
     133
     135
     125
     135
     120
     131
     122
     156
     129
     143
     123
     121
     141
     132
     121
     139
     140
     127
     138
     140
     129
     123
     113
     150
     112
     130
     138
     135
     134
     130
     128
     153
     165
     174
     194
     241
     249
     253
     319
     411
     458
     506
     607
     731
     818
     951
    1038
    1114
    1325
    1466
    1586
    1637
    1776
    1949
    2023
    2132
    2142
    2169
    2166
    2267
    2240
    2250
    2164
    2166
    2061
    1973
    1896
    1766
    1681
    1555
    1509
    1314
    1334
    1252
    1073
     942
     856
     744
     701
     643
     532
     447
     380
     344
     239
     226
     166
     151
      90
      93
      75
      64
      51
      32
      31
      19
      27
      19
      23
      21
      21
      18
      11
      18
      18
      15
      14
      16
      22
      19
      22
      12
      17
      27
      13
      11
      18
      17
      14
      13
      15
      16
      23
      14
      12
      20
      23
      14
      12
      10
      14
      16
       9
      19
      14
      21
      25
      19
      10
      23
      20
      19
      17
      28
      18
      16
      26
      16
      17
      16
      18
      23
      17
      16
      17
      14
      19
      22
      16
      19
      19
      14
      24
      13
      15
      13
      19
      19
      19
      22
      22
      18
      29
      21
       9
      14
      22
      17
      16
      18
      13
      27
      16
      20
      17
      18
      16
       9
      19
      14
      15
      16
      22
      27
      20
      18
      22
      19
      14
      23
      17
       9
      19
      26
      25
      14
      18
      18
      14
      16
      18
      14
      15
      18
      21
      22
      18
      16
      18
      20
      17
      13
      19
      17
      22
      17
       8
      16
      11
      20
      15
      13
      23
      22
      16
      23
      16
      12
      19
      17
      15
      16
      21
      24
      24
      20
      22
      17
      18
      26
      22
      18
      21
      18
      20
      21
      17
      24
      19
      21
      25
      32
      15
      24
      23
      30
      28
      29
      27
      24
      27
      23
      36
      18
      18
      24
      26
      35
      30
      30
      33
      28
      32
      30
      24
      18
      29
      21
      30
      17
      20
      19
      23
      23
      21
      16
      17
      23
      16
      20
      19
      19
      21
      16
      28
      23
      19
      15
      19
      21
      20
      24
      21
      22
      28
      17
      26
      17
      25
      24
      27
      15
      18
      19
      26
      27
      34
      20
      24
      20
      29
      24
      19
      28
      27
      28
      14
      20
      21
      17
      12
      22
      22
      29
      28
      21
      21
      19
      20
      28
      25
      26
      20
      19
      19
      22
      16
      28
       0
       0
       0
       0
       0
       0
       0
       0
       0
       0
       0
       0
       0
       0
       0
       0
       0
       0
       0
       0
       0
       0
       0
       0
       0
       0
       0
       0
       0
       0
       0
       0
$ROI:
0
$PRESETS:
None
0
0
$ENER_FIT:
0.000000 0.034753
$MCA_CAL:
3
0.000000E+000 3.475336E-002 0.000000E+000 keV
$SHAPE_CAL:
3
0.000000E+000 0.000000E+000 0.000000E+000
