$SPEC_ID:
No sample description was entered.
$SPEC_REM:
DET# 4
DETDESC# JLAB-20 MCB 131
AP# Maestro Version 7.01
$DATE_MEA:
10/08/2025 09:29:32
$MEAS_TIM:
168 203
$DATA:
0 2047
       0
       0
       0
       0
       0
       0
       0
       0
       0
       0
       0
       0
       0
       0
       0
       0
       0
       0
       0
       0
       0
       0
       0
       0
       0
       0
       0
       0
       0
       0
       0
       0
       0
       0
       0
       0
       0
       0
       0
       0
       0
       0
       0
       0
       0
       0
       0
       0
       0
       0
       0
       0
       0
       0
       0
       0
       0
       0
       0
       0
       0
       0
       0
       0
       0
       0
       0
       0
       0
       6
     168
     177
     172
     171
     157
     149
     166
     165
     175
     165
     190
     149
     153
     181
     157
     173
     168
     173
     163
     172
     161
     142
     126
     144
     147
     161
     130
     142
     150
     163
     145
     138
     125
     161
     148
     155
     138
     128
     143
     138
     137
     155
     124
     140
     142
     149
     133
     123
     137
     145
     134
     116
     148
     141
     138
     134
     144
     124
     111
      99
     138
     132
     117
     113
     108
     120
     136
     135
     128
     128
     124
     134
     113
     107
     131
     112
     111
     113
     116
     120
     101
     107
     139
     123
     110
      94
     121
     109
     108
     110
     112
     108
     116
     105
     103
     111
     117
     115
     116
     117
     120
      88
     108
      85
      90
     121
     105
     106
     104
      96
      98
     114
     116
      96
     113
     124
     107
     100
     107
     102
     108
      99
     103
     111
      92
     113
     100
     107
      89
      98
      98
      98
     101
      99
     104
      88
     104
     101
     101
      83
     124
     102
      87
      80
      99
     110
     100
      98
     101
     111
      91
      88
      92
     103
      83
     111
      98
      92
      97
     101
      88
     128
      91
      97
     120
      73
      89
     102
      97
     110
      94
      78
      90
      88
      96
      90
     109
     101
      97
      91
     104
     106
      93
      95
      94
      99
     106
      80
      98
     103
      86
      99
      85
      96
      94
     110
      93
     100
      81
      68
      64
     101
      99
     112
     107
      82
     103
      90
      84
      98
     110
     117
      95
      90
      97
     111
      89
      98
     101
      99
      88
     100
      86
      96
      96
     115
     101
      92
      97
      96
     103
      91
      96
     106
     103
     110
      91
     102
      98
     107
      94
      89
      94
      89
     116
      91
      92
      92
      95
      89
      80
      93
      97
     102
      96
      97
      78
     108
      87
     119
      93
     112
     103
     102
      91
      93
      95
     106
      87
      86
     105
      93
     102
      89
      78
      81
     106
      87
     104
      92
      93
      85
     100
      81
     102
     100
      98
      98
      79
      85
     110
     105
      91
     104
      85
      86
      84
      98
      70
      97
     109
     110
      98
      91
      96
      97
      87
      95
      80
      86
      85
      92
     102
      86
      96
      94
      99
     106
      99
      72
     106
     107
      88
      88
      84
      85
      93
      81
      85
      97
      87
      81
      80
      96
      79
     104
      89
      92
      91
      96
      88
      96
     119
     112
      91
     101
      93
     112
      98
     102
      88
      97
      95
      89
     121
     102
     101
      96
      92
     101
      96
     109
     105
      84
      99
     101
     105
     106
     112
      90
      99
     119
      96
     109
      91
     100
     118
     112
      98
     104
      83
      89
      98
      93
     100
     102
     124
      99
      97
     125
      85
     109
      98
      99
     116
      98
     122
     115
      89
     106
      99
     103
     107
     115
     114
     144
     137
     134
     132
     119
     113
      98
     115
     113
     129
     120
     114
     116
     136
     127
     131
     129
     115
     112
     115
     121
     124
     117
     150
     135
     124
     144
     132
     131
     154
     126
     132
     162
     141
     158
     132
     143
     150
     158
     142
     144
     133
     147
     166
     164
     132
     154
     134
     179
     154
     154
     172
     150
     155
     171
     164
     177
     159
     185
     182
     193
     181
     186
     163
     175
     207
     187
     204
     179
     201
     173
     214
     186
     184
     184
     199
     195
     176
     198
     218
     197
     209
     261
     209
     233
     216
     239
     267
     243
     249
     247
     286
     262
     293
     300
     264
     283
     282
     294
     302
     300
     303
     315
     308
     325
     318
     377
     367
     350
     332
     351
     374
     362
     402
     423
     385
     436
     459
     449
     506
     513
     462
     544
     536
     535
     579
     561
     610
     604
     617
     630
     613
     627
     693
     644
     616
     613
     616
     598
     592
     562
     587
     503
     535
     523
     447
     421
     440
     383
     375
     351
     303
     332
     284
     299
     277
     219
     225
     238
     195
     171
     197
     146
     124
     147
     146
     109
     118
     111
     107
      95
     111
     117
     117
     119
     125
     103
      99
     112
      93
     119
      89
     112
     115
      84
      93
      96
      97
     108
      98
     112
     116
     106
     112
     119
     123
     106
     117
     115
     113
     123
     122
     121
     127
     134
     123
     110
     118
     144
     122
     127
     157
     149
     146
     143
     135
     150
     148
     159
     148
     148
     154
     144
     172
     148
     140
     187
     153
     171
     168
     192
     166
     166
     193
     193
     169
     182
     225
     207
     195
     191
     229
     223
     231
     253
     243
     246
     220
     235
     280
     263
     275
     278
     289
     268
     297
     293
     296
     321
     287
     253
     291
     286
     258
     262
     277
     297
     273
     306
     284
     297
     308
     282
     297
     347
     314
     322
     337
     340
     360
     341
     348
     329
     362
     337
     348
     328
     368
     397
     366
     384
     410
     401
     406
     413
     443
     420
     449
     418
     465
     483
     493
     516
     520
     563
     521
     550
     576
     596
     600
     606
     620
     717
     634
     740
     743
     777
     784
     799
     833
     843
     871
     889
     842
     952
    1012
     980
     990
    1033
    1105
    1108
    1167
    1152
    1177
    1241
    1294
    1370
    1318
    1398
    1396
    1391
    1427
    1403
    1487
    1499
    1494
    1552
    1556
    1576
    1686
    1617
    1745
    1750
    1659
    1769
    1819
    1842
    1884
    1812
    1929
    1931
    1952
    2007
    1938
    2051
    2066
    1972
    2148
    2205
    2156
    2194
    2239
    2284
    2297
    2415
    2413
    2445
    2472
    2627
    2631
    2675
    2669
    2776
    3004
    3104
    3190
    3299
    3462
    3503
    3805
    3947
    4130
    4427
    4739
    4898
    5304
    5694
    6180
    6319
    6827
    7268
    7568
    8167
    8678
    9203
    9766
   10479
   10932
   11791
   12204
   12606
   12970
   13406
   13850
   14128
   14479
   14623
   14820
   15158
   14874
   14890
   14593
   14163
   13935
   13551
   13286
   12799
   12188
   11696
   11004
   10573
   10212
    9301
    8651
    8008
    7441
    6895
    6086
    5602
    5097
    4609
    3909
    3732
    3119
    2795
    2379
    2218
    1780
    1613
    1423
    1181
    1105
    1009
     766
     750
     682
     582
     511
     515
     490
     522
     447
     434
     487
     422
     466
     447
     459
     452
     427
     434
     433
     494
     493
     459
     491
     489
     520
     506
     500
     474
     494
     538
     509
     509
     546
     568
     548
     527
     582
     589
     596
     558
     605
     623
     617
     661
     628
     659
     663
     731
     650
     744
     748
     726
     765
     770
     869
     812
     875
     933
     966
    1024
    1093
    1181
    1224
    1277
    1411
    1481
    1573
    1724
    1835
    1978
    2068
    2185
    2248
    2462
    2624
    2735
    2844
    2835
    3031
    3128
    3228
    3249
    3310
    3387
    3412
    3332
    3351
    3311
    3228
    3164
    3027
    3055
    3015
    2916
    2788
    2670
    2522
    2604
    2299
    2288
    2119
    2074
    1888
    1855
    1759
    1627
    1542
    1450
    1410
    1295
    1217
    1083
    1113
     952
    1032
     912
     834
     786
     719
     709
     685
     611
     566
     526
     416
     496
     406
     397
     368
     335
     291
     253
     241
     244
     237
     181
     172
     175
     159
     136
     124
     129
     117
     121
      96
      86
     100
      78
     101
      83
      89
      78
      73
      76
      86
     102
      90
      84
      82
      91
     114
      82
      75
      71
      71
      83
     101
      90
      92
      79
      81
      83
      89
      89
      82
      85
      77
      79
      72
      89
      71
      79
      97
      79
      97
      89
      75
      93
      76
      90
      95
      83
      92
      73
      81
      81
      68
      81
      59
      76
      76
      94
      85
      67
      82
      91
      73
     101
      73
      79
      82
      77
      75
      84
      87
      97
      96
      84
      93
      89
      98
     100
      83
      76
     113
      88
      68
      98
      81
      72
      94
      95
      83
      85
      68
      92
      86
      74
      77
      87
      86
      67
      91
      78
      68
      71
      95
      71
      82
      78
      85
      67
      90
      90
      79
      82
      79
      78
      80
      85
     100
      81
      83
      94
      96
      92
      83
      83
      86
      87
      87
      74
      79
      89
      84
      77
      85
      80
      75
      99
      71
      90
      81
     104
      87
      70
      97
      93
      73
     103
      99
      74
      63
      75
      92
      86
      80
      90
      74
      98
      88
      70
      74
      83
      87
      87
      85
     103
      79
      79
      95
      75
      92
      91
     118
      86
      95
      96
     101
      81
     122
      97
      96
     104
     104
     107
      87
      99
     100
     101
      97
     102
     108
      92
     103
      87
      95
      84
      88
     104
      88
      89
      76
      96
     109
     101
     124
      90
      77
      92
      91
      97
     100
     106
      92
      85
     121
     108
     112
     103
     110
     113
     110
     108
     117
      91
     114
      97
     107
      97
      88
     107
     101
     109
     111
      96
     106
     101
     100
      99
     122
      89
     108
      97
     108
      94
     103
      91
     107
      97
     109
      99
      82
     103
     107
     113
      93
     114
     101
     102
     114
     121
     101
      95
      99
     104
     114
     113
     105
     112
     110
      82
     107
     109
      84
     111
     108
     123
     104
     100
     108
     120
     102
     112
      90
     101
     111
     126
     132
     127
     111
     107
     111
      95
      92
     126
      80
     121
     101
     107
     123
     119
     110
     105
     130
     114
     126
     112
     118
     110
     116
     109
     109
     117
     102
     106
     123
     124
     124
     119
     107
     110
     135
     127
     113
     105
     126
     115
     115
     108
     125
     115
     127
     109
     132
     115
     117
     113
     105
     110
     118
     107
     118
     110
     118
     106
     132
     130
     101
     113
     120
     110
     133
     106
     114
     125
     144
     129
     114
     119
     125
     133
     125
     125
     141
     114
     120
     124
     109
     121
     126
     132
     149
     113
     135
     129
     111
     134
     125
     140
     139
     133
     131
     131
     126
     129
     128
     141
     133
     134
     126
     147
     147
     130
     121
     148
     126
     144
     138
     164
     136
     163
     147
     166
     142
     175
     165
     157
     151
     185
     188
     170
     190
     186
     177
     175
     177
     166
     182
     175
     156
     180
     201
     184
     180
     182
     220
     184
     213
     203
     194
     207
     202
     196
     210
     194
     216
     214
     197
     218
     200
     186
     230
     230
     207
     258
     230
     229
     242
     268
     223
     266
     287
     275
     322
     342
     346
     365
     370
     344
     385
     415
     445
     469
     438
     442
     464
     476
     476
     489
     481
     493
     477
     448
     387
     417
     396
     405
     375
     390
     369
     318
     327
     305
     282
     268
     263
     263
     241
     214
     203
     184
     223
     157
     163
     155
     150
     154
     150
     119
     106
     111
     105
     129
      95
     109
     134
      97
      93
     115
     123
     144
     130
     135
     125
     138
     123
     127
     133
      97
     137
     102
     126
     123
     126
     108
     133
     119
     117
     126
     141
     122
     128
     139
     117
     137
     133
     129
     126
     125
     140
     121
     133
     148
     158
     164
     138
     126
     149
     143
     133
     139
     156
     129
     148
     139
     115
     142
     151
     155
     136
     131
     117
     143
     145
     127
     127
     157
     153
     140
     124
     137
     151
     147
     133
     160
     131
     142
     145
     141
     150
     139
     144
     168
     129
     133
     167
     149
     148
     147
     143
     161
     135
     164
     151
     151
     149
     179
     169
     155
     168
     155
     160
     151
     158
     205
     172
     189
     173
     185
     179
     184
     192
     179
     171
     168
     191
     190
     178
     212
     196
     212
     200
     192
     228
     218
     201
     203
     220
     230
     207
     226
     207
     225
     223
     216
     232
     239
     231
     241
     276
     246
     237
     232
     211
     248
     266
     284
     253
     249
     255
     278
     272
     274
     242
     269
     291
     262
     277
     276
     267
     268
     261
     306
     257
     301
     305
     265
     295
     304
     306
     294
     325
     307
     314
     293
     332
     305
     306
     335
     353
     357
     376
     369
     394
     374
     395
     374
     435
     422
     448
     488
     502
     521
     525
     557
     559
     598
     593
     599
     624
     621
     706
     724
     767
     749
     750
     747
     775
     829
     807
     803
     878
     905
     819
     841
     796
     833
     825
     850
     804
     754
     731
     708
     733
     733
     699
     617
     599
     573
     584
     533
     496
     481
     530
     406
     455
     435
     364
     336
     351
     352
     277
     334
     298
     275
     252
     264
     271
     258
     261
     245
     229
     222
     245
     229
     238
     252
     222
     224
     234
     204
     205
     220
     222
     223
     243
     209
     226
     218
     211
     204
     199
     230
     232
     239
     244
     212
     216
     231
     227
     240
     243
     237
     213
     229
     230
     235
     243
     245
     242
     245
     273
     224
     244
     250
     250
     251
     228
     264
     247
     293
     246
     259
     265
     251
     283
     297
     257
     271
     267
     303
     294
     319
     299
     336
     350
     309
     351
     385
     332
     354
     391
     404
     417
     455
     418
     445
     480
     432
     458
     435
     459
     419
     481
     425
     434
     446
     448
     440
     430
     421
     422
     383
     390
     388
     378
     339
     368
     357
     332
     317
     326
     302
     316
     274
     267
     296
     261
     293
     272
     255
     246
     209
     223
     206
     237
     230
     204
     183
     203
     203
     166
     202
     178
     168
     169
     182
     164
     155
     166
     138
     171
     157
     164
     188
     149
     151
     161
     137
     143
     142
     142
     144
     133
     142
     133
     135
     140
     133
     140
     149
     132
     139
     151
     144
     156
     147
     124
     126
     140
     165
     134
     140
     121
     126
     152
     133
     155
     144
     139
     150
     140
     135
     152
     148
     151
     126
     137
     147
     135
     168
     141
     156
     129
     132
     159
     166
     169
     169
     158
     161
     159
     165
     149
     172
     162
     161
       0
       0
       0
       0
       0
       0
       0
       0
       0
       0
       0
       0
       0
       0
       0
       0
       0
       0
       0
       0
       0
       0
       0
       0
       0
       0
       0
       0
       0
       0
       0
       0
$ROI:
0
$PRESETS:
None
0
0
$ENER_FIT:
0.000000 0.034753
$MCA_CAL:
3
0.000000E+000 3.475336E-002 0.000000E+000 keV
$SHAPE_CAL:
3
0.000000E+000 0.000000E+000 0.000000E+000
