$SPEC_ID:
No sample description was entered.
$SPEC_REM:
DET# 4
DETDESC# JLAB-20 MCB 131
AP# Maestro Version 7.01
$DATE_MEA:
10/08/2025 09:34:19
$MEAS_TIM:
383 398
$DATA:
0 2047
       0
       0
       0
       0
       0
       0
       0
       0
       0
       0
       0
       0
       0
       0
       0
       0
       0
       0
       0
       0
       0
       0
       0
       0
       0
       0
       0
       0
       0
       0
       0
       0
       0
       0
       0
       0
       0
       0
       0
       0
       0
       0
       0
       0
       0
       0
       0
       0
       0
       0
       0
       0
       0
       0
       0
       0
       0
       0
       0
       0
       0
       0
       0
       0
       0
       0
       0
       0
       0
       9
     172
     172
     161
     151
     161
     134
     158
     136
     129
     151
     154
     144
     143
     147
     150
     136
     131
     157
     101
     122
     147
     127
     122
     127
     139
     112
      99
     106
     116
     103
     119
      97
     124
     107
     122
     118
     113
     122
      98
     106
     102
     108
      97
      91
      89
      84
      92
     113
      89
      85
     104
      69
      99
      83
      90
     103
      82
      86
      77
      87
      93
      91
      99
      80
      73
      83
      85
     105
      95
      89
     102
      80
      88
      95
      89
      78
      92
      89
      72
      75
      77
      66
      82
      89
     103
      76
      90
      85
      93
      75
      96
      89
      92
      85
     108
     114
     134
     138
     129
     170
     166
     175
     225
     229
     233
     254
     293
     298
     334
     330
     330
     341
     385
     365
     409
     416
     434
     430
     374
     440
     447
     456
     433
     421
     427
     442
     503
     479
     569
     569
     599
     702
     767
     823
     891
    1043
    1098
    1167
    1248
    1474
    1517
    1538
    1710
    1787
    1762
    1916
    1831
    1913
    1827
    1921
    1959
    1888
    1841
    1762
    1729
    1666
    1648
    1511
    1525
    1371
    1288
    1264
    1106
    1072
     984
     912
     753
     726
     655
     607
     503
     465
     408
     409
     311
     305
     238
     200
     189
     178
     170
     173
     154
     162
     146
     163
     149
     155
     139
     156
     169
     182
     164
     184
     215
     195
     235
     267
     293
     275
     328
     333
     359
     369
     439
     433
     435
     457
     466
     488
     477
     483
     514
     523
     486
     479
     471
     486
     482
     458
     419
     433
     355
     360
     337
     308
     278
     284
     306
     222
     258
     211
     179
     179
     153
     172
     157
     120
     139
     104
      84
     103
      72
      81
      63
      65
      68
      53
      69
      66
      80
      67
      70
      78
      77
      64
      62
      57
      53
      58
      55
      63
      54
      79
      61
      61
      52
      62
      69
      50
      45
      64
      56
      57
      61
      46
      64
      38
      53
      52
      50
      53
      47
      46
      44
      57
      64
      56
      62
      49
      72
      64
      55
      58
      61
      61
      43
      59
      63
      63
      66
      61
      66
      71
      55
      72
      54
      63
      77
      60
      65
      49
      67
      61
      60
      53
      64
      63
      58
      57
      63
      60
      56
      66
      62
      71
      61
      43
      58
      61
      68
      70
      63
      53
      66
      67
      61
      68
      68
      66
      77
      64
      76
      73
      71
      76
      62
      68
      73
      80
      61
      66
      84
      65
      79
      86
      75
      82
      76
      64
      88
      98
      89
      83
      89
      90
      87
      97
     117
     119
     104
     107
     116
     117
     111
     130
     116
     131
     116
     130
     136
     136
     174
     139
     155
     163
     177
     172
     207
     179
     213
     201
     228
     228
     252
     259
     255
     252
     308
     328
     339
     348
     433
     418
     498
     549
     667
     785
     923
    1142
    1362
    1667
    2121
    2512
    3068
    3676
    4593
    5472
    6406
    7527
    8704
    9680
   11089
   12229
   13243
   14375
   15606
   16401
   17218
   17982
   18813
   19143
   19362
   19706
   19903
   19545
   19291
   18948
   18411
   17954
   17416
   16589
   15979
   15056
   14218
   13212
   12293
   11208
   10337
    9141
    8553
    7578
    6686
    6016
    5133
    4390
    3648
    3107
    2572
    2189
    1763
    1331
    1081
     883
     700
     559
     494
     402
     402
     385
     361
     443
     476
     488
     584
     680
     823
     984
    1123
    1423
    1618
    1780
    2063
    2289
    2653
    2975
    3264
    3611
    3786
    4088
    4197
    4553
    4684
    4767
    5010
    4909
    5037
    5071
    5047
    5105
    4880
    4914
    4703
    4660
    4492
    4211
    4095
    3847
    3570
    3373
    3143
    2918
    2633
    2453
    2211
    1917
    1634
    1553
    1294
    1124
     972
     845
     701
     614
     486
     424
     308
     286
     223
     194
     152
     119
     102
      82
      69
      49
      38
      36
      36
      23
      30
      28
      21
      29
      20
      24
      30
      28
      19
      21
      29
      25
      36
      28
      24
      18
      32
      20
      26
      25
      25
       8
      21
      27
      21
      19
      27
      25
      22
      17
      34
      30
      30
      22
      27
      22
      21
      25
      26
      31
      24
      23
      29
      18
      28
      21
      14
      23
      18
      22
      23
      27
      15
      22
      28
      22
      25
      23
      33
      22
      19
      20
      23
      20
      17
      26
      28
      26
      23
      20
      19
      24
      22
      27
      20
      32
      20
      28
      33
      19
      26
      22
      34
      29
      29
      21
      29
      24
      26
      21
      30
      22
      26
      23
      28
      27
      23
      30
      25
      41
      38
      36
      36
      25
      37
      33
      32
      34
      31
      33
      29
      25
      31
      32
      33
      33
      30
      29
      33
      26
      31
      39
      33
      27
      31
      24
      24
      25
      31
      23
      30
      31
      31
      28
      27
      26
      36
      27
      17
      30
      24
      30
      26
      26
      24
      36
      32
      30
      39
      31
      31
      27
      26
      31
      25
      35
      35
      32
      41
      28
      32
      27
      24
      40
      23
      25
      36
      39
      31
      32
      25
      33
      34
      42
      33
      35
      32
      27
      32
      31
      32
      33
      20
      23
      27
      32
      22
      29
      32
      23
      29
      26
      20
      29
      26
      30
      30
      25
      25
      36
      35
      18
      29
      31
      20
      33
      27
      44
      28
      39
      28
      24
      30
      26
      28
      32
      25
      28
      29
      34
      33
      25
      24
      27
      30
      31
      42
      34
      24
      24
      27
      35
      36
      30
      33
      29
      33
      23
      29
      24
      46
      18
      30
      26
      28
      36
      29
      28
      24
      25
      26
      29
      29
      29
      27
      34
      29
      31
      33
      24
      29
      27
      29
      28
      40
      30
      25
      34
      31
      36
      28
      31
      30
      28
      33
      24
      32
      28
      31
      31
      31
      24
      30
      32
      27
      30
      28
      39
      32
      19
      26
      31
      22
      33
      27
      34
      32
      29
      28
      28
      32
      38
      31
      33
      27
      33
      28
      38
      36
      33
      29
      28
      30
      39
      29
      20
      43
      29
      36
      26
      30
      28
      28
      28
      37
      40
      24
      24
      29
      35
      26
      33
      22
      25
      29
      31
      28
      22
      30
      22
      41
      26
      29
      28
      37
      38
      31
      33
      31
      37
      27
      24
      28
      37
      26
      32
      28
      26
      39
      38
      36
      34
      31
      32
      37
      28
      43
      38
      41
      39
      41
      37
      36
      37
      41
      34
      28
      43
      48
      36
      35
      47
      51
      45
      40
      43
      40
      46
      40
      50
      52
      32
      53
      46
      63
      43
      39
      37
      63
      33
      31
      48
      31
      35
      30
      40
      39
      37
      44
      29
      26
      24
      39
      32
      28
      33
      41
      31
      30
      34
      29
      28
      35
      17
      28
      33
      30
      35
      32
      27
      33
      38
      22
      27
      28
      32
      33
      33
      35
      30
      27
      30
      25
      33
      27
      30
      29
      33
      34
      35
      41
      36
      39
      37
      43
      39
      34
      30
      30
      28
      32
      20
      25
      40
      36
      37
      37
      25
      30
      33
      31
      28
      29
      23
      32
      20
      43
      28
      21
      22
      30
      38
      24
      31
      28
      36
      28
      35
      30
      31
      29
      15
      29
      31
      26
      33
      26
      31
      27
      32
      31
      42
      32
      31
      26
      24
      22
      24
      31
      36
      34
      43
      38
      34
      28
      24
      34
      26
      23
      38
      31
      37
      29
      29
      39
      32
      38
      40
      38
      37
      31
      38
      28
      36
      30
      30
      28
      38
      34
      32
      36
      26
      23
      35
      33
      32
      31
      40
      29
      34
      37
      30
      41
      37
      43
      30
      29
      39
      34
      40
      42
      42
      32
      40
      42
      30
      38
      35
      30
      41
      29
      29
      38
      26
      33
      39
      46
      38
      26
      42
      28
      41
      35
      44
      37
      37
      39
      42
      37
      30
      43
      32
      29
      31
      56
      43
      45
      51
      27
      45
      37
      53
      42
      33
      46
      60
      48
      45
      51
      59
      44
      48
      55
      51
      44
      47
      43
      52
      54
      53
      42
      40
      50
      53
      50
      54
      58
      41
      48
      58
      48
      51
      59
      55
      47
      62
      60
      47
      46
      72
      50
      61
      48
      65
      72
      52
      67
      49
      65
      72
      72
      66
      63
      79
      76
      80
      71
      73
      79
      63
      69
      69
      84
      95
      75
      74
      71
      80
      83
      81
      88
      84
      90
     102
      91
      89
      87
      95
     100
     108
     119
     112
     107
     114
      95
     114
      85
     101
     108
     102
     110
     125
      95
     116
     125
     126
     148
     127
     121
     146
     128
     149
     103
     145
     158
     167
     151
     142
     132
     154
     142
     164
     161
     184
     157
     167
     170
     195
     165
     180
     183
     185
     233
     203
     189
     177
     206
     188
     220
     192
     196
     210
     226
     208
     239
     238
     231
     240
     240
     241
     255
     249
     270
     244
     228
     268
     262
     251
     290
     268
     301
     268
     284
     265
     298
     279
     279
     319
     313
     312
     325
     346
     335
     329
     382
     385
     373
     346
     406
     397
     416
     417
     446
     466
     473
     459
     526
     522
     528
     548
     534
     540
     627
     577
     635
     653
     658
     670
     692
     723
     754
     770
     715
     808
     825
     816
     860
     802
     848
     950
     888
     877
     936
     897
     925
     969
     991
     984
     974
     983
     996
    1039
     975
     981
    1000
    1043
    1026
    1011
    1008
    1030
     964
     990
     950
     953
     986
     896
     922
     958
     852
     878
     890
     800
     789
     851
     768
     788
     817
     768
     738
     759
     699
     677
     656
     656
     710
     613
     610
     598
     550
     520
     533
     529
     538
     505
     476
     478
     488
     450
     483
     470
     416
     452
     436
     419
     411
     390
     368
     352
     394
     351
     392
     347
     332
     388
     316
     364
     357
     334
     327
     315
     301
     299
     309
     299
     301
     278
     282
     284
     279
     283
     274
     286
     284
     252
     279
     245
     241
     261
     270
     288
     278
     266
     295
     231
     254
     245
     251
     243
     248
     252
     257
     243
     252
     238
     205
     245
     223
     221
     245
     233
     242
     237
     183
     226
     211
     200
     200
     242
     238
     219
     203
     203
     215
     199
     211
     212
     197
     202
     183
     187
     188
     172
     185
     191
     194
     216
     213
     157
     176
     190
     184
     201
     195
     188
     183
     188
     159
     173
     183
     189
     188
     184
     197
     178
     178
     172
     175
     176
     177
     177
     187
     198
     154
     177
     164
     192
     153
     178
     166
     147
     156
     170
     182
     177
     164
     149
     158
     159
     159
     165
     187
     192
     161
     145
     157
     147
     168
     159
     170
     182
     165
     164
     173
     154
     160
     169
     163
     162
     160
     154
     162
     144
     162
     152
     133
     135
     152
     138
     152
     132
     131
     155
     176
     147
     154
     160
     157
     130
     123
     143
     150
     151
     121
     121
     143
     119
     114
     157
     121
     109
     132
     153
     100
     113
     123
     107
      96
     115
     112
     114
     111
     110
     101
      98
     105
     131
     100
     104
     113
      94
      97
     102
     105
     112
     110
     113
     103
     112
     106
     111
      92
      99
     104
     110
      92
      98
     115
      97
      89
     114
     137
     133
     169
     158
     189
     215
     250
     310
     360
     445
     513
     532
     652
     774
     810
     881
    1062
    1151
    1224
    1278
    1433
    1474
    1516
    1631
    1697
    1724
    1715
    1763
    1749
    1716
    1648
    1649
    1681
    1595
    1437
    1482
    1337
    1202
    1211
    1085
     971
     897
     848
     732
     677
     595
     526
     490
     408
     336
     282
     203
     220
     178
     147
     112
     104
      75
      61
      47
      35
      32
      20
      26
      12
      10
       6
      15
      10
      13
      14
      11
      20
       9
      16
      13
       8
      14
       7
       8
      11
      13
      16
       9
      14
       8
      10
      11
      12
      12
      19
      11
      12
      11
      17
      10
      17
      17
      11
      17
      17
      12
       6
      13
      12
      20
      15
      16
      11
      12
      17
       7
       7
      15
      11
      14
      11
      12
      13
      15
       7
      13
      13
      16
      13
      19
      19
      17
      15
      12
       9
      22
      13
      11
      11
      19
      13
      14
      13
      14
       9
       8
       7
      11
       9
      22
      17
      12
      12
      13
      13
      13
      10
       9
      16
      15
      10
      14
       9
      15
      10
      15
      18
       8
      20
      17
      16
       7
      16
      24
      11
      18
      18
      15
      16
      17
      12
      15
      19
      16
      19
      11
      11
      26
      15
       8
      16
      16
      21
      18
      21
      12
      16
      21
      26
      17
      13
      25
      11
      12
      15
       9
      11
      23
      16
      16
      12
      13
      23
      18
      14
      15
      17
      15
      17
      17
      13
      13
      17
      20
      21
      14
      18
      12
       6
      11
      22
      13
      15
      17
      14
      18
       9
      24
      12
      13
      18
      21
      11
      19
      22
      10
      18
      23
      25
      21
      17
      19
      22
      23
      20
      13
      19
      15
      15
      16
      16
      23
      16
      14
      25
      11
      17
      13
      14
      17
      13
      11
      10
      17
      18
      15
      17
      10
      10
      23
       8
      18
      11
      12
      13
      12
       7
      17
      21
      13
      13
      14
      13
      13
      11
       8
      16
      16
      14
      16
      13
       9
      17
      15
      23
      17
      15
      17
      13
       9
      20
      13
      12
      15
      11
      16
      18
      11
      14
       8
      15
      17
      15
      17
      10
      18
      10
      18
      12
       9
       0
       0
       0
       0
       0
       0
       0
       0
       0
       0
       0
       0
       0
       0
       0
       0
       0
       0
       0
       0
       0
       0
       0
       0
       0
       0
       0
       0
       0
       0
       0
       0
$ROI:
0
$PRESETS:
None
0
0
$ENER_FIT:
0.000000 0.034753
$MCA_CAL:
3
0.000000E+000 3.475336E-002 0.000000E+000 keV
$SHAPE_CAL:
3
0.000000E+000 0.000000E+000 0.000000E+000
