$SPEC_ID:
No sample description was entered.
$SPEC_REM:
DET# 4
DETDESC# JLAB-20 MCB 131
AP# Maestro Version 7.01
$DATE_MEA:
09/24/2025 11:40:11
$MEAS_TIM:
394 425
$DATA:
0 2047
       0
       0
       0
       0
       0
       0
       0
       0
       0
       0
       0
       0
       0
       0
       0
       0
       0
       0
       0
       0
       0
       0
       0
       0
       0
       0
       0
       0
       0
       0
       0
       0
       0
       0
      94
     828
     751
     765
     701
     678
     667
     674
     668
     651
     654
     604
     661
     591
     587
     628
     588
     577
     569
     569
     575
     553
     544
     587
     532
     513
     545
     485
     501
     461
     523
     477
     494
     532
     495
     500
     480
     491
     471
     508
     480
     429
     453
     443
     433
     405
     457
     440
     448
     443
     442
     405
     475
     378
     408
     407
     422
     376
     400
     389
     402
     350
     358
     375
     355
     391
     361
     352
     342
     321
     312
     355
     339
     321
     355
     316
     364
     329
     292
     315
     310
     323
     285
     286
     310
     291
     271
     264
     277
     326
     279
     301
     282
     277
     280
     271
     279
     266
     296
     247
     267
     273
     250
     244
     272
     244
     233
     255
     250
     270
     223
     255
     236
     240
     258
     240
     243
     243
     217
     211
     241
     204
     233
     240
     215
     216
     222
     233
     211
     231
     238
     226
     220
     218
     204
     199
     219
     194
     231
     192
     214
     192
     200
     200
     187
     219
     194
     200
     183
     170
     189
     221
     174
     157
     186
     188
     166
     169
     185
     180
     164
     190
     185
     184
     164
     165
     167
     167
     166
     164
     167
     157
     172
     179
     174
     157
     167
     183
     185
     184
     160
     193
     180
     167
     165
     165
     180
     192
     178
     182
     166
     162
     152
     172
     183
     173
     155
     165
     150
     162
     169
     177
     154
     153
     151
     151
     167
     138
     150
     174
     155
     161
     164
     156
     142
     147
     142
     175
     161
     116
     163
     151
     133
     150
     135
     143
     147
     122
     139
     136
     141
     142
     163
     159
     155
     154
     143
     134
     112
     136
     136
     145
     132
     143
     143
     134
     149
     142
     145
     124
     126
     135
     130
     151
     139
     124
     144
     114
     123
     111
     135
     125
     142
     145
     122
     156
     131
     173
     160
     151
     174
     184
     185
     200
     206
     223
     208
     251
     232
     222
     248
     225
     224
     244
     213
     223
     227
     206
     200
     191
     167
     187
     157
     176
     160
     170
     173
     147
     137
     128
     139
     136
     123
     110
     128
     136
     130
     117
     143
     136
     145
     122
     133
     124
     118
     132
     179
     143
     134
     140
     126
     148
     155
     123
     131
     129
     120
     125
     115
     113
     136
     119
     116
     120
     122
     107
      98
     136
     120
     108
     108
      86
     124
     117
      96
     118
     101
     100
     104
     133
     110
     112
     118
     126
     121
     133
     106
      96
      91
     127
     107
     108
      96
     110
      92
     101
      98
     108
     113
     107
     101
     101
     119
     111
     104
     115
     130
     108
      99
     110
      89
      95
     103
     112
     108
     110
     118
      98
     118
     127
     123
     110
     113
     110
     113
     113
     110
     142
     127
     137
     121
     119
     106
     137
     125
     134
     105
     131
     133
     140
     127
     127
     127
     131
     152
     137
     154
     166
     151
     177
     180
     182
     227
     234
     260
     244
     325
     319
     325
     363
     353
     404
     381
     400
     427
     412
     436
     457
     453
     472
     468
     459
     502
     547
     532
     575
     608
     662
     710
     832
     860
     980
    1122
    1149
    1210
    1307
    1334
    1394
    1498
    1492
    1537
    1616
    1514
    1453
    1402
    1410
    1283
    1291
    1161
    1078
    1068
     860
     817
     727
     718
     558
     502
     470
     406
     364
     324
     244
     276
     202
     178
     169
     106
     131
     122
     144
      97
     110
      82
     116
     124
     101
     103
     108
      84
     123
     106
      92
     102
     100
     115
     101
     107
     107
     107
     101
     105
     116
     116
     114
     100
     115
     137
     120
     125
     117
     160
     131
     126
     147
     124
     143
     172
     160
     166
     176
     164
     152
     200
     159
     174
     173
     172
     187
     177
     162
     203
     205
     190
     216
     218
     264
     293
     285
     309
     339
     357
     371
     416
     357
     398
     385
     398
     406
     418
     437
     371
     337
     376
     314
     314
     317
     310
     302
     290
     290
     294
     273
     267
     238
     271
     241
     249
     244
     251
     220
     255
     233
     230
     253
     251
     220
     230
     257
     259
     258
     258
     242
     307
     268
     296
     265
     313
     286
     347
     347
     336
     353
     331
     372
     357
     377
     393
     442
     405
     395
     444
     481
     474
     459
     436
     478
     509
     497
     511
     491
     534
     529
     576
     546
     608
     557
     577
     574
     627
     658
     671
     699
     681
     707
     798
     777
     772
     800
     884
     911
     955
     963
    1009
    1054
    1102
    1091
    1094
    1169
    1250
    1228
    1333
    1502
    1485
    1670
    1778
    1946
    2222
    2635
    2893
    3575
    4273
    5172
    6229
    7868
    9365
   11261
   13456
   15980
   18545
   21518
   24751
   27805
   31275
   34737
   37912
   40972
   43725
   46948
   48873
   50282
   51275
   51677
   51338
   50547
   49495
   47677
   44971
   42589
   39696
   37258
   34099
   31359
   28072
   25364
   22484
   19492
   17258
   14802
   12843
   10665
    8702
    7109
    5822
    4394
    3465
    2675
    1957
    1483
    1115
     889
     679
     565
     438
     346
     382
     313
     337
     350
     311
     299
     297
     303
     292
     323
     301
     303
     292
     333
     326
     318
     324
     263
     334
     358
     339
     354
     357
     384
     367
     369
     399
     388
     414
     459
     413
     406
     453
     467
     465
     508
     548
     497
     511
     558
     646
     725
     784
     952
    1100
    1346
    1683
    2011
    2533
    3132
    3791
    4651
    5759
    6408
    7509
    8510
    9487
   10370
   11023
   11591
   12133
   12461
   12533
   12532
   12406
   11823
   11640
   11087
   10448
   10080
    9320
    9116
    8499
    8053
    7577
    7234
    6791
    6386
    5859
    5593
    5124
    4782
    4455
    4100
    3876
    3531
    3285
    3002
    2748
    2555
    2314
    2138
    1970
    1709
    1570
    1376
    1191
    1056
     880
     764
     642
     537
     446
     306
     249
     212
     183
     137
      94
      88
      72
      64
      54
      59
      50
      64
      57
      51
      49
      47
      54
      60
      53
      50
      51
      54
      41
      68
      41
      58
      49
      61
      48
      46
      45
      49
      55
      59
      50
      51
      41
      45
      44
      45
      58
      47
      49
      58
      44
      40
      54
      47
      46
      44
      39
      41
      48
      34
      47
      38
      38
      43
      51
      47
      40
      56
      40
      45
      51
      53
      38
      50
      60
      56
      47
      43
      45
      53
      53
      41
      57
      52
      37
      44
      40
      58
      66
      57
      55
      55
      60
      47
      57
      59
      56
      60
      52
      75
      54
      60
      56
      49
      60
      70
      48
      60
      61
      53
      56
      73
      73
      53
      63
      60
      66
      58
      66
      75
      56
      65
      68
      61
      72
      64
      76
      77
      69
      73
      73
      85
      92
      94
      85
      84
     101
      95
     104
      98
      92
     110
      97
      99
     107
     138
      95
     112
     117
     133
     133
     103
     138
     153
     128
     157
     141
     135
     161
     130
     157
     157
     131
     177
     160
     157
     173
     157
     183
     192
     175
     204
     178
     178
     200
     189
     198
     211
     221
     229
     219
     195
     221
     254
     232
     242
     248
     254
     241
     280
     262
     246
     269
     301
     290
     275
     283
     312
     340
     307
     348
     371
     321
     348
     326
     356
     410
     369
     396
     402
     466
     429
     434
     476
     441
     512
     546
     511
     552
     592
     586
     652
     684
     706
     744
     735
     815
     840
     837
     944
     930
     954
    1000
    1053
    1152
    1173
    1203
    1218
    1242
    1295
    1306
    1431
    1403
    1443
    1466
    1499
    1527
    1499
    1612
    1459
    1540
    1592
    1536
    1586
    1639
    1555
    1589
    1530
    1503
    1469
    1462
    1412
    1481
    1353
    1370
    1312
    1257
    1259
    1195
    1181
    1091
    1105
    1084
     987
     938
     957
     924
     923
     871
     820
     743
     748
     698
     732
     664
     613
     617
     606
     585
     571
     549
     545
     511
     506
     477
     477
     447
     415
     432
     441
     410
     426
     345
     432
     362
     389
     349
     323
     308
     354
     300
     334
     292
     333
     316
     303
     296
     298
     298
     272
     274
     277
     279
     255
     287
     265
     266
     235
     270
     268
     235
     255
     244
     245
     249
     250
     236
     219
     228
     211
     238
     201
     230
     217
     222
     226
     209
     254
     233
     216
     212
     196
     203
     175
     212
     233
     222
     215
     213
     219
     221
     183
     209
     207
     212
     174
     190
     195
     190
     197
     189
     192
     179
     184
     184
     163
     195
     185
     197
     168
     187
     200
     185
     193
     182
     165
     158
     191
     187
     165
     193
     183
     147
     179
     150
     186
     157
     167
     180
     174
     180
     155
     169
     176
     179
     183
     175
     173
     180
     155
     182
     182
     176
     175
     149
     161
     158
     165
     171
     198
     169
     172
     167
     177
     168
     169
     167
     133
     153
     166
     161
     165
     172
     171
     170
     161
     148
     144
     141
     147
     162
     153
     167
     156
     186
     152
     153
     134
     153
     149
     149
     120
     131
     130
     125
     161
     139
     142
     142
     159
     140
     193
     205
     218
     254
     311
     375
     436
     468
     619
     714
     798
     921
    1088
    1200
    1269
    1444
    1557
    1609
    1680
    1629
    1717
    1657
    1642
    1553
    1484
    1449
    1331
    1206
    1140
    1046
     988
     850
     769
     681
     595
     536
     431
     418
     338
     277
     226
     183
     165
     149
     133
     101
      96
      91
      75
      70
      87
      58
      66
      71
      67
      75
      72
      84
      70
      86
      69
      81
      80
      63
      67
      71
      83
      78
      84
      78
      80
      81
      68
      79
      73
      79
      98
      67
      83
      91
      91
      85
      76
      78
      74
      74
      85
      81
      98
      93
     104
     101
      83
      91
     102
     109
     111
      91
      98
     111
     122
     109
      89
     101
     118
     120
     106
     113
     125
     122
     117
     133
     130
     113
     114
     126
     124
     100
     123
     134
     119
     115
      92
     119
     120
      91
     102
      95
      98
      85
      91
      81
      81
      62
      71
      64
      70
      49
      54
      52
      47
      45
      44
      46
      42
      49
      51
      44
      45
      48
      45
      46
      37
      40
      46
      54
      41
      51
      42
      33
      47
      42
      48
      47
      41
      36
      32
      41
      51
      42
      51
      54
      36
      46
      41
      38
      45
      47
      44
      52
      49
      49
      53
      66
      54
      43
      46
      62
      57
      55
      54
      46
      55
      76
      50
      62
      48
      38
      69
      53
      59
      42
      49
      78
      65
      66
      57
      61
      84
      74
      45
      54
      65
      66
      59
      65
      55
      69
      56
      60
      60
      59
      54
      55
      50
      53
      46
      48
      44
      46
      37
      46
      50
      42
      36
      42
      46
      31
      33
      40
      32
      33
      31
      34
      24
      19
      16
      24
      31
      35
      31
      24
      25
      26
      19
      23
      27
      26
      22
      25
      28
      22
      26
      23
      23
      20
      25
      19
      24
      21
      16
      27
      19
      17
      25
      16
      17
      22
      18
      20
      35
      36
      24
      30
      27
      20
      25
      26
      29
      22
      21
      25
      24
      26
      26
      43
      24
      22
      15
      26
      28
      28
      34
      33
      26
      37
      33
      32
      35
      30
      31
      29
      41
      34
      31
      28
      25
      24
      23
      25
      27
      36
      27
      36
      27
      27
      39
      24
      31
      26
      31
      28
      25
      23
      28
      29
      31
      23
      28
      38
      27
      28
      24
      28
      25
      23
      19
      23
      25
      38
      36
      27
      27
      30
      23
      29
      22
      33
      26
      31
      15
      40
      27
      27
      31
      33
      24
      20
      21
      25
      24
      29
      31
      29
      27
      20
      22
      29
      30
      19
      26
      25
      23
      26
      24
      30
      30
      31
      15
      17
      24
      34
      19
      20
      21
      28
      27
      19
      32
      20
      26
      16
      29
      23
      24
      26
      22
      19
      25
      32
      27
      19
      25
      20
      24
      31
      21
      21
      20
      30
      16
      17
      18
      21
      17
      17
      19
      23
      19
      26
      26
      36
      14
      22
      23
      25
      21
      20
      26
      23
      14
      28
      17
      21
      28
      19
      27
      20
      23
      28
      17
      22
      21
      33
      24
      16
      21
      21
      19
      27
      22
      29
      22
      30
      20
      30
      28
      23
      29
      29
      32
      15
      26
      24
      16
      23
      29
      24
      26
      24
      26
      19
      18
      25
      28
      29
      26
      27
      28
      26
      25
      33
      39
      21
      34
      28
      33
      37
      27
      28
      37
      18
      26
      33
      28
      19
      28
      29
      28
      21
      27
      21
      27
      23
      20
      23
      28
      26
      25
      23
      21
      19
      21
      21
      20
      20
      15
      14
      26
      20
      14
      15
      18
      21
      13
      15
      19
      11
      20
      21
      19
      21
      16
      19
      17
      21
      16
      21
      16
      23
      25
      14
      14
      12
      20
      18
      16
      24
      14
      16
      31
      24
      23
      23
      20
      26
      11
      13
      28
      21
      18
      18
      14
       9
      26
      26
      16
      21
      23
      16
      15
       9
      20
       6
      27
      28
      21
      15
      22
      19
      20
      26
      19
      21
      17
      24
      17
      13
      16
      20
      19
      16
      19
      22
      18
      16
      12
      24
      19
      17
      17
      20
      20
       9
      14
      19
      18
      14
      18
      15
      15
      17
      16
      21
      21
       8
      19
      18
      23
      13
      15
      19
      17
      12
      23
      17
      12
      15
      12
      16
      14
      17
      18
      17
      14
      16
      18
      14
      17
      13
      14
      16
      13
      16
      18
      13
      19
      13
      13
      18
      18
      18
       9
      13
      23
      24
      24
      16
      13
      12
      19
      14
      15
      13
      18
      23
      12
       9
      18
      18
      18
      16
      20
      15
      12
      15
      20
      19
      19
      17
      16
      16
      17
      12
      18
      19
      14
      10
      15
      21
      11
      12
      10
      16
      15
      13
      14
      21
      12
       0
       0
       0
       0
       0
       0
       0
       0
       0
       0
       0
       0
       0
       0
       0
       0
       0
       0
       0
       0
       0
       0
       0
       0
       0
       0
       0
       0
       0
       0
       0
       0
$ROI:
2
666 757
781 856
$PRESETS:
None
0
0
$ENER_FIT:
0.225354 0.044601
$MCA_CAL:
3
2.253536E-001 4.460094E-002 0.000000E+000 keV
$SHAPE_CAL:
3
0.000000E+000 0.000000E+000 0.000000E+000
