$SPEC_ID:
No sample description was entered.
$SPEC_REM:
DET# 4
DETDESC# JLAB-20 MCB 131
AP# Maestro Version 7.01
$DATE_MEA:
10/10/2025 11:46:54
$MEAS_TIM:
5 6
$DATA:
0 2047
       0
       0
       0
       0
       0
       0
       0
       0
       0
       0
       0
       0
       0
       0
       0
       0
       0
       0
       0
       0
       0
       0
       0
       0
       0
       0
       0
       0
       0
       0
       0
       0
       0
       0
       0
       0
       0
       0
       0
       0
       0
       0
       0
       0
       0
       0
       0
       0
       0
       0
       0
       0
       0
       0
       0
       0
       0
       0
       0
       0
       0
       0
       0
       0
       0
       0
       0
       0
       0
       0
       8
       5
       3
       2
       5
       3
       3
       8
       7
       8
       6
       4
       3
       4
       4
      11
       4
       8
       4
       1
       4
      10
       5
       3
      10
       5
       4
       7
       5
       4
       2
       4
       5
       5
       5
       3
       3
       4
       3
       5
       5
       4
       7
       2
       5
       4
       4
       4
       6
       5
       5
       8
       6
       4
       6
       6
       4
       5
       4
       5
       4
       4
       4
       6
       3
       3
       2
       7
       4
       4
       3
       3
       5
       3
       4
       6
       5
       2
       4
       5
       5
       6
       4
       4
       2
       6
       5
       4
       5
       3
       7
       5
       3
       2
       3
       4
       3
       3
       3
       2
       2
       6
       6
       3
       0
       5
       5
       2
       3
       5
       2
       6
       3
       3
       2
       4
       1
       6
       3
       5
       4
       5
       1
       3
       7
       3
       3
       3
       4
       2
       5
       2
       2
       5
       3
       3
       3
       4
       2
       4
       3
       3
       2
       3
       3
       3
       6
       1
       4
       4
       3
       4
       3
       6
       7
       3
       5
       1
       4
       5
       0
       1
       2
       3
       1
       3
       7
       3
       4
      10
       2
       8
       3
       3
       2
       3
       3
       5
       2
       0
       6
       4
       5
       2
       5
       7
       2
       6
       0
       2
       5
       3
       3
       5
       3
       3
       3
       4
       0
       4
       4
       6
       4
       2
       3
       5
       4
       4
       2
       1
       4
       1
       4
       3
       4
       5
       5
       4
       4
       3
       4
       1
       5
       5
       5
       5
       3
       3
       6
       7
       3
       4
       4
       4
       2
       5
       5
       3
       5
       3
       4
       3
       2
       3
       3
       2
       4
       4
       4
       1
       2
       1
       6
       4
       6
       0
       2
       3
       2
       3
       2
       4
       7
       4
       2
       7
       2
       4
       3
       3
       8
       4
       3
       2
       5
       4
       5
       2
      10
       3
       2
       1
       0
       3
       4
       1
       5
       4
       2
       3
       2
       3
       3
       2
       5
       8
       7
       4
       5
       3
       5
       3
       7
       4
       4
       4
       3
       7
       2
       2
       6
       3
       6
       3
       3
       3
       3
       3
       5
       6
       7
       5
       5
       5
       4
       1
       5
       3
       0
       1
       5
       2
       3
       5
       8
       3
       6
       6
       9
       3
       5
       1
       9
       9
       9
       8
       7
       4
       3
       5
       3
       8
       5
       8
       4
       4
       4
       3
       5
       4
       8
       5
       6
       5
       9
       4
       7
      10
       9
      13
       6
       4
       4
       8
       7
       7
       2
       7
       8
       5
       5
       6
       7
       5
       8
      13
       8
       6
       5
      12
       9
       4
       9
       5
      10
       5
      10
       6
       9
       9
       7
       9
      11
      12
       8
      11
       6
      15
       8
      15
      12
      10
      16
      13
      10
      15
       9
      12
      12
       8
      16
      18
      19
      10
      11
      11
      14
      15
      21
      13
      27
      20
      14
      23
      19
      26
      36
      21
      22
      23
      34
      24
      21
      30
      19
      27
      30
      22
      21
      18
      17
      20
      11
      17
      19
      12
      10
      14
      11
       7
      10
      14
       8
       7
       6
       8
       1
       6
       8
       2
       3
       4
       8
       4
       4
       3
       7
       1
       3
       2
       2
       3
       5
       4
       3
       5
       5
       4
       3
       5
       7
      11
       3
       3
       5
       4
       6
       4
       4
       3
       7
       7
       4
       2
       3
       9
       9
       6
       5
       3
       6
       6
       8
       1
       6
       4
      10
       6
       5
       6
      11
       8
       4
       4
       5
       8
       8
      14
       7
       7
       3
       7
      11
      11
      12
      10
       8
       5
       7
       9
      10
      11
       7
      11
      15
       8
       8
      20
       8
       4
      14
      13
      16
      11
      14
      16
      13
       8
      12
      11
      14
       9
      11
      11
      15
      12
      13
      13
      11
       7
      17
      25
      15
      12
      17
      15
      16
      18
      17
      24
      10
      19
      13
      20
      22
      16
      22
      27
      23
      30
      26
      24
      36
      26
      37
      24
      32
      30
      35
      41
      25
      28
      34
      42
      39
      46
      37
      46
      45
      53
      46
      52
      51
      53
      58
      51
      55
      61
      65
      56
      77
      54
      59
      63
      53
      73
      70
      69
      78
      85
      64
      72
      60
      62
      82
      78
      79
      65
      75
      80
      89
      85
      99
      93
      88
     102
     100
      87
     107
     107
     107
     145
     131
     131
     123
     132
     132
     150
     157
     170
     176
     198
     231
     267
     273
     275
     302
     319
     345
     400
     382
     423
     422
     518
     485
     572
     547
     569
     581
     614
     617
     596
     672
     630
     581
     547
     561
     503
     521
     476
     467
     408
     374
     366
     299
     268
     288
     243
     180
     184
     152
     137
     131
     102
      76
      86
      77
      56
      57
      55
      36
      32
      19
      31
      19
      22
      21
      22
      11
      18
      16
      17
      13
      21
      24
      17
      17
      13
      25
      25
      18
      19
      27
      24
      14
      19
      20
      26
      30
      18
      22
      26
      19
      20
      19
      26
      29
      18
      25
      27
      29
      24
      34
      31
      21
      33
      30
      40
      29
      37
      32
      46
      51
      68
      65
      68
      66
      80
      85
      81
      76
      92
      94
     114
      98
     114
     129
     139
     118
     137
     132
     138
     136
     135
     137
     152
     120
     121
     136
      99
     110
      92
      92
      91
      93
      76
      80
      65
      67
      62
      56
      49
      43
      44
      43
      49
      29
      35
      40
      27
      32
      35
      23
      20
      18
      11
      15
      13
      13
      21
      13
      14
      10
      13
       4
       6
       5
       6
       5
       5
       6
       3
       6
       5
       1
       2
       1
       3
       3
       2
       1
       5
       3
       3
       1
       3
       4
       7
       3
       6
       2
       4
       4
       5
       3
       3
       1
       5
       2
       8
       2
       4
       0
       3
       3
       3
       0
       4
       3
       0
       3
       3
       3
       6
       3
       2
       6
       3
       4
       4
       2
       2
       3
       2
       5
       4
       1
       6
       2
       2
       6
       7
       3
       5
       5
       0
       5
       4
       1
       5
       3
       3
       4
       1
       2
       2
       1
       3
       3
       4
       3
       4
       5
       1
       4
       7
       3
       4
       5
       2
       7
       2
       4
       4
       2
       3
       3
       3
       5
       3
       6
       5
       1
       1
       2
       5
       2
       3
       6
       2
       5
       5
       6
       3
       7
       5
       3
       3
       2
       2
       2
       3
       5
       3
       4
       3
       4
       2
       3
       5
       2
       2
       1
       4
       1
       6
       1
       3
       1
       5
       4
       3
       3
       4
       3
       5
       0
       3
       5
       3
       8
       3
       5
       9
       1
       2
       4
       5
       3
       4
       5
       3
       1
       4
       6
       3
       5
       6
       1
       6
       3
       4
       2
       2
       5
      10
       2
       3
       4
       4
       5
       4
      11
       3
       6
       2
       3
       6
       5
       6
       1
       3
       4
       5
       1
       4
       3
       4
       4
       6
       9
       5
       4
       2
       3
       2
       4
       3
       2
       5
       5
       3
       3
       5
       5
       5
       6
       1
       7
       3
       6
       6
       1
       0
       4
       6
       5
       4
       9
       2
      10
       2
       7
       4
       2
       3
       6
       2
       5
       6
       7
       5
       6
       3
      10
       2
       4
       6
       4
       3
       7
      11
       4
       3
       5
       4
       3
       6
       6
       6
       5
       6
       2
       2
       4
       5
       3
       6
       3
       3
       4
       6
       6
       4
       4
       4
       4
       5
       4
       0
       6
      10
       2
       7
       4
       5
       6
       8
       5
       8
       7
       2
       2
       9
       4
       3
       3
       5
       2
       3
       3
      11
       4
       7
       4
       1
       4
       7
       5
       3
       5
       4
       7
       4
       5
       9
       8
       6
       9
       3
       6
       1
       6
       7
       6
      12
      11
       3
       9
       7
       4
       5
       5
       6
       6
       6
       5
       7
       3
       9
      10
       6
       5
       6
       4
      15
       8
       8
       2
       3
       9
       5
       7
       9
       9
      10
       9
      10
       5
       8
       7
       9
      11
       8
       5
       8
       6
      10
       8
       8
       6
      12
      10
      12
       5
      10
       9
       6
       9
      15
      14
      11
      12
      15
      15
      13
      16
      12
      16
      13
      20
      20
      23
      24
      27
      12
      18
      10
      11
      16
      15
      13
      12
      11
       8
      14
      12
       7
       7
       7
       7
      11
       4
       8
       5
       8
       3
       6
       3
       5
       2
       6
       7
       6
       7
       3
       2
       6
       3
       3
       9
       4
       3
       6
       3
       9
       3
       3
       8
       4
       5
       5
       5
       4
       1
      10
       2
       7
       3
       4
       4
       7
       7
      10
       8
       5
       5
       9
       7
       1
       5
       3
       4
       2
       5
       7
       2
      10
       4
       7
       3
       3
       6
      10
       6
       4
       2
       5
       5
       8
       4
       4
       2
       4
       4
      10
       6
      10
       1
       2
       3
       4
      12
       4
       8
       7
       7
       9
       3
       7
       7
       9
       8
       6
       7
       4
       7
       3
       5
       8
       6
       5
       5
       9
       8
       6
       8
       7
       6
       9
       9
       7
       3
       8
      14
      14
       4
       3
      12
      13
      12
      16
       8
       7
       6
       8
       9
      16
       5
       6
       9
      12
       8
       5
      14
       7
      14
      10
       8
      10
      14
      12
      13
       9
      17
      11
       8
      11
       9
      14
       8
      14
      12
       8
      14
      15
      12
       9
      17
      11
      15
      11
      21
      21
      20
      18
      12
      21
      21
      11
      17
      23
      21
      24
      29
      29
      28
      24
      22
      34
      34
      34
      25
      30
      45
      34
      27
      39
      31
      30
      38
      26
      37
      27
      44
      21
      21
      26
      21
      26
      22
      30
      28
      20
      23
      17
      22
      16
      19
      10
      16
      22
      12
      13
      11
      18
       6
       6
      12
      15
       8
      10
      10
      11
       5
      10
       9
       6
      14
       7
       4
      10
       6
       8
      12
      13
      10
      15
       7
      10
       7
       4
       8
       9
       7
      13
       8
      10
       4
       8
       7
       9
       9
       3
       8
       8
       7
      11
       8
      14
       4
      10
      10
       9
       9
      10
      12
      10
      15
      11
       5
      23
      15
       7
      15
      24
       9
      21
      27
      10
      20
      21
      29
      14
      14
      22
      11
      20
      22
      17
      16
      18
      19
      20
      20
      21
      20
      22
      23
      13
       8
      13
      13
       9
      16
      12
      13
      14
      11
      11
       6
      12
      11
       8
      11
       8
       8
      10
      10
       4
       7
       8
      12
       9
       9
       7
       9
       2
       7
       3
      10
       6
       3
       5
       9
       5
       5
       4
       5
       3
       7
       8
       4
       1
       2
       7
       4
       8
       3
       6
       7
       8
       5
       6
       7
       4
       8
       2
       6
       6
       8
       6
       5
       4
       3
       8
       4
       5
       7
       5
       2
       5
       3
       7
      10
       1
       8
      11
       4
       8
       8
       6
      10
       6
       7
       5
       9
       8
       9
       8
       9
      12
       6
       8
       7
       4
       5
       8
      12
       8
       7
      12
       9
       6
       7
       5
       5
       8
       2
       7
       8
       2
      12
       4
       9
       9
       3
       4
       6
       7
       5
       3
       5
       5
       8
       9
       5
       5
       5
       6
       9
       9
       6
       8
       3
       6
       4
       9
       5
       4
       4
       6
       3
       7
       5
       6
       7
       5
       3
       5
       5
       4
       4
       9
       9
       1
       4
       3
       3
       9
       6
       8
       8
       4
       7
       5
       9
       5
       2
       5
       5
       5
       9
       6
      10
      10
      10
       7
       6
       7
       5
       5
       6
      10
       1
       8
       5
       5
       4
       4
       1
       4
       5
       6
       8
       5
       2
       9
       9
       6
       5
       1
       6
       7
       6
       8
       6
       3
       2
       8
       6
       7
       9
       8
      10
       3
       6
       4
       4
       4
       8
       9
       5
       5
       3
       2
       6
       4
       6
       8
      10
       5
       5
      14
       6
       6
       7
       6
       2
       8
       3
       7
      11
       3
       7
       6
       8
       9
      11
       7
       4
       7
      11
       9
       7
      10
       7
       7
      10
       4
      11
      11
      10
      12
       4
       5
      11
      10
      10
      10
      11
       9
       7
       5
      20
      11
      13
      12
      15
       8
      13
      17
      19
      22
       6
      17
      10
      19
      16
      16
      24
      20
      15
       9
      12
      16
      18
      12
      16
      26
      22
      21
      24
      25
      20
      26
      28
      25
      28
      36
      25
      22
      18
      33
      30
      28
      30
      34
      37
      38
      56
      37
      46
      49
      42
      54
      34
      49
      48
      46
      40
      53
      59
      65
      66
      74
      68
      71
      73
      80
      84
     109
      92
     130
     138
     145
     192
     170
     167
     206
     203
     206
     211
     262
     222
     228
     250
     222
     244
     204
     221
     224
     218
     214
     171
     182
     164
     138
     146
     127
     105
     118
      78
      80
      49
      65
      52
      46
      35
      26
      25
      20
      15
      17
       3
       5
       1
       6
      11
       2
       6
       3
       4
       2
       3
       5
       5
       7
       2
       7
       4
       5
       3
       8
       1
       3
       0
       0
       0
       0
       0
       0
       0
       0
       0
       0
       0
       0
       0
       0
       0
       0
       0
       0
       0
       0
       0
       0
       0
       0
       0
       0
       0
       0
       0
       0
       0
       0
$ROI:
0
$PRESETS:
None
0
0
$ENER_FIT:
1.602207 0.038292
$MCA_CAL:
3
1.602207E+000 3.829210E-002 1.064777E-006 keV
$SHAPE_CAL:
3
0.000000E+000 0.000000E+000 0.000000E+000
