$SPEC_ID:
No sample description was entered.
$SPEC_REM:
DET# 4
DETDESC# JLAB-20 MCB 131
AP# Maestro Version 7.01
$DATE_MEA:
10/10/2025 11:11:29
$MEAS_TIM:
879 923
$DATA:
0 2047
       0
       0
       0
       0
       0
       0
       0
       0
       0
       0
       0
       0
       0
       0
       0
       0
       0
       0
       0
       0
       0
       0
       0
       0
       0
       0
       0
       0
       0
       0
       0
       0
       0
       0
       0
       0
       0
       0
       0
       0
       0
       0
       0
       0
       0
       0
       0
       0
       0
       0
       0
       0
       0
       0
       0
       0
       0
       0
       0
       0
       0
       0
       0
       0
       0
       0
       0
       0
       0
      13
     267
     277
     274
     269
     307
     270
     289
     294
     308
     312
     320
     338
     305
     332
     323
     361
     375
     337
     390
     427
     390
     392
     429
     422
     439
     432
     401
     406
     403
     406
     421
     459
     382
     434
     416
     425
     449
     399
     428
     450
     474
     418
     427
     448
     449
     461
     461
     479
     510
     493
     556
     590
     582
     589
     668
     704
     785
     791
     886
     820
     975
     920
    1033
    1047
    1091
    1204
    1260
    1316
    1355
    1350
    1363
    1488
    1416
    1452
    1478
    1546
    1568
    1570
    1519
    1494
    1561
    1627
    1456
    1510
    1500
    1428
    1418
    1421
    1413
    1353
    1378
    1377
    1296
    1229
    1201
    1182
    1173
    1089
    1088
    1041
     978
     951
     905
     812
     749
     750
     712
     691
     617
     637
     535
     510
     477
     440
     380
     400
     354
     361
     298
     339
     320
     314
     310
     291
     319
     294
     317
     321
     328
     361
     326
     346
     387
     383
     382
     391
     399
     398
     443
     399
     401
     439
     441
     443
     448
     399
     411
     414
     434
     434
     432
     438
     469
     384
     439
     403
     417
     378
     361
     393
     372
     367
     339
     320
     337
     371
     323
     305
     265
     289
     278
     248
     256
     261
     235
     227
     215
     193
     203
     177
     203
     170
     176
     177
     159
     135
     143
     131
     151
     128
     124
     148
     137
     131
     109
     120
     152
     142
     111
     113
     120
     122
     110
     101
     124
     122
     131
     127
     107
     101
     112
     121
     136
     132
     112
     121
     108
     118
     119
     125
     113
     117
     109
     112
     120
     116
     120
     135
     101
     125
     130
     126
     118
     125
     125
     110
     134
     105
     128
     104
     107
     119
     117
     108
     114
     119
     116
     116
     105
     116
     117
     126
     119
     113
     108
     107
     118
     109
     109
     112
     117
     100
     126
     101
     107
     124
     122
     114
     102
      88
      92
      88
     117
     121
     114
     111
      91
     103
     112
     115
     104
     104
     108
      93
     114
     123
     101
     102
     118
     101
     117
     133
     108
     105
     108
     103
     105
      82
     101
     105
     104
     112
      98
     101
     116
      98
     106
      95
      91
      95
      95
     106
     105
      96
      91
      93
      92
     111
      97
     129
     101
     102
     104
     101
      89
      97
     103
     101
     114
     106
     133
     115
     133
     114
     148
     151
     132
     154
     176
     151
     136
     151
     159
     163
     160
     153
     153
     150
     147
     155
     155
     167
     162
     193
     174
     166
     161
     169
     133
     164
     149
     144
     151
     145
     153
     146
     121
     135
     150
     132
     143
     149
     130
     136
     125
     138
     113
     115
     109
     127
     126
     130
     115
     109
     110
     106
     108
     145
     123
     112
     121
     106
     113
     112
     121
     132
     107
     135
     126
     106
     133
     120
     110
      87
     120
     145
     117
     129
     124
     118
     137
     122
     126
     120
     110
     139
     153
     128
     145
     126
     128
     128
     149
     148
     141
     145
     147
     166
     155
     158
     148
     163
     144
     160
     163
     151
     174
     164
     184
     160
     158
     180
     177
     181
     222
     202
     212
     214
     201
     220
     227
     240
     229
     261
     312
     336
     329
     348
     409
     451
     497
     519
     612
     650
     780
     832
    1015
    1162
    1343
    1480
    1720
    1888
    2142
    2516
    2797
    3107
    3523
    3836
    4385
    4613
    5168
    5729
    6067
    6372
    6779
    7427
    7846
    8157
    8547
    9041
    9346
    9640
    9689
    9919
   10120
   10322
   10191
   10327
   10620
   10573
   10515
   10569
   10396
   10230
   10057
   10082
    9653
    9578
    9531
    9158
    9023
    8651
    8274
    8083
    7836
    7507
    7010
    6742
    6532
    6154
    5786
    5473
    5197
    4797
    4445
    4051
    3802
    3532
    3314
    2998
    2712
    2464
    2254
    2000
    1932
    1691
    1561
    1424
    1381
    1338
    1212
    1191
    1230
    1209
    1287
    1259
    1351
    1402
    1490
    1665
    1701
    1776
    1800
    1967
    2080
    2242
    2257
    2318
    2425
    2534
    2584
    2686
    2567
    2649
    2734
    2753
    2743
    2833
    2720
    2877
    2660
    2643
    2724
    2634
    2517
    2549
    2441
    2412
    2279
    2249
    2246
    2062
    2056
    1987
    1880
    1855
    1696
    1538
    1523
    1485
    1362
    1309
    1199
    1071
    1071
     951
     891
     772
     726
     643
     595
     539
     444
     398
     333
     303
     304
     254
     198
     177
     181
     156
     118
     117
     110
     102
     100
      91
      70
      70
      52
      59
      62
      54
      62
      48
      47
      60
      47
      51
      50
      57
      45
      63
      49
      57
      40
      48
      59
      62
      56
      40
      45
      48
      56
      73
      53
      49
      46
      60
      53
      62
      39
      32
      48
      54
      53
      49
      61
      46
      39
      48
      44
      43
      54
      62
      51
      49
      46
      50
      43
      63
      43
      58
      37
      46
      46
      48
      46
      39
      60
      39
      41
      52
      48
      44
      53
      55
      45
      52
      67
      66
      52
      42
      47
      38
      54
      49
      53
      43
      52
      44
      55
      47
      40
      49
      45
      55
      44
      50
      41
      46
      38
      60
      49
      40
      62
      36
      52
      40
      50
      52
      54
      56
      43
      44
      51
      37
      48
      46
      43
      45
      40
      48
      48
      55
      47
      53
      43
      42
      50
      42
      43
      39
      49
      48
      40
      50
      44
      37
      52
      33
      46
      47
      50
      45
      40
      40
      51
      43
      40
      44
      39
      44
      54
      47
      39
      43
      51
      26
      57
      38
      48
      46
      50
      45
      46
      45
      47
      55
      38
      39
      36
      58
      44
      43
      49
      46
      47
      53
      38
      50
      53
      49
      49
      46
      52
      62
      39
      44
      49
      46
      50
      51
      41
      34
      45
      50
      46
      53
      37
      47
      55
      50
      41
      51
      53
      44
      56
      44
      53
      47
      53
      54
      62
      49
      54
      54
      50
      45
      40
      68
      52
      53
      44
      54
      48
      45
      42
      48
      45
      35
      49
      47
      55
      41
      47
      53
      40
      37
      34
      41
      30
      49
      50
      51
      39
      36
      41
      50
      43
      40
      42
      49
      46
      38
      43
      46
      38
      40
      41
      37
      41
      39
      55
      48
      50
      34
      37
      46
      49
      43
      42
      42
      47
      34
      46
      42
      59
      42
      37
      43
      37
      39
      49
      48
      38
      52
      59
      54
      48
      56
      46
      42
      39
      42
      37
      42
      43
      39
      56
      45
      46
      47
      54
      35
      46
      47
      38
      42
      35
      42
      46
      46
      43
      42
      47
      57
      52
      50
      39
      38
      37
      40
      38
      43
      53
      46
      40
      44
      48
      44
      44
      32
      59
      54
      44
      34
      51
      38
      46
      44
      42
      52
      44
      43
      46
      42
      49
      43
      53
      61
      65
      36
      50
      56
      40
      48
      61
      47
      53
      42
      52
      46
      48
      36
      40
      52
      53
      54
      39
      38
      46
      46
      50
      42
      47
      44
      42
      56
      52
      41
      47
      41
      45
      41
      51
      51
      50
      43
      50
      54
      53
      39
      40
      43
      43
      46
      36
      43
      51
      37
      43
      56
      39
      58
      53
      49
      43
      49
      41
      46
      43
      48
      49
      40
      50
      51
      47
      47
      45
      44
      53
      48
      47
      57
      70
      46
      38
      54
      53
      52
      57
      48
      44
      61
      59
      56
      46
      54
      58
      65
      52
      45
      54
      58
      57
      52
      53
      59
      38
      46
      50
      43
      45
      50
      50
      53
      46
      53
      60
      43
      58
      49
      50
      43
      42
      54
      43
      44
      45
      53
      38
      57
      48
      40
      42
      50
      49
      41
      46
      43
      51
      53
      35
      52
      48
      56
      39
      41
      46
      47
      61
      53
      42
      47
      41
      40
      60
      47
      60
      55
      43
      37
      44
      50
      43
      49
      57
      58
      43
      54
      56
      51
      52
      57
      45
      54
      56
      48
      54
      55
      57
      45
      47
      40
      45
      50
      56
      53
      44
      50
      76
      38
      54
      39
      46
      34
      53
      60
      41
      45
      55
      48
      42
      45
      52
      44
      43
      39
      56
      35
      45
      28
      43
      48
      46
      42
      41
      54
      47
      42
      61
      51
      56
      45
      35
      63
      48
      42
      56
      40
      59
      63
      43
      47
      57
      50
      51
      40
      57
      59
      36
      66
      40
      50
      59
      54
      58
      61
      63
      51
      53
      52
      55
      47
      56
      70
      61
      65
      45
      73
      85
      73
      88
      79
      81
     109
      85
      83
      96
     106
     110
     125
     107
     101
     115
     138
     119
     123
     144
     134
     135
     140
     136
     154
     154
     142
     158
     134
     167
     157
     155
     148
     170
     172
     176
     154
     149
     156
     154
     146
     161
     134
     139
     145
     138
     112
     121
     133
     125
     121
     111
      96
      94
      99
     106
     101
      98
      87
      89
      72
      72
      79
      62
      71
      65
      72
      70
      56
      57
      59
      51
      53
      43
      60
      51
      47
      42
      51
      48
      54
      46
      51
      50
      46
      47
      37
      52
      60
      53
      45
      43
      48
      36
      52
      36
      47
      36
      46
      52
      38
      51
      47
      45
      50
      51
      46
      41
      45
      38
      53
      49
      44
      43
      33
      42
      37
      52
      50
      47
      49
      41
      45
      45
      45
      31
      42
      54
      48
      46
      40
      33
      35
      44
      42
      35
      48
      49
      38
      49
      36
      42
      41
      50
      45
      38
      45
      52
      40
      53
      38
      51
      45
      43
      41
      55
      38
      51
      47
      46
      35
      50
      48
      42
      38
      43
      50
      40
      47
      36
      48
      48
      43
      51
      60
      57
      56
      57
      54
      42
      53
      65
      63
      50
      50
      53
      67
      60
      49
      60
      68
      53
      78
      81
      75
      66
      86
      62
      67
      77
      92
      86
      82
      74
      79
      84
      74
      67
      74
      77
      54
      69
      94
      87
      83
      80
      74
      73
      88
      75
      73
      82
      75
      80
      67
      71
      64
      82
      79
      67
      79
      83
      68
      70
      80
      90
      79
      74
      77
      67
      77
      70
      66
      66
      72
      75
      69
      74
      58
      77
      76
      66
      76
      76
      67
      67
      52
      58
      67
      62
      74
      50
      60
      61
      87
      72
      60
      63
      83
      61
      64
      84
      64
      55
      55
      61
      63
      73
      72
      72
      81
      69
      80
      56
      81
      82
      64
      68
      61
      80
      69
      62
      67
      98
      62
      74
      85
      78
      64
      65
      69
      69
      88
      72
      70
      66
      73
      78
      79
      72
      80
      70
      94
      76
      62
      98
      86
      91
      69
      91
      87
      82
      72
      85
      88
     101
      97
      91
     109
     100
      81
      89
      90
      79
      87
      98
     101
      99
      96
      96
      96
      84
     115
     104
     113
      99
     113
     101
     105
     113
     102
     117
     105
     111
     114
     119
     117
     113
     122
     104
     119
     116
     129
     130
      93
     127
     133
     118
     132
     115
     132
     132
     138
     116
     120
     115
     148
     129
     122
     129
     119
     111
     116
     141
     134
     127
     138
     128
     136
     138
     126
     139
     132
     140
     138
     141
     126
     152
     114
     122
     143
     130
     133
     120
     126
     133
     146
     137
     156
     109
     125
     120
     120
     119
     126
     114
     128
     136
     130
     120
     102
     136
     117
     135
     133
     117
     113
     127
     115
     103
     132
     109
     119
     124
     126
     133
     116
     113
     135
     112
     129
     136
     108
     118
     139
     123
     137
     127
     134
     135
     123
     129
     130
     129
     106
     122
     138
     122
     120
     142
     117
     128
     128
     140
     104
     122
     112
     136
     134
     140
     123
     114
     135
     148
     153
     154
     132
     131
     113
     142
     136
     130
     160
     132
     128
     147
     137
     145
     131
     133
     170
     155
     177
     133
     153
     128
     169
     144
     156
     147
     139
     153
     158
     149
     151
     161
     173
     163
     138
     179
     140
     170
     165
     194
     186
     155
     170
     180
     171
     183
     171
     171
     171
     195
     163
     173
     194
     191
     189
     180
     175
     194
     190
     198
     200
     190
     218
     191
     206
     202
     218
     220
     212
     218
     213
     201
     217
     215
     244
     224
     234
     230
     211
     254
     227
     206
     254
     238
     215
     273
     233
     237
     244
     254
     263
     249
     276
     251
     240
     266
     279
     270
     286
     269
     261
     280
     280
     288
     276
     299
     314
     277
     309
     311
     299
     284
     328
     308
     342
     317
     349
     358
     362
     349
     336
     361
     353
     358
     335
     350
     358
     374
     347
     366
     346
     394
     398
     404
     362
     418
     428
     434
     401
     407
     407
     419
     434
     438
     445
     452
     478
     431
     482
     446
     466
     489
     489
     493
     462
     510
     540
     504
     507
     506
     520
     569
     525
     538
     549
     517
     523
     544
     536
     593
     565
     558
     590
     594
     609
     653
     613
     634
     606
     642
     649
     666
     653
     693
     703
     649
     686
     725
     744
     696
     783
     728
     770
     798
     781
     822
     791
     794
     826
     833
     824
     915
     850
     841
     828
     921
     871
     940
     952
     908
    1003
     992
     952
     977
    1054
     979
    1003
    1074
    1010
    1035
    1017
    1147
    1092
    1079
    1122
    1152
    1220
    1160
    1142
    1236
    1268
    1257
    1241
    1288
    1295
    1367
    1312
    1357
    1399
    1432
    1444
    1567
    1418
    1514
    1462
    1516
    1633
    1518
    1558
    1650
    1682
    1684
    1640
    1774
    1827
    1728
    1860
    1837
    1888
    1909
    1955
       0
       0
       0
       0
       0
       0
       0
       0
       0
       0
       0
       0
       0
       0
       0
       0
       0
       0
       0
       0
       0
       0
       0
       0
       0
       0
       0
       0
       0
       0
       0
       0
$ROI:
0
$PRESETS:
None
0
0
$ENER_FIT:
1.068181 0.022727
$MCA_CAL:
3
1.068181E+000 2.272727E-002 0.000000E+000 keV
$SHAPE_CAL:
3
0.000000E+000 0.000000E+000 0.000000E+000
