$SPEC_ID:
No sample description was entered.
$SPEC_REM:
DET# 4
DETDESC# JLAB-20 MCB 131
AP# Maestro Version 7.01
$DATE_MEA:
10/01/2025 11:58:44
$MEAS_TIM:
105 125
$DATA:
0 2047
       0
       0
       0
       0
       0
       0
       0
       0
       0
       0
       0
       0
       0
       0
       0
       0
       0
       0
       0
       0
       0
       0
       0
       0
       0
       0
       0
       0
       0
       0
       0
       0
       0
       0
       0
       0
       0
       0
       0
       0
       0
       0
       0
       0
       0
       0
       0
       0
       0
       0
       0
       0
       0
       0
       0
       0
       0
       0
       0
       0
       0
       0
       0
       0
       0
       0
       0
       0
       0
       3
     142
     115
     129
     147
     108
     123
     142
     118
     115
     124
     118
     100
     117
     110
     122
     101
     123
     116
     123
     107
     116
     114
     132
     104
      82
     104
     101
      86
     102
      93
     113
      99
      98
      92
      85
     110
     102
      81
     114
     105
      99
     105
     122
      99
      86
      96
      86
     103
     101
      93
      91
      92
      82
      85
      79
      96
      93
      97
      97
      74
      77
      97
      83
      85
      94
      88
      87
      96
      75
      84
      83
      87
      81
      91
      69
     100
      74
      83
      65
      90
      77
      95
     101
      87
      93
      98
      78
      84
      91
      80
      96
      78
      80
      98
      89
      96
      96
      84
      80
     100
      81
      98
      86
     102
      90
      81
      92
      83
      77
     103
      86
      92
      86
      95
      86
      94
      88
     113
      74
      98
      86
      77
      87
      85
      93
      89
     102
      89
      82
      83
     122
      79
      83
      76
      88
      88
      87
      64
     100
      90
      72
      80
      76
      87
      93
     122
      88
      67
      84
      88
     103
      91
      75
      86
      81
      88
     103
      93
      93
      77
      96
     107
      81
      88
      78
      94
      79
      90
      85
      81
      93
     101
      73
      98
      89
      80
      91
     100
      88
      86
      79
      84
      86
      98
     102
      77
      87
      75
      84
      79
      88
      92
      81
      83
      77
      90
      85
      77
      83
      96
      73
      85
      81
      94
      86
      81
      96
      79
      95
      72
      96
      92
      91
      87
     108
      86
      94
     101
      93
     104
      76
     103
     103
      80
      94
      98
      79
      92
      78
      91
      86
     104
     113
      93
      96
     116
     101
     105
     112
      99
     108
      95
     115
      94
      95
     111
     104
      95
      91
      97
      96
     103
     102
     102
     102
     102
      90
      94
     106
     119
     113
     111
     117
     124
     101
     115
     121
     135
     125
     108
     152
     133
     137
     149
     135
     121
     158
     146
     133
     142
     144
     159
     138
     139
     163
     166
     170
     171
     163
     158
     180
     182
     175
     165
     165
     177
     175
     171
     169
     178
     171
     214
     201
     184
     206
     229
     212
     213
     266
     226
     247
     260
     286
     262
     258
     281
     278
     297
     269
     283
     325
     310
     386
     369
     350
     376
     393
     435
     435
     473
     472
     559
     530
     543
     619
     634
     583
     643
     625
     630
     607
     608
     558
     458
     448
     447
     423
     401
     363
     325
     299
     273
     219
     193
     182
     166
     139
     110
     123
     130
     104
     110
     132
      87
     100
     101
      99
     104
     102
      98
      98
      95
     107
      95
      95
     106
     101
      90
      98
      98
     106
     103
     116
     112
     112
     105
     136
     121
     133
     129
     124
     117
     118
     142
     132
     147
     146
     143
     130
     159
     142
     171
     133
     156
     169
     177
     168
     189
     180
     227
     193
     213
     237
     227
     253
     282
     236
     261
     255
     270
     266
     283
     264
     265
     296
     259
     288
     267
     249
     273
     285
     253
     284
     294
     287
     350
     341
     289
     298
     328
     328
     337
     350
     377
     365
     330
     396
     410
     425
     442
     433
     508
     464
     516
     517
     532
     621
     641
     612
     694
     702
     740
     760
     833
     877
     891
     958
     946
     989
    1067
    1154
    1178
    1204
    1219
    1222
    1339
    1269
    1424
    1368
    1367
    1524
    1516
    1633
    1530
    1571
    1518
    1535
    1615
    1633
    1693
    1679
    1835
    1792
    1869
    1848
    1900
    1872
    1901
    2060
    2228
    2202
    2304
    2303
    2401
    2498
    2663
    2858
    2988
    3241
    3507
    3737
    4049
    4566
    4960
    5318
    5940
    6723
    7625
    8207
    9018
   10019
   10862
   11582
   12355
   13186
   13717
   13881
   14270
   14316
   14225
   14218
   13516
   13248
   12294
   11502
   10618
    9832
    8748
    7756
    6979
    6101
    5305
    4461
    3932
    3206
    2738
    2174
    1812
    1543
    1202
    1016
     810
     689
     613
     523
     501
     448
     399
     439
     427
     424
     430
     445
     420
     428
     423
     441
     472
     447
     448
     446
     486
     450
     495
     502
     528
     546
     502
     534
     522
     612
     617
     589
     601
     599
     646
     631
     715
     736
     798
     878
     936
     992
    1054
    1197
    1319
    1522
    1632
    1848
    2063
    2219
    2506
    2862
    2904
    3059
    3140
    3267
    3236
    3320
    3147
    3195
    2959
    2786
    2798
    2678
    2404
    2366
    2178
    1944
    1901
    1730
    1629
    1548
    1360
    1370
    1194
    1017
     963
     904
     849
     686
     670
     601
     569
     505
     442
     418
     306
     275
     265
     202
     195
     151
     141
     138
     116
     114
     104
     107
      77
      97
      70
      73
      90
      79
      73
      82
      66
      71
      85
      90
      71
      71
      78
      75
      83
      76
      83
      82
      75
      75
      78
      76
      67
      74
      87
      89
      81
      84
      86
      76
      74
      68
      89
      86
      88
      60
      81
      85
      61
      88
      74
      83
      74
      66
      78
      65
      82
      87
      66
      73
      88
      68
      85
      75
      67
      65
      78
      69
      62
      80
      94
      82
      71
      70
      80
      64
      71
      81
      82
      88
      69
      71
      70
      66
      66
      84
      71
      74
      85
      81
      71
      85
      71
      74
      85
      65
      55
      92
      73
      84
      85
      77
      72
      89
      73
      82
      71
      89
      71
      97
      83
      87
      87
      70
      86
      83
      91
      75
      76
      75
      74
      97
      67
      74
      85
      81
      79
     101
      90
      89
     100
      85
      94
      72
      83
      77
      89
      94
      96
      81
      88
      83
      94
      93
     108
     115
      78
      84
      86
     108
      98
      79
      80
      83
      87
      84
      88
      95
     115
      91
      93
      99
     103
     116
      85
      93
     114
     110
     121
      94
      77
      94
     102
     124
     106
     110
      87
     100
      99
      97
      77
     109
      87
      95
      99
     126
      89
      94
     102
     119
     107
     104
      91
      92
     103
      78
      97
     111
      99
      99
     108
     103
     115
     101
      92
     119
     106
      96
     102
     103
      78
     110
     108
     106
     104
     109
     107
     106
     102
     117
      94
      99
     115
     103
     119
     108
     138
     113
      97
     112
      99
     104
     101
     103
      84
     108
     104
     104
     111
     112
      99
     111
     103
     126
     130
     133
     122
     105
     100
      99
     128
     113
     106
     105
     100
     122
     124
     120
     133
     105
     111
     121
     135
     122
     141
     121
     151
     124
     141
     159
     134
     146
     141
     138
     147
     143
     156
     147
     159
     145
     159
     170
     164
     176
     171
     169
     166
     206
     181
     185
     191
     170
     187
     165
     185
     179
     207
     214
     201
     188
     207
     168
     203
     231
     225
     244
     267
     319
     297
     294
     365
     365
     408
     426
     407
     461
     466
     499
     486
     443
     422
     403
     406
     371
     374
     347
     303
     295
     255
     265
     234
     193
     203
     177
     157
     146
     143
     142
     105
     107
     130
     125
     123
     115
     119
     116
     104
     113
     114
     116
     130
     109
     122
     122
     137
     137
     123
     106
     106
     103
     126
     116
     114
     113
     126
     129
     119
     141
     123
     131
     134
     126
     118
     140
     124
     145
     139
     124
     120
     119
     134
     118
     116
     110
     126
     145
     143
     139
     127
     122
     145
     135
     125
     144
     129
     125
     158
     144
     131
     154
     153
     144
     145
     115
     151
     141
     169
     147
     152
     140
     158
     158
     132
     174
     178
     172
     177
     199
     174
     196
     168
     188
     216
     177
     192
     194
     221
     191
     219
     221
     196
     222
     189
     222
     269
     215
     225
     248
     234
     240
     237
     212
     242
     232
     239
     260
     264
     251
     277
     269
     268
     268
     269
     288
     275
     272
     294
     305
     297
     313
     328
     344
     348
     370
     364
     377
     397
     449
     486
     504
     506
     607
     628
     587
     658
     699
     691
     747
     741
     799
     772
     794
     755
     773
     786
     732
     716
     757
     714
     695
     632
     635
     484
     505
     459
     426
     407
     403
     336
     314
     284
     282
     285
     256
     245
     214
     224
     231
     214
     225
     186
     186
     208
     233
     199
     227
     219
     217
     200
     215
     206
     199
     209
     203
     196
     200
     213
     216
     221
     213
     240
     203
     206
     239
     215
     228
     207
     233
     213
     216
     208
     247
     242
     254
     244
     243
     275
     309
     300
     334
     344
     305
     297
     391
     385
     381
     401
     406
     411
     406
     432
     380
     465
     421
     406
     441
     428
     353
     381
     354
     333
     357
     339
     352
     305
     288
     283
     267
     280
     253
     247
     206
     239
     210
     217
     198
     208
     178
     171
     165
     161
     157
     167
     155
     152
     160
     140
     152
     141
     147
     131
     126
     131
     133
     145
     153
     150
     139
     147
     135
     121
     144
     140
     159
     119
     133
     132
     113
     114
     131
     136
     134
     126
     160
     127
     145
     144
     132
     140
     140
     141
     141
     157
     144
     141
     171
     180
     167
     152
     143
     160
     147
     181
     190
     169
     164
     156
     158
     150
     154
     144
     129
     149
     140
     137
     162
     157
     140
     168
     143
     159
     152
     169
     147
     175
     139
     141
     148
     137
     143
     132
     148
     132
     134
     143
     123
     132
     128
     134
     121
     145
     141
     136
     131
     142
     124
     121
     126
     109
     103
     124
     122
     143
     124
     127
     124
     130
     128
     127
     120
     129
     118
     133
     138
     160
     116
     120
     143
     133
     131
     124
     128
     131
     140
     158
     149
     153
     144
     142
     154
     117
     136
     140
     138
     127
     152
     132
     137
     151
     119
     141
     137
     160
     140
     117
     141
     129
     128
     136
     121
     138
     162
     151
     144
     123
     145
     131
     138
     136
     162
     134
     152
     139
     139
     146
     171
     139
     149
     150
     171
     144
     147
     148
     144
     163
     169
     181
     168
     157
     161
     166
     169
     175
     197
     177
     173
     166
     189
     184
     170
     191
     226
     200
     224
     209
     218
     189
     220
     223
     238
     229
     227
     264
     261
     262
     268
     254
     298
     274
     296
     336
     340
     339
     362
     368
     363
     410
     451
     430
     449
     485
     455
     449
     479
     516
     539
     502
     601
     642
     731
     732
     762
     815
     901
     879
     937
     969
    1001
    1043
    1023
    1027
    1059
    1139
    1142
    1179
    1263
    1295
    1447
    1443
    1629
    1749
    1956
    2170
    2470
    2744
    3101
    3614
    3954
    4397
    4670
    5015
    5366
    5603
    5922
    5744
    5896
    5993
    5732
    5469
    5264
    4833
    4479
    4137
    3730
    3368
    2964
    2577
    2189
    1820
    1514
    1255
    1067
     843
     651
     557
     455
     330
     272
     199
     180
     156
     124
     113
      90
      83
      93
      89
      94
      82
      86
      84
      83
      81
      98
      92
      89
      83
      84
      94
      96
     106
      91
      98
     107
     116
      99
      97
     114
     113
     105
     129
     130
     119
     117
     102
     124
     118
     110
     116
     111
     117
     104
     105
      78
     103
      98
     103
      77
     100
      83
      65
      75
      64
      83
      82
      64
      67
      72
      58
      78
      74
      64
      62
      58
      74
      80
      79
      63
      62
      74
      69
      66
      80
      65
      68
      72
      57
      71
      65
      61
      83
      62
      78
      86
      73
      76
      66
      86
      61
      64
      64
      75
      72
      74
      85
      88
      83
      64
      71
      77
      71
      68
      81
      75
      71
      88
      71
      82
      72
      80
      79
      77
      61
      84
      90
      69
      84
      70
      70
      84
      91
      77
     102
      82
      64
      76
      80
      71
      72
      83
      82
      89
      63
      85
      92
      72
      82
      82
      88
      87
      69
      90
      81
      59
      72
      69
      80
      75
      69
      62
      73
      74
      85
      77
      63
      82
      67
      91
      59
      59
      80
      69
      74
      75
      83
      93
      81
      83
      85
      60
      70
      82
      78
      69
      71
      66
      78
      88
      77
      75
      90
      80
      77
      86
      78
      93
      94
      77
      78
      84
      82
      87
      91
     103
     108
      87
      90
     105
      75
     109
      89
      98
      94
      99
      94
      96
      95
      88
     109
      91
     113
      73
      79
      77
     102
      83
      96
      78
      79
      72
      86
      81
      69
      87
      77
      93
      91
      67
      86
      77
      85
      86
      72
      87
      84
      67
      77
      73
      79
      81
      77
      79
      87
      90
      78
      95
      74
      71
      98
      81
      93
      83
      86
      80
      81
      77
      62
      88
      89
      75
      81
      84
      91
      73
      83
     106
     113
      81
      86
      88
      82
      87
      89
      92
      90
      81
      91
     100
      85
     101
      78
      99
      79
      88
      89
      77
      90
      80
      90
      71
      82
      88
      84
      95
      74
      74
      73
      85
      97
      76
      84
      73
      91
      83
      84
      68
      78
      70
      95
      90
      84
      80
      85
      79
      92
      83
      77
      80
      83
      77
      81
      74
      91
      83
      90
      75
      83
      68
      89
      85
      93
      73
      76
      90
      78
      83
      86
      97
      83
      78
      78
      78
      93
     101
      84
      86
     101
      92
      95
      73
      82
      77
      75
     101
     107
      87
      90
      77
      92
      99
     101
      95
     105
      83
     104
     109
      89
     102
      95
     104
     112
     103
      80
     109
      91
     119
      77
     111
     100
     105
     102
      98
      87
      96
      89
      96
     104
     109
      99
      91
      92
     102
      86
      85
      92
      84
      96
      77
      67
      77
      77
      77
      75
      60
     101
      61
      82
      77
      91
      90
      93
      79
      91
      72
      80
      86
      79
      80
      75
      86
      88
      77
      89
      91
      73
       0
       0
       0
       0
       0
       0
       0
       0
       0
       0
       0
       0
       0
       0
       0
       0
       0
       0
       0
       0
       0
       0
       0
       0
       0
       0
       0
       0
       0
       0
       0
       0
$ROI:
0
$PRESETS:
None
0
0
$ENER_FIT:
89.133316 -0.066140
$MCA_CAL:
3
8.913332E+001 -6.613960E-002 3.838879E-005 keV
$SHAPE_CAL:
3
0.000000E+000 0.000000E+000 0.000000E+000
