$SPEC_ID:
No sample description was entered.
$SPEC_REM:
DET# 4
DETDESC# JLAB-20 MCB 131
AP# Maestro Version 7.01
$DATE_MEA:
09/30/2025 17:36:44
$MEAS_TIM:
104739 107279
$DATA:
0 2047
       0
       0
       0
       0
       0
       0
       0
       0
       0
       0
       0
       0
       0
       0
       0
       0
       0
       0
       0
       0
       0
       0
       0
       0
       0
       0
       0
       0
       0
       0
       0
       0
       0
       0
       0
       0
       0
       0
       0
       0
       0
       0
       0
       0
       0
       0
       0
       0
       0
       0
       0
       0
       1
       0
       1
       0
       0
       0
       0
       0
       0
       0
       0
       1
       0
       1
       1
       1
       0
     398
   11855
   12013
   11324
   10876
   10792
   10325
   10160
   10100
    9834
    9812
    9604
    9698
    9501
    9387
    9361
    9241
    9059
    8842
    8812
    9048
    8823
    8451
    8641
    8441
    8439
    8271
    8277
    8363
    8183
    8179
    8130
    8081
    7959
    8043
    7859
    7678
    7789
    7670
    7652
    7554
    7465
    7489
    7497
    7415
    7310
    7359
    7162
    7199
    7106
    6919
    7035
    6979
    6950
    6974
    6908
    6889
    7031
    6874
    6772
    6612
    6814
    6707
    6422
    6569
    6397
    6538
    6476
    6586
    6372
    6303
    6378
    6347
    6259
    6196
    6216
    6241
    6291
    6367
    6206
    6338
    6056
    6256
    5980
    6108
    6010
    5915
    6019
    6024
    6003
    5933
    5985
    5772
    5890
    5769
    5861
    5787
    5817
    5839
    5759
    5786
    5700
    5649
    5709
    5586
    5762
    5709
    5668
    5597
    5659
    5620
    5511
    5558
    5669
    5550
    5440
    5601
    5477
    5519
    5539
    5450
    5415
    5455
    5330
    5527
    5590
    5360
    5494
    5337
    5385
    5475
    5330
    5344
    5369
    5434
    5256
    5216
    5252
    5277
    5249
    5238
    5303
    5311
    5244
    5147
    5345
    5256
    5207
    5287
    5251
    5268
    5383
    5264
    5205
    5351
    5252
    5256
    5196
    5146
    5228
    5191
    5194
    5177
    5134
    5237
    5296
    5171
    5140
    5209
    5079
    5108
    5122
    5160
    5181
    5037
    5256
    5189
    5092
    5127
    5261
    5116
    5197
    5147
    5200
    5211
    5218
    5187
    5192
    5293
    5261
    5222
    5183
    5055
    5341
    5283
    5359
    5272
    5188
    5363
    5456
    5408
    5272
    5266
    5327
    5365
    5419
    5306
    5426
    5353
    5308
    5351
    5338
    5338
    5446
    5438
    5395
    5325
    5438
    5370
    5438
    5428
    5489
    5379
    5384
    5468
    5407
    5512
    5495
    5494
    5584
    5671
    5718
    5901
    5951
    6060
    6333
    6481
    6644
    7191
    7540
    8203
    8773
    9517
   10582
   11557
   12833
   14256
   16137
   18081
   20025
   22260
   24929
   27831
   30613
   33688
   37472
   40788
   44077
   47543
   50450
   54556
   57738
   60953
   64219
   66997
   69629
   72382
   73849
   76527
   77528
   79218
   80082
   81174
   82308
   82920
   82642
   82974
   83085
   82890
   82390
   81969
   81082
   80545
   79614
   78590
   77580
   76645
   75136
   74119
   72330
   71055
   69658
   67919
   66271
   64816
   62732
   60851
   58738
   57515
   55144
   53071
   50908
   49322
   47554
   45504
   43792
   41698
   39768
   37728
   36121
   34677
   32929
   31689
   29918
   28926
   27519
   26676
   25799
   24660
   23813
   23438
   22535
   21721
   21171
   20352
   19846
   18952
   18442
   17813
   16981
   16420
   15859
   15244
   14676
   13683
   13038
   12378
   11904
   11188
   10718
    9852
    9344
    8803
    8115
    7844
    7154
    6748
    6371
    5989
    5718
    5124
    4973
    4606
    4500
    4345
    4287
    4085
    3854
    3740
    3671
    3593
    3594
    3570
    3571
    3596
    3539
    3567
    3427
    3586
    3504
    3485
    3425
    3572
    3492
    3625
    3478
    3544
    3573
    3618
    3318
    3505
    3457
    3515
    3512
    3402
    3443
    3353
    3410
    3372
    3438
    3455
    3261
    3417
    3367
    3332
    3248
    3330
    3340
    3257
    3235
    3253
    3216
    3261
    3274
    3245
    3194
    3189
    3111
    3165
    3217
    3116
    3136
    3061
    3199
    3179
    3150
    3103
    3117
    3202
    3045
    3143
    3114
    2970
    3056
    3088
    2933
    3020
    3006
    3064
    3010
    2981
    3051
    3056
    3040
    3004
    3037
    3121
    3003
    2958
    2978
    2958
    2976
    2979
    3077
    2995
    3022
    3013
    3029
    2991
    2906
    2915
    3047
    3045
    3043
    2949
    3067
    3041
    3031
    2964
    3002
    3040
    3039
    2996
    3112
    3113
    2992
    3085
    3034
    3026
    3018
    2983
    3035
    3023
    3008
    2897
    3048
    3035
    2920
    3022
    2982
    2979
    2988
    3033
    2986
    2950
    2943
    2852
    2843
    2935
    2903
    2884
    2749
    2856
    2829
    2843
    2805
    2825
    2784
    2730
    2786
    2820
    2802
    2706
    2755
    2752
    2737
    2729
    2795
    2759
    2754
    2776
    2747
    2712
    2721
    2711
    2645
    2664
    2694
    2629
    2585
    2563
    2657
    2607
    2600
    2687
    2614
    2578
    2632
    2522
    2631
    2613
    2619
    2629
    2626
    2613
    2654
    2647
    2558
    2589
    2500
    2526
    2552
    2589
    2540
    2519
    2607
    2575
    2528
    2651
    2658
    2643
    2587
    2635
    2533
    2602
    2625
    2597
    2581
    2581
    2623
    2566
    2573
    2532
    2527
    2625
    2608
    2557
    2605
    2662
    2541
    2607
    2615
    2552
    2518
    2476
    2578
    2566
    2601
    2586
    2642
    2488
    2587
    2545
    2569
    2455
    2503
    2530
    2550
    2495
    2516
    2489
    2460
    2566
    2539
    2522
    2490
    2461
    2484
    2439
    2501
    2487
    2501
    2450
    2497
    2518
    2532
    2487
    2422
    2444
    2487
    2565
    2447
    2415
    2480
    2436
    2488
    2382
    2508
    2372
    2455
    2542
    2397
    2410
    2440
    2469
    2461
    2479
    2463
    2453
    2384
    2458
    2399
    2465
    2483
    2382
    2463
    2393
    2477
    2391
    2444
    2497
    2484
    2471
    2365
    2410
    2355
    2426
    2399
    2469
    2500
    2396
    2442
    2382
    2392
    2427
    2444
    2436
    2358
    2405
    2422
    2354
    2397
    2368
    2301
    2306
    2404
    2341
    2353
    2328
    2386
    2356
    2321
    2306
    2390
    2396
    2458
    2367
    2403
    2439
    2303
    2341
    2303
    2384
    2353
    2407
    2320
    2323
    2371
    2263
    2306
    2303
    2392
    2276
    2372
    2398
    2303
    2272
    2272
    2295
    2294
    2305
    2242
    2306
    2289
    2322
    2265
    2291
    2220
    2305
    2290
    2271
    2285
    2244
    2211
    2270
    2230
    2201
    2243
    2209
    2299
    2252
    2315
    2177
    2297
    2200
    2368
    2258
    2311
    2191
    2285
    2278
    2244
    2194
    2253
    2204
    2235
    2260
    2289
    2219
    2176
    2181
    2193
    2164
    2292
    2270
    2250
    2284
    2195
    2258
    2184
    2187
    2272
    2143
    2209
    2187
    2197
    2181
    2196
    2170
    2135
    2209
    2238
    2187
    2188
    2218
    2201
    2178
    2219
    2169
    2151
    2128
    2088
    2157
    2191
    2169
    2244
    2131
    2255
    2223
    2217
    2152
    2174
    2167
    2175
    2155
    2182
    2064
    2148
    2207
    2221
    2089
    2202
    2163
    2165
    2198
    2072
    2086
    2171
    2112
    2199
    2219
    2173
    2088
    2098
    2180
    2155
    2164
    2158
    2181
    2192
    2172
    2126
    2247
    2117
    2144
    2146
    2153
    2187
    2149
    2104
    2055
    2131
    2058
    2206
    2169
    2162
    2111
    2119
    2129
    2074
    2119
    2100
    2093
    2096
    2125
    2105
    2062
    2114
    2168
    2094
    2136
    2088
    2095
    2159
    2196
    2096
    2160
    2168
    2088
    2117
    2113
    2088
    2194
    2101
    2083
    2086
    2092
    2122
    2120
    2212
    2208
    2231
    2238
    2166
    2152
    2267
    2144
    2141
    2136
    2234
    2141
    2180
    2180
    2180
    2167
    2131
    2161
    2164
    2118
    2162
    2175
    2240
    2060
    2204
    2126
    2182
    2130
    2147
    2064
    2104
    2076
    2122
    2033
    2060
    2139
    2130
    2135
    2092
    2180
    2157
    2084
    2201
    2157
    2037
    2050
    2093
    2063
    2087
    2134
    2075
    2042
    2052
    2076
    2083
    2100
    2144
    2004
    2005
    2055
    2054
    2142
    2061
    2045
    2066
    2058
    2009
    2091
    2130
    2146
    2008
    2030
    2050
    2114
    2068
    2020
    2119
    2071
    2162
    2033
    2123
    2106
    2158
    2149
    2129
    2103
    2171
    2137
    2122
    2170
    2120
    2142
    2134
    2239
    2145
    2158
    2187
    2170
    2145
    2207
    2126
    2124
    2171
    2124
    2174
    2173
    2208
    2153
    2139
    2216
    2159
    2191
    2181
    2161
    2181
    2258
    2188
    2175
    2150
    2093
    2125
    2127
    2110
    2240
    2091
    2101
    2109
    2184
    2154
    2147
    2170
    2234
    2150
    2196
    2121
    2142
    2174
    2138
    2107
    2175
    2134
    2078
    2074
    2090
    2162
    2129
    2161
    2107
    2139
    2047
    2137
    2064
    2071
    2060
    2058
    2131
    2064
    2089
    2042
    2078
    2092
    2035
    1959
    2012
    2060
    1948
    2037
    2032
    2124
    2106
    2054
    2117
    2074
    2080
    2147
    2124
    2095
    2140
    2160
    2088
    2170
    2220
    2180
    2201
    2277
    2243
    2270
    2273
    2302
    2291
    2322
    2320
    2291
    2353
    2395
    2249
    2380
    2406
    2277
    2358
    2258
    2380
    2367
    2297
    2339
    2230
    2243
    2369
    2361
    2259
    2259
    2212
    2377
    2200
    2118
    2252
    2187
    2205
    2200
    2165
    2110
    2103
    2168
    2044
    2077
    2087
    2123
    2031
    1942
    1987
    1945
    2021
    2063
    1970
    1887
    1977
    1941
    1966
    1961
    1863
    1826
    1904
    1989
    1918
    1831
    1854
    1833
    1901
    1940
    1847
    1873
    1879
    1863
    1921
    1872
    1867
    1919
    1828
    1818
    1929
    1866
    1861
    1934
    1853
    1920
    1883
    1892
    1906
    1899
    1862
    1895
    1891
    1826
    1823
    1913
    1849
    1877
    1883
    1836
    1796
    1890
    1925
    1879
    1881
    1936
    1921
    1955
    1923
    1895
    1915
    1902
    1922
    2049
    1868
    1921
    1875
    1931
    1932
    1842
    1820
    1912
    1870
    1887
    1878
    1881
    1923
    1955
    1941
    1880
    1962
    1968
    1785
    1927
    1880
    1896
    1893
    1936
    1946
    1863
    1952
    1929
    1944
    1986
    1912
    1892
    1900
    1961
    1972
    1922
    1855
    1967
    1939
    2064
    1944
    1947
    1942
    1873
    1938
    1933
    1965
    2014
    1914
    1913
    1922
    1993
    2032
    1923
    1981
    1966
    1983
    1959
    1974
    1983
    1962
    1955
    1969
    1934
    1888
    1989
    1969
    1895
    1947
    1901
    1904
    1903
    1924
    1918
    1979
    1880
    1888
    1916
    1913
    1930
    1820
    1844
    1892
    2019
    1879
    1972
    1975
    1932
    1957
    1913
    1897
    1937
    1853
    1896
    1953
    1953
    1933
    1835
    1887
    1916
    1897
    1828
    1827
    1825
    1873
    1931
    1965
    1921
    1851
    1874
    1944
    1909
    1837
    1916
    1868
    1910
    1918
    1879
    1875
    1884
    1883
    1936
    1877
    1901
    1921
    1999
    1918
    1902
    1920
    1888
    1930
    1901
    1924
    1881
    1916
    1965
    1892
    1959
    1991
    1980
    1982
    1916
    1983
    1883
    1993
    1918
    1911
    1926
    1998
    1960
    1951
    2048
    2026
    1927
    2011
    1934
    2013
    2011
    2004
    1997
    1903
    2009
    2011
    1997
    1988
    1996
    1957
    1968
    2027
    2044
    2021
    1942
    1904
    2053
    1988
    2039
    1963
    2011
    1995
    2027
    2052
    2046
    1973
    2030
    1971
    2007
    2032
    2011
    1996
    2053
    2079
    2079
    2046
    2073
    2140
    2066
    2085
    2023
    2007
    2101
    2093
    2046
    2083
    2030
    2092
    2106
    2096
    2067
    2183
    2134
    2092
    2078
    2032
    1999
    2107
    2029
    2122
    2083
    2065
    2150
    2129
    1962
    2135
    2082
    2123
    2155
    2039
    2062
    2061
    2126
    2173
    2092
    2218
    2089
    2082
    2096
    2133
    2155
    2106
    2144
    2091
    2103
    2089
    2196
    2137
    2120
    2136
    2176
    2135
    2176
    2188
    2157
    2186
    2167
    2271
    2231
    2205
    2148
    2122
    2210
    2263
    2331
    2266
    2243
    2202
    2226
    2286
    2248
    2350
    2276
    2276
    2291
    2342
    2211
    2250
    2317
    2314
    2275
    2261
    2299
    2355
    2299
    2405
    2472
    2339
    2294
    2279
    2386
    2345
    2438
    2427
    2325
    2340
    2502
    2370
    2457
    2413
    2471
    2391
    2411
    2504
    2516
    2599
    2529
    2523
    2541
    2528
    2508
    2474
    2528
    2509
    2471
    2491
    2628
    2522
    2620
    2550
    2588
    2631
    2590
    2681
    2680
    2586
    2664
    2725
    2722
    2726
    2773
    2721
    2639
    2852
    2828
    2813
    2802
    2725
    2844
    2857
    2761
    2803
    2825
    2898
    2837
    2881
    2821
    2850
    3107
    2932
    2936
    2970
    3034
    3065
    3062
    3013
    2999
    3100
    3096
    3070
    3201
    3261
    3195
    3222
    3242
    3334
    3212
    3187
    3350
    3310
    3285
    3385
    3441
    3339
    3313
    3397
    3545
    3437
    3474
    3497
    3497
    3529
    3513
    3669
    3575
    3711
    3723
    3705
    3724
    3826
    3895
    3873
    3831
    3831
    3983
    3939
    3907
    3926
    4072
    4031
    4012
    4037
    4133
    4012
    4159
    4094
    4191
    4227
    4171
    4294
    4365
    4214
    4324
    4251
    4439
    4358
    4505
    4433
    4565
    4556
    4642
    4576
    4584
    4530
    4638
    4851
    4680
    4894
    4840
    4878
    4892
    4816
    4918
    4979
    5193
    4988
    4922
    5132
    4958
    5015
    5079
    5131
    5265
    5129
    5319
    5286
    5292
    5412
    5433
    5438
    5380
    5384
    5336
    5432
    5524
    5587
    5561
    5545
    5543
    5647
    5671
    5599
    5759
    5559
    5666
    5662
    5628
    5730
    5637
    5782
    5702
    5755
    5723
    5724
    5721
    5690
    5803
    5799
    5673
    5461
    5720
    5725
    5620
    5656
    5742
    5594
    5731
    5718
    5699
    5648
    5763
    5766
    5698
    5687
    5712
    5753
    5644
    5802
    5626
    5677
    5731
    5561
    5703
    5495
    5688
    5460
    5607
    5739
    5645
    5612
    5633
    5703
    5728
    5663
    5732
    5651
    5578
    5798
    5577
    5684
    5566
    5728
    5804
    5814
    5602
    5654
    5570
    5653
    5705
    5742
    5682
    5684
    5718
    5756
    5774
    5832
    5779
    5915
    5866
    5879
    5763
    5971
    5881
    6026
    6050
    5982
    6007
    6039
    6111
    6129
    6151
    6235
    6158
    6184
    6338
    6267
    6397
    6314
    6346
    6266
    6399
    6484
    6378
    6513
    6531
    6479
    6536
    6734
    6676
    6673
    6694
    6807
    6709
    6887
    6857
    6900
    7057
    7175
    7165
    7096
    7141
    7279
    7263
    7198
    7457
    7212
    7489
    7544
    7611
    7583
    7550
    7723
    7675
    7706
    7779
    7952
    8185
    8205
    8053
    7974
    8002
    8388
    8240
    8373
    8356
    8471
    8540
    8556
    8665
    8579
    8654
    8818
    8978
    8985
    8847
    9158
    9162
    9341
    9374
    9428
    9546
    9570
    9654
    9758
    9679
    9958
   10092
   10041
   10424
   10337
   10264
   10417
   10530
   10655
   10761
   10780
   10731
   10751
   10931
   11339
   11117
   11464
   11414
   11621
   11852
   11747
   11736
   11900
   12103
   12254
   12238
   12392
   12579
   12251
   12690
   12954
   13072
   12955
   13153
   13489
   13449
   13614
   13799
   13739
   13930
   13894
   14047
   14180
   14543
   14361
   14821
   14755
   14952
   14993
   15287
   15493
   15628
   15783
   15924
   15821
   16374
   16458
   16308
   16532
   16571
   16857
   17019
   17350
   17431
   17437
   17844
   18176
   18250
   18322
   18452
   18353
   18880
   19043
   19204
   19436
   19588
   19899
   19962
   20103
   20473
   20684
   20682
   21097
   21317
   21130
   21836
   21662
   22032
   22227
   22207
   22593
   22832
   22849
   23602
   23643
   24178
   24018
   24282
   24715
   24852
   25138
   25480
   25729
   25937
   26222
   26430
   26924
   27391
   27829
   27806
   28172
   28344
   28737
   29111
   29223
   29697
   30001
   30632
   30581
   31069
   31593
   31963
   32068
   32674
   32967
   33776
   34019
   34198
   34625
   34964
   35759
   35819
   36463
   36961
   37111
   38269
   38195
   38660
   39178
   39801
   40454
   40798
   41276
   41910
   42578
   42879
   43615
   44191
   44739
   45486
   46154
   46600
   47550
   47971
   49096
   49651
   50131
   51035
   51959
   52717
   53320
   54449
   55049
   56375
   56592
   57954
   58469
   59610
   60624
   61028
   62453
   63766
   64638
       0
       0
       0
       0
       0
       0
       0
       0
       0
       0
       0
       0
       0
       0
       0
       0
       0
       0
       0
       0
       0
       0
       0
       0
       0
       0
       0
       0
       0
       0
       0
       0
$ROI:
0
$PRESETS:
None
0
0
$ENER_FIT:
-0.169488 0.023446
$MCA_CAL:
3
-1.694878E-001 2.344633E-002 0.000000E+000 keV
$SHAPE_CAL:
3
0.000000E+000 0.000000E+000 0.000000E+000
