$SPEC_ID:
No sample description was entered.
$SPEC_REM:
DET# 4
DETDESC# JLAB-20 MCB 131
AP# Maestro Version 7.01
$DATE_MEA:
09/30/2025 02:16:44
$MEAS_TIM:
50842 52078
$DATA:
0 2047
       0
       0
       0
       0
       0
       0
       0
       0
       0
       0
       0
       0
       0
       0
       0
       0
       0
       0
       0
       0
       0
       0
       0
       0
       0
       0
       0
       0
       0
       0
       0
       0
       0
       0
       0
       0
       0
       0
       0
       0
       0
       0
       0
       0
       0
       0
       0
       0
       0
       0
       0
       0
       0
       0
       0
       0
       0
       0
       0
       0
       0
       0
       0
       1
       0
       1
       0
       0
       0
     174
    5656
    5764
    5507
    5170
    5309
    5008
    4851
    4859
    4780
    4705
    4551
    4867
    4536
    4546
    4520
    4545
    4470
    4372
    4301
    4377
    4261
    4085
    4198
    4118
    4026
    4058
    4015
    4095
    4011
    4054
    3931
    3915
    3866
    3963
    3764
    3755
    3775
    3718
    3797
    3634
    3654
    3605
    3644
    3584
    3495
    3527
    3508
    3450
    3370
    3395
    3413
    3355
    3377
    3400
    3415
    3324
    3365
    3330
    3274
    3221
    3290
    3234
    3163
    3185
    3063
    3203
    3180
    3208
    3153
    3107
    3141
    3139
    3068
    3094
    3042
    3061
    3026
    3066
    3067
    3066
    2905
    3049
    2886
    2916
    2897
    2889
    2899
    2894
    2926
    2886
    2922
    2810
    2802
    2817
    2808
    2808
    2790
    2851
    2783
    2826
    2786
    2769
    2779
    2693
    2811
    2783
    2841
    2684
    2729
    2786
    2673
    2678
    2727
    2702
    2667
    2735
    2644
    2695
    2664
    2666
    2676
    2629
    2571
    2701
    2704
    2591
    2664
    2559
    2613
    2697
    2606
    2628
    2590
    2585
    2477
    2538
    2531
    2572
    2594
    2525
    2541
    2597
    2514
    2435
    2613
    2561
    2518
    2508
    2525
    2577
    2570
    2540
    2571
    2616
    2554
    2586
    2480
    2556
    2580
    2509
    2520
    2542
    2510
    2582
    2549
    2512
    2483
    2570
    2444
    2472
    2502
    2509
    2555
    2406
    2539
    2509
    2467
    2485
    2501
    2486
    2506
    2474
    2546
    2555
    2534
    2508
    2477
    2598
    2581
    2581
    2523
    2426
    2657
    2614
    2554
    2504
    2535
    2566
    2588
    2594
    2539
    2541
    2570
    2621
    2657
    2590
    2597
    2567
    2643
    2574
    2574
    2598
    2623
    2680
    2659
    2563
    2671
    2599
    2627
    2615
    2605
    2579
    2688
    2620
    2671
    2717
    2682
    2668
    2667
    2788
    2762
    2845
    2955
    2960
    3175
    3066
    3209
    3443
    3773
    4004
    4248
    4646
    5202
    5658
    6170
    6980
    7811
    8575
    9701
   10917
   12019
   13543
   14844
   16421
   18108
   19665
   21395
   23186
   24535
   26560
   28172
   29895
   31254
   32510
   33747
   35199
   35922
   37090
   37551
   38554
   38868
   39560
   40031
   40407
   40060
   40209
   40427
   40367
   40179
   39836
   39270
   38850
   38576
   37928
   37715
   37185
   36304
   35855
   35301
   34635
   33868
   32959
   32235
   31467
   30498
   29501
   28647
   27786
   26769
   25767
   24662
   23754
   22897
   22049
   21173
   20477
   19228
   18467
   17472
   16815
   16085
   15385
   14396
   13955
   13374
   12962
   12690
   11928
   11503
   11264
   10925
   10509
   10229
    9822
    9744
    9086
    9035
    8679
    8200
    7919
    7624
    7237
    7197
    6623
    6294
    5934
    5737
    5478
    5172
    4790
    4518
    4400
    3841
    3857
    3455
    3286
    3050
    2872
    2751
    2474
    2373
    2238
    2182
    2100
    2058
    1989
    1810
    1817
    1797
    1783
    1813
    1732
    1722
    1816
    1698
    1696
    1665
    1766
    1703
    1709
    1675
    1759
    1719
    1755
    1701
    1691
    1720
    1756
    1631
    1681
    1643
    1668
    1668
    1641
    1702
    1647
    1678
    1682
    1691
    1676
    1614
    1599
    1623
    1626
    1570
    1578
    1643
    1548
    1543
    1550
    1609
    1618
    1620
    1566
    1569
    1556
    1535
    1546
    1565
    1520
    1489
    1494
    1588
    1538
    1507
    1561
    1546
    1616
    1440
    1527
    1483
    1477
    1430
    1486
    1417
    1431
    1450
    1517
    1468
    1460
    1454
    1433
    1503
    1492
    1458
    1526
    1477
    1437
    1486
    1443
    1432
    1414
    1461
    1426
    1475
    1461
    1527
    1461
    1402
    1454
    1494
    1483
    1442
    1395
    1478
    1476
    1474
    1395
    1466
    1493
    1477
    1438
    1509
    1558
    1488
    1534
    1436
    1503
    1438
    1466
    1493
    1503
    1436
    1440
    1500
    1529
    1457
    1513
    1480
    1417
    1406
    1380
    1474
    1412
    1430
    1405
    1395
    1458
    1398
    1429
    1368
    1402
    1440
    1374
    1319
    1353
    1330
    1364
    1388
    1365
    1328
    1327
    1372
    1341
    1298
    1298
    1378
    1366
    1282
    1327
    1373
    1314
    1308
    1357
    1292
    1333
    1341
    1289
    1253
    1236
    1336
    1230
    1241
    1247
    1288
    1238
    1301
    1212
    1241
    1245
    1293
    1290
    1275
    1271
    1279
    1264
    1256
    1263
    1212
    1191
    1252
    1269
    1262
    1252
    1266
    1228
    1209
    1341
    1279
    1309
    1266
    1217
    1244
    1264
    1283
    1209
    1259
    1209
    1254
    1196
    1279
    1224
    1255
    1288
    1298
    1279
    1257
    1284
    1203
    1289
    1274
    1235
    1207
    1199
    1279
    1271
    1298
    1271
    1289
    1227
    1258
    1202
    1224
    1198
    1220
    1223
    1242
    1244
    1223
    1224
    1206
    1231
    1267
    1233
    1224
    1214
    1164
    1152
    1190
    1237
    1230
    1178
    1164
    1236
    1210
    1207
    1248
    1231
    1187
    1230
    1223
    1147
    1206
    1172
    1156
    1187
    1244
    1203
    1173
    1259
    1194
    1206
    1183
    1220
    1159
    1220
    1219
    1188
    1182
    1172
    1134
    1175
    1206
    1174
    1182
    1169
    1212
    1182
    1154
    1201
    1193
    1139
    1165
    1171
    1117
    1158
    1199
    1198
    1232
    1175
    1210
    1143
    1155
    1188
    1166
    1178
    1154
    1200
    1177
    1132
    1151
    1135
    1120
    1112
    1221
    1130
    1133
    1149
    1146
    1145
    1155
    1117
    1148
    1169
    1142
    1125
    1148
    1187
    1132
    1152
    1125
    1181
    1121
    1158
    1076
    1126
    1135
    1105
    1152
    1154
    1141
    1111
    1127
    1209
    1140
    1123
    1056
    1106
    1123
    1111
    1133
    1091
    1104
    1170
    1097
    1129
    1056
    1120
    1130
    1105
    1111
    1082
    1079
    1097
    1112
    1065
    1097
    1083
    1101
    1119
    1086
    1069
    1122
    1106
    1136
    1104
    1161
    1035
    1132
    1111
    1076
    1056
    1101
    1112
    1078
    1095
    1090
    1066
    1026
    1020
    1059
    1024
    1101
    1087
    1135
    1063
    1058
    1096
    1043
    1066
    1088
    1032
    1091
    1044
    1020
    1053
    1109
    1049
    1056
    1039
    1060
    1020
    1052
    1123
    1094
    1083
    1047
    1075
    1092
    1044
     975
    1061
    1081
    1063
    1107
    1059
    1126
    1086
    1073
    1047
    1089
    1086
    1045
    1058
    1027
    1002
    1053
    1105
    1067
     998
    1097
    1065
    1078
    1078
    1039
    1014
    1101
    1052
    1004
    1080
    1059
    1011
    1036
    1048
    1037
    1029
    1091
    1061
    1037
    1003
    1018
    1052
     970
    1036
    1067
    1083
    1045
    1045
    1024
     982
    1007
     999
    1068
    1039
    1063
    1044
    1020
    1020
     996
    1024
    1030
    1004
    1027
    1036
     999
     990
    1050
    1014
    1002
    1069
    1049
     993
    1080
    1039
     997
    1024
    1111
    1018
    1003
     999
     995
    1058
    1080
    1005
     987
    1004
    1064
    1070
    1040
    1082
    1131
    1084
    1063
    1081
    1122
    1079
    1023
    1063
    1084
    1052
    1044
    1106
    1068
    1075
    1061
     991
    1047
    1046
    1016
    1029
    1107
     977
    1059
    1020
    1096
    1066
    1041
    1016
    1034
    1056
    1046
     984
    1022
    1035
    1058
    1044
    1047
    1072
    1031
     971
    1087
    1038
    1002
    1074
    1047
    1030
    1042
    1076
    1010
     979
     940
    1022
     962
    1006
    1068
     949
     970
    1013
     994
    1046
    1023
    1042
    1005
    1008
     956
    1059
    1028
    1069
     955
     977
     990
    1050
     998
     960
    1037
     985
    1037
     993
    1009
     999
    1074
    1072
    1031
    1022
    1077
     981
    1050
    1069
    1038
    1040
    1043
    1101
    1020
    1085
    1052
    1052
    1030
    1070
    1053
    1033
    1053
    1019
    1062
    1070
    1044
    1023
    1012
    1122
    1052
    1040
    1065
    1064
    1077
    1075
    1076
    1079
    1051
     998
    1047
    1032
    1038
    1073
    1066
    1013
    1066
    1073
    1088
    1052
    1088
    1067
    1085
    1082
    1020
    1060
    1067
    1090
    1029
    1063
    1003
    1018
     990
     965
    1017
    1030
    1075
    1035
    1009
     992
    1040
    1007
     989
     997
    1015
    1031
     991
    1023
     954
    1014
    1004
     985
     938
    1018
     972
     948
     991
     973
    1031
    1030
    1017
    1014
    1016
     991
    1029
    1024
     987
    1041
    1079
    1025
    1036
    1081
    1088
    1068
    1126
    1092
    1106
    1038
    1093
    1100
    1119
    1107
    1139
    1131
    1184
    1048
    1177
    1176
    1079
    1086
    1057
    1127
    1094
    1101
    1169
    1057
    1074
    1150
    1126
    1083
    1104
    1084
    1150
    1088
    1012
    1073
    1061
    1049
    1092
    1035
    1006
    1033
    1078
    1003
    1007
    1025
    1039
     985
     938
     951
     943
     992
     997
     971
     933
     980
     976
     948
     968
     898
     917
     920
     992
     958
     870
     932
     866
     940
     918
     854
     925
     897
     931
     992
     922
     907
     948
     917
     846
     949
     870
     892
     974
     898
     935
     906
     917
     944
     923
     902
     903
     941
     897
     923
     953
     847
     926
     926
     909
     897
     925
     914
     908
     914
     906
     958
     949
     918
     899
     938
     932
     957
    1003
     892
     930
     913
     922
     910
     906
     860
     910
     898
     906
     874
     910
     946
     957
     911
     945
     940
     941
     907
     941
     878
     919
     955
     870
     930
     888
     926
     950
     965
     977
     944
     913
     880
     941
     970
     979
     900
     946
     959
    1029
     917
     969
     947
     909
     948
     921
     947
     981
     927
     934
     936
     940
     983
     924
     945
     929
     986
     945
     991
     966
     952
     971
     981
     972
     924
     952
     946
     907
     936
     938
     906
     931
     908
     919
     984
     892
     919
     912
     943
     906
     888
     925
     896
     960
     937
     927
     966
     955
     924
     967
     948
     930
     896
     917
     976
     951
     963
     922
     911
     927
     921
     894
     887
     869
     963
     935
     971
     887
     903
     891
     986
     943
     899
     932
     946
     942
     984
     926
     896
     892
     878
     920
     925
     948
     933
     985
     919
     971
     926
     924
     953
     896
     917
     889
     945
     990
     932
     965
     933
     963
     972
     968
     983
     935
     933
     903
     933
     915
     962
     960
     936
     999
     991
     952
     992
     955
     959
     963
     988
     994
     890
     992
     969
     983
     954
     975
     970
     958
    1003
    1034
     970
     940
     936
    1011
     950
    1001
     951
     990
     971
     994
    1000
     997
     980
     951
     988
     943
     989
     997
     952
     999
    1000
     992
     963
     967
    1058
    1005
    1002
     967
     935
    1022
    1055
     947
     966
     982
    1028
    1022
    1035
     979
    1055
    1046
    1015
    1018
     980
     956
     997
     951
    1008
    1040
    1055
    1023
    1066
     928
    1049
    1000
    1028
    1017
    1007
     988
     968
    1057
    1054
    1045
    1081
    1007
     995
    1028
    1055
    1059
    1026
    1041
    1015
    1002
     988
    1043
    1054
    1021
    1029
    1035
    1072
    1016
    1088
    1030
    1070
    1084
    1117
    1069
    1054
    1063
    1028
    1086
    1103
    1118
    1102
    1106
    1081
    1115
    1099
    1048
    1119
    1111
    1115
    1089
    1184
    1046
    1112
    1150
    1151
    1120
    1111
    1146
    1173
    1157
    1152
    1193
    1111
    1086
    1093
    1158
    1145
    1166
    1178
    1111
    1145
    1200
    1125
    1163
    1166
    1183
    1150
    1163
    1246
    1195
    1273
    1218
    1162
    1274
    1220
    1229
    1206
    1241
    1194
    1185
    1236
    1275
    1216
    1263
    1237
    1214
    1255
    1257
    1288
    1334
    1262
    1287
    1345
    1349
    1281
    1319
    1288
    1271
    1344
    1388
    1368
    1373
    1328
    1392
    1393
    1366
    1385
    1356
    1424
    1371
    1374
    1350
    1358
    1468
    1427
    1427
    1497
    1459
    1493
    1489
    1466
    1480
    1469
    1522
    1480
    1588
    1601
    1506
    1570
    1585
    1604
    1512
    1557
    1605
    1594
    1560
    1646
    1640
    1640
    1632
    1650
    1764
    1658
    1699
    1689
    1722
    1699
    1705
    1769
    1761
    1795
    1807
    1775
    1786
    1917
    1885
    1902
    1834
    1849
    1941
    1874
    1812
    1880
    2001
    1930
    1967
    2026
    1997
    1972
    2048
    1956
    2104
    2064
    2043
    2115
    2113
    2018
    2154
    2043
    2135
    2088
    2146
    2114
    2243
    2187
    2289
    2299
    2202
    2203
    2293
    2360
    2250
    2387
    2359
    2379
    2429
    2372
    2311
    2396
    2550
    2491
    2343
    2456
    2349
    2436
    2462
    2470
    2482
    2521
    2577
    2609
    2484
    2635
    2615
    2667
    2620
    2637
    2608
    2707
    2725
    2729
    2784
    2691
    2661
    2747
    2730
    2696
    2719
    2727
    2796
    2718
    2751
    2730
    2713
    2804
    2812
    2688
    2796
    2801
    2758
    2752
    2789
    2753
    2760
    2649
    2831
    2775
    2711
    2757
    2769
    2682
    2843
    2804
    2791
    2817
    2876
    2762
    2797
    2756
    2726
    2831
    2777
    2807
    2801
    2874
    2751
    2689
    2731
    2677
    2741
    2743
    2645
    2772
    2796
    2714
    2768
    2764
    2725
    2747
    2698
    2733
    2681
    2817
    2783
    2763
    2737
    2765
    2806
    2859
    2698
    2731
    2706
    2722
    2786
    2729
    2743
    2813
    2754
    2789
    2826
    2767
    2819
    2864
    2924
    2870
    2789
    2863
    2812
    2935
    2936
    2979
    2882
    2960
    2943
    3046
    2987
    3048
    2984
    3004
    3120
    3052
    3033
    3097
    3081
    2999
    3073
    3251
    3109
    3122
    3152
    3160
    3147
    3188
    3170
    3202
    3312
    3288
    3252
    3339
    3328
    3398
    3340
    3544
    3512
    3449
    3431
    3571
    3616
    3508
    3656
    3429
    3612
    3684
    3734
    3694
    3690
    3742
    3689
    3795
    3827
    3788
    3967
    3979
    3875
    3984
    3859
    4078
    3990
    4039
    4074
    4195
    4149
    4068
    4160
    4159
    4223
    4374
    4376
    4427
    4304
    4433
    4444
    4416
    4666
    4563
    4561
    4621
    4646
    4772
    4753
    4813
    4912
    4876
    5013
    4990
    5033
    5085
    5075
    5209
    5177
    5222
    5271
    5146
    5359
    5512
    5438
    5559
    5591
    5630
    5868
    5752
    5641
    5770
    5932
    5960
    5913
    6071
    6094
    5894
    6073
    6340
    6341
    6228
    6351
    6469
    6571
    6594
    6632
    6619
    6830
    6713
    6807
    6954
    7074
    7026
    7096
    7245
    7123
    7337
    7522
    7503
    7490
    7730
    7760
    7783
    7920
    8087
    7822
    8078
    8099
    8182
    8333
    8341
    8472
    8476
    8761
    8772
    8847
    8866
    9016
    8888
    9205
    9175
    9417
    9432
    9508
    9732
    9657
    9665
    9917
   10116
   10147
   10182
   10390
   10347
   10554
   10600
   10714
   10840
   10919
   11062
   11194
   11109
   11580
   11521
   11723
   11861
   11753
   12035
   12079
   12285
   12234
   12589
   12648
   12819
   12926
   13009
   13364
   13521
   13605
   13560
   13781
   14007
   14220
   14226
   14543
   14613
   14846
   14908
   14945
   15428
   15650
   15449
   15925
   15864
   16409
   16535
   16733
   16943
   16855
   17357
   17387
   17616
   18076
   18060
   18692
   18588
   18934
   19027
   19628
   19478
   19697
   20167
   20318
   20707
   20777
   21393
   21506
   21587
   22015
   22439
   22762
   23129
   23338
   24002
   24379
   24461
   24816
   25363
   25597
   26032
   26571
   26895
   27480
   27571
   28384
   28328
   29034
   29339
   29756
   30327
   31038
   31602
       0
       0
       0
       0
       0
       0
       0
       0
       0
       0
       0
       0
       0
       0
       0
       0
       0
       0
       0
       0
       0
       0
       0
       0
       0
       0
       0
       0
       0
       0
       0
       0
$ROI:
0
$PRESETS:
None
0
0
$ENER_FIT:
-0.169488 0.023446
$MCA_CAL:
3
-1.694878E-001 2.344633E-002 0.000000E+000 keV
$SHAPE_CAL:
3
0.000000E+000 0.000000E+000 0.000000E+000
