$SPEC_ID:
No sample description was entered.
$SPEC_REM:
DET# 4
DETDESC# JLAB-20 MCB 131
AP# Maestro Version 7.01
$DATE_MEA:
09/30/2025 23:16:44
$MEAS_TIM:
124663 127680
$DATA:
0 2047
       0
       0
       0
       0
       0
       0
       0
       0
       0
       0
       0
       0
       0
       0
       0
       0
       0
       0
       0
       0
       0
       0
       0
       0
       0
       0
       0
       0
       0
       0
       0
       0
       0
       0
       0
       0
       0
       0
       0
       0
       0
       0
       0
       0
       0
       0
       0
       0
       0
       0
       0
       1
       2
       0
       1
       1
       0
       1
       0
       0
       0
       0
       0
       1
       0
       1
       1
       1
       0
     480
   14053
   14199
   13403
   12967
   12775
   12228
   12031
   11965
   11769
   11633
   11431
   11392
   11257
   11214
   11066
   10950
   10757
   10549
   10535
   10708
   10513
   10125
   10253
   10079
   10007
    9822
    9871
    9946
    9734
    9751
    9637
    9591
    9457
    9619
    9290
    9136
    9187
    9160
    9096
    8960
    8915
    8909
    8974
    8883
    8642
    8742
    8577
    8574
    8524
    8305
    8395
    8311
    8344
    8261
    8162
    8163
    8295
    8132
    8029
    7851
    8078
    7969
    7672
    7807
    7690
    7794
    7741
    7813
    7592
    7564
    7649
    7544
    7420
    7434
    7411
    7374
    7452
    7625
    7350
    7516
    7241
    7402
    7157
    7313
    7142
    7104
    7124
    7172
    7149
    7057
    7084
    6878
    6968
    6927
    7016
    6856
    6924
    6944
    6817
    6868
    6729
    6721
    6789
    6669
    6839
    6773
    6706
    6728
    6714
    6655
    6562
    6586
    6688
    6588
    6529
    6620
    6503
    6549
    6557
    6510
    6443
    6471
    6368
    6545
    6619
    6420
    6519
    6329
    6391
    6492
    6340
    6405
    6408
    6430
    6245
    6162
    6218
    6263
    6201
    6251
    6240
    6307
    6323
    6211
    6371
    6204
    6198
    6314
    6216
    6282
    6394
    6270
    6267
    6387
    6224
    6202
    6155
    6197
    6255
    6203
    6190
    6158
    6129
    6272
    6244
    6157
    6108
    6214
    6078
    6138
    6133
    6113
    6210
    6017
    6203
    6165
    6095
    6121
    6244
    6124
    6180
    6129
    6181
    6200
    6171
    6215
    6220
    6307
    6250
    6256
    6190
    6100
    6291
    6303
    6318
    6300
    6250
    6412
    6422
    6358
    6284
    6265
    6373
    6364
    6359
    6285
    6414
    6419
    6311
    6355
    6323
    6374
    6512
    6541
    6389
    6337
    6455
    6401
    6460
    6441
    6476
    6380
    6453
    6512
    6441
    6560
    6555
    6588
    6650
    6750
    6826
    7011
    7040
    7246
    7475
    7685
    7920
    8589
    9008
    9727
   10441
   11260
   12567
   13744
   15275
   16984
   19194
   21462
   23868
   26598
   29770
   33194
   36411
   40169
   44675
   48554
   52606
   56582
   60248
   64729
   68705
   72580
   76431
   79677
   83040
   86009
   87945
   90932
   92242
   94175
   95146
   96588
   97759
   98745
   98311
   98782
   98731
   98404
   98108
   97316
   96478
   95755
   94760
   93755
   92615
   91258
   89456
   88235
   86314
   84690
   82999
   80961
   79019
   77403
   74645
   72228
   70249
   68434
   65598
   63355
   60780
   58796
   56609
   54185
   51957
   49494
   47252
   44994
   42994
   41135
   39179
   37696
   35519
   34295
   32753
   31770
   30613
   29447
   28334
   27874
   26908
   25785
   25194
   24240
   23515
   22596
   22011
   21171
   20209
   19532
   18942
   18049
   17421
   16362
   15605
   14754
   14229
   13331
   12720
   11777
   11068
   10515
    9693
    9263
    8548
    7983
    7546
    7164
    6775
    6151
    5957
    5522
    5350
    5141
    5099
    4886
    4585
    4424
    4417
    4338
    4302
    4242
    4300
    4339
    4216
    4243
    4112
    4256
    4203
    4187
    4085
    4226
    4159
    4255
    4110
    4189
    4224
    4274
    3967
    4184
    4155
    4214
    4167
    4012
    4083
    3994
    4059
    4041
    4105
    4119
    3926
    4026
    4025
    3946
    3909
    3966
    3978
    3860
    3854
    3833
    3891
    3881
    3904
    3840
    3834
    3827
    3751
    3766
    3855
    3739
    3758
    3662
    3848
    3779
    3706
    3675
    3709
    3786
    3591
    3758
    3721
    3570
    3640
    3679
    3517
    3589
    3593
    3638
    3618
    3536
    3643
    3646
    3640
    3541
    3593
    3720
    3562
    3535
    3507
    3544
    3579
    3508
    3636
    3634
    3586
    3579
    3637
    3551
    3467
    3483
    3641
    3664
    3658
    3551
    3605
    3593
    3587
    3548
    3566
    3614
    3640
    3550
    3711
    3643
    3554
    3660
    3609
    3569
    3566
    3550
    3600
    3588
    3578
    3469
    3637
    3593
    3486
    3606
    3553
    3547
    3596
    3567
    3553
    3514
    3494
    3434
    3413
    3460
    3488
    3420
    3285
    3403
    3345
    3393
    3300
    3351
    3300
    3240
    3320
    3303
    3325
    3210
    3278
    3293
    3222
    3254
    3323
    3243
    3285
    3320
    3259
    3202
    3207
    3186
    3154
    3150
    3214
    3144
    3081
    3058
    3133
    3102
    3068
    3197
    3113
    3046
    3101
    3012
    3110
    3111
    3130
    3153
    3100
    3136
    3154
    3131
    3042
    3093
    3002
    3026
    3051
    3078
    3042
    3024
    3101
    3069
    3015
    3144
    3147
    3124
    3091
    3115
    3005
    3121
    3073
    3093
    3100
    3052
    3114
    3031
    3034
    3018
    3020
    3172
    3136
    3049
    3063
    3177
    3042
    3090
    3106
    3060
    3011
    2987
    3068
    3048
    3082
    3025
    3094
    2949
    3084
    3020
    3036
    2946
    2959
    3008
    3029
    2942
    2981
    2976
    2935
    2999
    2979
    3011
    2977
    2932
    2951
    2932
    2953
    2953
    2987
    2892
    2985
    2986
    2985
    2941
    2887
    2901
    2923
    3066
    2893
    2839
    2955
    2908
    2975
    2828
    2965
    2824
    2903
    2971
    2871
    2860
    2885
    2961
    2958
    3000
    2896
    2968
    2835
    2927
    2845
    2945
    2932
    2833
    2893
    2806
    2923
    2811
    2898
    2958
    2966
    2919
    2804
    2876
    2836
    2882
    2919
    2908
    2950
    2877
    2916
    2870
    2879
    2911
    2918
    2899
    2767
    2890
    2884
    2757
    2836
    2820
    2751
    2734
    2879
    2788
    2791
    2761
    2805
    2803
    2740
    2792
    2849
    2833
    2914
    2827
    2813
    2872
    2784
    2788
    2736
    2818
    2785
    2848
    2792
    2769
    2789
    2716
    2729
    2730
    2807
    2734
    2826
    2856
    2763
    2714
    2731
    2707
    2733
    2756
    2671
    2741
    2724
    2717
    2703
    2702
    2686
    2747
    2771
    2736
    2712
    2703
    2641
    2713
    2625
    2597
    2700
    2618
    2700
    2676
    2720
    2562
    2762
    2615
    2777
    2661
    2754
    2625
    2725
    2672
    2629
    2609
    2635
    2613
    2658
    2669
    2702
    2633
    2598
    2576
    2632
    2591
    2677
    2686
    2657
    2759
    2586
    2700
    2574
    2615
    2676
    2540
    2599
    2609
    2597
    2568
    2609
    2585
    2536
    2601
    2637
    2611
    2594
    2662
    2601
    2581
    2654
    2597
    2590
    2567
    2535
    2601
    2630
    2633
    2713
    2595
    2639
    2629
    2640
    2577
    2597
    2585
    2568
    2543
    2605
    2473
    2578
    2610
    2659
    2491
    2610
    2567
    2568
    2596
    2455
    2537
    2589
    2552
    2581
    2636
    2588
    2490
    2490
    2594
    2570
    2606
    2575
    2627
    2584
    2568
    2541
    2672
    2515
    2560
    2524
    2561
    2583
    2529
    2524
    2467
    2517
    2496
    2599
    2584
    2567
    2513
    2480
    2535
    2503
    2529
    2499
    2497
    2520
    2541
    2513
    2477
    2494
    2574
    2453
    2538
    2456
    2443
    2561
    2581
    2522
    2530
    2555
    2448
    2499
    2512
    2482
    2627
    2490
    2481
    2469
    2507
    2530
    2556
    2599
    2595
    2665
    2653
    2556
    2568
    2676
    2593
    2557
    2575
    2599
    2544
    2564
    2612
    2574
    2535
    2553
    2540
    2590
    2537
    2568
    2591
    2656
    2474
    2641
    2503
    2589
    2556
    2548
    2458
    2520
    2488
    2487
    2450
    2469
    2533
    2517
    2553
    2490
    2604
    2531
    2491
    2596
    2539
    2421
    2435
    2462
    2414
    2471
    2529
    2478
    2462
    2447
    2477
    2488
    2521
    2570
    2454
    2379
    2461
    2442
    2558
    2467
    2435
    2438
    2423
    2413
    2448
    2511
    2513
    2365
    2415
    2428
    2515
    2497
    2401
    2496
    2481
    2552
    2430
    2527
    2494
    2554
    2553
    2531
    2506
    2655
    2524
    2510
    2594
    2500
    2530
    2555
    2653
    2545
    2559
    2585
    2556
    2552
    2640
    2494
    2516
    2617
    2533
    2600
    2611
    2612
    2563
    2554
    2626
    2541
    2602
    2616
    2554
    2574
    2720
    2627
    2587
    2546
    2490
    2525
    2521
    2498
    2645
    2519
    2489
    2499
    2584
    2567
    2516
    2595
    2617
    2553
    2569
    2552
    2544
    2560
    2505
    2564
    2556
    2541
    2505
    2472
    2519
    2592
    2522
    2560
    2530
    2543
    2448
    2520
    2418
    2476
    2494
    2441
    2488
    2429
    2472
    2402
    2491
    2487
    2425
    2332
    2437
    2464
    2340
    2387
    2425
    2536
    2488
    2439
    2463
    2494
    2482
    2580
    2524
    2481
    2536
    2565
    2512
    2598
    2588
    2555
    2615
    2697
    2700
    2686
    2705
    2734
    2705
    2736
    2752
    2713
    2829
    2856
    2660
    2793
    2852
    2724
    2808
    2704
    2849
    2805
    2739
    2797
    2721
    2672
    2806
    2783
    2731
    2677
    2643
    2780
    2605
    2564
    2668
    2543
    2598
    2648
    2620
    2539
    2495
    2579
    2477
    2439
    2505
    2535
    2431
    2331
    2329
    2320
    2386
    2404
    2328
    2251
    2396
    2326
    2331
    2359
    2224
    2177
    2248
    2355
    2249
    2164
    2217
    2208
    2272
    2283
    2183
    2211
    2254
    2239
    2281
    2214
    2232
    2258
    2197
    2188
    2295
    2191
    2234
    2281
    2194
    2269
    2267
    2263
    2257
    2247
    2230
    2244
    2256
    2186
    2203
    2236
    2230
    2250
    2226
    2173
    2140
    2232
    2335
    2253
    2224
    2322
    2297
    2315
    2269
    2258
    2262
    2259
    2270
    2421
    2226
    2272
    2226
    2301
    2318
    2230
    2183
    2244
    2257
    2249
    2243
    2241
    2294
    2331
    2305
    2241
    2336
    2328
    2131
    2283
    2244
    2251
    2261
    2309
    2327
    2269
    2306
    2291
    2299
    2392
    2285
    2269
    2258
    2324
    2330
    2282
    2228
    2306
    2295
    2428
    2306
    2291
    2336
    2239
    2288
    2310
    2374
    2393
    2309
    2310
    2287
    2340
    2415
    2303
    2377
    2361
    2367
    2343
    2333
    2378
    2366
    2335
    2292
    2302
    2248
    2361
    2343
    2261
    2321
    2238
    2275
    2250
    2303
    2262
    2354
    2266
    2261
    2299
    2274
    2312
    2185
    2231
    2245
    2389
    2264
    2328
    2341
    2293
    2307
    2254
    2271
    2297
    2218
    2241
    2350
    2314
    2265
    2212
    2258
    2308
    2257
    2207
    2173
    2234
    2248
    2302
    2344
    2296
    2233
    2240
    2292
    2262
    2183
    2281
    2200
    2253
    2298
    2256
    2235
    2268
    2171
    2303
    2232
    2224
    2278
    2359
    2305
    2298
    2267
    2248
    2297
    2263
    2340
    2228
    2231
    2340
    2239
    2349
    2368
    2335
    2348
    2287
    2351
    2268
    2352
    2272
    2301
    2293
    2360
    2348
    2325
    2415
    2384
    2326
    2372
    2325
    2366
    2385
    2440
    2372
    2287
    2372
    2356
    2373
    2367
    2353
    2343
    2323
    2395
    2418
    2423
    2309
    2265
    2437
    2370
    2435
    2333
    2393
    2361
    2407
    2436
    2417
    2325
    2410
    2367
    2411
    2420
    2392
    2369
    2454
    2448
    2446
    2449
    2441
    2494
    2468
    2456
    2414
    2372
    2468
    2470
    2426
    2444
    2452
    2458
    2493
    2472
    2463
    2575
    2531
    2526
    2498
    2391
    2434
    2487
    2468
    2505
    2481
    2457
    2547
    2517
    2343
    2511
    2470
    2485
    2571
    2428
    2449
    2500
    2494
    2565
    2498
    2603
    2480
    2494
    2501
    2522
    2547
    2512
    2567
    2526
    2511
    2493
    2601
    2551
    2536
    2515
    2594
    2563
    2589
    2585
    2540
    2631
    2579
    2678
    2627
    2635
    2535
    2533
    2620
    2683
    2751
    2707
    2671
    2671
    2647
    2720
    2702
    2750
    2683
    2658
    2707
    2798
    2646
    2701
    2760
    2747
    2716
    2694
    2727
    2809
    2748
    2828
    2888
    2793
    2765
    2747
    2809
    2756
    2907
    2885
    2777
    2816
    2965
    2837
    2933
    2846
    2940
    2815
    2863
    2993
    2959
    3101
    2989
    2989
    3050
    3049
    3048
    2961
    3068
    2992
    2974
    2976
    3141
    3033
    3127
    3043
    3021
    3126
    3126
    3163
    3180
    3085
    3150
    3206
    3214
    3232
    3324
    3267
    3178
    3368
    3358
    3315
    3342
    3247
    3357
    3390
    3294
    3359
    3346
    3445
    3385
    3415
    3413
    3376
    3699
    3459
    3516
    3547
    3579
    3624
    3715
    3580
    3612
    3730
    3725
    3657
    3780
    3873
    3815
    3802
    3844
    3944
    3822
    3790
    3994
    3975
    3912
    4042
    4094
    3995
    3936
    4045
    4218
    4114
    4070
    4178
    4198
    4241
    4163
    4309
    4311
    4361
    4426
    4437
    4424
    4517
    4595
    4593
    4543
    4570
    4734
    4666
    4696
    4669
    4834
    4816
    4801
    4793
    4865
    4793
    4934
    4872
    5002
    5001
    5014
    5116
    5161
    5044
    5115
    5046
    5284
    5212
    5340
    5286
    5453
    5424
    5477
    5415
    5454
    5453
    5551
    5687
    5599
    5776
    5763
    5767
    5789
    5765
    5855
    5943
    6150
    5937
    5880
    6101
    5971
    5990
    6088
    6127
    6212
    6089
    6281
    6264
    6308
    6384
    6480
    6433
    6377
    6461
    6342
    6442
    6552
    6636
    6655
    6581
    6565
    6640
    6705
    6611
    6790
    6578
    6719
    6704
    6678
    6825
    6710
    6810
    6770
    6814
    6789
    6771
    6780
    6792
    6858
    6906
    6765
    6565
    6846
    6792
    6703
    6783
    6879
    6660
    6775
    6791
    6808
    6720
    6920
    6909
    6729
    6760
    6768
    6795
    6726
    6863
    6653
    6757
    6859
    6650
    6797
    6551
    6806
    6530
    6723
    6802
    6751
    6722
    6710
    6838
    6828
    6748
    6755
    6687
    6674
    6869
    6642
    6834
    6627
    6794
    6867
    6919
    6682
    6788
    6679
    6744
    6700
    6823
    6808
    6847
    6845
    6848
    6908
    6951
    6934
    7063
    7024
    6988
    6829
    7070
    7031
    7209
    7154
    7094
    7133
    7200
    7251
    7299
    7287
    7372
    7342
    7385
    7515
    7494
    7554
    7518
    7524
    7449
    7625
    7668
    7702
    7763
    7772
    7671
    7789
    8000
    8020
    7994
    7932
    8116
    7992
    8169
    8166
    8229
    8368
    8534
    8509
    8399
    8494
    8621
    8657
    8605
    8799
    8625
    8836
    9063
    9098
    9019
    9037
    9124
    9150
    9231
    9320
    9415
    9676
    9713
    9587
    9547
    9477
    9995
    9835
    9958
    9938
   10041
   10143
   10117
   10316
   10213
   10309
   10518
   10729
   10678
   10548
   10854
   10857
   11105
   11292
   11242
   11404
   11406
   11478
   11554
   11539
   11765
   11955
   11908
   12298
   12295
   12201
   12360
   12494
   12702
   12748
   12866
   12800
   12840
   13087
   13478
   13157
   13676
   13588
   13770
   14153
   13949
   14013
   14113
   14296
   14600
   14556
   14680
   15006
   14695
   15146
   15399
   15498
   15428
   15705
   16004
   16039
   16292
   16383
   16262
   16514
   16515
   16738
   16862
   17350
   17154
   17628
   17641
   17836
   17980
   18291
   18385
   18590
   18742
   18908
   18835
   19519
   19516
   19336
   19708
   19795
   20061
   20184
   20634
   20728
   20808
   21158
   21561
   21618
   21840
   21858
   21872
   22524
   22652
   22885
   23074
   23343
   23648
   23690
   23892
   24289
   24577
   24597
   25121
   25265
   25204
   25832
   25714
   26143
   26478
   26546
   26832
   27189
   27129
   28116
   28186
   28565
   28732
   28837
   29512
   29490
   29888
   30387
   30593
   30738
   31161
   31476
   32037
   32618
   33018
   33191
   33459
   33670
   34217
   34724
   34733
   35247
   35694
   36273
   36370
   37031
   37500
   37982
   38225
   38918
   39364
   40112
   40400
   40686
   41118
   41660
   42348
   42502
   43443
   44063
   44223
   45395
   45516
   45857
   46499
   47244
   48217
   48600
   49291
   49769
   50464
   50991
   51868
   52525
   53053
   54038
   54878
   55562
   56580
   57178
   58276
   59139
   59795
   60543
   61669
   62742
   63381
   64655
   65427
   67186
   67296
   68846
   69511
   71001
   72110
   72549
   74306
   75978
   76745
       0
       0
       0
       0
       0
       0
       0
       0
       0
       0
       0
       0
       0
       0
       0
       0
       0
       0
       0
       0
       0
       0
       0
       0
       0
       0
       0
       0
       0
       0
       0
       0
$ROI:
0
$PRESETS:
None
0
0
$ENER_FIT:
-0.169488 0.023446
$MCA_CAL:
3
-1.694878E-001 2.344633E-002 0.000000E+000 keV
$SHAPE_CAL:
3
0.000000E+000 0.000000E+000 0.000000E+000
