$SPEC_ID:
No sample description was entered.
$SPEC_REM:
DET# 4
DETDESC# JLAB-20 MCB 131
AP# Maestro Version 7.01
$DATE_MEA:
09/29/2025 13:56:44
$MEAS_TIM:
7492 7677
$DATA:
0 2047
       0
       0
       0
       0
       0
       0
       0
       0
       0
       0
       0
       0
       0
       0
       0
       0
       0
       0
       0
       0
       0
       0
       0
       0
       0
       0
       0
       0
       0
       0
       0
       0
       0
       0
       0
       0
       0
       0
       0
       0
       0
       0
       0
       0
       0
       0
       0
       0
       0
       0
       0
       0
       0
       0
       0
       0
       0
       0
       0
       0
       0
       0
       0
       0
       0
       0
       0
       0
       0
      22
     836
     868
     827
     749
     790
     745
     759
     647
     680
     712
     619
     721
     677
     660
     698
     695
     653
     673
     664
     611
     615
     606
     628
     548
     577
     610
     562
     602
     624
     616
     593
     592
     586
     575
     554
     581
     507
     532
     568
     528
     516
     525
     556
     502
     526
     544
     500
     473
     510
     536
     513
     482
     478
     490
     518
     526
     487
     507
     500
     490
     489
     508
     470
     516
     439
     508
     456
     457
     450
     465
     447
     455
     413
     507
     467
     435
     422
     456
     456
     484
     456
     442
     455
     434
     449
     417
     427
     433
     418
     396
     426
     396
     392
     409
     441
     429
     413
     422
     447
     416
     449
     391
     431
     398
     415
     395
     451
     422
     391
     444
     394
     385
     420
     370
     371
     358
     377
     428
     397
     381
     371
     388
     369
     399
     410
     391
     376
     403
     386
     397
     365
     419
     384
     417
     364
     344
     379
     396
     398
     374
     354
     374
     374
     353
     389
     355
     353
     423
     386
     379
     373
     394
     381
     397
     395
     397
     365
     408
     368
     354
     390
     359
     393
     414
     382
     410
     379
     358
     355
     337
     386
     350
     349
     356
     355
     399
     345
     335
     352
     343
     369
     361
     360
     368
     364
     367
     398
     404
     380
     370
     367
     366
     423
     385
     372
     341
     402
     369
     376
     393
     380
     389
     399
     390
     415
     376
     431
     396
     370
     386
     389
     387
     391
     378
     373
     370
     433
     392
     376
     355
     402
     363
     417
     395
     385
     437
     400
     342
     414
     446
     414
     440
     425
     425
     483
     449
     479
     513
     566
     625
     593
     709
     755
     828
     907
     967
    1189
    1244
    1418
    1600
    1748
    1919
    2153
    2324
    2576
    2900
    2982
    3349
    3585
    3733
    4170
    4409
    4520
    4611
    4972
    5223
    5194
    5366
    5503
    5753
    5806
    5808
    5844
    6042
    5702
    5955
    6031
    5879
    5941
    5855
    5789
    5752
    5763
    5670
    5585
    5406
    5359
    5379
    5246
    5121
    4985
    4919
    4678
    4677
    4492
    4260
    4293
    4123
    3990
    3754
    3644
    3473
    3362
    3256
    3152
    3061
    2812
    2770
    2578
    2549
    2395
    2318
    2101
    2135
    2046
    1975
    1995
    1746
    1669
    1692
    1674
    1502
    1546
    1479
    1477
    1313
    1395
    1332
    1182
    1254
    1083
    1061
    1094
     944
     906
     894
     829
     827
     813
     718
     682
     649
     619
     594
     516
     499
     499
     437
     412
     361
     362
     322
     328
     317
     320
     314
     266
     277
     261
     274
     281
     262
     255
     272
     240
     267
     220
     266
     272
     246
     234
     244
     273
     262
     225
     263
     255
     266
     224
     246
     212
     258
     241
     259
     242
     241
     261
     234
     262
     256
     229
     223
     241
     239
     221
     244
     249
     255
     239
     230
     250
     244
     229
     235
     238
     229
     235
     191
     253
     214
     221
     228
     241
     235
     225
     220
     233
     228
     206
     221
     209
     205
     212
     216
     192
     202
     215
     217
     198
     233
     243
     230
     229
     226
     220
     239
     223
     204
     204
     229
     222
     210
     235
     195
     210
     209
     231
     221
     216
     201
     209
     260
     214
     211
     209
     210
     219
     182
     202
     246
     205
     196
     218
     226
     236
     243
     198
     231
     208
     220
     221
     212
     210
     202
     200
     221
     217
     236
     226
     199
     213
     187
     221
     183
     198
     225
     189
     222
     205
     199
     196
     185
     221
     203
     180
     220
     205
     187
     212
     193
     200
     226
     210
     205
     195
     192
     199
     195
     182
     175
     199
     201
     204
     181
     187
     189
     206
     184
     193
     178
     174
     160
     203
     176
     167
     183
     161
     174
     208
     176
     197
     168
     196
     197
     213
     200
     200
     199
     168
     178
     179
     193
     191
     183
     206
     172
     170
     202
     177
     192
     175
     183
     177
     171
     187
     160
     177
     166
     189
     175
     224
     187
     193
     171
     191
     203
     206
     191
     194
     174
     185
     175
     159
     178
     171
     199
     172
     175
     191
     181
     173
     156
     183
     167
     185
     186
     191
     194
     164
     174
     181
     179
     206
     184
     152
     180
     172
     172
     178
     179
     187
     165
     154
     193
     174
     176
     171
     186
     187
     157
     197
     165
     184
     159
     187
     178
     180
     188
     158
     186
     167
     193
     181
     165
     176
     184
     181
     159
     153
     160
     177
     177
     178
     170
     176
     161
     185
     188
     181
     171
     182
     160
     177
     186
     192
     183
     164
     166
     168
     165
     197
     165
     169
     171
     164
     185
     169
     176
     161
     168
     163
     166
     157
     175
     169
     155
     176
     180
     160
     152
     187
     160
     159
     167
     177
     195
     171
     171
     168
     162
     171
     178
     152
     161
     170
     172
     176
     172
     180
     183
     158
     161
     175
     187
     156
     164
     160
     159
     168
     178
     179
     185
     179
     148
     179
     158
     157
     186
     162
     168
     177
     156
     137
     140
     150
     147
     162
     133
     169
     182
     144
     170
     178
     165
     161
     167
     168
     131
     165
     151
     182
     151
     175
     158
     163
     166
     153
     172
     145
     153
     163
     156
     158
     171
     153
     168
     169
     165
     150
     161
     145
     170
     162
     153
     168
     157
     171
     135
     142
     162
     160
     145
     156
     170
     156
     144
     133
     148
     167
     163
     139
     155
     148
     142
     176
     155
     199
     163
     152
     140
     163
     154
     165
     154
     161
     144
     143
     189
     162
     144
     164
     146
     166
     162
     152
     143
     172
     136
     144
     164
     158
     159
     167
     163
     152
     138
     151
     134
     161
     138
     179
     151
     160
     161
     190
     150
     158
     157
     157
     165
     161
     168
     169
     173
     152
     149
     162
     156
     147
     145
     161
     145
     155
     130
     137
     161
     151
     140
     136
     153
     156
     147
     164
     162
     150
     141
     165
     139
     120
     139
     136
     138
     143
     160
     162
     155
     142
     134
     156
     156
     162
     163
     165
     150
     171
     168
     145
     153
     140
     166
     150
     170
     169
     171
     151
     138
     149
     146
     151
     152
     179
     150
     175
     154
     157
     147
     158
     163
     146
     150
     174
     166
     155
     154
     153
     175
     147
     154
     133
     149
     170
     161
     161
     162
     149
     132
     136
     145
     154
     158
     136
     152
     134
     163
     153
     135
     144
     147
     159
     152
     155
     157
     155
     151
     138
     163
     148
     141
     152
     137
     152
     160
     156
     140
     132
     134
     161
     154
     145
     151
     158
     149
     150
     138
     169
     157
     164
     154
     179
     152
     130
     146
     165
     156
     147
     153
     152
     156
     142
     127
     143
     153
     139
     158
     160
     144
     152
     176
     167
     132
     141
     146
     145
     169
     148
     160
     154
     138
     167
     131
     148
     157
     146
     151
     155
     153
     172
     160
     148
     154
     172
     155
     170
     153
     161
     154
     174
     186
     149
     137
     166
     142
     166
     163
     147
     135
     148
     150
     152
     150
     141
     146
     151
     148
     146
     141
     151
     160
     110
     130
     115
     163
     120
     142
     161
     145
     173
     161
     176
     158
     149
     162
     162
     127
     129
     172
     162
     151
     175
     155
     151
     143
     147
     160
     156
     156
     146
     151
     149
     166
     182
     157
     178
     173
     187
     177
     170
     162
     154
     147
     156
     159
     176
     161
     176
     172
     182
     158
     149
     168
     167
     147
     164
     162
     164
     169
     143
     167
     128
     156
     156
     157
     139
     139
     163
     147
     143
     135
     142
     139
     153
     177
     143
     166
     154
     144
     152
     152
     129
     140
     139
     151
     113
     125
     126
     126
     131
     123
     129
     129
     129
     134
     137
     130
     117
     147
     140
     132
     135
     133
     143
     132
     140
     131
     146
     131
     131
     136
     143
     133
     130
     128
     142
     120
     143
     150
     133
     147
     127
     130
     155
     128
     135
     149
     123
     131
     136
     142
     149
     131
     156
     147
     129
     137
     137
     135
     123
     119
     137
     127
     128
     123
     132
     116
     160
     140
     148
     154
     127
     128
     138
     103
     121
     138
     126
     134
     139
     130
     145
     150
     139
     144
     154
     125
     133
     139
     159
     137
     154
     139
     146
     150
     165
     141
     120
     128
     126
     155
     140
     169
     132
     145
     151
     159
     122
     128
     129
     147
     139
     156
     135
     121
     130
     126
     144
     144
     138
     116
     128
     149
     125
     130
     132
     125
     140
     147
     113
     128
     126
     121
     133
     127
     139
     112
     143
     143
     111
     152
     145
     118
     140
     122
     153
     120
     112
     154
     149
     144
     151
     118
     119
     146
     135
     130
     132
     110
     130
     132
     144
     141
     141
     154
     163
     143
     140
     126
     161
     123
     125
     143
     135
     139
     137
     140
     151
     144
     153
     127
     148
     133
     142
     142
     128
     143
     106
     122
     142
     148
     141
     142
     145
     127
     151
     135
     133
     140
     126
     132
     144
     146
     108
     133
     134
     142
     131
     136
     134
     149
     133
     146
     140
     131
     156
     161
     128
     126
     146
     159
     147
     129
     165
     153
     134
     165
     141
     146
     159
     139
     148
     137
     141
     136
     141
     155
     138
     173
     134
     175
     153
     135
     147
     152
     156
     134
     143
     166
     146
     155
     148
     142
     160
     162
     126
     156
     151
     146
     156
     166
     151
     137
     177
     149
     128
     129
     144
     152
     148
     156
     138
     170
     159
     174
     141
     158
     146
     159
     132
     153
     149
     135
     160
     158
     147
     148
     142
     148
     144
     157
     163
     153
     151
     154
     164
     130
     150
     155
     145
     158
     154
     159
     169
     177
     170
     150
     167
     139
     163
     178
     169
     163
     144
     164
     156
     172
     183
     151
     192
     153
     154
     159
     174
     151
     151
     174
     169
     145
     159
     155
     169
     159
     194
     179
     179
     154
     172
     178
     200
     181
     184
     170
     168
     147
     177
     189
     178
     156
     182
     145
     153
     156
     166
     209
     152
     174
     176
     174
     169
     176
     180
     168
     179
     182
     164
     192
     197
     177
     173
     192
     179
     190
     187
     197
     202
     176
     187
     181
     208
     191
     216
     189
     164
     207
     232
     212
     201
     188
     180
     201
     210
     199
     231
     226
     189
     221
     184
     197
     235
     199
     181
     223
     219
     209
     205
     243
     206
     187
     211
     230
     289
     244
     223
     236
     230
     247
     214
     224
     221
     250
     211
     242
     254
     226
     236
     249
     258
     242
     237
     250
     225
     252
     251
     252
     246
     271
     280
     273
     272
     291
     280
     298
     284
     274
     285
     271
     283
     263
     303
     286
     290
     288
     302
     293
     323
     297
     332
     302
     291
     325
     301
     261
     317
     303
     322
     310
     298
     290
     332
     314
     311
     343
     327
     324
     320
     365
     340
     350
     308
     347
     344
     312
     309
     344
     378
     370
     351
     372
     342
     354
     393
     352
     358
     359
     381
     384
     385
     388
     377
     402
     393
     395
     374
     411
     382
     401
     374
     367
     372
     376
     377
     387
     407
     367
     413
     398
     427
     426
     399
     392
     398
     424
     401
     425
     403
     400
     453
     426
     396
     399
     395
     427
     393
     382
     430
     400
     428
     419
     408
     427
     423
     432
     411
     408
     441
     423
     419
     448
     394
     416
     395
     372
     384
     380
     403
     414
     418
     394
     397
     378
     389
     413
     410
     439
     407
     369
     395
     423
     425
     411
     421
     403
     422
     391
     407
     384
     398
     392
     431
     407
     375
     426
     388
     425
     434
     389
     428
     407
     432
     418
     431
     434
     410
     437
     432
     421
     442
     424
     408
     498
     464
     469
     427
     435
     443
     483
     444
     442
     459
     425
     436
     474
     468
     416
     454
     454
     460
     439
     461
     447
     468
     479
     484
     497
     455
     494
     466
     539
     520
     507
     510
     508
     531
     536
     523
     530
     517
     551
     522
     543
     507
     532
     529
     559
     587
     534
     568
     569
     585
     594
     563
     568
     638
     559
     573
     597
     620
     586
     584
     653
     611
     637
     651
     614
     627
     670
     596
     658
     674
     662
     639
     707
     674
     678
     713
     706
     712
     687
     720
     720
     726
     765
     721
     785
     757
     741
     795
     746
     716
     843
     762
     792
     835
     845
     898
     851
     814
     815
     816
     883
     874
     906
     915
     847
     874
     918
     894
     977
     950
     934
     963
     977
    1014
     890
    1021
     994
     989
    1029
    1040
    1000
    1022
    1051
    1013
    1037
    1108
    1066
    1093
    1144
    1096
    1152
    1113
    1184
    1151
    1134
    1194
    1208
    1206
    1184
    1218
    1250
    1291
    1207
    1296
    1327
    1301
    1367
    1315
    1313
    1422
    1383
    1393
    1389
    1371
    1445
    1408
    1508
    1430
    1465
    1496
    1521
    1492
    1554
    1621
    1575
    1518
    1692
    1698
    1546
    1709
    1703
    1699
    1736
    1622
    1750
    1702
    1776
    1799
    1747
    1821
    1832
    1935
    1838
    1924
    1921
    2059
    1942
    1923
    2025
    2057
    2061
    2131
    2136
    2114
    2144
    2124
    2201
    2284
    2226
    2384
    2263
    2346
    2402
    2421
    2448
    2374
    2568
    2472
    2560
    2593
    2636
    2783
    2716
    2762
    2750
    2721
    2774
    2842
    2907
    2976
    2997
    2927
    3136
    3167
    3106
    3105
    3266
    3307
    3302
    3352
    3475
    3550
    3479
    3548
    3750
    3724
    3843
    3767
    3888
    3984
    4001
    4088
    4073
    4185
    4199
    4266
    4456
    4558
    4565
       0
       0
       0
       0
       0
       0
       0
       0
       0
       0
       0
       0
       0
       0
       0
       0
       0
       0
       0
       0
       0
       0
       0
       0
       0
       0
       0
       0
       0
       0
       0
       0
$ROI:
0
$PRESETS:
None
0
0
$ENER_FIT:
-0.169488 0.023446
$MCA_CAL:
3
-1.694878E-001 2.344633E-002 0.000000E+000 keV
$SHAPE_CAL:
3
0.000000E+000 0.000000E+000 0.000000E+000
