$SPEC_ID:
No sample description was entered.
$SPEC_REM:
DET# 4
DETDESC# JLAB-20 MCB 131
AP# Maestro Version 7.01
$DATE_MEA:
09/30/2025 12:16:44
$MEAS_TIM:
85986 88079
$DATA:
0 2047
       0
       0
       0
       0
       0
       0
       0
       0
       0
       0
       0
       0
       0
       0
       0
       0
       0
       0
       0
       0
       0
       0
       0
       0
       0
       0
       0
       0
       0
       0
       0
       0
       0
       0
       0
       0
       0
       0
       0
       0
       0
       0
       0
       0
       0
       0
       0
       0
       0
       0
       0
       0
       1
       0
       1
       0
       0
       0
       0
       0
       0
       0
       0
       1
       0
       1
       1
       1
       0
     322
    9667
    9789
    9259
    8860
    8871
    8432
    8355
    8256
    8141
    7991
    7835
    8039
    7678
    7699
    7621
    7605
    7429
    7268
    7252
    7460
    7216
    6906
    7079
    6915
    6887
    6770
    6790
    6907
    6760
    6724
    6631
    6602
    6535
    6646
    6419
    6275
    6409
    6282
    6323
    6194
    6137
    6120
    6130
    6044
    5957
    6038
    5911
    5904
    5783
    5702
    5824
    5792
    5693
    5714
    5675
    5666
    5801
    5628
    5543
    5457
    5631
    5484
    5301
    5347
    5242
    5353
    5307
    5387
    5253
    5186
    5255
    5257
    5100
    5133
    5130
    5105
    5160
    5215
    5144
    5199
    4937
    5162
    4857
    5020
    4883
    4884
    4897
    4950
    4944
    4792
    4908
    4785
    4801
    4748
    4854
    4745
    4784
    4834
    4756
    4771
    4661
    4639
    4702
    4577
    4759
    4678
    4653
    4578
    4639
    4670
    4519
    4541
    4663
    4550
    4481
    4617
    4508
    4502
    4518
    4459
    4436
    4451
    4360
    4529
    4621
    4423
    4537
    4399
    4398
    4520
    4388
    4404
    4426
    4464
    4312
    4310
    4307
    4319
    4333
    4285
    4351
    4379
    4304
    4165
    4354
    4324
    4302
    4318
    4266
    4316
    4400
    4318
    4301
    4414
    4290
    4342
    4244
    4254
    4333
    4291
    4275
    4254
    4170
    4325
    4376
    4254
    4197
    4321
    4193
    4221
    4274
    4234
    4249
    4100
    4277
    4237
    4194
    4232
    4306
    4187
    4258
    4233
    4245
    4276
    4270
    4277
    4256
    4328
    4363
    4311
    4272
    4178
    4402
    4363
    4352
    4337
    4285
    4421
    4461
    4417
    4326
    4309
    4344
    4419
    4489
    4358
    4431
    4407
    4357
    4398
    4400
    4375
    4432
    4481
    4403
    4326
    4477
    4408
    4452
    4461
    4481
    4379
    4491
    4512
    4454
    4551
    4536
    4561
    4584
    4713
    4648
    4814
    4917
    4984
    5226
    5286
    5447
    5891
    6211
    6738
    7175
    7822
    8756
    9460
   10497
   11746
   13304
   14801
   16429
   18327
   20396
   22808
   25113
   27721
   30753
   33402
   36089
   38969
   41575
   44732
   47508
   50334
   52735
   54910
   57186
   59523
   60533
   62810
   63580
   64947
   65857
   66500
   67451
   67923
   67713
   68159
   68181
   68108
   67695
   67149
   66622
   66151
   65368
   64385
   63697
   63016
   61610
   60635
   59397
   58455
   57272
   55715
   54368
   53182
   51630
   49957
   48299
   47185
   45301
   43498
   41803
   40339
   39017
   37255
   35936
   34385
   32652
   31205
   29658
   28356
   27150
   26032
   24617
   23714
   22616
   21948
   21296
   20253
   19557
   19200
   18538
   17728
   17363
   16703
   16421
   15487
   15165
   14585
   13842
   13450
   13011
   12473
   12090
   11316
   10707
   10130
    9732
    9180
    8792
    8103
    7632
    7290
    6659
    6477
    5912
    5542
    5167
    4915
    4666
    4204
    4098
    3773
    3674
    3570
    3488
    3336
    3173
    3058
    3020
    2960
    2952
    2962
    2892
    2976
    2886
    2853
    2796
    2941
    2928
    2847
    2834
    2951
    2915
    3017
    2840
    2888
    2905
    2945
    2700
    2875
    2823
    2864
    2877
    2804
    2840
    2768
    2788
    2760
    2851
    2881
    2714
    2776
    2750
    2696
    2644
    2739
    2761
    2659
    2653
    2705
    2652
    2672
    2717
    2667
    2607
    2615
    2586
    2599
    2640
    2580
    2581
    2533
    2611
    2557
    2566
    2555
    2594
    2643
    2495
    2563
    2526
    2454
    2506
    2522
    2413
    2489
    2425
    2508
    2472
    2420
    2504
    2472
    2509
    2475
    2492
    2610
    2449
    2438
    2448
    2416
    2436
    2416
    2518
    2462
    2502
    2504
    2477
    2488
    2377
    2398
    2493
    2536
    2451
    2407
    2489
    2488
    2495
    2430
    2465
    2513
    2519
    2467
    2550
    2555
    2466
    2547
    2484
    2474
    2474
    2469
    2515
    2489
    2450
    2401
    2501
    2484
    2425
    2492
    2456
    2454
    2460
    2463
    2460
    2400
    2407
    2348
    2326
    2444
    2393
    2388
    2268
    2325
    2339
    2318
    2306
    2292
    2299
    2253
    2294
    2324
    2303
    2222
    2290
    2249
    2234
    2219
    2315
    2279
    2247
    2265
    2258
    2207
    2236
    2257
    2175
    2175
    2216
    2180
    2101
    2090
    2198
    2159
    2115
    2172
    2189
    2120
    2161
    2095
    2119
    2148
    2148
    2144
    2147
    2155
    2194
    2171
    2107
    2137
    2038
    2086
    2080
    2143
    2096
    2070
    2141
    2116
    2067
    2197
    2171
    2166
    2134
    2144
    2089
    2135
    2150
    2104
    2141
    2076
    2141
    2067
    2114
    2065
    2090
    2168
    2163
    2135
    2108
    2164
    2062
    2162
    2147
    2082
    2058
    2061
    2102
    2108
    2172
    2138
    2165
    2043
    2115
    2105
    2103
    2006
    2075
    2067
    2083
    2059
    2068
    2059
    2036
    2086
    2107
    2077
    2026
    2034
    2025
    1969
    2061
    2061
    2047
    1997
    2038
    2069
    2063
    2033
    1991
    2042
    2056
    2098
    2045
    1963
    2050
    1978
    2030
    1943
    2076
    1957
    1985
    2091
    1969
    1979
    1989
    2035
    1998
    2051
    2037
    2014
    1981
    2015
    1956
    2012
    2049
    1958
    2053
    1968
    2006
    1962
    2024
    2022
    2058
    2031
    1958
    1975
    1915
    1985
    1972
    2060
    2063
    1958
    2005
    1979
    1968
    1967
    2011
    1990
    1954
    1988
    1979
    1899
    1971
    1915
    1911
    1871
    2005
    1912
    1932
    1935
    1979
    1928
    1881
    1909
    1935
    1963
    1995
    1902
    1980
    1978
    1925
    1924
    1887
    1937
    1908
    1991
    1908
    1886
    1933
    1853
    1916
    1899
    1955
    1858
    1953
    1991
    1890
    1878
    1866
    1861
    1859
    1908
    1832
    1895
    1850
    1910
    1877
    1896
    1837
    1893
    1892
    1882
    1873
    1836
    1815
    1859
    1831
    1815
    1838
    1828
    1877
    1836
    1905
    1797
    1875
    1853
    1949
    1890
    1914
    1799
    1892
    1868
    1819
    1802
    1880
    1832
    1854
    1872
    1897
    1825
    1790
    1752
    1792
    1771
    1868
    1834
    1878
    1872
    1800
    1847
    1803
    1771
    1885
    1738
    1807
    1804
    1790
    1784
    1846
    1770
    1755
    1819
    1845
    1770
    1793
    1823
    1811
    1792
    1830
    1799
    1792
    1747
    1682
    1762
    1795
    1772
    1861
    1769
    1868
    1825
    1802
    1774
    1798
    1807
    1788
    1773
    1764
    1691
    1790
    1853
    1850
    1702
    1819
    1770
    1779
    1805
    1710
    1704
    1821
    1731
    1781
    1825
    1780
    1700
    1725
    1767
    1779
    1767
    1786
    1783
    1779
    1782
    1767
    1844
    1719
    1775
    1776
    1792
    1794
    1761
    1737
    1706
    1722
    1684
    1777
    1801
    1783
    1741
    1738
    1734
    1726
    1729
    1752
    1738
    1707
    1757
    1708
    1683
    1740
    1783
    1688
    1749
    1708
    1729
    1796
    1793
    1710
    1767
    1815
    1700
    1722
    1711
    1726
    1786
    1745
    1727
    1681
    1712
    1757
    1744
    1796
    1803
    1871
    1850
    1759
    1766
    1838
    1764
    1748
    1776
    1818
    1745
    1793
    1801
    1788
    1788
    1745
    1759
    1777
    1763
    1773
    1759
    1806
    1697
    1816
    1740
    1819
    1780
    1739
    1700
    1698
    1711
    1747
    1660
    1699
    1758
    1777
    1755
    1719
    1818
    1781
    1713
    1822
    1783
    1679
    1720
    1708
    1714
    1727
    1748
    1707
    1674
    1666
    1709
    1687
    1739
    1769
    1632
    1651
    1700
    1675
    1762
    1712
    1687
    1710
    1717
    1633
    1754
    1745
    1781
    1645
    1628
    1699
    1753
    1666
    1647
    1751
    1685
    1777
    1658
    1702
    1725
    1774
    1785
    1741
    1724
    1818
    1754
    1767
    1792
    1752
    1772
    1730
    1848
    1765
    1784
    1789
    1794
    1746
    1805
    1746
    1770
    1804
    1725
    1793
    1763
    1833
    1745
    1761
    1824
    1769
    1772
    1786
    1770
    1776
    1828
    1800
    1782
    1770
    1703
    1749
    1754
    1751
    1858
    1755
    1699
    1766
    1783
    1799
    1748
    1805
    1832
    1768
    1779
    1744
    1786
    1789
    1775
    1729
    1799
    1744
    1718
    1684
    1684
    1758
    1750
    1786
    1720
    1740
    1684
    1803
    1699
    1679
    1682
    1667
    1734
    1667
    1732
    1651
    1698
    1708
    1666
    1615
    1687
    1677
    1614
    1662
    1667
    1777
    1739
    1672
    1719
    1700
    1682
    1756
    1749
    1691
    1760
    1799
    1729
    1771
    1875
    1790
    1792
    1844
    1842
    1856
    1857
    1881
    1856
    1896
    1919
    1882
    1959
    1947
    1794
    1951
    1981
    1871
    1897
    1821
    1946
    1909
    1888
    1948
    1806
    1856
    1951
    1952
    1892
    1850
    1827
    1943
    1821
    1718
    1830
    1783
    1802
    1813
    1755
    1736
    1737
    1804
    1651
    1730
    1730
    1761
    1693
    1587
    1636
    1609
    1670
    1667
    1633
    1536
    1612
    1574
    1626
    1624
    1525
    1517
    1600
    1634
    1589
    1510
    1515
    1494
    1571
    1553
    1537
    1543
    1530
    1533
    1619
    1564
    1544
    1582
    1523
    1501
    1607
    1514
    1512
    1616
    1532
    1565
    1543
    1544
    1558
    1560
    1539
    1556
    1558
    1482
    1494
    1553
    1502
    1555
    1545
    1494
    1488
    1555
    1574
    1518
    1539
    1584
    1570
    1599
    1581
    1562
    1586
    1598
    1603
    1690
    1530
    1560
    1557
    1595
    1554
    1534
    1478
    1550
    1520
    1527
    1508
    1540
    1599
    1631
    1581
    1552
    1593
    1617
    1466
    1577
    1531
    1542
    1593
    1558
    1587
    1532
    1601
    1591
    1604
    1639
    1577
    1544
    1548
    1606
    1634
    1582
    1536
    1626
    1596
    1714
    1580
    1619
    1566
    1536
    1584
    1590
    1612
    1639
    1560
    1565
    1594
    1620
    1638
    1594
    1617
    1609
    1658
    1594
    1648
    1639
    1597
    1612
    1613
    1616
    1547
    1599
    1590
    1546
    1581
    1549
    1562
    1571
    1542
    1572
    1637
    1520
    1566
    1571
    1567
    1554
    1503
    1533
    1531
    1633
    1577
    1606
    1613
    1590
    1582
    1566
    1558
    1597
    1527
    1546
    1620
    1608
    1611
    1506
    1575
    1606
    1546
    1510
    1519
    1489
    1564
    1610
    1644
    1560
    1527
    1512
    1605
    1564
    1512
    1568
    1532
    1564
    1585
    1541
    1533
    1504
    1524
    1586
    1579
    1586
    1575
    1653
    1602
    1596
    1565
    1534
    1603
    1546
    1562
    1530
    1593
    1597
    1551
    1622
    1631
    1641
    1624
    1561
    1642
    1572
    1623
    1570
    1564
    1575
    1661
    1618
    1580
    1698
    1676
    1593
    1695
    1595
    1667
    1644
    1668
    1641
    1547
    1660
    1651
    1651
    1632
    1644
    1601
    1649
    1686
    1674
    1682
    1593
    1575
    1683
    1624
    1665
    1585
    1665
    1647
    1664
    1670
    1677
    1581
    1659
    1633
    1643
    1646
    1641
    1624
    1705
    1702
    1707
    1655
    1690
    1750
    1688
    1712
    1669
    1638
    1711
    1712
    1673
    1695
    1689
    1753
    1710
    1744
    1699
    1779
    1773
    1723
    1708
    1665
    1627
    1715
    1660
    1727
    1734
    1714
    1759
    1758
    1589
    1755
    1677
    1764
    1765
    1687
    1674
    1658
    1760
    1814
    1742
    1808
    1704
    1717
    1723
    1735
    1776
    1736
    1752
    1732
    1714
    1725
    1809
    1732
    1723
    1755
    1767
    1750
    1793
    1794
    1760
    1771
    1796
    1881
    1823
    1795
    1804
    1743
    1831
    1868
    1914
    1869
    1830
    1807
    1863
    1851
    1856
    1949
    1908
    1886
    1902
    1932
    1816
    1832
    1901
    1908
    1858
    1837
    1903
    1919
    1904
    1973
    2038
    1939
    1867
    1824
    1968
    1937
    2004
    1989
    1926
    1920
    2025
    1910
    2032
    1992
    2019
    1931
    2002
    2061
    2075
    2142
    2078
    2071
    2088
    2061
    2063
    2036
    2083
    2033
    2027
    2070
    2187
    2091
    2142
    2114
    2137
    2184
    2123
    2196
    2208
    2082
    2162
    2232
    2239
    2235
    2276
    2206
    2161
    2325
    2331
    2294
    2287
    2272
    2351
    2340
    2261
    2292
    2328
    2400
    2345
    2369
    2280
    2311
    2533
    2415
    2368
    2455
    2502
    2515
    2492
    2455
    2451
    2540
    2594
    2492
    2660
    2719
    2641
    2675
    2657
    2718
    2632
    2616
    2761
    2712
    2700
    2777
    2865
    2742
    2754
    2797
    2929
    2824
    2822
    2877
    2881
    2870
    2881
    2987
    2958
    3054
    3078
    3049
    3050
    3134
    3209
    3167
    3152
    3118
    3234
    3231
    3179
    3210
    3327
    3310
    3299
    3357
    3408
    3307
    3433
    3357
    3456
    3480
    3439
    3523
    3571
    3455
    3564
    3492
    3611
    3585
    3673
    3602
    3724
    3722
    3838
    3822
    3758
    3746
    3845
    4004
    3848
    4071
    3969
    4000
    4071
    3968
    4047
    4080
    4239
    4100
    4037
    4201
    4040
    4149
    4159
    4196
    4324
    4217
    4387
    4322
    4300
    4418
    4498
    4482
    4404
    4404
    4394
    4474
    4558
    4561
    4579
    4561
    4557
    4648
    4684
    4576
    4706
    4577
    4666
    4647
    4590
    4685
    4678
    4766
    4699
    4694
    4696
    4727
    4699
    4675
    4769
    4755
    4642
    4470
    4726
    4691
    4624
    4652
    4716
    4616
    4703
    4746
    4700
    4636
    4770
    4711
    4704
    4659
    4657
    4742
    4645
    4789
    4633
    4700
    4705
    4582
    4694
    4560
    4693
    4480
    4556
    4739
    4632
    4596
    4662
    4672
    4641
    4634
    4656
    4693
    4574
    4800
    4555
    4723
    4582
    4660
    4769
    4766
    4613
    4667
    4592
    4602
    4738
    4711
    4630
    4712
    4628
    4739
    4730
    4748
    4738
    4870
    4834
    4825
    4706
    4916
    4835
    4931
    4954
    4969
    4922
    4993
    5013
    5101
    5063
    5110
    5074
    5081
    5202
    5141
    5232
    5156
    5192
    5110
    5230
    5354
    5245
    5332
    5309
    5342
    5358
    5501
    5464
    5491
    5563
    5536
    5472
    5628
    5594
    5689
    5768
    5943
    5909
    5791
    5825
    5990
    6015
    5892
    6144
    5937
    6107
    6190
    6261
    6218
    6159
    6367
    6289
    6372
    6426
    6480
    6735
    6742
    6571
    6525
    6525
    6883
    6807
    6875
    6834
    6979
    6987
    6977
    7142
    7046
    7140
    7275
    7417
    7412
    7302
    7514
    7493
    7651
    7743
    7758
    7829
    7869
    7895
    8029
    7915
    8177
    8261
    8180
    8499
    8421
    8451
    8610
    8598
    8722
    8787
    8801
    8833
    8767
    9015
    9309
    9105
    9398
    9321
    9591
    9744
    9671
    9545
    9771
    9907
   10038
   10040
   10144
   10300
   10043
   10408
   10664
   10724
   10549
   10760
   11108
   11112
   11203
   11309
   11302
   11462
   11369
   11562
   11643
   11928
   11832
   12133
   12194
   12221
   12335
   12540
   12735
   12770
   12879
   13081
   12994
   13327
   13469
   13408
   13597
   13620
   13851
   14011
   14247
   14282
   14342
   14708
   14866
   15010
   15059
   15147
   15038
   15443
   15645
   15810
   15995
   16103
   16385
   16401
   16398
   16780
   16998
   16977
   17195
   17557
   17312
   17842
   17854
   18091
   18318
   18289
   18614
   18791
   18766
   19537
   19429
   19802
   19777
   19927
   20387
   20399
   20665
   20853
   21087
   21380
   21617
   21734
   22088
   22459
   22714
   22885
   23137
   23277
   23600
   23840
   24124
   24340
   24691
   25112
   25166
   25453
   25912
   26247
   26267
   26807
   27087
   27647
   27989
   27992
   28532
   28707
   29347
   29442
   29812
   30338
   30438
   31506
   31382
   31793
   32216
   32785
   33274
   33461
   34011
   34425
   34938
   35253
   35867
   36247
   36741
   37413
   37934
   38295
   39078
   39390
   40234
   40825
   41066
   41950
   42587
   43252
   43809
   44723
   45309
   46450
   46513
   47634
   48025
   48910
   49662
   50068
   51205
   52428
   53073
       0
       0
       0
       0
       0
       0
       0
       0
       0
       0
       0
       0
       0
       0
       0
       0
       0
       0
       0
       0
       0
       0
       0
       0
       0
       0
       0
       0
       0
       0
       0
       0
$ROI:
0
$PRESETS:
None
0
0
$ENER_FIT:
-0.169488 0.023446
$MCA_CAL:
3
-1.694878E-001 2.344633E-002 0.000000E+000 keV
$SHAPE_CAL:
3
0.000000E+000 0.000000E+000 0.000000E+000
