$SPEC_ID:
No sample description was entered.
$SPEC_REM:
DET# 4
DETDESC# JLAB-20 MCB 131
AP# Maestro Version 7.01
$DATE_MEA:
09/30/2025 05:46:44
$MEAS_TIM:
63143 64679
$DATA:
0 2047
       0
       0
       0
       0
       0
       0
       0
       0
       0
       0
       0
       0
       0
       0
       0
       0
       0
       0
       0
       0
       0
       0
       0
       0
       0
       0
       0
       0
       0
       0
       0
       0
       0
       0
       0
       0
       0
       0
       0
       0
       0
       0
       0
       0
       0
       0
       0
       0
       0
       0
       0
       0
       0
       0
       1
       0
       0
       0
       0
       0
       0
       0
       0
       1
       0
       1
       0
       0
       0
     223
    7081
    7186
    6811
    6459
    6568
    6252
    6098
    6073
    5972
    5829
    5730
    5947
    5674
    5672
    5606
    5641
    5546
    5361
    5317
    5478
    5283
    5021
    5204
    5085
    5039
    4982
    4999
    5104
    4974
    5016
    4950
    4889
    4823
    4904
    4724
    4636
    4691
    4601
    4699
    4576
    4531
    4443
    4499
    4448
    4337
    4391
    4405
    4325
    4208
    4198
    4208
    4186
    4151
    4205
    4218
    4160
    4216
    4103
    4047
    4009
    4110
    4029
    3884
    3960
    3840
    3961
    3950
    3978
    3936
    3840
    3864
    3903
    3823
    3811
    3803
    3781
    3768
    3837
    3802
    3840
    3626
    3776
    3539
    3682
    3587
    3611
    3639
    3617
    3637
    3524
    3582
    3489
    3481
    3527
    3560
    3522
    3519
    3494
    3497
    3508
    3444
    3418
    3467
    3367
    3524
    3467
    3525
    3351
    3398
    3450
    3317
    3352
    3430
    3339
    3312
    3362
    3292
    3307
    3317
    3294
    3279
    3258
    3214
    3295
    3356
    3265
    3315
    3220
    3261
    3322
    3219
    3260
    3246
    3249
    3105
    3186
    3162
    3164
    3212
    3177
    3195
    3215
    3108
    3025
    3269
    3190
    3157
    3118
    3123
    3227
    3179
    3167
    3145
    3232
    3182
    3232
    3094
    3133
    3176
    3099
    3114
    3138
    3098
    3166
    3191
    3151
    3047
    3180
    3066
    3142
    3098
    3128
    3138
    3009
    3156
    3126
    3102
    3086
    3141
    3105
    3121
    3077
    3154
    3194
    3131
    3098
    3074
    3195
    3191
    3196
    3132
    3029
    3238
    3233
    3151
    3154
    3141
    3222
    3269
    3239
    3132
    3154
    3170
    3252
    3300
    3193
    3225
    3203
    3226
    3261
    3207
    3205
    3270
    3278
    3261
    3193
    3318
    3208
    3237
    3279
    3280
    3176
    3342
    3277
    3281
    3351
    3297
    3342
    3362
    3462
    3403
    3525
    3634
    3667
    3914
    3862
    4028
    4292
    4582
    4966
    5302
    5745
    6478
    6987
    7716
    8648
    9698
   10789
   12064
   13539
   15001
   16793
   18449
   20415
   22608
   24512
   26672
   28632
   30463
   32983
   35033
   37053
   38753
   40288
   41968
   43841
   44518
   46127
   46689
   47757
   48395
   48960
   49670
   50050
   49723
   49922
   50137
   50053
   49920
   49516
   48825
   48422
   47956
   47228
   46840
   46214
   45297
   44559
   43805
   42932
   42045
   41021
   39861
   39061
   37885
   36655
   35708
   34560
   33239
   31953
   30542
   29511
   28530
   27426
   26320
   25371
   23903
   22929
   21675
   20832
   19949
   19067
   18011
   17302
   16681
   16088
   15722
   14881
   14370
   13975
   13538
   13110
   12816
   12247
   12127
   11299
   11123
   10724
   10234
    9882
    9533
    8996
    8936
    8285
    7864
    7422
    7100
    6777
    6414
    5954
    5561
    5409
    4820
    4758
    4270
    4073
    3818
    3568
    3416
    3080
    2943
    2758
    2717
    2634
    2530
    2485
    2260
    2256
    2270
    2207
    2218
    2166
    2135
    2208
    2123
    2112
    2056
    2171
    2154
    2132
    2065
    2183
    2134
    2189
    2096
    2124
    2162
    2162
    2009
    2090
    2075
    2110
    2109
    2059
    2096
    2038
    2080
    2052
    2123
    2088
    2018
    2019
    2020
    1996
    1948
    1987
    2037
    1948
    1927
    1959
    1971
    1993
    1993
    1961
    1955
    1931
    1877
    1912
    1956
    1884
    1876
    1851
    1940
    1893
    1876
    1889
    1913
    1986
    1810
    1894
    1854
    1834
    1805
    1876
    1759
    1794
    1793
    1894
    1828
    1781
    1815
    1808
    1835
    1852
    1836
    1912
    1799
    1751
    1840
    1776
    1779
    1764
    1839
    1791
    1860
    1806
    1848
    1836
    1731
    1765
    1851
    1841
    1775
    1732
    1860
    1846
    1813
    1757
    1823
    1865
    1832
    1758
    1872
    1915
    1822
    1887
    1822
    1839
    1814
    1827
    1870
    1849
    1802
    1770
    1879
    1884
    1811
    1856
    1834
    1768
    1749
    1747
    1787
    1738
    1790
    1735
    1722
    1783
    1758
    1778
    1683
    1735
    1750
    1702
    1643
    1685
    1643
    1693
    1720
    1698
    1695
    1649
    1695
    1646
    1629
    1636
    1702
    1673
    1638
    1673
    1709
    1608
    1628
    1678
    1596
    1637
    1663
    1627
    1577
    1531
    1616
    1577
    1558
    1562
    1619
    1544
    1613
    1532
    1523
    1544
    1599
    1592
    1584
    1581
    1597
    1574
    1551
    1593
    1511
    1502
    1553
    1567
    1566
    1537
    1556
    1540
    1500
    1635
    1601
    1608
    1550
    1548
    1518
    1592
    1563
    1531
    1594
    1536
    1576
    1507
    1584
    1530
    1560
    1580
    1595
    1594
    1547
    1601
    1501
    1583
    1585
    1531
    1503
    1494
    1567
    1564
    1589
    1583
    1577
    1509
    1554
    1481
    1534
    1484
    1496
    1504
    1538
    1510
    1525
    1512
    1503
    1544
    1557
    1523
    1523
    1487
    1472
    1432
    1481
    1522
    1513
    1464
    1471
    1522
    1511
    1487
    1507
    1514
    1508
    1548
    1513
    1449
    1525
    1482
    1454
    1446
    1545
    1470
    1451
    1544
    1460
    1496
    1450
    1527
    1430
    1519
    1515
    1485
    1468
    1467
    1415
    1472
    1517
    1431
    1513
    1436
    1488
    1443
    1444
    1482
    1525
    1456
    1453
    1458
    1387
    1454
    1468
    1491
    1525
    1443
    1472
    1419
    1434
    1473
    1459
    1467
    1450
    1469
    1456
    1394
    1444
    1418
    1406
    1364
    1483
    1399
    1410
    1431
    1448
    1431
    1419
    1408
    1429
    1459
    1464
    1412
    1457
    1447
    1408
    1414
    1387
    1441
    1411
    1476
    1378
    1385
    1406
    1356
    1434
    1422
    1408
    1407
    1424
    1479
    1407
    1397
    1358
    1368
    1375
    1388
    1373
    1370
    1375
    1448
    1366
    1389
    1332
    1383
    1412
    1377
    1374
    1335
    1331
    1385
    1361
    1341
    1354
    1334
    1369
    1371
    1389
    1304
    1411
    1357
    1441
    1379
    1411
    1293
    1379
    1390
    1331
    1329
    1377
    1342
    1352
    1364
    1377
    1345
    1297
    1293
    1329
    1276
    1363
    1344
    1400
    1328
    1329
    1342
    1325
    1328
    1363
    1280
    1340
    1319
    1269
    1313
    1370
    1320
    1306
    1302
    1343
    1306
    1317
    1355
    1374
    1315
    1313
    1334
    1330
    1269
    1224
    1315
    1312
    1324
    1378
    1285
    1393
    1333
    1344
    1298
    1334
    1324
    1302
    1317
    1281
    1273
    1332
    1372
    1332
    1271
    1350
    1291
    1324
    1317
    1282
    1233
    1349
    1313
    1277
    1348
    1309
    1287
    1310
    1300
    1305
    1295
    1345
    1304
    1289
    1263
    1287
    1320
    1236
    1284
    1313
    1364
    1306
    1289
    1287
    1232
    1244
    1230
    1316
    1307
    1315
    1294
    1258
    1278
    1274
    1269
    1260
    1259
    1252
    1292
    1259
    1238
    1292
    1275
    1231
    1302
    1274
    1252
    1320
    1290
    1249
    1277
    1334
    1272
    1258
    1232
    1258
    1325
    1316
    1258
    1238
    1255
    1295
    1290
    1305
    1329
    1364
    1350
    1296
    1313
    1377
    1324
    1273
    1301
    1337
    1286
    1312
    1345
    1317
    1316
    1295
    1261
    1300
    1324
    1277
    1282
    1349
    1241
    1305
    1260
    1358
    1307
    1296
    1262
    1273
    1304
    1298
    1241
    1273
    1294
    1321
    1300
    1296
    1320
    1279
    1261
    1359
    1289
    1250
    1314
    1286
    1270
    1280
    1313
    1247
    1218
    1202
    1251
    1226
    1272
    1334
    1210
    1211
    1258
    1243
    1275
    1268
    1286
    1270
    1285
    1198
    1294
    1293
    1300
    1209
    1214
    1232
    1290
    1240
    1205
    1292
    1244
    1277
    1241
    1263
    1244
    1312
    1320
    1287
    1272
    1345
    1266
    1284
    1328
    1301
    1293
    1279
    1396
    1281
    1313
    1326
    1298
    1274
    1337
    1304
    1291
    1313
    1245
    1323
    1307
    1317
    1292
    1271
    1347
    1288
    1292
    1319
    1295
    1317
    1344
    1313
    1346
    1302
    1268
    1283
    1297
    1291
    1344
    1307
    1226
    1327
    1325
    1351
    1291
    1352
    1337
    1338
    1320
    1273
    1326
    1349
    1324
    1281
    1313
    1262
    1267
    1243
    1209
    1265
    1285
    1342
    1275
    1265
    1240
    1329
    1250
    1221
    1221
    1246
    1263
    1212
    1259
    1192
    1275
    1247
    1239
    1165
    1260
    1221
    1185
    1226
    1240
    1295
    1274
    1276
    1244
    1225
    1214
    1282
    1268
    1248
    1298
    1324
    1275
    1302
    1352
    1338
    1321
    1389
    1355
    1371
    1342
    1383
    1369
    1376
    1391
    1385
    1432
    1450
    1306
    1447
    1458
    1345
    1394
    1342
    1418
    1362
    1387
    1458
    1310
    1360
    1443
    1405
    1343
    1376
    1351
    1420
    1332
    1238
    1353
    1313
    1318
    1338
    1289
    1250
    1284
    1327
    1261
    1264
    1270
    1303
    1247
    1156
    1181
    1185
    1234
    1236
    1195
    1157
    1192
    1183
    1196
    1184
    1118
    1107
    1141
    1216
    1178
    1079
    1127
    1080
    1157
    1150
    1104
    1150
    1125
    1171
    1208
    1167
    1115
    1170
    1116
    1073
    1183
    1098
    1109
    1192
    1100
    1159
    1147
    1159
    1162
    1151
    1137
    1137
    1160
    1110
    1122
    1178
    1068
    1130
    1134
    1100
    1110
    1145
    1165
    1145
    1133
    1147
    1165
    1162
    1134
    1117
    1180
    1158
    1178
    1246
    1105
    1145
    1126
    1135
    1150
    1116
    1086
    1137
    1118
    1091
    1108
    1115
    1188
    1194
    1165
    1152
    1166
    1164
    1106
    1164
    1095
    1122
    1157
    1119
    1164
    1100
    1156
    1182
    1192
    1222
    1178
    1141
    1132
    1168
    1213
    1188
    1136
    1181
    1154
    1280
    1171
    1207
    1156
    1124
    1193
    1153
    1199
    1219
    1141
    1170
    1166
    1191
    1217
    1166
    1180
    1188
    1215
    1164
    1215
    1206
    1169
    1186
    1204
    1196
    1141
    1184
    1184
    1155
    1164
    1147
    1149
    1154
    1143
    1133
    1219
    1118
    1132
    1126
    1157
    1118
    1106
    1158
    1127
    1200
    1181
    1173
    1189
    1173
    1153
    1180
    1142
    1166
    1126
    1146
    1207
    1186
    1185
    1128
    1152
    1167
    1153
    1116
    1127
    1089
    1176
    1169
    1236
    1118
    1129
    1127
    1227
    1149
    1103
    1148
    1148
    1168
    1177
    1151
    1109
    1116
    1145
    1146
    1151
    1179
    1164
    1222
    1147
    1193
    1156
    1120
    1180
    1129
    1155
    1097
    1178
    1206
    1143
    1182
    1207
    1212
    1178
    1163
    1239
    1157
    1160
    1127
    1172
    1169
    1192
    1202
    1163
    1247
    1219
    1188
    1240
    1174
    1206
    1201
    1234
    1229
    1115
    1229
    1205
    1220
    1171
    1207
    1178
    1220
    1258
    1277
    1208
    1164
    1158
    1241
    1190
    1227
    1163
    1219
    1192
    1234
    1238
    1220
    1187
    1193
    1216
    1202
    1220
    1232
    1206
    1246
    1223
    1260
    1211
    1210
    1295
    1236
    1252
    1228
    1173
    1258
    1295
    1189
    1206
    1234
    1291
    1269
    1317
    1223
    1308
    1306
    1250
    1263
    1232
    1205
    1241
    1188
    1250
    1298
    1286
    1283
    1297
    1174
    1298
    1236
    1305
    1283
    1255
    1221
    1199
    1287
    1308
    1289
    1320
    1252
    1255
    1255
    1309
    1301
    1254
    1302
    1267
    1253
    1245
    1327
    1304
    1269
    1298
    1291
    1321
    1299
    1299
    1315
    1307
    1316
    1414
    1340
    1325
    1320
    1273
    1338
    1359
    1403
    1369
    1353
    1339
    1402
    1326
    1313
    1404
    1390
    1418
    1355
    1450
    1306
    1343
    1407
    1405
    1364
    1373
    1397
    1415
    1411
    1435
    1503
    1412
    1345
    1367
    1454
    1428
    1466
    1474
    1409
    1409
    1472
    1389
    1473
    1456
    1458
    1428
    1452
    1525
    1501
    1576
    1519
    1476
    1563
    1524
    1528
    1497
    1548
    1518
    1486
    1504
    1590
    1506
    1570
    1568
    1534
    1588
    1558
    1588
    1632
    1551
    1619
    1653
    1638
    1629
    1640
    1597
    1594
    1686
    1721
    1685
    1688
    1659
    1727
    1721
    1706
    1691
    1693
    1766
    1709
    1719
    1688
    1697
    1837
    1751
    1778
    1820
    1831
    1818
    1829
    1833
    1818
    1812
    1905
    1852
    1951
    1998
    1886
    1955
    1969
    2035
    1921
    1938
    1982
    1959
    1968
    2051
    2058
    2053
    2022
    2077
    2186
    2084
    2111
    2094
    2122
    2066
    2121
    2174
    2161
    2254
    2273
    2221
    2216
    2368
    2323
    2350
    2306
    2292
    2410
    2390
    2276
    2338
    2459
    2410
    2442
    2484
    2489
    2439
    2549
    2485
    2571
    2569
    2544
    2623
    2629
    2495
    2644
    2571
    2629
    2621
    2716
    2654
    2752
    2734
    2837
    2834
    2751
    2743
    2812
    2930
    2822
    2983
    2943
    2924
    3014
    2939
    2895
    2959
    3145
    3067
    2936
    3060
    2910
    3039
    3037
    3085
    3138
    3142
    3181
    3239
    3142
    3269
    3257
    3291
    3228
    3220
    3232
    3335
    3365
    3364
    3429
    3360
    3355
    3436
    3431
    3351
    3408
    3357
    3439
    3378
    3420
    3432
    3399
    3515
    3436
    3383
    3459
    3490
    3412
    3430
    3464
    3456
    3408
    3286
    3497
    3453
    3365
    3405
    3471
    3378
    3509
    3477
    3452
    3446
    3533
    3486
    3461
    3388
    3419
    3481
    3426
    3498
    3432
    3574
    3407
    3348
    3412
    3349
    3424
    3372
    3316
    3456
    3435
    3346
    3449
    3410
    3380
    3373
    3362
    3424
    3318
    3524
    3410
    3487
    3384
    3455
    3497
    3515
    3341
    3412
    3340
    3394
    3476
    3405
    3385
    3463
    3431
    3438
    3517
    3442
    3488
    3564
    3587
    3584
    3492
    3585
    3522
    3669
    3640
    3667
    3603
    3635
    3693
    3756
    3697
    3749
    3724
    3722
    3871
    3771
    3818
    3816
    3848
    3768
    3810
    4012
    3827
    3890
    3876
    3947
    3915
    4007
    3945
    4028
    4113
    4080
    4027
    4160
    4125
    4202
    4180
    4368
    4351
    4274
    4253
    4396
    4463
    4299
    4524
    4314
    4496
    4553
    4613
    4585
    4563
    4616
    4639
    4666
    4701
    4740
    4938
    4965
    4806
    4868
    4782
    5059
    4984
    5051
    5091
    5134
    5146
    5120
    5217
    5139
    5255
    5395
    5465
    5475
    5379
    5524
    5536
    5567
    5709
    5641
    5741
    5756
    5817
    5916
    5877
    5978
    6068
    6010
    6284
    6157
    6217
    6266
    6362
    6447
    6397
    6503
    6569
    6436
    6666
    6866
    6691
    6889
    6873
    6993
    7207
    7077
    7019
    7171
    7328
    7363
    7310
    7551
    7570
    7359
    7580
    7860
    7865
    7743
    7959
    8089
    8110
    8194
    8257
    8234
    8462
    8378
    8484
    8561
    8751
    8747
    8884
    9067
    8874
    9045
    9283
    9354
    9411
    9554
    9680
    9632
    9829
    9987
    9738
    9978
   10029
   10146
   10267
   10458
   10593
   10568
   10820
   10890
   11017
   11036
   11159
   11003
   11400
   11539
   11730
   11694
   11864
   12079
   11999
   12013
   12400
   12401
   12551
   12679
   12857
   12796
   13166
   13112
   13280
   13432
   13548
   13725
   13832
   13848
   14385
   14269
   14519
   14623
   14562
   14947
   15019
   15267
   15287
   15558
   15719
   15950
   16046
   16225
   16556
   16714
   16868
   16964
   17082
   17254
   17566
   17646
   17946
   18103
   18409
   18507
   18685
   19120
   19399
   19217
   19701
   19775
   20379
   20587
   20711
   21045
   20999
   21571
   21583
   21865
   22449
   22409
   23200
   23148
   23550
   23553
   24282
   24342
   24657
   24996
   25329
   25698
   25906
   26554
   26696
   26955
   27468
   27859
   28244
   28595
   28976
   29606
   30238
   30268
   30765
   31352
   31871
   32326
   32886
   33239
   34166
   34150
   35206
   35186
   36034
   36468
   36791
   37631
   38504
   39156
       0
       0
       0
       0
       0
       0
       0
       0
       0
       0
       0
       0
       0
       0
       0
       0
       0
       0
       0
       0
       0
       0
       0
       0
       0
       0
       0
       0
       0
       0
       0
       0
$ROI:
0
$PRESETS:
None
0
0
$ENER_FIT:
-0.169488 0.023446
$MCA_CAL:
3
-1.694878E-001 2.344633E-002 0.000000E+000 keV
$SHAPE_CAL:
3
0.000000E+000 0.000000E+000 0.000000E+000
