$SPEC_ID:
No sample description was entered.
$SPEC_REM:
DET# 4
DETDESC# JLAB-20 MCB 131
AP# Maestro Version 7.01
$DATE_MEA:
10/01/2025 04:16:44
$MEAS_TIM:
142230 145680
$DATA:
0 2047
       0
       0
       0
       0
       0
       0
       0
       0
       0
       0
       0
       0
       0
       0
       0
       0
       0
       0
       0
       0
       0
       0
       0
       0
       0
       0
       0
       0
       0
       0
       0
       0
       0
       0
       0
       0
       0
       0
       0
       0
       0
       0
       0
       0
       0
       0
       0
       0
       0
       0
       0
       1
       2
       0
       1
       1
       0
       1
       0
       0
       0
       0
       0
       1
       0
       1
       1
       1
       1
     552
   16074
   16161
   15299
   14771
   14502
   13985
   13648
   13651
   13407
   13316
   13073
   12977
   12749
   12718
   12528
   12516
   12301
   12052
   12055
   12226
   11908
   11520
   11729
   11555
   11432
   11260
   11282
   11342
   11109
   11168
   11005
   10918
   10782
   10946
   10632
   10419
   10483
   10420
   10396
   10187
   10096
   10137
   10256
   10099
    9882
    9999
    9814
    9786
    9734
    9546
    9604
    9430
    9476
    9431
    9312
    9307
    9500
    9260
    9167
    8981
    9257
    9093
    8767
    8960
    8802
    8885
    8872
    8939
    8666
    8676
    8746
    8596
    8475
    8451
    8432
    8399
    8492
    8586
    8362
    8557
    8321
    8404
    8216
    8327
    8166
    8077
    8073
    8164
    8188
    8023
    8026
    7860
    7977
    7930
    7933
    7857
    7885
    7904
    7811
    7797
    7624
    7736
    7748
    7608
    7777
    7719
    7625
    7605
    7658
    7555
    7477
    7515
    7628
    7512
    7436
    7565
    7411
    7442
    7476
    7417
    7384
    7419
    7283
    7489
    7512
    7331
    7386
    7240
    7349
    7385
    7298
    7300
    7270
    7334
    7123
    7046
    7138
    7174
    7076
    7140
    7153
    7248
    7219
    7116
    7286
    7037
    7148
    7224
    7078
    7143
    7268
    7146
    7175
    7245
    7096
    7042
    7011
    7075
    7161
    7122
    7105
    7035
    7007
    7162
    7116
    6980
    6997
    7068
    6888
    6965
    6961
    6956
    7088
    6902
    7081
    7021
    6993
    6989
    7112
    6995
    7085
    7019
    7057
    7037
    7071
    7098
    7089
    7180
    7134
    7125
    7089
    6930
    7172
    7160
    7204
    7151
    7132
    7280
    7339
    7252
    7178
    7177
    7287
    7281
    7226
    7149
    7304
    7300
    7210
    7278
    7245
    7263
    7415
    7432
    7317
    7260
    7409
    7300
    7382
    7353
    7381
    7322
    7383
    7433
    7400
    7460
    7491
    7579
    7579
    7746
    7811
    8033
    8004
    8273
    8491
    8716
    9093
    9778
   10320
   11185
   12016
   12917
   14365
   15726
   17471
   19553
   21989
   24520
   27331
   30560
   34113
   38020
   41659
   45998
   51028
   55505
   60144
   64600
   68931
   74003
   78480
   82734
   87134
   90965
   94877
   97894
  100334
  103689
  105195
  107349
  108871
  110075
  111835
  112594
  112084
  112474
  112494
  112135
  111867
  110907
  109952
  109307
  107949
  106898
  105528
  104171
  102238
  100539
   98329
   96743
   94656
   92403
   90042
   88376
   85344
   82620
   80164
   78029
   74912
   72368
   69397
   67097
   64516
   61688
   59139
   56348
   54037
   51430
   49080
   46965
   44619
   42922
   40516
   39135
   37424
   36209
   34896
   33616
   32284
   31772
   30660
   29307
   28745
   27670
   26896
   25776
   25176
   24208
   22997
   22281
   21471
   20591
   19875
   18707
   17817
   16845
   16282
   15164
   14490
   13466
   12568
   12019
   10997
   10590
    9775
    9142
    8626
    8152
    7702
    7020
    6783
    6285
    6069
    5940
    5801
    5571
    5249
    5099
    5034
    4941
    4918
    4845
    4924
    4966
    4814
    4832
    4680
    4813
    4810
    4759
    4681
    4839
    4750
    4851
    4727
    4781
    4828
    4855
    4561
    4790
    4726
    4808
    4719
    4599
    4665
    4523
    4634
    4615
    4605
    4623
    4505
    4632
    4623
    4497
    4506
    4580
    4521
    4381
    4398
    4330
    4453
    4468
    4417
    4415
    4364
    4372
    4316
    4316
    4372
    4292
    4320
    4183
    4387
    4347
    4251
    4191
    4222
    4277
    4110
    4237
    4263
    4047
    4124
    4189
    4014
    4062
    4116
    4130
    4089
    4073
    4179
    4149
    4132
    4040
    4096
    4242
    4069
    4025
    4041
    4045
    4073
    4037
    4088
    4153
    4073
    4016
    4168
    4056
    3962
    3979
    4157
    4179
    4123
    4054
    4111
    4063
    4086
    4000
    4057
    4178
    4162
    4058
    4199
    4161
    4052
    4169
    4098
    4073
    4079
    4067
    4090
    4070
    4080
    3946
    4154
    4156
    4011
    4094
    4068
    3992
    4116
    4046
    3996
    4016
    3952
    3886
    3880
    3958
    3953
    3912
    3731
    3845
    3833
    3885
    3793
    3841
    3762
    3692
    3770
    3733
    3776
    3652
    3716
    3738
    3667
    3710
    3795
    3683
    3736
    3816
    3701
    3636
    3637
    3657
    3607
    3597
    3683
    3591
    3558
    3522
    3570
    3540
    3466
    3604
    3566
    3487
    3535
    3469
    3557
    3607
    3551
    3628
    3540
    3549
    3560
    3605
    3484
    3502
    3424
    3466
    3495
    3492
    3493
    3482
    3534
    3506
    3446
    3584
    3596
    3581
    3535
    3588
    3406
    3561
    3492
    3512
    3528
    3500
    3544
    3433
    3446
    3428
    3443
    3603
    3583
    3476
    3515
    3605
    3450
    3517
    3554
    3486
    3418
    3417
    3453
    3485
    3503
    3477
    3516
    3387
    3476
    3414
    3459
    3354
    3393
    3441
    3470
    3340
    3396
    3399
    3386
    3390
    3412
    3384
    3378
    3361
    3358
    3326
    3340
    3380
    3393
    3318
    3411
    3379
    3362
    3337
    3335
    3338
    3338
    3460
    3299
    3286
    3366
    3309
    3397
    3217
    3388
    3245
    3326
    3406
    3280
    3314
    3331
    3363
    3387
    3424
    3309
    3397
    3251
    3372
    3259
    3354
    3369
    3229
    3283
    3215
    3359
    3239
    3292
    3378
    3376
    3330
    3193
    3320
    3248
    3264
    3313
    3324
    3335
    3287
    3321
    3274
    3274
    3311
    3296
    3299
    3185
    3253
    3276
    3120
    3250
    3231
    3129
    3159
    3257
    3191
    3214
    3165
    3174
    3162
    3116
    3213
    3225
    3231
    3337
    3207
    3265
    3255
    3166
    3203
    3154
    3243
    3175
    3245
    3198
    3175
    3172
    3085
    3105
    3146
    3173
    3133
    3212
    3240
    3142
    3129
    3130
    3094
    3132
    3108
    3070
    3096
    3080
    3075
    3073
    3093
    3086
    3112
    3125
    3094
    3072
    3070
    3018
    3095
    2977
    3018
    3036
    2975
    3089
    3054
    3101
    2933
    3124
    3007
    3156
    3024
    3135
    3020
    3096
    3028
    2991
    2968
    3031
    2969
    3019
    3028
    3097
    3047
    3003
    2936
    3006
    2958
    3079
    3049
    3036
    3125
    2975
    3077
    2952
    3034
    3071
    2914
    2986
    2959
    2987
    2947
    2959
    2921
    2881
    2934
    2989
    2958
    2957
    3048
    2963
    2943
    3003
    2976
    2945
    2939
    2898
    2976
    3003
    2999
    3091
    2976
    3001
    2981
    2994
    2939
    2926
    2961
    2924
    2926
    2984
    2856
    2961
    2952
    3002
    2874
    3003
    2882
    2921
    2995
    2819
    2928
    2947
    2922
    2956
    2991
    2936
    2871
    2841
    2955
    2930
    2973
    2965
    2954
    2949
    2918
    2930
    3009
    2884
    2908
    2834
    2916
    2948
    2901
    2853
    2833
    2884
    2861
    2959
    2920
    2958
    2847
    2829
    2868
    2878
    2879
    2862
    2833
    2862
    2893
    2879
    2834
    2821
    2901
    2808
    2910
    2817
    2843
    2887
    2943
    2858
    2874
    2925
    2770
    2845
    2849
    2866
    2990
    2861
    2831
    2847
    2896
    2879
    2931
    2975
    2985
    2996
    3030
    2884
    2934
    3048
    2971
    2935
    2958
    2971
    2885
    2905
    2978
    2953
    2913
    2921
    2878
    2939
    2874
    2903
    2958
    3009
    2835
    3014
    2834
    2938
    2930
    2935
    2827
    2883
    2829
    2824
    2802
    2802
    2897
    2872
    2906
    2872
    2958
    2898
    2862
    2959
    2932
    2784
    2823
    2770
    2778
    2814
    2858
    2807
    2833
    2774
    2806
    2833
    2881
    2886
    2802
    2773
    2805
    2744
    2886
    2813
    2790
    2823
    2759
    2766
    2794
    2867
    2862
    2692
    2780
    2766
    2872
    2828
    2752
    2816
    2858
    2894
    2793
    2909
    2858
    2903
    2917
    2887
    2850
    3006
    2906
    2852
    2969
    2897
    2939
    2913
    3025
    2900
    2919
    2949
    2944
    2935
    2999
    2838
    2892
    2974
    2904
    2966
    2971
    2997
    2944
    2936
    2978
    2916
    2950
    3015
    2907
    2961
    3070
    2991
    2951
    2948
    2877
    2902
    2885
    2873
    3008
    2870
    2838
    2847
    2993
    2901
    2893
    2943
    2968
    2872
    2898
    2891
    2914
    2910
    2870
    2929
    2915
    2912
    2818
    2844
    2844
    2963
    2881
    2913
    2857
    2902
    2799
    2848
    2736
    2829
    2841
    2765
    2836
    2758
    2836
    2747
    2796
    2812
    2784
    2671
    2806
    2817
    2660
    2711
    2772
    2896
    2827
    2796
    2790
    2835
    2787
    2959
    2858
    2859
    2923
    2942
    2876
    2942
    2934
    2959
    3005
    3082
    3074
    3025
    3098
    3140
    3129
    3132
    3122
    3106
    3228
    3244
    3082
    3167
    3221
    3117
    3185
    3106
    3220
    3223
    3119
    3182
    3113
    3041
    3181
    3134
    3100
    3058
    3028
    3140
    3018
    2949
    3015
    2930
    2933
    3042
    2950
    2880
    2854
    2983
    2843
    2758
    2862
    2885
    2763
    2675
    2671
    2648
    2709
    2743
    2652
    2606
    2738
    2655
    2668
    2671
    2554
    2511
    2572
    2668
    2583
    2476
    2557
    2493
    2547
    2624
    2482
    2550
    2558
    2550
    2603
    2523
    2550
    2550
    2529
    2521
    2591
    2517
    2556
    2600
    2534
    2606
    2569
    2554
    2579
    2553
    2558
    2515
    2569
    2479
    2517
    2571
    2557
    2575
    2550
    2484
    2436
    2568
    2652
    2579
    2508
    2620
    2619
    2618
    2590
    2589
    2575
    2567
    2591
    2741
    2555
    2594
    2531
    2646
    2662
    2537
    2493
    2547
    2562
    2594
    2560
    2563
    2592
    2627
    2615
    2555
    2653
    2687
    2452
    2576
    2536
    2621
    2556
    2609
    2642
    2600
    2681
    2608
    2592
    2706
    2588
    2548
    2597
    2638
    2646
    2586
    2583
    2650
    2616
    2789
    2642
    2609
    2646
    2534
    2570
    2650
    2698
    2744
    2624
    2631
    2597
    2693
    2752
    2629
    2720
    2695
    2734
    2663
    2685
    2699
    2712
    2665
    2605
    2629
    2614
    2699
    2651
    2586
    2641
    2545
    2588
    2577
    2643
    2604
    2672
    2584
    2618
    2644
    2615
    2678
    2504
    2528
    2558
    2677
    2594
    2627
    2658
    2641
    2615
    2548
    2593
    2618
    2497
    2549
    2685
    2622
    2578
    2526
    2572
    2633
    2578
    2502
    2462
    2556
    2555
    2603
    2645
    2583
    2521
    2545
    2600
    2555
    2497
    2628
    2498
    2570
    2603
    2592
    2541
    2587
    2494
    2629
    2545
    2559
    2620
    2689
    2652
    2611
    2605
    2604
    2652
    2581
    2671
    2561
    2576
    2671
    2573
    2668
    2683
    2644
    2698
    2606
    2658
    2573
    2662
    2606
    2605
    2612
    2672
    2692
    2667
    2754
    2719
    2691
    2707
    2626
    2686
    2718
    2749
    2693
    2621
    2713
    2675
    2724
    2690
    2682
    2703
    2654
    2761
    2754
    2739
    2663
    2606
    2755
    2682
    2723
    2655
    2732
    2695
    2772
    2780
    2763
    2657
    2747
    2732
    2752
    2794
    2739
    2686
    2785
    2761
    2800
    2793
    2814
    2813
    2778
    2812
    2746
    2733
    2817
    2781
    2762
    2802
    2807
    2833
    2862
    2824
    2787
    2925
    2883
    2887
    2817
    2724
    2796
    2848
    2812
    2857
    2823
    2793
    2909
    2829
    2707
    2876
    2825
    2812
    2919
    2773
    2776
    2870
    2879
    2906
    2836
    2940
    2810
    2860
    2876
    2871
    2931
    2849
    2927
    2895
    2832
    2851
    2951
    2905
    2866
    2885
    2966
    2939
    2950
    2956
    2888
    3014
    2917
    3052
    2978
    3014
    2940
    2916
    3010
    3060
    3158
    3082
    3043
    3064
    3034
    3121
    3043
    3102
    3056
    3052
    3098
    3197
    3022
    3097
    3180
    3146
    3083
    3047
    3134
    3203
    3142
    3201
    3301
    3159
    3169
    3119
    3227
    3112
    3326
    3273
    3174
    3226
    3369
    3231
    3320
    3241
    3366
    3253
    3273
    3394
    3373
    3490
    3391
    3401
    3446
    3474
    3498
    3430
    3502
    3406
    3412
    3428
    3604
    3454
    3529
    3482
    3473
    3557
    3589
    3611
    3650
    3535
    3619
    3642
    3629
    3689
    3781
    3710
    3657
    3829
    3820
    3814
    3812
    3738
    3859
    3852
    3768
    3818
    3826
    3988
    3835
    3904
    3935
    3890
    4204
    3964
    4019
    4027
    4122
    4115
    4234
    4078
    4126
    4248
    4263
    4143
    4323
    4410
    4363
    4360
    4407
    4514
    4337
    4348
    4539
    4556
    4467
    4633
    4646
    4597
    4524
    4605
    4825
    4656
    4660
    4794
    4812
    4847
    4757
    4923
    4907
    4970
    5041
    5066
    5010
    5189
    5261
    5264
    5191
    5175
    5394
    5345
    5338
    5333
    5500
    5481
    5526
    5484
    5518
    5476
    5562
    5598
    5735
    5739
    5769
    5841
    5967
    5792
    5841
    5773
    5998
    5969
    6097
    6063
    6246
    6217
    6226
    6238
    6209
    6221
    6394
    6507
    6416
    6611
    6583
    6588
    6583
    6578
    6683
    6742
    6978
    6774
    6723
    6946
    6829
    6830
    6924
    7000
    7085
    6953
    7220
    7239
    7201
    7273
    7329
    7334
    7254
    7372
    7255
    7318
    7468
    7544
    7525
    7486
    7519
    7552
    7659
    7567
    7742
    7523
    7647
    7670
    7660
    7776
    7653
    7780
    7696
    7763
    7705
    7734
    7763
    7734
    7771
    7851
    7711
    7516
    7828
    7747
    7668
    7745
    7801
    7629
    7695
    7724
    7735
    7713
    7913
    7876
    7652
    7714
    7766
    7686
    7709
    7812
    7603
    7746
    7764
    7602
    7781
    7457
    7773
    7501
    7663
    7795
    7754
    7744
    7678
    7791
    7723
    7662
    7710
    7647
    7664
    7791
    7609
    7788
    7541
    7768
    7856
    7879
    7570
    7782
    7610
    7718
    7673
    7794
    7803
    7837
    7861
    7842
    7943
    7944
    7932
    8052
    8010
    7944
    7841
    8100
    8053
    8266
    8211
    8158
    8098
    8243
    8303
    8317
    8283
    8408
    8358
    8418
    8583
    8557
    8628
    8596
    8596
    8531
    8656
    8735
    8816
    8864
    8847
    8788
    8919
    9154
    9241
    9124
    9052
    9311
    9122
    9280
    9339
    9369
    9605
    9700
    9647
    9568
    9714
    9839
    9871
    9837
   10021
    9865
   10086
   10340
   10352
   10335
   10337
   10410
   10437
   10560
   10697
   10761
   11078
   10978
   10904
   11002
   10823
   11426
   11245
   11410
   11480
   11438
   11516
   11641
   11797
   11626
   11714
   11975
   12170
   12218
   12105
   12349
   12419
   12585
   12874
   12857
   12930
   13113
   13065
   13182
   13151
   13414
   13608
   13553
   13975
   14114
   13924
   14143
   14332
   14396
   14610
   14738
   14679
   14668
   15014
   15370
   15053
   15651
   15498
   15757
   16176
   15878
   16002
   16031
   16327
   16679
   16675
   16849
   17130
   16772
   17245
   17546
   17690
   17582
   17914
   18263
   18366
   18582
   18772
   18618
   18899
   18906
   19116
   19190
   19738
   19532
   20225
   20099
   20359
   20492
   20879
   21006
   21227
   21358
   21637
   21515
   22331
   22371
   22119
   22445
   22554
   22905
   23051
   23620
   23613
   23790
   24145
   24578
   24716
   24898
   24973
   24976
   25642
   25912
   26171
   26384
   26596
   27048
   27072
   27290
   27706
   27985
   28168
   28685
   28869
   28807
   29474
   29420
   29812
   30126
   30314
   30672
   31148
   30945
   32063
   32231
   32610
   32772
   33015
   33639
   33650
   34291
   34642
   34864
   35246
   35615
   35900
   36613
   37310
   37725
   37883
   38207
   38442
   39151
   39651
   39813
   40270
   40845
   41420
   41561
   42414
   42764
   43399
   43691
   44343
   44918
   45963
   46138
   46449
   46954
   47497
   48338
   48583
   49735
   50340
   50359
   51749
   51922
   52406
   53283
   53933
   55083
   55470
   56398
   56787
   57589
   58338
   59228
   60067
   60516
   61814
   62693
   63474
   64645
   65345
   66598
   67389
   68158
   69216
   70341
   71748
   72455
   73909
   74719
   76676
   77034
   78802
   79459
   81081
   82232
   82764
   84840
   86769
   87794
       0
       0
       0
       0
       0
       0
       0
       0
       0
       0
       0
       0
       0
       0
       0
       0
       0
       0
       0
       0
       0
       0
       0
       0
       0
       0
       0
       0
       0
       0
       0
       0
$ROI:
0
$PRESETS:
None
0
0
$ENER_FIT:
-0.169488 0.023446
$MCA_CAL:
3
-1.694878E-001 2.344633E-002 0.000000E+000 keV
$SHAPE_CAL:
3
0.000000E+000 0.000000E+000 0.000000E+000
