$SPEC_ID:
No sample description was entered.
$SPEC_REM:
DET# 4
DETDESC# JLAB-20 MCB 131
AP# Maestro Version 7.01
$DATE_MEA:
09/29/2025 22:16:44
$MEAS_TIM:
36783 37677
$DATA:
0 2047
       0
       0
       0
       0
       0
       0
       0
       0
       0
       0
       0
       0
       0
       0
       0
       0
       0
       0
       0
       0
       0
       0
       0
       0
       0
       0
       0
       0
       0
       0
       0
       0
       0
       0
       0
       0
       0
       0
       0
       0
       0
       0
       0
       0
       0
       0
       0
       0
       0
       0
       0
       0
       0
       0
       0
       0
       0
       0
       0
       0
       0
       0
       0
       0
       0
       0
       0
       0
       0
      96
    4052
    4118
    3992
    3688
    3850
    3652
    3480
    3462
    3452
    3409
    3266
    3543
    3258
    3247
    3232
    3264
    3219
    3130
    3123
    3140
    3101
    2883
    3017
    2953
    2867
    2929
    2905
    2955
    2866
    2892
    2768
    2852
    2759
    2848
    2712
    2711
    2719
    2704
    2731
    2582
    2632
    2640
    2621
    2571
    2527
    2621
    2515
    2503
    2409
    2491
    2435
    2388
    2421
    2443
    2484
    2449
    2417
    2422
    2336
    2330
    2332
    2362
    2288
    2298
    2184
    2306
    2293
    2360
    2296
    2242
    2279
    2202
    2202
    2276
    2205
    2172
    2220
    2248
    2183
    2198
    2087
    2178
    2088
    2093
    2065
    2073
    2084
    2103
    2159
    2080
    2089
    2039
    2054
    2031
    2048
    1975
    2016
    2102
    2014
    2065
    2029
    2018
    2055
    1949
    2017
    1995
    2034
    1959
    1986
    2005
    1921
    1902
    1960
    1957
    1931
    1957
    1916
    1948
    1928
    1947
    1954
    1925
    1847
    1970
    1951
    1906
    1895
    1836
    1867
    1923
    1852
    1935
    1902
    1900
    1800
    1844
    1827
    1851
    1863
    1832
    1833
    1890
    1843
    1780
    1850
    1854
    1817
    1821
    1812
    1838
    1853
    1832
    1819
    1865
    1825
    1875
    1822
    1844
    1816
    1794
    1845
    1750
    1807
    1902
    1821
    1822
    1797
    1833
    1777
    1794
    1846
    1805
    1869
    1768
    1824
    1796
    1748
    1772
    1783
    1779
    1808
    1796
    1803
    1858
    1818
    1789
    1769
    1883
    1865
    1857
    1850
    1783
    1938
    1863
    1837
    1786
    1813
    1897
    1850
    1855
    1856
    1807
    1830
    1899
    1943
    1836
    1870
    1847
    1879
    1862
    1852
    1878
    1938
    1959
    1915
    1838
    1938
    1885
    1934
    1867
    1907
    1873
    1978
    1918
    1931
    2020
    1937
    1900
    1943
    2026
    1986
    2076
    2167
    2122
    2266
    2218
    2286
    2474
    2671
    2896
    3112
    3309
    3771
    4111
    4454
    5077
    5630
    6199
    6934
    7878
    8669
    9815
   10592
   11916
   13028
   14218
   15476
   16727
   17712
   19206
   20389
   21631
   22672
   23492
   24409
   25612
   26052
   26669
   27176
   27880
   28015
   28742
   28969
   29229
   28971
   29020
   29372
   29205
   29166
   28903
   28423
   28166
   28006
   27405
   27212
   26868
   26249
   26009
   25383
   24993
   24395
   23904
   23296
   22650
   22182
   21388
   20767
   20117
   19317
   18675
   17735
   17153
   16579
   15967
   15207
   14763
   13922
   13262
   12575
   12183
   11709
   11191
   10382
   10145
    9741
    9348
    9205
    8677
    8284
    8174
    7892
    7512
    7415
    7028
    7105
    6493
    6535
    6303
    5900
    5768
    5543
    5229
    5235
    4733
    4458
    4361
    4144
    3956
    3735
    3481
    3229
    3140
    2758
    2802
    2552
    2343
    2233
    2092
    2017
    1781
    1717
    1613
    1576
    1513
    1504
    1469
    1316
    1341
    1301
    1288
    1332
    1272
    1258
    1317
    1208
    1237
    1168
    1281
    1240
    1233
    1179
    1256
    1262
    1267
    1207
    1214
    1221
    1281
    1157
    1224
    1191
    1210
    1166
    1240
    1208
    1173
    1190
    1220
    1250
    1219
    1186
    1153
    1164
    1179
    1104
    1136
    1206
    1138
    1102
    1117
    1165
    1155
    1188
    1138
    1133
    1164
    1118
    1088
    1158
    1092
    1086
    1065
    1165
    1103
    1110
    1144
    1131
    1170
    1051
    1108
    1074
    1080
    1050
    1088
    1023
    1032
    1029
    1094
    1090
    1091
    1077
    1035
    1108
    1100
    1057
    1124
    1096
    1037
    1050
    1053
    1048
    1034
    1071
    1055
    1057
    1056
    1099
    1055
    1001
    1074
    1086
    1098
    1052
    1033
    1054
    1056
    1058
     992
    1064
    1090
    1054
    1045
    1064
    1106
    1084
    1148
    1036
    1094
    1049
    1062
    1101
    1081
    1016
    1046
    1100
    1133
    1008
    1095
    1076
    1030
    1016
     994
    1083
    1027
    1047
    1026
    1001
    1035
    1000
    1036
     983
    1032
    1045
    1033
     930
     984
     945
    1003
     996
     970
     968
     932
     994
     986
     959
     933
     969
     983
     939
     958
     985
     976
     966
     985
     941
     951
     963
     938
     899
     926
     969
     915
     883
     886
     912
     883
     915
     893
     899
     929
     911
     933
     951
     905
     943
     909
     896
     918
     875
     864
     889
     925
     903
     937
     930
     868
     886
     977
     895
     945
     899
     879
     901
     908
     949
     855
     915
     864
     924
     856
     895
     860
     917
     908
     957
     926
     925
     944
     858
     954
     906
     906
     881
     869
     935
     932
     934
     930
     919
     897
     921
     891
     879
     881
     887
     882
     887
     911
     860
     877
     860
     859
     928
     906
     882
     877
     832
     824
     864
     870
     893
     856
     835
     888
     862
     870
     899
     880
     859
     892
     892
     851
     869
     839
     846
     847
     873
     838
     832
     914
     868
     868
     861
     860
     839
     868
     878
     857
     839
     831
     799
     883
     879
     855
     890
     848
     876
     849
     837
     851
     881
     809
     859
     849
     822
     837
     861
     869
     876
     853
     885
     827
     828
     858
     833
     839
     827
     847
     842
     828
     816
     819
     792
     809
     883
     823
     851
     846
     839
     801
     848
     803
     805
     819
     828
     805
     821
     845
     792
     812
     826
     855
     821
     857
     778
     808
     842
     793
     832
     822
     812
     810
     820
     893
     806
     825
     740
     804
     813
     833
     837
     801
     803
     870
     783
     804
     761
     813
     828
     787
     818
     758
     730
     786
     792
     768
     787
     764
     782
     800
     773
     795
     813
     793
     836
     836
     836
     737
     835
     811
     803
     774
     799
     818
     758
     770
     805
     778
     755
     751
     780
     747
     809
     801
     805
     799
     784
     778
     765
     782
     782
     731
     778
     759
     747
     743
     820
     754
     765
     785
     759
     746
     750
     815
     788
     795
     745
     779
     801
     740
     680
     773
     783
     744
     783
     744
     837
     773
     759
     746
     807
     772
     771
     757
     747
     727
     752
     802
     767
     731
     793
     777
     797
     777
     748
     739
     806
     747
     749
     779
     761
     714
     746
     763
     753
     734
     777
     759
     750
     720
     732
     748
     708
     762
     783
     788
     756
     736
     717
     732
     732
     727
     782
     733
     767
     743
     770
     736
     734
     742
     748
     735
     739
     740
     710
     711
     732
     725
     719
     759
     764
     713
     792
     750
     725
     740
     817
     735
     724
     724
     699
     767
     774
     724
     711
     734
     773
     770
     760
     807
     797
     788
     750
     762
     814
     763
     717
     761
     750
     769
     773
     791
     775
     792
     776
     717
     741
     752
     742
     760
     807
     685
     774
     721
     804
     757
     762
     747
     721
     765
     772
     693
     712
     739
     807
     768
     746
     729
     720
     708
     782
     737
     732
     773
     760
     741
     771
     783
     754
     732
     683
     749
     694
     741
     790
     677
     683
     740
     736
     745
     753
     739
     707
     744
     697
     773
     749
     764
     686
     721
     706
     743
     738
     686
     724
     710
     761
     729
     756
     730
     768
     781
     746
     743
     785
     727
     739
     776
     753
     746
     722
     805
     749
     789
     744
     752
     743
     783
     744
     742
     778
     729
     763
     782
     788
     747
     716
     792
     771
     775
     761
     759
     762
     769
     781
     796
     764
     714
     739
     740
     715
     781
     745
     717
     751
     769
     802
     759
     805
     773
     811
     785
     756
     768
     767
     802
     756
     775
     747
     755
     725
     681
     749
     761
     775
     735
     740
     733
     761
     723
     723
     686
     729
     756
     721
     748
     690
     708
     716
     716
     694
     736
     699
     674
     735
     713
     752
     745
     751
     723
     728
     751
     739
     710
     685
     765
     816
     738
     730
     780
     789
     775
     777
     754
     807
     771
     764
     791
     818
     817
     806
     826
     888
     767
     852
     854
     782
     780
     753
     828
     789
     778
     841
     751
     766
     815
     836
     779
     834
     766
     816
     795
     748
     767
     790
     748
     800
     761
     725
     763
     802
     734
     755
     756
     736
     719
     660
     682
     682
     726
     726
     710
     678
     709
     727
     693
     710
     646
     674
     684
     728
     685
     606
     666
     639
     690
     675
     617
     664
     652
     651
     733
     674
     659
     671
     650
     609
     701
     633
     648
     684
     646
     663
     663
     672
     677
     681
     633
     645
     667
     629
     650
     675
     600
     691
     684
     665
     629
     648
     639
     659
     663
     633
     677
     684
     630
     631
     680
     667
     678
     743
     646
     679
     682
     686
     668
     638
     620
     662
     641
     645
     629
     667
     689
     697
     637
     674
     659
     696
     648
     696
     627
     646
     677
     647
     688
     636
     669
     694
     705
     717
     665
     661
     627
     674
     678
     720
     649
     693
     692
     739
     644
     711
     689
     658
     696
     662
     690
     720
     677
     646
     697
     681
     716
     659
     679
     649
     716
     705
     708
     694
     685
     699
     723
     696
     667
     686
     689
     639
     671
     681
     644
     679
     648
     634
     709
     652
     665
     668
     698
     664
     625
     697
     654
     704
     697
     689
     704
     698
     661
     693
     671
     713
     650
     666
     699
     683
     701
     650
     644
     662
     654
     649
     637
     657
     686
     657
     691
     644
     630
     650
     706
     688
     648
     680
     679
     690
     675
     660
     641
     652
     658
     695
     652
     681
     694
     732
     653
     721
     674
     642
     680
     645
     671
     640
     678
     704
     677
     682
     669
     697
     721
     701
     699
     679
     669
     665
     670
     693
     679
     685
     677
     715
     725
     716
     734
     683
     666
     694
     700
     719
     650
     709
     724
     703
     690
     713
     716
     694
     704
     750
     721
     681
     696
     726
     682
     734
     699
     702
     723
     721
     745
     701
     710
     698
     738
     662
     717
     728
     673
     699
     732
     720
     674
     688
     760
     738
     706
     695
     706
     746
     756
     685
     720
     724
     737
     741
     746
     710
     769
     770
     733
     700
     718
     690
     708
     664
     743
     755
     775
     745
     769
     681
     766
     711
     740
     727
     747
     689
     704
     769
     767
     760
     799
     739
     727
     718
     740
     777
     714
     740
     734
     740
     714
     767
     769
     725
     746
     743
     790
     729
     822
     755
     762
     785
     816
     805
     768
     752
     758
     763
     785
     835
     814
     819
     786
     811
     788
     751
     823
     839
     792
     772
     872
     764
     775
     838
     839
     802
     801
     806
     850
     855
     827
     866
     825
     774
     767
     836
     817
     855
     854
     825
     835
     891
     802
     857
     818
     839
     830
     830
     892
     874
     919
     858
     851
     905
     870
     885
     900
     877
     877
     862
     884
     924
     897
     913
     886
     870
     932
     908
     931
     962
     927
     931
     969
     983
     935
     969
     949
     934
     966
    1004
     980
     988
     936
     998
     992
     983
    1012
     990
    1051
     993
    1025
     994
     973
    1096
    1037
    1056
    1085
    1036
    1095
    1073
    1054
    1109
    1057
    1091
    1082
    1142
    1178
    1103
    1115
    1160
    1172
    1108
    1144
    1134
    1154
    1121
    1207
    1199
    1206
    1197
    1193
    1287
    1190
    1224
    1209
    1238
    1237
    1251
    1277
    1260
    1309
    1329
    1293
    1292
    1394
    1389
    1406
    1346
    1329
    1422
    1345
    1324
    1331
    1464
    1340
    1458
    1474
    1466
    1415
    1508
    1415
    1555
    1489
    1463
    1564
    1552
    1403
    1555
    1471
    1538
    1525
    1566
    1499
    1673
    1595
    1679
    1682
    1592
    1588
    1672
    1696
    1614
    1738
    1730
    1721
    1713
    1684
    1643
    1737
    1896
    1768
    1719
    1802
    1718
    1748
    1801
    1801
    1776
    1810
    1890
    1927
    1834
    1957
    1897
    1935
    1899
    1926
    1891
    2007
    1956
    1984
    2066
    1961
    1893
    1947
    1989
    1974
    1949
    1966
    2004
    1968
    1988
    1994
    1983
    2007
    2041
    1932
    1989
    2034
    1970
    1968
    2032
    2003
    2048
    1897
    2052
    2073
    1964
    1983
    2020
    1938
    2103
    2025
    2013
    2031
    2077
    1995
    2052
    1996
    1970
    2062
    1971
    2079
    2027
    2109
    1980
    1942
    1975
    1933
    1972
    1966
    1907
    1989
    2055
    1951
    2001
    2014
    1963
    1969
    1949
    1937
    1918
    2018
    2056
    1999
    1985
    2003
    2012
    2063
    1959
    1965
    1978
    1950
    2019
    1952
    1973
    2056
    1991
    2001
    2043
    2013
    2083
    2088
    2109
    2070
    1992
    2064
    2037
    2124
    2088
    2194
    2099
    2146
    2122
    2271
    2144
    2247
    2161
    2151
    2248
    2229
    2194
    2246
    2216
    2133
    2156
    2329
    2287
    2224
    2277
    2347
    2278
    2333
    2296
    2310
    2390
    2349
    2331
    2415
    2418
    2431
    2445
    2599
    2538
    2535
    2495
    2564
    2583
    2524
    2614
    2494
    2640
    2687
    2671
    2675
    2679
    2695
    2692
    2758
    2731
    2748
    2892
    2914
    2804
    2906
    2818
    2942
    2894
    2970
    2937
    2975
    2999
    2936
    3031
    3001
    3037
    3170
    3194
    3192
    3091
    3241
    3175
    3199
    3401
    3291
    3306
    3371
    3327
    3444
    3427
    3460
    3548
    3558
    3635
    3605
    3661
    3690
    3673
    3739
    3777
    3779
    3841
    3656
    3908
    4035
    3901
    4119
    4091
    4108
    4260
    4207
    4109
    4175
    4237
    4370
    4234
    4419
    4381
    4184
    4374
    4561
    4527
    4544
    4684
    4683
    4767
    4759
    4786
    4814
    4939
    4787
    4958
    5074
    5161
    5040
    5144
    5246
    5097
    5289
    5442
    5384
    5478
    5611
    5652
    5635
    5730
    5856
    5689
    5814
    5884
    5934
    6004
    6027
    6177
    6151
    6331
    6314
    6375
    6446
    6500
    6505
    6590
    6597
    6839
    6832
    6933
    6992
    6971
    6999
    7192
    7259
    7336
    7294
    7479
    7488
    7526
    7680
    7765
    7810
    7833
    8046
    8212
    8047
    8380
    8333
    8470
    8545
    8567
    8741
    8725
    8849
    8844
    9062
    9199
    9226
    9419
    9367
    9627
    9707
    9856
    9820
   10016
   10102
   10257
   10260
   10574
   10630
   10632
   10775
   10821
   11172
   11287
   11147
   11583
   11460
   11955
   11850
   12114
   12261
   12288
   12652
   12642
   12948
   13089
   13054
   13462
   13458
   13702
   13830
   14147
   13952
   14309
   14684
   14687
   14907
   15098
   15477
   15642
   15634
   15953
   16146
   16447
   16703
   16838
   17223
   17738
   17631
   17869
   18503
   18557
   18839
   19195
   19601
   19803
   20075
   20485
   20473
   20934
   21343
   21559
   21896
   22589
   22932
       0
       0
       0
       0
       0
       0
       0
       0
       0
       0
       0
       0
       0
       0
       0
       0
       0
       0
       0
       0
       0
       0
       0
       0
       0
       0
       0
       0
       0
       0
       0
       0
$ROI:
0
$PRESETS:
None
0
0
$ENER_FIT:
-0.169488 0.023446
$MCA_CAL:
3
-1.694878E-001 2.344633E-002 0.000000E+000 keV
$SHAPE_CAL:
3
0.000000E+000 0.000000E+000 0.000000E+000
