$SPEC_ID:
No sample description was entered.
$SPEC_REM:
DET# 4
DETDESC# JLAB-20 MCB 131
AP# Maestro Version 7.01
$DATE_MEA:
09/29/2025 19:46:44
$MEAS_TIM:
27996 28678
$DATA:
0 2047
       0
       0
       0
       0
       0
       0
       0
       0
       0
       0
       0
       0
       0
       0
       0
       0
       0
       0
       0
       0
       0
       0
       0
       0
       0
       0
       0
       0
       0
       0
       0
       0
       0
       0
       0
       0
       0
       0
       0
       0
       0
       0
       0
       0
       0
       0
       0
       0
       0
       0
       0
       0
       0
       0
       0
       0
       0
       0
       0
       0
       0
       0
       0
       0
       0
       0
       0
       0
       0
      71
    3046
    3116
    3052
    2795
    2929
    2807
    2678
    2591
    2624
    2598
    2483
    2689
    2504
    2458
    2453
    2475
    2430
    2427
    2413
    2395
    2351
    2239
    2236
    2236
    2142
    2207
    2165
    2205
    2180
    2193
    2124
    2200
    2096
    2128
    2052
    2059
    2084
    2060
    2030
    1943
    2007
    1999
    2024
    1967
    1899
    1966
    1918
    1923
    1840
    1917
    1852
    1808
    1839
    1835
    1874
    1879
    1851
    1852
    1785
    1794
    1748
    1796
    1788
    1736
    1684
    1812
    1779
    1782
    1755
    1672
    1723
    1655
    1696
    1708
    1644
    1618
    1699
    1746
    1665
    1703
    1590
    1647
    1604
    1587
    1595
    1591
    1561
    1624
    1623
    1556
    1610
    1533
    1566
    1536
    1556
    1502
    1543
    1595
    1550
    1595
    1528
    1531
    1550
    1442
    1549
    1506
    1541
    1474
    1537
    1572
    1451
    1454
    1525
    1449
    1478
    1503
    1472
    1479
    1454
    1505
    1483
    1481
    1402
    1501
    1483
    1466
    1408
    1406
    1402
    1443
    1395
    1510
    1448
    1435
    1359
    1418
    1405
    1411
    1413
    1383
    1385
    1408
    1395
    1362
    1389
    1424
    1373
    1410
    1376
    1413
    1426
    1388
    1391
    1369
    1387
    1449
    1405
    1399
    1384
    1377
    1385
    1313
    1381
    1468
    1373
    1380
    1349
    1386
    1345
    1342
    1419
    1366
    1431
    1333
    1377
    1362
    1327
    1332
    1340
    1332
    1381
    1335
    1365
    1403
    1388
    1373
    1374
    1436
    1432
    1430
    1389
    1373
    1491
    1400
    1384
    1372
    1383
    1459
    1414
    1400
    1404
    1385
    1384
    1458
    1462
    1397
    1450
    1400
    1380
    1442
    1415
    1429
    1473
    1460
    1421
    1381
    1489
    1460
    1443
    1419
    1474
    1436
    1520
    1500
    1471
    1547
    1468
    1426
    1488
    1555
    1493
    1540
    1649
    1593
    1727
    1681
    1755
    1906
    2030
    2199
    2393
    2497
    2825
    3094
    3364
    3857
    4312
    4704
    5366
    5960
    6579
    7442
    8048
    9022
    9966
   10681
   11695
   12687
   13400
   14469
   15558
   16387
   17235
   17845
   18604
   19458
   19656
   20166
   20613
   21274
   21509
   21843
   22185
   22244
   22031
   22081
   22389
   22257
   22225
   22001
   21621
   21508
   21298
   20927
   20800
   20494
   20046
   19973
   19296
   19076
   18661
   18223
   17691
   17303
   16983
   16186
   15765
   15335
   14754
   14266
   13496
   13092
   12584
   12112
   11579
   11284
   10541
   10093
    9572
    9246
    8963
    8516
    7879
    7750
    7426
    7149
    7007
    6646
    6225
    6271
    6034
    5691
    5599
    5402
    5405
    4901
    5029
    4795
    4558
    4405
    4238
    3965
    3987
    3611
    3399
    3297
    3157
    2993
    2890
    2711
    2456
    2403
    2132
    2138
    1938
    1803
    1728
    1575
    1548
    1360
    1304
    1231
    1208
    1161
    1136
    1103
     987
    1010
     996
     991
    1016
     982
     957
    1005
     924
     935
     885
     970
     934
     942
     905
     924
     974
     948
     907
     959
     937
     974
     881
     936
     880
     919
     893
     950
     923
     889
     901
     919
     928
     946
     907
     869
     898
     898
     827
     863
     930
     850
     846
     843
     874
     871
     897
     876
     855
     906
     856
     802
     882
     814
     821
     821
     882
     851
     827
     884
     849
     910
     805
     858
     811
     830
     786
     826
     760
     785
     788
     836
     826
     816
     837
     771
     833
     822
     826
     878
     846
     773
     810
     801
     792
     783
     825
     762
     789
     800
     828
     824
     741
     783
     839
     856
     777
     789
     790
     788
     807
     732
     806
     841
     805
     783
     817
     853
     833
     896
     797
     828
     799
     817
     842
     809
     780
     807
     831
     869
     750
     836
     856
     786
     800
     742
     846
     780
     787
     786
     763
     800
     753
     789
     740
     778
     800
     790
     726
     738
     697
     739
     768
     718
     746
     713
     771
     725
     722
     701
     730
     727
     709
     706
     744
     746
     723
     738
     738
     727
     725
     710
     682
     717
     715
     689
     677
     654
     702
     652
     671
     668
     717
     688
     681
     691
     692
     706
     741
     707
     695
     699
     669
     638
     680
     691
     700
     702
     714
     649
     658
     757
     679
     739
     684
     671
     668
     703
     737
     652
     694
     671
     699
     666
     687
     676
     718
     680
     724
     713
     684
     708
     685
     731
     714
     675
     656
     687
     724
     710
     711
     706
     699
     677
     689
     677
     662
     677
     691
     668
     685
     717
     659
     657
     642
     667
     696
     687
     660
     682
     628
     604
     653
     670
     654
     633
     632
     681
     635
     661
     682
     667
     676
     668
     678
     648
     633
     618
     647
     640
     678
     649
     631
     686
     644
     667
     667
     637
     658
     673
     658
     656
     628
     639
     618
     683
     695
     650
     693
     647
     645
     645
     640
     633
     663
     609
     645
     632
     632
     634
     611
     659
     665
     642
     673
     638
     649
     635
     646
     654
     636
     658
     646
     636
     615
     629
     590
     622
     666
     626
     679
     655
     642
     589
     640
     601
     613
     621
     622
     622
     621
     660
     602
     609
     629
     664
     609
     646
     604
     618
     645
     600
     657
     643
     615
     625
     619
     666
     599
     622
     565
     632
     640
     625
     644
     632
     611
     640
     604
     591
     578
     612
     619
     612
     617
     576
     530
     586
     599
     562
     581
     566
     600
     628
     580
     606
     628
     601
     621
     621
     624
     554
     638
     622
     618
     600
     595
     594
     579
     606
     619
     605
     567
     562
     599
     595
     623
     618
     614
     612
     609
     590
     555
     590
     594
     550
     576
     587
     558
     570
     635
     558
     567
     616
     562
     578
     588
     643
     609
     598
     556
     609
     636
     553
     518
     587
     584
     580
     594
     554
     658
     584
     566
     592
     631
     582
     601
     566
     569
     538
     582
     620
     578
     547
     597
     571
     619
     613
     557
     568
     611
     577
     572
     574
     572
     545
     591
     591
     570
     580
     595
     547
     564
     520
     577
     567
     548
     593
     606
     590
     576
     565
     553
     560
     562
     573
     598
     556
     568
     565
     582
     554
     578
     567
     577
     549
     555
     546
     553
     539
     557
     552
     552
     560
     609
     546
     606
     580
     558
     551
     636
     540
     558
     547
     527
     581
     607
     548
     547
     573
     594
     566
     579
     601
     618
     604
     581
     584
     609
     569
     577
     588
     561
     606
     594
     603
     579
     639
     571
     548
     573
     593
     553
     585
     619
     538
     587
     547
     601
     563
     588
     581
     543
     589
     590
     531
     535
     545
     629
     590
     570
     560
     539
     536
     582
     589
     547
     595
     579
     572
     593
     604
     572
     577
     512
     561
     528
     572
     578
     505
     539
     539
     574
     570
     587
     574
     539
     558
     533
     570
     586
     571
     551
     523
     514
     571
     559
     523
     552
     523
     584
     562
     562
     574
     587
     585
     578
     572
     614
     560
     555
     597
     565
     574
     549
     584
     577
     599
     537
     572
     570
     596
     568
     539
     589
     555
     577
     575
     610
     577
     533
     620
     593
     592
     584
     558
     568
     595
     583
     599
     569
     543
     566
     558
     556
     591
     573
     561
     569
     570
     623
     569
     585
     588
     610
     584
     579
     575
     578
     606
     577
     591
     579
     571
     548
     502
     566
     574
     582
     559
     578
     561
     563
     551
     549
     501
     551
     584
     561
     559
     546
     554
     559
     541
     516
     558
     526
     525
     578
     554
     594
     579
     566
     553
     560
     576
     567
     530
     516
     592
     627
     564
     578
     621
     581
     574
     597
     564
     615
     575
     580
     598
     613
     620
     607
     621
     697
     589
     656
     648
     599
     580
     559
     604
     562
     615
     625
     588
     597
     625
     618
     595
     598
     579
     628
     614
     573
     587
     602
     567
     603
     586
     534
     582
     608
     551
     550
     591
     568
     546
     491
     526
     538
     556
     557
     563
     524
     544
     534
     537
     561
     509
     518
     529
     554
     527
     456
     499
     487
     524
     514
     456
     510
     493
     500
     548
     504
     498
     504
     527
     457
     540
     463
     484
     526
     489
     516
     507
     520
     505
     520
     476
     500
     515
     459
     483
     524
     443
     526
     526
     500
     463
     495
     490
     518
     492
     485
     530
     512
     487
     484
     510
     521
     518
     577
     490
     522
     508
     523
     512
     481
     470
     509
     486
     477
     475
     524
     519
     535
     492
     512
     502
     510
     481
     521
     470
     489
     529
     500
     532
     485
     512
     514
     570
     552
     494
     497
     476
     515
     513
     560
     494
     529
     531
     549
     488
     552
     534
     501
     524
     497
     520
     567
     537
     492
     538
     511
     546
     496
     512
     480
     558
     533
     548
     521
     513
     524
     538
     496
     500
     515
     520
     493
     526
     518
     498
     527
     489
     487
     556
     485
     504
     514
     500
     488
     489
     544
     499
     543
     530
     510
     545
     552
     502
     537
     503
     554
     514
     492
     536
     524
     533
     503
     496
     496
     499
     489
     488
     484
     506
     498
     525
     481
     489
     468
     537
     529
     497
     495
     522
     537
     536
     501
     503
     508
     508
     520
     495
     522
     526
     557
     492
     564
     503
     483
     536
     490
     530
     485
     508
     528
     512
     517
     509
     523
     552
     551
     549
     528
     501
     503
     505
     525
     525
     514
     496
     540
     536
     549
     545
     518
     506
     542
     557
     545
     487
     551
     560
     537
     549
     527
     542
     540
     530
     578
     532
     517
     538
     549
     517
     532
     556
     529
     551
     523
     550
     529
     524
     516
     576
     485
     544
     546
     501
     545
     545
     547
     509
     533
     576
     561
     549
     549
     565
     559
     572
     525
     537
     557
     546
     567
     565
     563
     588
     571
     563
     540
     544
     525
     516
     503
     543
     567
     592
     580
     573
     521
     581
     555
     550
     553
     564
     545
     543
     581
     583
     592
     605
     565
     546
     540
     560
     575
     545
     571
     572
     578
     535
     587
     595
     550
     584
     577
     613
     556
     626
     581
     569
     590
     610
     614
     581
     583
     595
     574
     609
     644
     630
     627
     611
     622
     597
     577
     610
     644
     601
     596
     661
     595
     589
     640
     625
     611
     605
     620
     647
     637
     616
     644
     633
     597
     597
     658
     611
     668
     645
     626
     671
     688
     601
     650
     601
     611
     642
     651
     667
     656
     682
     649
     647
     703
     660
     672
     680
     667
     659
     652
     663
     697
     687
     678
     665
     675
     715
     670
     727
     748
     692
     687
     723
     753
     700
     769
     726
     693
     756
     783
     729
     735
     748
     751
     754
     741
     784
     765
     816
     748
     789
     730
     737
     834
     769
     818
     801
     801
     817
     811
     793
     839
     800
     814
     809
     910
     890
     851
     861
     880
     880
     826
     855
     852
     882
     848
     909
     920
     900
     889
     909
     982
     904
     899
     935
     931
     952
     942
     966
     940
    1025
    1018
     979
     983
    1063
    1062
    1072
    1026
    1016
    1062
    1016
    1022
    1031
    1104
    1054
    1100
    1102
    1126
    1082
    1163
    1061
    1214
    1121
    1118
    1172
    1178
    1086
    1190
    1098
    1192
    1168
    1220
    1126
    1259
    1214
    1304
    1276
    1202
    1215
    1252
    1306
    1262
    1322
    1293
    1305
    1318
    1292
    1284
    1307
    1450
    1388
    1303
    1351
    1321
    1304
    1353
    1351
    1351
    1352
    1455
    1491
    1390
    1453
    1414
    1472
    1456
    1461
    1429
    1520
    1483
    1500
    1540
    1497
    1419
    1490
    1493
    1494
    1487
    1483
    1529
    1474
    1548
    1479
    1504
    1553
    1555
    1526
    1521
    1561
    1508
    1479
    1540
    1532
    1554
    1433
    1578
    1565
    1505
    1481
    1536
    1446
    1599
    1532
    1545
    1562
    1565
    1543
    1571
    1514
    1498
    1585
    1508
    1592
    1553
    1588
    1524
    1445
    1481
    1424
    1497
    1516
    1460
    1499
    1569
    1478
    1506
    1559
    1499
    1498
    1505
    1465
    1440
    1501
    1569
    1548
    1518
    1510
    1529
    1547
    1501
    1465
    1502
    1494
    1538
    1462
    1510
    1538
    1515
    1507
    1542
    1543
    1582
    1547
    1602
    1567
    1534
    1551
    1562
    1578
    1612
    1670
    1609
    1640
    1600
    1744
    1619
    1714
    1662
    1645
    1697
    1714
    1643
    1713
    1688
    1636
    1610
    1764
    1740
    1685
    1728
    1736
    1738
    1775
    1773
    1755
    1789
    1804
    1794
    1852
    1803
    1858
    1866
    1976
    1884
    1938
    1918
    1971
    1959
    1916
    1949
    1877
    1995
    2018
    1994
    2033
    2002
    2050
    2033
    2096
    2068
    2069
    2194
    2245
    2161
    2217
    2137
    2207
    2222
    2264
    2226
    2281
    2274
    2228
    2325
    2297
    2335
    2405
    2467
    2431
    2322
    2456
    2447
    2435
    2552
    2436
    2481
    2591
    2542
    2624
    2566
    2655
    2745
    2712
    2747
    2741
    2798
    2788
    2763
    2826
    2863
    2867
    2903
    2749
    2967
    3109
    2932
    3094
    3121
    3137
    3242
    3128
    3120
    3147
    3168
    3368
    3233
    3416
    3364
    3204
    3347
    3475
    3420
    3499
    3556
    3585
    3609
    3637
    3667
    3597
    3748
    3619
    3742
    3855
    3950
    3844
    3911
    4009
    3857
    3991
    4119
    4086
    4177
    4261
    4282
    4283
    4314
    4470
    4323
    4432
    4523
    4476
    4508
    4538
    4656
    4653
    4821
    4794
    4836
    4868
    5005
    4943
    5047
    5009
    5215
    5153
    5293
    5345
    5285
    5351
    5457
    5516
    5582
    5530
    5706
    5732
    5668
    5871
    5980
    5941
    5971
    6149
    6286
    6085
    6358
    6336
    6407
    6531
    6454
    6647
    6653
    6777
    6714
    6865
    7022
    6910
    7126
    7139
    7304
    7361
    7520
    7429
    7654
    7645
    7763
    7742
    7972
    8072
    8020
    8155
    8158
    8379
    8540
    8500
    8797
    8704
    9107
    9037
    9161
    9318
    9247
    9664
    9580
    9817
    9997
    9965
   10316
   10260
   10370
   10502
   10775
   10626
   10856
   11143
   11208
   11424
   11475
   11821
   11890
   11895
   12144
   12248
   12505
   12687
   12782
   13176
   13413
   13361
   13547
   14079
   14119
   14414
   14528
   14961
   15065
   15142
   15587
   15552
   15970
   16272
   16264
   16647
   17279
   17372
       0
       0
       0
       0
       0
       0
       0
       0
       0
       0
       0
       0
       0
       0
       0
       0
       0
       0
       0
       0
       0
       0
       0
       0
       0
       0
       0
       0
       0
       0
       0
       0
$ROI:
0
$PRESETS:
None
0
0
$ENER_FIT:
-0.169488 0.023446
$MCA_CAL:
3
-1.694878E-001 2.344633E-002 0.000000E+000 keV
$SHAPE_CAL:
3
0.000000E+000 0.000000E+000 0.000000E+000
