$SPEC_ID:
No sample description was entered.
$SPEC_REM:
DET# 4
DETDESC# JLAB-20 MCB 131
AP# Maestro Version 7.01
$DATE_MEA:
10/01/2025 07:06:44
$MEAS_TIM:
152188 155880
$DATA:
0 2047
       0
       0
       0
       0
       0
       0
       0
       0
       0
       0
       0
       0
       0
       0
       0
       0
       0
       0
       0
       0
       0
       0
       0
       0
       0
       0
       0
       0
       0
       0
       0
       0
       0
       0
       0
       0
       0
       0
       0
       0
       0
       0
       0
       0
       0
       0
       0
       0
       0
       0
       0
       1
       2
       0
       1
       1
       0
       1
       0
       0
       0
       0
       0
       1
       0
       1
       1
       1
       1
     593
   17151
   17244
   16343
   15831
   15513
   14894
   14565
   14610
   14323
   14263
   14006
   13951
   13633
   13604
   13418
   13409
   13188
   12877
   12906
   13047
   12746
   12319
   12522
   12338
   12254
   12073
   12062
   12153
   11916
   11944
   11813
   11704
   11582
   11711
   11377
   11175
   11161
   11157
   11104
   10979
   10820
   10842
   10985
   10749
   10623
   10693
   10482
   10520
   10407
   10193
   10256
   10090
   10126
   10069
    9954
    9928
   10198
    9912
    9875
    9618
    9894
    9705
    9361
    9607
    9415
    9471
    9495
    9585
    9279
    9293
    9354
    9177
    9074
    9051
    9046
    8988
    9122
    9173
    8916
    9163
    8886
    8970
    8776
    8876
    8753
    8665
    8616
    8711
    8738
    8560
    8602
    8442
    8497
    8495
    8496
    8409
    8434
    8455
    8334
    8353
    8182
    8274
    8294
    8170
    8274
    8252
    8156
    8115
    8176
    8113
    8001
    8052
    8136
    8025
    7962
    8060
    7963
    7912
    8005
    7915
    7945
    7949
    7815
    7997
    8056
    7823
    7882
    7745
    7867
    7847
    7817
    7801
    7764
    7841
    7637
    7532
    7706
    7707
    7539
    7621
    7687
    7762
    7755
    7596
    7758
    7571
    7636
    7757
    7542
    7636
    7750
    7637
    7659
    7735
    7601
    7530
    7522
    7565
    7649
    7642
    7641
    7559
    7501
    7678
    7602
    7459
    7499
    7569
    7417
    7479
    7456
    7414
    7586
    7384
    7523
    7457
    7445
    7472
    7594
    7491
    7575
    7497
    7570
    7516
    7583
    7598
    7579
    7684
    7630
    7603
    7603
    7424
    7708
    7600
    7713
    7672
    7641
    7776
    7803
    7749
    7669
    7672
    7791
    7737
    7708
    7647
    7814
    7836
    7681
    7819
    7785
    7785
    7920
    7922
    7847
    7776
    7925
    7834
    7893
    7874
    7895
    7810
    7896
    7995
    7912
    8027
    8040
    8089
    8114
    8331
    8372
    8553
    8572
    8881
    9074
    9379
    9805
   10500
   11072
   11976
   12931
   13829
   15427
   16853
   18780
   21003
   23599
   26295
   29432
   32799
   36693
   40755
   44696
   49355
   54751
   59437
   64502
   69271
   73771
   79311
   84108
   88544
   93253
   97521
  101606
  104878
  107369
  110908
  112359
  114928
  116513
  117832
  119707
  120283
  120036
  120302
  120264
  120021
  119598
  118752
  117611
  116976
  115369
  114515
  112793
  111396
  109281
  107592
  105149
  103495
  101209
   98884
   96364
   94498
   91255
   88313
   85712
   83265
   80093
   77319
   74302
   71673
   68770
   65896
   63168
   60128
   57681
   55037
   52368
   50169
   47661
   45851
   43331
   41844
   40011
   38717
   37205
   35947
   34546
   33938
   32776
   31359
   30677
   29470
   28736
   27570
   26831
   25820
   24550
   23884
   22942
   22048
   21170
   19982
   19094
   18047
   17413
   16201
   15485
   14408
   13451
   12805
   11755
   11303
   10426
    9739
    9195
    8689
    8242
    7509
    7229
    6718
    6469
    6329
    6166
    5962
    5603
    5462
    5383
    5294
    5226
    5151
    5276
    5296
    5146
    5135
    5049
    5134
    5093
    5087
    4978
    5178
    5091
    5172
    5062
    5097
    5137
    5210
    4898
    5100
    5056
    5133
    5067
    4912
    5000
    4902
    4959
    4909
    4928
    4945
    4794
    4968
    4967
    4817
    4835
    4901
    4838
    4673
    4736
    4641
    4747
    4788
    4707
    4704
    4649
    4657
    4632
    4616
    4674
    4554
    4626
    4500
    4694
    4648
    4529
    4510
    4517
    4576
    4384
    4525
    4541
    4341
    4419
    4471
    4315
    4356
    4400
    4400
    4374
    4340
    4469
    4434
    4408
    4362
    4405
    4535
    4347
    4318
    4333
    4324
    4354
    4281
    4400
    4421
    4372
    4311
    4445
    4312
    4274
    4273
    4443
    4470
    4428
    4340
    4392
    4333
    4385
    4284
    4332
    4458
    4448
    4361
    4465
    4431
    4329
    4463
    4391
    4334
    4353
    4342
    4394
    4357
    4360
    4236
    4456
    4434
    4297
    4427
    4334
    4288
    4392
    4337
    4262
    4297
    4229
    4131
    4142
    4250
    4232
    4157
    4031
    4134
    4107
    4107
    4064
    4134
    4026
    3946
    4045
    4022
    4042
    3931
    3987
    3995
    3927
    3944
    4065
    3942
    4006
    4099
    3937
    3865
    3895
    3940
    3881
    3841
    3939
    3837
    3827
    3759
    3798
    3792
    3703
    3836
    3830
    3746
    3785
    3701
    3808
    3857
    3832
    3869
    3791
    3771
    3771
    3851
    3725
    3742
    3631
    3726
    3765
    3736
    3726
    3731
    3760
    3745
    3712
    3842
    3870
    3830
    3759
    3859
    3662
    3817
    3749
    3750
    3785
    3755
    3788
    3681
    3689
    3692
    3696
    3857
    3826
    3731
    3757
    3861
    3673
    3756
    3781
    3704
    3660
    3627
    3683
    3726
    3732
    3710
    3763
    3607
    3722
    3691
    3696
    3585
    3657
    3685
    3685
    3578
    3655
    3654
    3630
    3615
    3656
    3628
    3620
    3609
    3609
    3538
    3598
    3612
    3638
    3573
    3652
    3619
    3618
    3580
    3559
    3560
    3562
    3683
    3513
    3524
    3587
    3540
    3621
    3457
    3619
    3485
    3572
    3661
    3486
    3515
    3578
    3592
    3614
    3630
    3522
    3618
    3484
    3606
    3503
    3580
    3599
    3473
    3498
    3484
    3609
    3474
    3521
    3610
    3617
    3565
    3424
    3517
    3483
    3486
    3537
    3562
    3560
    3523
    3539
    3510
    3488
    3534
    3481
    3537
    3450
    3464
    3478
    3354
    3457
    3438
    3347
    3384
    3500
    3403
    3454
    3369
    3402
    3371
    3341
    3425
    3474
    3468
    3546
    3448
    3468
    3456
    3365
    3419
    3384
    3455
    3405
    3499
    3403
    3385
    3412
    3318
    3309
    3334
    3374
    3376
    3434
    3482
    3347
    3343
    3339
    3299
    3332
    3302
    3281
    3332
    3300
    3301
    3297
    3287
    3299
    3324
    3361
    3330
    3306
    3289
    3224
    3291
    3203
    3242
    3257
    3180
    3291
    3221
    3329
    3130
    3331
    3216
    3383
    3242
    3354
    3215
    3325
    3238
    3188
    3189
    3257
    3153
    3217
    3262
    3324
    3262
    3197
    3155
    3215
    3160
    3276
    3277
    3257
    3343
    3214
    3288
    3141
    3245
    3273
    3116
    3204
    3192
    3199
    3160
    3210
    3156
    3080
    3172
    3203
    3160
    3183
    3244
    3153
    3164
    3238
    3151
    3122
    3151
    3084
    3164
    3194
    3202
    3319
    3174
    3225
    3178
    3208
    3143
    3121
    3160
    3110
    3149
    3203
    3073
    3172
    3136
    3200
    3078
    3200
    3086
    3123
    3219
    2999
    3126
    3169
    3135
    3169
    3170
    3147
    3083
    3035
    3159
    3118
    3162
    3175
    3149
    3135
    3105
    3146
    3223
    3079
    3088
    3011
    3100
    3144
    3120
    3040
    3057
    3093
    3063
    3158
    3141
    3144
    3041
    3040
    3058
    3093
    3078
    3068
    3040
    3052
    3065
    3066
    3035
    2986
    3104
    3000
    3103
    2991
    3054
    3086
    3148
    3059
    3103
    3116
    2960
    3048
    3046
    3059
    3176
    3073
    3039
    3069
    3084
    3088
    3141
    3166
    3185
    3198
    3246
    3076
    3110
    3242
    3191
    3148
    3177
    3201
    3116
    3116
    3174
    3157
    3116
    3129
    3095
    3146
    3084
    3097
    3167
    3242
    3041
    3236
    3036
    3142
    3112
    3162
    3049
    3088
    3033
    3012
    3030
    3007
    3118
    3112
    3131
    3063
    3172
    3094
    3073
    3157
    3123
    2977
    3007
    2965
    2975
    2991
    3063
    2987
    3030
    2952
    2997
    3022
    3067
    3073
    2972
    2962
    2996
    2946
    3064
    3026
    2969
    3015
    2955
    2992
    2994
    3060
    3049
    2881
    2978
    2927
    3091
    3030
    2956
    3020
    3057
    3093
    3002
    3109
    3055
    3093
    3140
    3113
    3060
    3219
    3122
    3042
    3164
    3104
    3153
    3122
    3239
    3093
    3113
    3149
    3172
    3140
    3236
    3040
    3104
    3167
    3114
    3191
    3195
    3213
    3148
    3149
    3201
    3110
    3163
    3214
    3092
    3154
    3253
    3220
    3173
    3169
    3093
    3104
    3075
    3074
    3210
    3088
    3047
    3044
    3187
    3072
    3071
    3171
    3194
    3073
    3071
    3075
    3102
    3120
    3050
    3153
    3123
    3116
    3021
    3032
    3044
    3157
    3054
    3086
    3027
    3119
    3003
    3060
    2931
    3030
    3038
    2953
    3013
    2979
    3036
    2929
    2995
    2988
    2981
    2858
    3009
    3005
    2859
    2910
    2949
    3106
    3028
    2992
    2979
    3026
    2996
    3149
    3067
    3053
    3132
    3169
    3086
    3136
    3159
    3175
    3216
    3287
    3298
    3250
    3319
    3327
    3337
    3359
    3335
    3347
    3469
    3457
    3289
    3393
    3473
    3328
    3419
    3346
    3459
    3424
    3359
    3398
    3310
    3280
    3385
    3339
    3327
    3288
    3248
    3352
    3229
    3132
    3235
    3138
    3145
    3232
    3177
    3093
    3071
    3189
    3050
    2949
    3063
    3078
    2964
    2881
    2852
    2839
    2898
    2905
    2823
    2782
    2919
    2860
    2853
    2848
    2723
    2694
    2762
    2851
    2766
    2692
    2746
    2670
    2730
    2811
    2650
    2736
    2732
    2703
    2758
    2686
    2743
    2723
    2701
    2695
    2762
    2711
    2733
    2786
    2725
    2790
    2748
    2730
    2746
    2749
    2710
    2693
    2733
    2684
    2717
    2729
    2733
    2740
    2765
    2671
    2632
    2735
    2826
    2758
    2684
    2768
    2825
    2821
    2760
    2763
    2743
    2727
    2767
    2930
    2730
    2775
    2711
    2826
    2841
    2710
    2662
    2711
    2747
    2794
    2729
    2734
    2760
    2827
    2807
    2729
    2822
    2856
    2631
    2754
    2720
    2794
    2736
    2794
    2840
    2772
    2853
    2785
    2766
    2873
    2768
    2741
    2767
    2802
    2811
    2760
    2765
    2818
    2814
    2980
    2816
    2800
    2844
    2723
    2763
    2818
    2899
    2933
    2817
    2802
    2774
    2870
    2925
    2814
    2920
    2907
    2938
    2873
    2839
    2900
    2888
    2872
    2806
    2818
    2797
    2893
    2848
    2798
    2819
    2742
    2767
    2782
    2860
    2800
    2858
    2765
    2797
    2817
    2783
    2830
    2709
    2718
    2742
    2860
    2775
    2799
    2829
    2806
    2787
    2742
    2794
    2821
    2696
    2715
    2851
    2795
    2766
    2731
    2751
    2797
    2741
    2695
    2644
    2721
    2742
    2776
    2841
    2761
    2699
    2718
    2791
    2737
    2679
    2789
    2671
    2746
    2790
    2778
    2727
    2754
    2678
    2795
    2728
    2756
    2770
    2854
    2824
    2807
    2770
    2793
    2841
    2781
    2852
    2734
    2769
    2844
    2778
    2874
    2881
    2838
    2889
    2776
    2850
    2752
    2847
    2812
    2804
    2787
    2853
    2900
    2867
    2966
    2903
    2894
    2907
    2808
    2870
    2931
    2927
    2888
    2789
    2914
    2863
    2892
    2882
    2851
    2894
    2834
    2949
    2945
    2944
    2847
    2767
    2960
    2875
    2923
    2840
    2919
    2906
    2955
    2978
    2957
    2860
    2916
    2926
    2936
    3011
    2935
    2880
    2962
    2938
    2982
    2985
    3002
    3025
    2970
    3000
    2944
    2932
    3044
    2969
    2929
    3010
    3006
    3032
    3058
    3025
    2990
    3154
    3087
    3089
    3032
    2880
    2985
    3045
    3003
    3041
    3012
    2986
    3076
    3010
    2864
    3047
    3055
    3011
    3135
    2991
    2990
    3091
    3063
    3101
    3043
    3134
    3011
    3056
    3106
    3078
    3149
    3061
    3156
    3100
    3048
    3057
    3154
    3098
    3066
    3082
    3178
    3151
    3163
    3172
    3090
    3211
    3115
    3298
    3195
    3214
    3144
    3131
    3219
    3262
    3344
    3297
    3269
    3282
    3256
    3339
    3247
    3344
    3301
    3243
    3297
    3421
    3216
    3317
    3436
    3362
    3311
    3262
    3353
    3421
    3375
    3400
    3528
    3364
    3388
    3327
    3426
    3341
    3555
    3499
    3392
    3447
    3588
    3442
    3522
    3483
    3581
    3490
    3492
    3625
    3630
    3746
    3627
    3641
    3685
    3716
    3733
    3706
    3723
    3639
    3669
    3701
    3849
    3694
    3770
    3713
    3717
    3796
    3835
    3880
    3888
    3763
    3875
    3895
    3884
    3929
    4035
    3976
    3916
    4115
    4083
    4085
    4067
    3981
    4128
    4122
    4047
    4083
    4102
    4264
    4090
    4192
    4205
    4159
    4484
    4229
    4302
    4314
    4419
    4388
    4511
    4387
    4396
    4522
    4559
    4472
    4619
    4705
    4681
    4661
    4717
    4852
    4643
    4667
    4835
    4869
    4798
    4963
    4966
    4919
    4882
    4915
    5179
    4986
    5001
    5137
    5114
    5231
    5103
    5305
    5253
    5285
    5415
    5436
    5387
    5576
    5608
    5616
    5584
    5542
    5782
    5682
    5736
    5719
    5887
    5870
    5909
    5871
    5902
    5879
    5961
    5958
    6135
    6142
    6159
    6230
    6386
    6211
    6270
    6191
    6442
    6401
    6506
    6461
    6677
    6660
    6690
    6672
    6651
    6645
    6836
    6930
    6859
    7115
    7056
    7094
    7033
    7041
    7152
    7202
    7471
    7239
    7197
    7447
    7303
    7313
    7416
    7496
    7591
    7444
    7759
    7755
    7711
    7749
    7822
    7827
    7752
    7908
    7768
    7812
    7969
    8087
    8034
    8000
    8057
    8050
    8187
    8144
    8242
    8086
    8262
    8216
    8182
    8297
    8174
    8326
    8215
    8285
    8251
    8249
    8339
    8281
    8307
    8442
    8203
    8075
    8359
    8268
    8275
    8296
    8355
    8149
    8194
    8266
    8269
    8234
    8456
    8443
    8217
    8250
    8326
    8221
    8238
    8365
    8162
    8288
    8341
    8110
    8328
    8025
    8297
    8015
    8226
    8343
    8294
    8302
    8205
    8324
    8238
    8217
    8271
    8181
    8189
    8318
    8093
    8304
    8068
    8305
    8404
    8391
    8110
    8323
    8121
    8273
    8240
    8360
    8350
    8386
    8418
    8386
    8506
    8503
    8490
    8593
    8560
    8522
    8421
    8672
    8626
    8832
    8786
    8744
    8638
    8845
    8865
    8916
    8816
    8990
    8945
    8969
    9150
    9136
    9236
    9242
    9201
    9207
    9285
    9362
    9428
    9480
    9458
    9423
    9586
    9814
    9851
    9806
    9721
    9992
    9791
    9921
    9973
   10015
   10230
   10365
   10312
   10245
   10391
   10559
   10588
   10544
   10763
   10553
   10784
   11084
   11061
   11042
   11053
   11172
   11190
   11309
   11446
   11524
   11838
   11780
   11688
   11805
   11606
   12208
   11978
   12175
   12250
   12234
   12353
   12475
   12631
   12431
   12551
   12847
   13070
   13129
   12959
   13198
   13251
   13481
   13789
   13771
   13895
   14082
   14015
   14094
   14167
   14417
   14581
   14487
   14970
   15157
   15029
   15097
   15320
   15416
   15613
   15789
   15753
   15716
   16030
   16461
   16180
   16781
   16627
   16831
   17283
   16938
   17145
   17208
   17514
   17911
   17907
   18052
   18375
   17960
   18432
   18839
   18940
   18889
   19240
   19557
   19687
   19919
   20164
   19965
   20286
   20274
   20499
   20582
   21165
   20907
   21677
   21493
   21803
   22011
   22288
   22484
   22698
   22834
   23131
   22989
   23942
   23979
   23703
   24084
   24204
   24522
   24686
   25283
   25329
   25523
   25920
   26342
   26518
   26659
   26793
   26811
   27484
   27767
   27998
   28311
   28523
   28967
   29013
   29298
   29701
   29975
   30240
   30781
   30901
   30925
   31612
   31557
   32001
   32287
   32449
   32844
   33418
   33134
   34299
   34448
   34859
   35172
   35420
   35992
   36097
   36819
   37095
   37320
   37807
   38188
   38461
   39226
   39929
   40409
   40555
   40942
   41192
   41932
   42515
   42753
   43158
   43816
   44303
   44486
   45443
   45867
   46547
   46773
   47506
   48126
   49222
   49518
   49787
   50391
   50918
   51806
   52024
   53314
   53842
   53956
   55391
   55688
   56220
   57216
   57907
   59087
   59539
   60346
   60879
   61817
   62571
   63455
   64345
   64914
   66313
   67216
   68104
   69573
   69973
   71349
   72178
   73228
   74224
   75359
   76989
   77661
   79322
   80179
   82252
   82410
   84699
   85226
   86896
   88267
   88740
   90982
   92980
   94088
       0
       0
       0
       0
       0
       0
       0
       0
       0
       0
       0
       0
       0
       0
       0
       0
       0
       0
       0
       0
       0
       0
       0
       0
       0
       0
       0
       0
       0
       0
       0
       0
$ROI:
0
$PRESETS:
None
0
0
$ENER_FIT:
-0.169488 0.023446
$MCA_CAL:
3
-1.694878E-001 2.344633E-002 0.000000E+000 keV
$SHAPE_CAL:
3
0.000000E+000 0.000000E+000 0.000000E+000
