$SPEC_ID:
No sample description was entered.
$SPEC_REM:
DET# 4
DETDESC# JLAB-20 MCB 131
AP# Maestro Version 7.01
$DATE_MEA:
09/30/2025 13:46:44
$MEAS_TIM:
91260 93479
$DATA:
0 2047
       0
       0
       0
       0
       0
       0
       0
       0
       0
       0
       0
       0
       0
       0
       0
       0
       0
       0
       0
       0
       0
       0
       0
       0
       0
       0
       0
       0
       0
       0
       0
       0
       0
       0
       0
       0
       0
       0
       0
       0
       0
       0
       0
       0
       0
       0
       0
       0
       0
       0
       0
       0
       1
       0
       1
       0
       0
       0
       0
       0
       0
       0
       0
       1
       0
       1
       1
       1
       0
     342
   10397
   10488
    9897
    9462
    9425
    8988
    8894
    8785
    8632
    8495
    8337
    8504
    8177
    8164
    8063
    8032
    7911
    7705
    7658
    7937
    7696
    7329
    7522
    7346
    7294
    7201
    7237
    7321
    7167
    7136
    7049
    7024
    6955
    7050
    6853
    6680
    6788
    6682
    6705
    6588
    6497
    6513
    6507
    6392
    6333
    6416
    6268
    6250
    6130
    6055
    6176
    6132
    6024
    6065
    6023
    5998
    6178
    5982
    5901
    5803
    5951
    5852
    5626
    5720
    5568
    5669
    5647
    5729
    5557
    5523
    5585
    5555
    5418
    5415
    5442
    5424
    5492
    5554
    5436
    5526
    5227
    5453
    5164
    5324
    5199
    5163
    5219
    5240
    5270
    5113
    5189
    5080
    5111
    5034
    5140
    5044
    5066
    5122
    5031
    5073
    4947
    4917
    4999
    4895
    5024
    4984
    4947
    4864
    4920
    4949
    4799
    4806
    4924
    4847
    4753
    4866
    4767
    4777
    4822
    4733
    4713
    4742
    4617
    4808
    4880
    4667
    4801
    4673
    4686
    4779
    4657
    4703
    4695
    4729
    4589
    4544
    4577
    4590
    4562
    4541
    4609
    4638
    4565
    4449
    4611
    4585
    4563
    4607
    4551
    4603
    4664
    4589
    4558
    4693
    4560
    4617
    4496
    4524
    4585
    4543
    4512
    4499
    4456
    4592
    4623
    4531
    4453
    4575
    4460
    4454
    4505
    4488
    4543
    4356
    4545
    4510
    4437
    4487
    4559
    4458
    4541
    4491
    4515
    4520
    4520
    4548
    4502
    4583
    4595
    4589
    4550
    4422
    4658
    4641
    4609
    4593
    4543
    4673
    4751
    4701
    4601
    4578
    4613
    4698
    4771
    4638
    4726
    4676
    4623
    4651
    4652
    4629
    4718
    4733
    4684
    4602
    4754
    4680
    4746
    4743
    4766
    4640
    4731
    4766
    4709
    4823
    4786
    4811
    4856
    4966
    4952
    5116
    5173
    5274
    5534
    5625
    5795
    6263
    6608
    7124
    7628
    8292
    9282
   10073
   11161
   12475
   14070
   15722
   17427
   19416
   21641
   24206
   26677
   29367
   32650
   35467
   38374
   41354
   44025
   47434
   50413
   53343
   55932
   58307
   60691
   63095
   64276
   66703
   67548
   68963
   69867
   70612
   71698
   72159
   72020
   72363
   72345
   72242
   71866
   71336
   70704
   70244
   69450
   68387
   67616
   66814
   65339
   64397
   63018
   62021
   60793
   59214
   57739
   56397
   54726
   52975
   51197
   50083
   48072
   46184
   44423
   42866
   41467
   39669
   38150
   36431
   34599
   33042
   31493
   30139
   28762
   27693
   26152
   25195
   24028
   23290
   22551
   21473
   20726
   20420
   19608
   18811
   18446
   17737
   17395
   16476
   16074
   15486
   14698
   14274
   13790
   13227
   12790
   11992
   11318
   10723
   10334
    9730
    9303
    8575
    8122
    7731
    7064
    6872
    6265
    5902
    5533
    5202
    4940
    4467
    4338
    4000
    3904
    3777
    3719
    3552
    3360
    3238
    3197
    3127
    3119
    3135
    3103
    3155
    3090
    3051
    2965
    3109
    3072
    3012
    3012
    3095
    3052
    3192
    3033
    3078
    3113
    3144
    2855
    3043
    3000
    3054
    3053
    2969
    3004
    2947
    2968
    2933
    3021
    3042
    2864
    2958
    2918
    2880
    2831
    2879
    2921
    2825
    2814
    2866
    2811
    2839
    2865
    2836
    2766
    2789
    2733
    2770
    2796
    2733
    2754
    2674
    2788
    2733
    2733
    2704
    2765
    2797
    2674
    2710
    2685
    2613
    2665
    2677
    2560
    2634
    2584
    2656
    2618
    2586
    2654
    2622
    2652
    2625
    2646
    2767
    2608
    2584
    2592
    2566
    2580
    2584
    2665
    2612
    2635
    2640
    2632
    2618
    2519
    2551
    2665
    2678
    2618
    2550
    2664
    2639
    2652
    2587
    2622
    2663
    2668
    2605
    2688
    2700
    2626
    2694
    2641
    2629
    2626
    2604
    2664
    2650
    2609
    2542
    2646
    2633
    2562
    2635
    2606
    2600
    2596
    2632
    2608
    2539
    2552
    2497
    2467
    2592
    2527
    2515
    2398
    2473
    2467
    2461
    2448
    2439
    2442
    2373
    2411
    2477
    2432
    2361
    2434
    2413
    2367
    2373
    2449
    2412
    2388
    2417
    2393
    2355
    2386
    2375
    2318
    2303
    2353
    2303
    2235
    2228
    2317
    2288
    2241
    2311
    2302
    2256
    2287
    2224
    2270
    2286
    2270
    2290
    2281
    2282
    2331
    2312
    2243
    2271
    2165
    2192
    2210
    2253
    2228
    2185
    2279
    2229
    2207
    2327
    2301
    2292
    2263
    2286
    2210
    2266
    2290
    2243
    2250
    2221
    2275
    2212
    2235
    2199
    2201
    2298
    2286
    2243
    2267
    2311
    2195
    2290
    2279
    2214
    2196
    2174
    2234
    2241
    2296
    2258
    2308
    2180
    2253
    2220
    2238
    2153
    2202
    2189
    2220
    2175
    2191
    2185
    2151
    2226
    2229
    2208
    2157
    2141
    2142
    2107
    2196
    2171
    2171
    2132
    2167
    2184
    2195
    2179
    2118
    2160
    2178
    2233
    2158
    2084
    2178
    2118
    2170
    2061
    2210
    2075
    2115
    2221
    2081
    2094
    2133
    2149
    2126
    2171
    2160
    2141
    2093
    2144
    2090
    2153
    2178
    2094
    2165
    2084
    2136
    2078
    2154
    2163
    2164
    2142
    2069
    2101
    2045
    2115
    2097
    2158
    2193
    2066
    2147
    2103
    2084
    2081
    2131
    2126
    2070
    2108
    2091
    2032
    2067
    2041
    2013
    1991
    2117
    2048
    2044
    2051
    2089
    2065
    2019
    2030
    2046
    2084
    2123
    2043
    2107
    2118
    2046
    2028
    2009
    2065
    2016
    2112
    2027
    2019
    2058
    1967
    2028
    2014
    2088
    1985
    2084
    2097
    2012
    1995
    1984
    1985
    1981
    2013
    1945
    2005
    1977
    2016
    1977
    2011
    1945
    2003
    2008
    1985
    1989
    1945
    1925
    1975
    1945
    1920
    1967
    1946
    1987
    1955
    2024
    1900
    1997
    1951
    2082
    1983
    2027
    1911
    2011
    1972
    1950
    1909
    1979
    1955
    1960
    1987
    2008
    1922
    1900
    1865
    1899
    1884
    1999
    1957
    1984
    1987
    1903
    1968
    1906
    1867
    1990
    1848
    1916
    1889
    1903
    1891
    1951
    1885
    1861
    1928
    1959
    1908
    1894
    1945
    1922
    1892
    1948
    1894
    1891
    1855
    1797
    1866
    1897
    1873
    1981
    1874
    1965
    1944
    1923
    1879
    1911
    1912
    1893
    1876
    1903
    1789
    1886
    1952
    1965
    1814
    1943
    1874
    1884
    1910
    1807
    1804
    1920
    1837
    1886
    1930
    1895
    1799
    1817
    1899
    1896
    1878
    1888
    1882
    1890
    1905
    1873
    1952
    1838
    1880
    1885
    1904
    1912
    1860
    1841
    1810
    1840
    1791
    1902
    1885
    1901
    1843
    1846
    1838
    1824
    1847
    1851
    1826
    1806
    1868
    1812
    1783
    1839
    1897
    1792
    1861
    1822
    1835
    1902
    1915
    1801
    1883
    1917
    1823
    1837
    1823
    1822
    1904
    1840
    1822
    1799
    1811
    1865
    1858
    1904
    1923
    1957
    1948
    1887
    1886
    1955
    1870
    1850
    1875
    1945
    1849
    1899
    1903
    1901
    1895
    1853
    1866
    1895
    1866
    1868
    1876
    1931
    1787
    1915
    1861
    1906
    1868
    1848
    1804
    1820
    1807
    1844
    1780
    1792
    1874
    1867
    1857
    1831
    1926
    1891
    1832
    1933
    1899
    1794
    1811
    1827
    1794
    1837
    1873
    1811
    1780
    1769
    1817
    1803
    1829
    1867
    1733
    1756
    1817
    1789
    1860
    1813
    1788
    1809
    1803
    1741
    1844
    1853
    1895
    1748
    1766
    1789
    1849
    1771
    1746
    1876
    1793
    1897
    1773
    1810
    1830
    1866
    1894
    1863
    1829
    1917
    1862
    1875
    1902
    1847
    1878
    1854
    1961
    1868
    1885
    1911
    1905
    1865
    1913
    1841
    1863
    1898
    1851
    1886
    1868
    1936
    1847
    1865
    1927
    1877
    1885
    1883
    1885
    1877
    1946
    1916
    1896
    1873
    1810
    1854
    1863
    1855
    1963
    1846
    1803
    1867
    1910
    1891
    1857
    1903
    1934
    1873
    1899
    1867
    1884
    1907
    1881
    1825
    1904
    1857
    1821
    1788
    1806
    1881
    1860
    1902
    1826
    1848
    1803
    1918
    1799
    1795
    1790
    1766
    1850
    1788
    1838
    1777
    1796
    1823
    1771
    1715
    1774
    1777
    1710
    1781
    1785
    1863
    1846
    1782
    1821
    1786
    1796
    1863
    1846
    1799
    1866
    1914
    1830
    1887
    1978
    1888
    1899
    1975
    1958
    1978
    1977
    1990
    1985
    2024
    2042
    1992
    2070
    2077
    1923
    2075
    2106
    1999
    2021
    1949
    2066
    2039
    2009
    2066
    1927
    1975
    2083
    2076
    1998
    1970
    1921
    2049
    1921
    1828
    1936
    1892
    1907
    1929
    1873
    1841
    1855
    1914
    1781
    1829
    1818
    1850
    1777
    1700
    1736
    1708
    1768
    1774
    1732
    1628
    1722
    1670
    1717
    1731
    1627
    1610
    1701
    1735
    1681
    1609
    1622
    1608
    1658
    1670
    1607
    1639
    1625
    1612
    1697
    1645
    1644
    1671
    1613
    1594
    1699
    1614
    1608
    1702
    1622
    1670
    1629
    1655
    1664
    1659
    1634
    1656
    1670
    1588
    1601
    1640
    1590
    1645
    1649
    1606
    1570
    1670
    1674
    1626
    1631
    1693
    1671
    1722
    1682
    1653
    1672
    1707
    1694
    1798
    1633
    1671
    1663
    1681
    1652
    1627
    1573
    1647
    1633
    1626
    1618
    1621
    1696
    1711
    1685
    1642
    1709
    1712
    1558
    1684
    1618
    1638
    1669
    1664
    1696
    1631
    1698
    1689
    1695
    1732
    1681
    1639
    1653
    1700
    1727
    1669
    1634
    1740
    1697
    1826
    1678
    1705
    1664
    1633
    1681
    1690
    1703
    1755
    1666
    1656
    1691
    1721
    1739
    1680
    1726
    1720
    1740
    1698
    1728
    1726
    1696
    1718
    1706
    1709
    1638
    1692
    1707
    1647
    1678
    1649
    1673
    1665
    1632
    1668
    1729
    1622
    1646
    1683
    1663
    1664
    1590
    1611
    1635
    1747
    1645
    1711
    1722
    1690
    1685
    1655
    1654
    1683
    1618
    1641
    1705
    1706
    1701
    1595
    1668
    1692
    1642
    1596
    1620
    1593
    1655
    1700
    1732
    1654
    1620
    1609
    1697
    1664
    1609
    1673
    1631
    1666
    1681
    1627
    1623
    1610
    1629
    1694
    1657
    1679
    1676
    1754
    1688
    1675
    1675
    1626
    1700
    1636
    1682
    1642
    1690
    1684
    1648
    1721
    1738
    1742
    1718
    1664
    1735
    1641
    1725
    1677
    1666
    1668
    1765
    1700
    1697
    1799
    1772
    1696
    1786
    1697
    1768
    1744
    1766
    1752
    1636
    1761
    1750
    1756
    1744
    1748
    1702
    1734
    1785
    1783
    1791
    1703
    1653
    1801
    1721
    1788
    1676
    1753
    1749
    1762
    1773
    1773
    1699
    1763
    1721
    1764
    1753
    1742
    1748
    1815
    1818
    1829
    1764
    1800
    1854
    1801
    1814
    1780
    1746
    1811
    1821
    1776
    1830
    1790
    1836
    1836
    1854
    1809
    1902
    1885
    1829
    1810
    1767
    1730
    1844
    1743
    1832
    1828
    1809
    1884
    1872
    1700
    1857
    1790
    1851
    1871
    1795
    1793
    1777
    1859
    1913
    1842
    1935
    1815
    1831
    1835
    1849
    1877
    1836
    1867
    1832
    1825
    1824
    1906
    1850
    1846
    1856
    1877
    1856
    1910
    1898
    1869
    1885
    1894
    1998
    1951
    1919
    1898
    1857
    1935
    1986
    2017
    1976
    1948
    1904
    1968
    1970
    1960
    2070
    2032
    2001
    2015
    2048
    1919
    1961
    2002
    2040
    1982
    1954
    2018
    2029
    2023
    2100
    2175
    2042
    1968
    1946
    2084
    2055
    2132
    2108
    2036
    2029
    2146
    2048
    2139
    2128
    2147
    2050
    2119
    2185
    2207
    2260
    2208
    2208
    2225
    2199
    2184
    2156
    2237
    2171
    2163
    2184
    2304
    2241
    2266
    2227
    2267
    2306
    2234
    2320
    2331
    2236
    2288
    2368
    2370
    2368
    2413
    2360
    2290
    2477
    2474
    2441
    2440
    2409
    2501
    2466
    2386
    2461
    2475
    2538
    2481
    2504
    2452
    2457
    2695
    2560
    2538
    2598
    2646
    2674
    2655
    2603
    2618
    2697
    2737
    2675
    2821
    2875
    2785
    2844
    2830
    2898
    2807
    2771
    2944
    2903
    2858
    2942
    3022
    2901
    2903
    2980
    3083
    2988
    3004
    3050
    3055
    3047
    3053
    3179
    3118
    3250
    3240
    3255
    3258
    3317
    3420
    3363
    3348
    3306
    3464
    3445
    3365
    3412
    3538
    3512
    3506
    3526
    3597
    3499
    3640
    3561
    3685
    3695
    3637
    3754
    3785
    3695
    3799
    3690
    3848
    3816
    3918
    3833
    3959
    3979
    4054
    4033
    3989
    3972
    4062
    4260
    4079
    4317
    4212
    4248
    4301
    4205
    4287
    4335
    4526
    4363
    4265
    4460
    4284
    4408
    4405
    4442
    4616
    4471
    4624
    4602
    4586
    4693
    4783
    4749
    4689
    4657
    4637
    4724
    4840
    4855
    4855
    4838
    4828
    4930
    4970
    4892
    5005
    4830
    4948
    4952
    4882
    4968
    4940
    5037
    4967
    4985
    4984
    4989
    4975
    4973
    5051
    5037
    4940
    4744
    4984
    4981
    4895
    4925
    4981
    4883
    4977
    5016
    4994
    4916
    5068
    5019
    4983
    4923
    4965
    5046
    4916
    5074
    4898
    4967
    4982
    4854
    4973
    4822
    4994
    4768
    4848
    5015
    4926
    4872
    4936
    4969
    4939
    4916
    4955
    4949
    4861
    5078
    4840
    4980
    4883
    4974
    5064
    5064
    4890
    4974
    4875
    4904
    5005
    5006
    4955
    4986
    4923
    5023
    5018
    5059
    5047
    5157
    5128
    5128
    5002
    5220
    5142
    5246
    5243
    5272
    5219
    5287
    5287
    5403
    5378
    5420
    5380
    5406
    5534
    5446
    5585
    5492
    5520
    5446
    5567
    5653
    5547
    5672
    5649
    5680
    5671
    5834
    5789
    5846
    5870
    5894
    5826
    6027
    5931
    6068
    6101
    6313
    6279
    6135
    6213
    6348
    6388
    6258
    6506
    6296
    6455
    6558
    6648
    6576
    6517
    6757
    6688
    6738
    6807
    6892
    7163
    7147
    6987
    6927
    6932
    7271
    7178
    7320
    7285
    7382
    7445
    7431
    7593
    7484
    7542
    7709
    7865
    7866
    7724
    7965
    7997
    8141
    8201
    8243
    8297
    8350
    8356
    8510
    8390
    8672
    8774
    8751
    9041
    8972
    8934
    9113
    9183
    9258
    9352
    9342
    9338
    9324
    9589
    9900
    9712
    9990
    9881
   10122
   10376
   10288
   10147
   10375
   10563
   10677
   10657
   10755
   10912
   10682
   11051
   11270
   11388
   11235
   11413
   11835
   11783
   11901
   12006
   11984
   12132
   12053
   12268
   12393
   12657
   12562
   12900
   12913
   12959
   13066
   13326
   13509
   13596
   13689
   13864
   13789
   14169
   14288
   14249
   14461
   14452
   14712
   14850
   15108
   15180
   15258
   15551
   15801
   15915
   15953
   16064
   15972
   16410
   16613
   16781
   17002
   17116
   17395
   17432
   17440
   17860
   18049
   17992
   18322
   18603
   18409
   18981
   18889
   19205
   19402
   19375
   19767
   19902
   19930
   20665
   20590
   21094
   20980
   21243
   21546
   21623
   21921
   22147
   22390
   22643
   22883
   23074
   23482
   23831
   24185
   24274
   24596
   24722
   25075
   25260
   25513
   25838
   26195
   26661
   26697
   27034
   27532
   27824
   27888
   28437
   28723
   29354
   29747
   29692
   30269
   30480
   31151
   31241
   31760
   32155
   32328
   33414
   33297
   33703
   34188
   34811
   35284
   35551
   36011
   36546
   37094
   37430
   38016
   38510
   39057
   39686
   40189
   40621
   41498
   41749
   42722
   43247
   43636
   44486
   45158
   45875
   46478
   47479
   48035
   49203
   49373
   50525
   51042
   51900
   52673
   53211
   54340
   55655
   56297
       0
       0
       0
       0
       0
       0
       0
       0
       0
       0
       0
       0
       0
       0
       0
       0
       0
       0
       0
       0
       0
       0
       0
       0
       0
       0
       0
       0
       0
       0
       0
       0
$ROI:
0
$PRESETS:
None
0
0
$ENER_FIT:
-0.169488 0.023446
$MCA_CAL:
3
-1.694878E-001 2.344633E-002 0.000000E+000 keV
$SHAPE_CAL:
3
0.000000E+000 0.000000E+000 0.000000E+000
