$SPEC_ID:
No sample description was entered.
$SPEC_REM:
DET# 4
DETDESC# JLAB-20 MCB 131
AP# Maestro Version 7.01
$DATE_MEA:
10/01/2025 08:56:44
$MEAS_TIM:
158634 162480
$DATA:
0 2047
       0
       0
       0
       0
       0
       0
       0
       0
       0
       0
       0
       0
       0
       0
       0
       0
       0
       0
       0
       0
       0
       0
       0
       0
       0
       0
       0
       0
       0
       0
       0
       0
       0
       0
       0
       0
       0
       0
       0
       0
       0
       0
       0
       0
       0
       0
       0
       0
       0
       0
       0
       1
       2
       0
       1
       1
       0
       1
       0
       0
       0
       0
       0
       1
       0
       1
       1
       1
       1
     620
   17809
   17920
   17050
   16530
   16165
   15543
   15187
   15206
   14944
   14849
   14539
   14582
   14211
   14164
   13998
   13953
   13743
   13426
   13455
   13584
   13297
   12877
   13047
   12884
   12784
   12589
   12576
   12634
   12420
   12447
   12299
   12176
   12058
   12197
   11883
   11651
   11602
   11614
   11564
   11448
   11316
   11283
   11468
   11207
   11071
   11134
   10920
   10946
   10844
   10629
   10733
   10504
   10569
   10495
   10395
   10381
   10628
   10299
   10266
   10029
   10317
   10113
    9783
   10028
    9809
    9835
    9865
    9967
    9680
    9672
    9731
    9567
    9466
    9425
    9445
    9369
    9531
    9566
    9311
    9526
    9249
    9366
    9142
    9271
    9152
    9024
    9006
    9065
    9133
    8924
    8954
    8764
    8903
    8828
    8861
    8751
    8818
    8813
    8663
    8688
    8486
    8603
    8641
    8522
    8607
    8627
    8506
    8446
    8524
    8470
    8324
    8369
    8472
    8337
    8359
    8399
    8266
    8248
    8366
    8258
    8257
    8263
    8165
    8334
    8400
    8184
    8237
    8054
    8200
    8202
    8142
    8145
    8072
    8175
    7988
    7851
    8009
    8017
    7860
    7970
    8027
    8063
    8070
    7927
    8100
    7875
    7935
    8097
    7890
    7965
    8107
    8002
    7984
    8043
    7930
    7841
    7832
    7899
    7992
    7941
    7948
    7851
    7836
    7992
    7932
    7768
    7815
    7881
    7761
    7815
    7764
    7708
    7901
    7691
    7842
    7774
    7793
    7756
    7917
    7835
    7901
    7807
    7892
    7844
    7924
    7925
    7920
    8019
    7955
    7927
    7919
    7733
    7997
    7923
    8063
    8004
    7964
    8099
    8136
    8093
    8015
    8019
    8121
    8063
    8051
    7973
    8187
    8214
    8018
    8137
    8072
    8106
    8260
    8266
    8137
    8098
    8286
    8158
    8251
    8182
    8230
    8166
    8210
    8302
    8227
    8365
    8378
    8411
    8449
    8666
    8734
    8938
    8946
    9238
    9475
    9791
   10272
   10948
   11546
   12511
   13501
   14451
   16157
   17640
   19647
   21928
   24643
   27429
   30649
   34246
   38321
   42590
   46631
   51528
   57112
   62057
   67222
   72358
   77043
   82774
   87782
   92369
   97173
  101836
  105897
  109332
  111978
  115754
  117179
  119801
  121390
  122859
  124764
  125229
  125013
  125356
  125307
  124930
  124605
  123797
  122564
  121924
  120188
  119260
  117608
  116075
  113920
  112220
  109618
  107824
  105386
  103068
  100370
   98492
   95029
   92012
   89274
   86723
   83398
   80612
   77518
   74695
   71628
   68684
   65752
   62586
   60019
   57235
   54533
   52223
   49649
   47753
   45127
   43591
   41728
   40256
   38834
   37464
   36041
   35300
   34087
   32665
   31978
   30700
   29944
   28682
   27955
   26877
   25603
   24877
   23922
   22942
   22062
   20841
   19820
   18812
   18114
   16913
   16124
   14977
   14052
   13315
   12223
   11752
   10845
   10144
    9570
    9038
    8586
    7817
    7515
    6995
    6715
    6586
    6399
    6183
    5811
    5708
    5610
    5529
    5435
    5381
    5511
    5513
    5375
    5332
    5258
    5339
    5324
    5303
    5210
    5406
    5306
    5376
    5289
    5311
    5337
    5413
    5109
    5307
    5279
    5323
    5280
    5137
    5219
    5102
    5164
    5115
    5154
    5144
    5006
    5172
    5178
    5033
    5037
    5103
    5046
    4882
    4952
    4866
    4951
    4989
    4913
    4925
    4842
    4868
    4830
    4804
    4884
    4735
    4814
    4672
    4882
    4839
    4713
    4714
    4696
    4777
    4551
    4728
    4724
    4530
    4593
    4658
    4497
    4534
    4622
    4586
    4560
    4522
    4628
    4606
    4597
    4531
    4581
    4704
    4526
    4518
    4512
    4483
    4533
    4455
    4583
    4614
    4561
    4502
    4629
    4483
    4452
    4461
    4640
    4649
    4629
    4514
    4568
    4509
    4546
    4459
    4513
    4639
    4613
    4520
    4662
    4613
    4534
    4661
    4574
    4519
    4554
    4506
    4591
    4540
    4538
    4430
    4637
    4613
    4471
    4603
    4500
    4461
    4573
    4524
    4446
    4464
    4387
    4302
    4347
    4448
    4385
    4330
    4199
    4316
    4263
    4314
    4241
    4312
    4210
    4096
    4199
    4179
    4209
    4102
    4145
    4154
    4091
    4103
    4213
    4120
    4149
    4236
    4095
    4032
    4039
    4108
    4045
    3990
    4096
    3992
    3986
    3913
    3970
    3924
    3873
    3998
    4023
    3915
    3955
    3875
    3978
    4038
    3989
    4010
    3968
    3926
    3960
    3999
    3868
    3889
    3796
    3885
    3943
    3899
    3870
    3888
    3904
    3887
    3857
    3994
    4019
    4004
    3914
    4002
    3804
    3983
    3896
    3907
    3958
    3928
    3958
    3849
    3848
    3856
    3855
    4003
    3971
    3892
    3892
    4014
    3835
    3922
    3934
    3877
    3808
    3801
    3838
    3888
    3873
    3861
    3914
    3765
    3899
    3831
    3837
    3757
    3806
    3849
    3852
    3737
    3822
    3789
    3792
    3791
    3798
    3780
    3769
    3754
    3765
    3667
    3733
    3751
    3792
    3731
    3802
    3780
    3743
    3722
    3714
    3694
    3717
    3841
    3669
    3660
    3716
    3679
    3765
    3607
    3784
    3623
    3734
    3808
    3620
    3655
    3721
    3736
    3761
    3776
    3696
    3767
    3645
    3747
    3653
    3743
    3760
    3630
    3645
    3637
    3744
    3623
    3679
    3757
    3758
    3718
    3581
    3662
    3618
    3655
    3695
    3691
    3695
    3650
    3692
    3645
    3640
    3706
    3624
    3675
    3585
    3619
    3598
    3483
    3620
    3582
    3497
    3558
    3654
    3544
    3616
    3505
    3545
    3541
    3475
    3579
    3612
    3605
    3671
    3559
    3603
    3606
    3508
    3572
    3525
    3619
    3539
    3656
    3556
    3521
    3561
    3482
    3470
    3495
    3512
    3517
    3564
    3631
    3489
    3465
    3493
    3441
    3469
    3439
    3435
    3487
    3450
    3437
    3451
    3431
    3452
    3472
    3522
    3466
    3432
    3435
    3355
    3452
    3350
    3351
    3391
    3320
    3427
    3332
    3465
    3262
    3462
    3351
    3521
    3377
    3496
    3345
    3447
    3384
    3312
    3326
    3395
    3288
    3355
    3395
    3455
    3390
    3350
    3299
    3351
    3309
    3412
    3413
    3413
    3490
    3344
    3426
    3264
    3395
    3407
    3255
    3351
    3331
    3353
    3297
    3373
    3302
    3203
    3319
    3343
    3296
    3318
    3380
    3283
    3296
    3375
    3286
    3252
    3279
    3212
    3281
    3319
    3328
    3450
    3316
    3362
    3318
    3351
    3280
    3263
    3316
    3231
    3290
    3337
    3217
    3309
    3272
    3325
    3212
    3297
    3215
    3249
    3362
    3109
    3269
    3311
    3272
    3305
    3314
    3279
    3209
    3156
    3285
    3272
    3289
    3323
    3295
    3239
    3235
    3285
    3343
    3217
    3211
    3170
    3242
    3290
    3234
    3142
    3191
    3243
    3186
    3285
    3262
    3270
    3171
    3176
    3183
    3210
    3232
    3204
    3158
    3195
    3178
    3211
    3150
    3121
    3223
    3123
    3225
    3117
    3172
    3217
    3278
    3195
    3230
    3240
    3072
    3183
    3182
    3185
    3325
    3199
    3180
    3182
    3222
    3229
    3260
    3295
    3327
    3323
    3385
    3208
    3234
    3357
    3311
    3290
    3319
    3325
    3257
    3236
    3311
    3294
    3231
    3272
    3232
    3261
    3213
    3239
    3306
    3373
    3178
    3390
    3159
    3280
    3263
    3293
    3179
    3234
    3152
    3141
    3169
    3125
    3232
    3227
    3254
    3190
    3304
    3219
    3198
    3294
    3240
    3091
    3134
    3087
    3127
    3139
    3182
    3107
    3159
    3096
    3119
    3154
    3198
    3200
    3085
    3099
    3124
    3089
    3194
    3160
    3113
    3136
    3077
    3109
    3127
    3207
    3164
    2990
    3095
    3050
    3227
    3182
    3083
    3129
    3186
    3243
    3148
    3219
    3213
    3224
    3259
    3260
    3177
    3358
    3242
    3172
    3284
    3232
    3286
    3247
    3378
    3221
    3248
    3289
    3303
    3274
    3380
    3191
    3247
    3286
    3259
    3326
    3334
    3344
    3302
    3282
    3348
    3258
    3292
    3342
    3211
    3288
    3366
    3371
    3300
    3303
    3237
    3222
    3212
    3196
    3348
    3227
    3190
    3164
    3306
    3207
    3207
    3291
    3337
    3204
    3206
    3205
    3216
    3262
    3165
    3280
    3245
    3234
    3139
    3172
    3171
    3312
    3160
    3208
    3155
    3259
    3110
    3189
    3095
    3150
    3156
    3074
    3134
    3094
    3140
    3053
    3120
    3097
    3130
    3004
    3134
    3159
    2992
    3056
    3040
    3232
    3141
    3110
    3086
    3161
    3118
    3270
    3208
    3197
    3260
    3290
    3224
    3270
    3285
    3310
    3370
    3424
    3450
    3399
    3455
    3488
    3469
    3516
    3463
    3488
    3605
    3587
    3429
    3524
    3644
    3457
    3570
    3491
    3618
    3558
    3517
    3530
    3447
    3421
    3527
    3488
    3462
    3438
    3398
    3505
    3377
    3265
    3373
    3276
    3290
    3343
    3308
    3214
    3200
    3310
    3183
    3059
    3202
    3199
    3085
    2997
    2971
    2967
    3022
    3016
    2940
    2894
    3034
    2966
    2969
    2971
    2851
    2805
    2887
    2964
    2868
    2793
    2854
    2794
    2845
    2941
    2751
    2850
    2844
    2817
    2866
    2789
    2870
    2836
    2832
    2820
    2882
    2831
    2827
    2889
    2842
    2906
    2870
    2829
    2852
    2902
    2831
    2814
    2846
    2789
    2840
    2843
    2856
    2849
    2872
    2793
    2740
    2865
    2942
    2882
    2800
    2888
    2940
    2928
    2873
    2883
    2861
    2836
    2896
    3035
    2846
    2874
    2810
    2927
    2974
    2835
    2798
    2828
    2861
    2906
    2835
    2859
    2871
    2951
    2935
    2858
    2935
    2956
    2745
    2858
    2845
    2908
    2853
    2911
    2949
    2879
    2981
    2883
    2875
    2986
    2896
    2841
    2884
    2916
    2929
    2869
    2887
    2937
    2932
    3099
    2942
    2919
    2972
    2853
    2886
    2940
    3025
    3065
    2948
    2936
    2912
    2997
    3047
    2935
    3041
    3020
    3065
    2994
    2953
    3032
    2999
    2990
    2923
    2934
    2909
    3018
    2973
    2907
    2931
    2865
    2881
    2895
    2999
    2916
    2972
    2893
    2917
    2930
    2904
    2941
    2817
    2842
    2860
    2974
    2886
    2929
    2942
    2922
    2896
    2854
    2916
    2950
    2818
    2842
    2947
    2924
    2893
    2848
    2861
    2913
    2864
    2816
    2758
    2863
    2847
    2894
    2958
    2877
    2825
    2847
    2916
    2854
    2785
    2896
    2793
    2849
    2911
    2893
    2837
    2871
    2792
    2902
    2858
    2861
    2892
    2976
    2944
    2942
    2879
    2902
    2940
    2897
    2973
    2860
    2915
    2949
    2908
    3004
    3006
    2965
    3014
    2892
    2978
    2890
    2973
    2917
    2923
    2915
    2967
    3046
    2989
    3100
    3036
    3018
    3015
    2924
    3005
    3051
    3034
    3007
    2896
    3029
    3000
    3011
    3000
    2971
    3000
    2969
    3078
    3080
    3075
    2973
    2901
    3079
    3015
    3047
    2976
    3037
    3031
    3068
    3118
    3086
    2975
    3046
    3063
    3057
    3135
    3044
    3015
    3094
    3068
    3121
    3102
    3131
    3151
    3094
    3125
    3082
    3069
    3180
    3088
    3045
    3153
    3107
    3180
    3170
    3142
    3117
    3297
    3223
    3214
    3148
    3000
    3096
    3165
    3109
    3162
    3141
    3124
    3206
    3124
    2990
    3193
    3183
    3126
    3293
    3114
    3111
    3236
    3202
    3237
    3170
    3285
    3139
    3168
    3210
    3216
    3281
    3173
    3293
    3247
    3185
    3189
    3298
    3236
    3182
    3225
    3319
    3295
    3285
    3304
    3228
    3334
    3249
    3422
    3319
    3346
    3295
    3281
    3343
    3401
    3478
    3436
    3391
    3428
    3374
    3454
    3399
    3501
    3453
    3375
    3453
    3562
    3358
    3454
    3586
    3490
    3442
    3425
    3503
    3577
    3519
    3542
    3674
    3512
    3534
    3490
    3568
    3482
    3717
    3648
    3526
    3620
    3732
    3590
    3688
    3647
    3743
    3631
    3654
    3785
    3779
    3886
    3794
    3814
    3837
    3886
    3903
    3872
    3892
    3823
    3825
    3861
    4017
    3879
    3919
    3859
    3893
    3959
    4020
    4020
    4054
    3917
    4034
    4073
    4071
    4098
    4213
    4144
    4101
    4262
    4275
    4230
    4230
    4152
    4301
    4299
    4218
    4284
    4270
    4430
    4291
    4377
    4377
    4355
    4667
    4424
    4477
    4518
    4594
    4552
    4687
    4570
    4618
    4692
    4758
    4643
    4822
    4902
    4878
    4870
    4914
    5039
    4822
    4858
    5040
    5084
    5003
    5177
    5196
    5118
    5076
    5114
    5414
    5201
    5201
    5365
    5336
    5454
    5332
    5517
    5464
    5493
    5625
    5698
    5637
    5814
    5853
    5841
    5826
    5785
    6034
    5925
    5975
    5969
    6126
    6090
    6160
    6119
    6168
    6149
    6209
    6225
    6402
    6398
    6438
    6513
    6660
    6484
    6545
    6448
    6735
    6669
    6775
    6768
    6959
    6912
    6953
    6952
    6923
    6950
    7127
    7218
    7138
    7411
    7328
    7398
    7295
    7370
    7475
    7533
    7794
    7536
    7505
    7762
    7618
    7617
    7749
    7794
    7928
    7789
    8059
    8101
    8088
    8065
    8185
    8196
    8055
    8222
    8128
    8153
    8270
    8439
    8387
    8341
    8400
    8393
    8559
    8490
    8562
    8426
    8562
    8525
    8520
    8615
    8548
    8705
    8539
    8654
    8621
    8611
    8654
    8631
    8651
    8790
    8555
    8401
    8704
    8631
    8622
    8670
    8707
    8502
    8588
    8602
    8606
    8597
    8815
    8804
    8559
    8582
    8660
    8589
    8609
    8678
    8532
    8659
    8665
    8402
    8676
    8362
    8662
    8373
    8580
    8709
    8642
    8618
    8563
    8672
    8592
    8541
    8621
    8534
    8553
    8674
    8427
    8641
    8431
    8650
    8736
    8734
    8439
    8674
    8478
    8622
    8602
    8692
    8713
    8752
    8783
    8726
    8864
    8864
    8828
    8955
    8952
    8882
    8794
    9040
    9003
    9205
    9171
    9139
    9021
    9234
    9278
    9275
    9206
    9381
    9327
    9363
    9532
    9553
    9634
    9659
    9598
    9601
    9701
    9758
    9810
    9911
    9864
    9821
   10013
   10225
   10268
   10226
   10130
   10391
   10226
   10371
   10403
   10472
   10641
   10809
   10756
   10674
   10818
   11023
   11018
   11006
   11236
   11050
   11259
   11608
   11539
   11510
   11530
   11644
   11653
   11813
   11956
   11993
   12338
   12238
   12162
   12330
   12105
   12742
   12486
   12701
   12784
   12737
   12938
   13008
   13184
   13015
   13075
   13436
   13656
   13693
   13522
   13745
   13806
   14062
   14394
   14359
   14472
   14672
   14638
   14701
   14802
   15036
   15223
   15152
   15599
   15824
   15683
   15795
   15995
   16093
   16305
   16488
   16437
   16391
   16708
   17124
   16890
   17500
   17354
   17516
   18035
   17650
   17920
   18012
   18304
   18627
   18684
   18839
   19189
   18770
   19170
   19707
   19720
   19715
   20096
   20376
   20517
   20805
   21011
   20846
   21204
   21136
   21374
   21501
   22113
   21819
   22559
   22477
   22763
   23003
   23280
   23461
   23654
   23827
   24176
   23957
   24939
   25027
   24802
   25125
   25262
   25553
   25811
   26397
   26459
   26673
   27059
   27447
   27661
   27843
   27948
   28004
   28626
   29009
   29174
   29536
   29749
   30214
   30324
   30566
   30998
   31292
   31496
   32186
   32226
   32288
   32961
   32950
   33419
   33673
   33864
   34275
   34831
   34616
   35748
   35966
   36340
   36694
   36925
   37580
   37680
   38421
   38768
   38932
   39459
   39838
   40169
   40953
   41672
   42143
   42380
   42785
   43016
   43763
   44336
   44686
   45038
   45690
   46293
   46493
   47464
   47835
   48588
   48863
   49548
   50193
   51400
   51713
   51994
   52618
   53150
   54050
   54325
   55657
   56181
   56330
   57785
   58069
   58611
   59690
   60436
   61661
   62143
   63054
   63556
   64661
   65308
   66315
   67164
   67745
   69170
   70236
   71047
   72499
   73013
   74491
   75452
   76535
   77531
   78671
   80456
   81232
   82868
   83782
   85811
   86152
   88412
   89035
   90759
   92229
   92679
   95091
   96975
   98220
       0
       0
       0
       0
       0
       0
       0
       0
       0
       0
       0
       0
       0
       0
       0
       0
       0
       0
       0
       0
       0
       0
       0
       0
       0
       0
       0
       0
       0
       0
       0
       0
$ROI:
0
$PRESETS:
None
0
0
$ENER_FIT:
-0.169488 0.023446
$MCA_CAL:
3
-1.694878E-001 2.344633E-002 0.000000E+000 keV
$SHAPE_CAL:
3
0.000000E+000 0.000000E+000 0.000000E+000
