$SPEC_ID:
No sample description was entered.
$SPEC_REM:
DET# 4
DETDESC# JLAB-20 MCB 131
AP# Maestro Version 7.01
$DATE_MEA:
09/29/2025 23:36:44
$MEAS_TIM:
41469 42478
$DATA:
0 2047
       0
       0
       0
       0
       0
       0
       0
       0
       0
       0
       0
       0
       0
       0
       0
       0
       0
       0
       0
       0
       0
       0
       0
       0
       0
       0
       0
       0
       0
       0
       0
       0
       0
       0
       0
       0
       0
       0
       0
       0
       0
       0
       0
       0
       0
       0
       0
       0
       0
       0
       0
       0
       0
       0
       0
       0
       0
       0
       0
       0
       0
       0
       0
       0
       0
       0
       0
       0
       0
     115
    4602
    4646
    4475
    4142
    4310
    4089
    3908
    3897
    3861
    3813
    3673
    3970
    3668
    3647
    3656
    3652
    3626
    3524
    3506
    3548
    3473
    3308
    3391
    3338
    3242
    3289
    3260
    3338
    3259
    3279
    3188
    3186
    3125
    3221
    3031
    3076
    3078
    3022
    3104
    2951
    2966
    2955
    2944
    2907
    2856
    2935
    2835
    2832
    2737
    2786
    2750
    2725
    2738
    2759
    2792
    2753
    2734
    2750
    2682
    2625
    2658
    2630
    2605
    2607
    2487
    2602
    2594
    2653
    2603
    2521
    2567
    2495
    2478
    2562
    2466
    2469
    2488
    2525
    2497
    2499
    2350
    2460
    2343
    2347
    2331
    2354
    2371
    2357
    2407
    2367
    2364
    2294
    2314
    2290
    2276
    2264
    2270
    2363
    2263
    2312
    2272
    2268
    2299
    2196
    2290
    2252
    2305
    2200
    2216
    2258
    2189
    2138
    2212
    2207
    2174
    2222
    2184
    2184
    2191
    2191
    2189
    2177
    2071
    2211
    2209
    2147
    2138
    2075
    2122
    2162
    2107
    2179
    2130
    2140
    2016
    2081
    2064
    2112
    2103
    2045
    2063
    2134
    2069
    2002
    2107
    2101
    2046
    2055
    2045
    2075
    2110
    2066
    2095
    2128
    2091
    2133
    2031
    2079
    2057
    2018
    2034
    2017
    2069
    2125
    2079
    2050
    2025
    2082
    2004
    1999
    2073
    2042
    2078
    1984
    2053
    2038
    1979
    2012
    2031
    2021
    2037
    2030
    2067
    2082
    2062
    2022
    2013
    2114
    2107
    2100
    2052
    2000
    2171
    2117
    2082
    2032
    2076
    2137
    2110
    2105
    2062
    2057
    2079
    2138
    2180
    2073
    2115
    2089
    2121
    2104
    2088
    2103
    2154
    2219
    2172
    2091
    2172
    2127
    2191
    2112
    2123
    2124
    2215
    2136
    2179
    2251
    2165
    2170
    2176
    2286
    2222
    2349
    2398
    2399
    2558
    2506
    2596
    2784
    3064
    3267
    3469
    3790
    4237
    4670
    5042
    5703
    6341
    7008
    7831
    8962
    9794
   11073
   11969
   13354
   14696
   16060
   17436
   18902
   19974
   21710
   22963
   24386
   25489
   26548
   27476
   28878
   29408
   30130
   30616
   31486
   31608
   32430
   32576
   32922
   32653
   32859
   33082
   32947
   32880
   32515
   32088
   31733
   31426
   30927
   30793
   30273
   29523
   29309
   28653
   28246
   27554
   26945
   26280
   25553
   24922
   24108
   23414
   22652
   21741
   21075
   20069
   19389
   18658
   18026
   17228
   16656
   15676
   14956
   14205
   13780
   13198
   12577
   11712
   11451
   10970
   10556
   10347
    9765
    9392
    9184
    8897
    8507
    8365
    8010
    7971
    7354
    7383
    7112
    6654
    6474
    6258
    5891
    5893
    5343
    5064
    4908
    4660
    4447
    4214
    3950
    3661
    3584
    3144
    3129
    2821
    2654
    2529
    2342
    2266
    1997
    1927
    1813
    1773
    1710
    1668
    1635
    1478
    1487
    1483
    1450
    1492
    1428
    1416
    1494
    1362
    1395
    1344
    1442
    1386
    1389
    1347
    1440
    1408
    1437
    1368
    1390
    1363
    1446
    1329
    1369
    1332
    1360
    1339
    1379
    1377
    1341
    1353
    1396
    1398
    1371
    1333
    1310
    1315
    1314
    1256
    1285
    1364
    1257
    1237
    1260
    1302
    1309
    1328
    1274
    1281
    1280
    1249
    1236
    1307
    1224
    1220
    1204
    1301
    1258
    1253
    1272
    1260
    1333
    1184
    1227
    1200
    1198
    1160
    1225
    1157
    1157
    1160
    1247
    1224
    1217
    1193
    1160
    1253
    1221
    1204
    1258
    1228
    1166
    1205
    1178
    1167
    1160
    1195
    1185
    1193
    1189
    1253
    1192
    1125
    1206
    1217
    1221
    1183
    1157
    1195
    1196
    1211
    1118
    1203
    1224
    1186
    1191
    1225
    1242
    1211
    1269
    1168
    1254
    1165
    1190
    1220
    1218
    1163
    1181
    1229
    1273
    1156
    1223
    1207
    1159
    1143
    1118
    1212
    1162
    1168
    1149
    1128
    1198
    1131
    1170
    1111
    1156
    1169
    1144
    1071
    1107
    1073
    1118
    1122
    1102
    1083
    1068
    1129
    1123
    1074
    1061
    1096
    1111
    1047
    1098
    1105
    1100
    1070
    1110
    1064
    1091
    1083
    1063
    1011
    1040
    1089
    1019
     997
    1005
    1046
     993
    1050
    1016
    1008
    1040
    1041
    1059
    1066
    1040
    1074
    1030
    1010
    1029
     987
     971
    1027
    1059
    1025
    1053
    1054
    1003
     996
    1088
    1023
    1071
    1019
     991
    1041
    1011
    1054
     973
    1027
     983
    1026
     971
    1031
     993
    1048
    1030
    1057
    1031
    1033
    1052
     978
    1065
    1030
    1028
     996
     978
    1045
    1045
    1055
    1042
    1043
    1001
    1038
     998
    1005
     987
    1000
     988
    1013
    1021
     964
     983
     973
     983
    1051
    1016
     996
     972
     941
     937
     966
     985
    1006
     967
     935
     995
     973
     980
    1019
     991
     962
    1003
     996
     954
     998
     948
     949
     969
     981
     969
     953
    1025
     980
     977
     983
     988
     958
     986
    1001
     964
     956
     960
     911
     979
     993
     970
     990
     955
     976
     963
     941
     956
     996
     921
     952
     950
     920
     936
     947
     988
     993
     977
     983
     924
     927
     964
     945
     953
     933
     960
     957
     939
     937
     925
     899
     913
     993
     924
     957
     942
     935
     915
     961
     898
     911
     932
     933
     912
     941
     962
     905
     927
     926
     976
     911
     956
     860
     920
     935
     892
     929
     927
     908
     917
     927
     990
     925
     920
     851
     904
     918
     923
     937
     904
     891
     962
     887
     910
     858
     921
     929
     897
     923
     871
     846
     888
     913
     866
     882
     889
     883
     912
     857
     879
     916
     896
     958
     917
     946
     833
     941
     925
     891
     860
     910
     921
     865
     878
     910
     869
     840
     833
     879
     837
     906
     909
     918
     883
     888
     885
     857
     880
     880
     814
     875
     856
     850
     836
     919
     842
     870
     862
     865
     830
     846
     925
     889
     883
     844
     897
     897
     840
     784
     862
     872
     851
     890
     850
     947
     877
     864
     846
     912
     874
     861
     852
     836
     810
     854
     904
     854
     827
     888
     879
     889
     881
     853
     827
     898
     843
     842
     877
     866
     824
     845
     859
     849
     820
     884
     867
     844
     809
     824
     863
     788
     853
     865
     897
     855
     841
     821
     813
     830
     833
     885
     849
     856
     846
     864
     822
     821
     844
     826
     834
     838
     840
     805
     800
     838
     821
     809
     874
     874
     819
     889
     849
     804
     850
     922
     836
     820
     820
     801
     867
     871
     809
     803
     831
     879
     881
     857
     899
     923
     882
     849
     852
     921
     863
     838
     858
     863
     857
     847
     896
     880
     889
     877
     800
     851
     855
     838
     860
     902
     775
     871
     828
     896
     863
     856
     838
     820
     861
     862
     799
     820
     836
     888
     854
     848
     846
     830
     799
     897
     826
     817
     872
     852
     843
     852
     879
     814
     832
     759
     825
     761
     835
     883
     775
     783
     817
     830
     845
     837
     829
     799
     831
     780
     866
     849
     874
     771
     798
     805
     848
     823
     778
     820
     813
     848
     818
     840
     798
     873
     870
     832
     834
     884
     814
     830
     881
     843
     846
     818
     904
     838
     866
     850
     853
     819
     878
     849
     831
     867
     819
     861
     876
     866
     838
     814
     892
     871
     863
     871
     881
     874
     873
     870
     886
     862
     812
     851
     823
     833
     887
     843
     812
     854
     863
     906
     859
     898
     874
     900
     889
     848
     849
     864
     893
     839
     879
     834
     836
     809
     779
     830
     836
     874
     837
     831
     825
     842
     820
     815
     798
     824
     849
     815
     848
     779
     808
     827
     806
     778
     829
     783
     761
     811
     797
     843
     843
     837
     822
     821
     833
     845
     818
     777
     855
     915
     846
     832
     882
     860
     885
     896
     862
     907
     868
     865
     888
     926
     907
     918
     939
     983
     862
     967
     971
     889
     884
     847
     941
     888
     873
     934
     847
     871
     924
     946
     872
     920
     872
     932
     886
     845
     871
     884
     853
     877
     860
     816
     849
     883
     822
     837
     853
     831
     815
     763
     751
     768
     833
     822
     802
     762
     785
     814
     776
     793
     737
     744
     757
     808
     782
     686
     762
     717
     773
     756
     701
     749
     723
     758
     822
     766
     755
     749
     741
     696
     774
     718
     729
     789
     728
     739
     737
     754
     768
     760
     721
     734
     756
     704
     723
     773
     679
     767
     764
     744
     713
     732
     728
     736
     748
     712
     767
     775
     730
     730
     772
     753
     761
     832
     732
     760
     756
     776
     755
     729
     693
     743
     722
     727
     729
     756
     768
     790
     729
     769
     764
     773
     735
     779
     730
     749
     759
     733
     774
     723
     762
     774
     796
     798
     749
     741
     718
     763
     769
     797
     728
     774
     782
     832
     734
     793
     785
     749
     775
     744
     770
     805
     766
     735
     775
     750
     806
     742
     773
     755
     810
     785
     819
     786
     763
     795
     809
     783
     762
     797
     785
     730
     761
     766
     745
     757
     728
     720
     804
     732
     735
     759
     787
     739
     700
     782
     728
     790
     775
     768
     788
     780
     750
     778
     767
     790
     739
     744
     788
     772
     802
     733
     738
     760
     747
     733
     715
     732
     774
     748
     786
     725
     726
     733
     792
     764
     721
     765
     778
     766
     772
     747
     726
     735
     741
     762
     742
     771
     775
     810
     751
     816
     758
     717
     765
     718
     749
     716
     759
     789
     767
     781
     764
     771
     808
     790
     807
     762
     772
     749
     756
     775
     768
     775
     770
     799
     796
     793
     818
     778
     764
     780
     794
     800
     736
     799
     803
     791
     779
     797
     806
     793
     814
     842
     800
     769
     767
     818
     778
     823
     793
     791
     805
     811
     828
     806
     805
     772
     819
     761
     812
     807
     766
     788
     822
     796
     774
     783
     864
     812
     806
     796
     793
     846
     864
     770
     805
     803
     830
     824
     839
     801
     878
     838
     822
     816
     801
     786
     804
     748
     847
     861
     864
     815
     868
     767
     858
     822
     845
     824
     840
     811
     791
     871
     871
     859
     909
     841
     811
     822
     846
     876
     821
     839
     826
     839
     809
     855
     872
     831
     836
     855
     896
     826
     910
     856
     874
     881
     922
     891
     866
     870
     849
     870
     893
     932
     903
     909
     900
     899
     890
     859
     924
     927
     915
     880
     972
     859
     899
     941
     934
     907
     901
     910
     958
     963
     919
     968
     904
     873
     883
     942
     926
     950
     951
     921
     935
     986
     915
     947
     929
     948
     942
     925
    1026
     970
    1028
     979
     957
    1038
     987
    1008
     996
    1005
     983
     976
     996
    1051
    1009
    1051
     995
     978
    1036
    1027
    1042
    1080
    1044
    1045
    1082
    1121
    1050
    1098
    1063
    1045
    1107
    1145
    1121
    1114
    1071
    1127
    1124
    1124
    1130
    1119
    1193
    1125
    1130
    1100
    1084
    1209
    1168
    1180
    1232
    1190
    1216
    1192
    1201
    1227
    1193
    1227
    1213
    1283
    1310
    1245
    1280
    1298
    1310
    1238
    1288
    1269
    1303
    1274
    1363
    1364
    1359
    1336
    1355
    1440
    1343
    1379
    1394
    1418
    1400
    1392
    1438
    1422
    1471
    1469
    1455
    1438
    1548
    1550
    1568
    1522
    1510
    1596
    1527
    1476
    1523
    1627
    1526
    1633
    1677
    1654
    1604
    1668
    1602
    1747
    1687
    1650
    1766
    1727
    1612
    1734
    1654
    1735
    1703
    1779
    1709
    1887
    1798
    1889
    1867
    1799
    1789
    1889
    1924
    1827
    1973
    1942
    1950
    1946
    1913
    1881
    1973
    2128
    2028
    1931
    2029
    1945
    1976
    2022
    2024
    1994
    2054
    2092
    2152
    2056
    2162
    2161
    2176
    2143
    2165
    2120
    2230
    2233
    2237
    2319
    2188
    2146
    2226
    2216
    2220
    2214
    2217
    2254
    2220
    2270
    2246
    2220
    2276
    2292
    2203
    2262
    2313
    2243
    2237
    2293
    2259
    2269
    2170
    2312
    2312
    2228
    2248
    2266
    2179
    2346
    2286
    2260
    2305
    2352
    2275
    2299
    2264
    2207
    2328
    2218
    2321
    2254
    2372
    2261
    2158
    2240
    2185
    2238
    2217
    2153
    2280
    2303
    2211
    2268
    2252
    2224
    2239
    2201
    2193
    2182
    2297
    2304
    2238
    2249
    2258
    2293
    2312
    2203
    2226
    2239
    2209
    2294
    2207
    2228
    2319
    2251
    2277
    2303
    2264
    2331
    2312
    2373
    2334
    2256
    2346
    2299
    2407
    2370
    2476
    2354
    2417
    2390
    2530
    2438
    2519
    2458
    2433
    2539
    2494
    2468
    2545
    2506
    2414
    2439
    2636
    2557
    2521
    2583
    2614
    2572
    2629
    2583
    2589
    2685
    2654
    2600
    2729
    2733
    2757
    2737
    2894
    2852
    2840
    2797
    2918
    2929
    2862
    2982
    2802
    2978
    3008
    3002
    3065
    3006
    3036
    3020
    3111
    3083
    3079
    3263
    3267
    3147
    3270
    3144
    3314
    3276
    3334
    3311
    3394
    3380
    3301
    3416
    3365
    3440
    3539
    3581
    3631
    3490
    3658
    3601
    3613
    3828
    3730
    3735
    3784
    3762
    3897
    3853
    3935
    4017
    4002
    4115
    4048
    4154
    4184
    4127
    4203
    4238
    4271
    4323
    4173
    4403
    4527
    4408
    4573
    4569
    4645
    4766
    4730
    4609
    4707
    4817
    4927
    4806
    4971
    4985
    4766
    4898
    5140
    5144
    5095
    5246
    5252
    5393
    5380
    5401
    5433
    5557
    5434
    5580
    5663
    5826
    5706
    5833
    5886
    5771
    5980
    6113
    6064
    6152
    6340
    6351
    6357
    6456
    6598
    6451
    6543
    6608
    6683
    6787
    6775
    6945
    6922
    7133
    7174
    7190
    7261
    7335
    7287
    7463
    7493
    7702
    7724
    7865
    7844
    7842
    7867
    8079
    8242
    8278
    8264
    8445
    8449
    8523
    8649
    8747
    8878
    8899
    9105
    9192
    9024
    9446
    9348
    9538
    9650
    9594
    9788
    9874
    9943
    9981
   10237
   10327
   10436
   10623
   10585
   10879
   11000
   11056
   11076
   11310
   11399
   11558
   11587
   11910
   11980
   12026
   12162
   12229
   12592
   12755
   12580
   13076
   12937
   13425
   13441
   13602
   13811
   13803
   14214
   14239
   14530
   14737
   14686
   15206
   15183
   15404
   15517
   15925
   15751
   16097
   16495
   16597
   16873
   16939
   17493
   17579
   17615
   18011
   18218
   18547
   18862
   19036
   19420
   19965
   19963
   20229
   20804
   20918
   21277
   21581
   22125
   22408
   22568
   23137
   23105
   23648
   23943
   24259
   24768
   25468
   25825
       0
       0
       0
       0
       0
       0
       0
       0
       0
       0
       0
       0
       0
       0
       0
       0
       0
       0
       0
       0
       0
       0
       0
       0
       0
       0
       0
       0
       0
       0
       0
       0
$ROI:
0
$PRESETS:
None
0
0
$ENER_FIT:
-0.169488 0.023446
$MCA_CAL:
3
-1.694878E-001 2.344633E-002 0.000000E+000 keV
$SHAPE_CAL:
3
0.000000E+000 0.000000E+000 0.000000E+000
