$SPEC_ID:
No sample description was entered.
$SPEC_REM:
DET# 4
DETDESC# JLAB-20 MCB 131
AP# Maestro Version 7.01
$DATE_MEA:
09/30/2025 23:26:44
$MEAS_TIM:
125249 128280
$DATA:
0 2047
       0
       0
       0
       0
       0
       0
       0
       0
       0
       0
       0
       0
       0
       0
       0
       0
       0
       0
       0
       0
       0
       0
       0
       0
       0
       0
       0
       0
       0
       0
       0
       0
       0
       0
       0
       0
       0
       0
       0
       0
       0
       0
       0
       0
       0
       0
       0
       0
       0
       0
       0
       1
       2
       0
       1
       1
       0
       1
       0
       0
       0
       0
       0
       1
       0
       1
       1
       1
       0
     484
   14123
   14275
   13471
   13036
   12835
   12286
   12072
   12026
   11829
   11690
   11499
   11435
   11306
   11271
   11115
   11009
   10799
   10596
   10589
   10768
   10548
   10171
   10306
   10130
   10053
    9863
    9913
   10009
    9764
    9808
    9675
    9639
    9497
    9669
    9334
    9188
    9231
    9197
    9135
    9001
    8953
    8958
    9010
    8921
    8677
    8797
    8622
    8627
    8568
    8344
    8438
    8355
    8379
    8300
    8196
    8198
    8334
    8160
    8065
    7892
    8119
    7999
    7710
    7850
    7735
    7829
    7785
    7843
    7624
    7605
    7687
    7591
    7463
    7460
    7453
    7403
    7484
    7660
    7391
    7547
    7273
    7441
    7181
    7347
    7170
    7126
    7154
    7194
    7174
    7087
    7114
    6909
    7002
    6970
    7065
    6884
    6964
    6967
    6850
    6908
    6772
    6756
    6823
    6695
    6869
    6805
    6739
    6763
    6734
    6688
    6595
    6620
    6713
    6622
    6552
    6647
    6529
    6581
    6596
    6542
    6474
    6500
    6400
    6576
    6638
    6448
    6550
    6363
    6410
    6524
    6377
    6432
    6434
    6456
    6276
    6189
    6250
    6292
    6226
    6276
    6266
    6337
    6353
    6246
    6398
    6228
    6224
    6349
    6251
    6308
    6417
    6299
    6298
    6418
    6249
    6233
    6186
    6228
    6287
    6233
    6217
    6196
    6152
    6302
    6276
    6170
    6145
    6248
    6099
    6168
    6161
    6143
    6245
    6042
    6239
    6190
    6126
    6154
    6276
    6153
    6214
    6162
    6208
    6221
    6201
    6240
    6247
    6337
    6274
    6289
    6225
    6132
    6318
    6332
    6360
    6330
    6280
    6438
    6450
    6391
    6314
    6301
    6400
    6398
    6391
    6313
    6449
    6447
    6341
    6390
    6346
    6403
    6545
    6583
    6422
    6360
    6488
    6435
    6484
    6485
    6512
    6403
    6494
    6545
    6476
    6597
    6581
    6628
    6672
    6783
    6864
    7041
    7075
    7280
    7502
    7722
    7958
    8630
    9048
    9778
   10492
   11309
   12629
   13808
   15344
   17071
   19286
   21547
   23972
   26711
   29914
   33358
   36574
   40331
   44902
   48781
   52838
   56867
   60538
   65048
   69036
   72898
   76826
   80066
   83446
   86434
   88349
   91365
   92586
   94597
   95616
   97025
   98221
   99169
   98742
   99247
   99182
   98874
   98553
   97790
   96909
   96175
   95211
   94205
   93047
   91700
   89891
   88642
   86738
   85099
   83382
   81345
   79366
   77790
   75006
   72572
   70570
   68751
   65903
   63645
   61066
   59100
   56865
   54424
   52186
   49704
   47470
   45202
   43183
   41323
   39335
   37862
   35716
   34468
   32902
   31925
   30744
   29604
   28479
   28024
   27036
   25885
   25319
   24361
   23621
   22690
   22109
   21273
   20317
   19622
   19030
   18141
   17498
   16441
   15683
   14811
   14313
   13405
   12762
   11836
   11104
   10564
    9745
    9298
    8591
    8021
    7585
    7190
    6821
    6180
    5984
    5550
    5374
    5176
    5123
    4913
    4613
    4449
    4438
    4357
    4319
    4262
    4317
    4362
    4234
    4257
    4131
    4282
    4223
    4205
    4098
    4244
    4186
    4276
    4135
    4205
    4247
    4292
    3987
    4210
    4180
    4234
    4190
    4031
    4108
    4016
    4079
    4055
    4119
    4133
    3940
    4046
    4046
    3964
    3927
    3978
    3989
    3871
    3870
    3850
    3913
    3901
    3923
    3857
    3851
    3844
    3767
    3784
    3873
    3758
    3774
    3680
    3869
    3800
    3717
    3690
    3728
    3800
    3615
    3773
    3744
    3581
    3653
    3697
    3535
    3609
    3610
    3656
    3633
    3554
    3653
    3671
    3656
    3559
    3615
    3737
    3583
    3547
    3525
    3562
    3603
    3525
    3650
    3647
    3604
    3593
    3652
    3568
    3476
    3497
    3653
    3682
    3671
    3568
    3630
    3600
    3597
    3567
    3582
    3636
    3658
    3573
    3722
    3659
    3572
    3679
    3624
    3585
    3583
    3562
    3612
    3604
    3597
    3484
    3650
    3608
    3508
    3620
    3571
    3559
    3614
    3585
    3567
    3531
    3507
    3451
    3431
    3476
    3506
    3437
    3301
    3414
    3362
    3413
    3316
    3367
    3319
    3252
    3334
    3320
    3339
    3222
    3299
    3299
    3232
    3266
    3337
    3256
    3301
    3340
    3277
    3209
    3227
    3198
    3164
    3158
    3227
    3160
    3100
    3066
    3144
    3120
    3078
    3213
    3125
    3056
    3121
    3024
    3130
    3123
    3150
    3167
    3120
    3154
    3167
    3156
    3055
    3109
    3012
    3037
    3063
    3094
    3060
    3043
    3115
    3083
    3032
    3160
    3166
    3148
    3105
    3131
    3018
    3142
    3082
    3101
    3114
    3064
    3135
    3045
    3049
    3031
    3031
    3188
    3155
    3058
    3078
    3191
    3062
    3106
    3121
    3076
    3024
    2999
    3080
    3063
    3099
    3042
    3107
    2968
    3100
    3031
    3044
    2953
    2978
    3019
    3045
    2953
    2995
    2993
    2946
    3011
    2995
    3023
    2986
    2946
    2965
    2941
    2965
    2972
    2999
    2905
    3000
    2997
    2994
    2957
    2896
    2919
    2933
    3085
    2911
    2856
    2971
    2918
    2991
    2848
    2980
    2836
    2921
    2989
    2889
    2877
    2905
    2972
    2971
    3010
    2915
    2981
    2841
    2940
    2862
    2960
    2943
    2843
    2905
    2820
    2937
    2829
    2905
    2972
    2983
    2934
    2827
    2891
    2849
    2892
    2934
    2922
    2960
    2883
    2924
    2881
    2893
    2929
    2933
    2912
    2781
    2899
    2895
    2768
    2850
    2834
    2766
    2753
    2890
    2798
    2804
    2776
    2819
    2812
    2748
    2811
    2858
    2848
    2927
    2843
    2829
    2881
    2797
    2796
    2748
    2827
    2791
    2864
    2804
    2796
    2798
    2725
    2738
    2741
    2823
    2750
    2842
    2865
    2783
    2736
    2745
    2727
    2746
    2765
    2681
    2756
    2744
    2733
    2714
    2716
    2700
    2756
    2786
    2750
    2721
    2716
    2644
    2720
    2638
    2610
    2707
    2631
    2716
    2683
    2729
    2573
    2773
    2628
    2798
    2680
    2768
    2638
    2736
    2689
    2643
    2626
    2648
    2628
    2670
    2678
    2716
    2650
    2607
    2592
    2643
    2606
    2689
    2703
    2670
    2773
    2599
    2709
    2586
    2634
    2695
    2557
    2615
    2622
    2606
    2577
    2618
    2601
    2553
    2610
    2646
    2624
    2602
    2671
    2615
    2596
    2667
    2611
    2600
    2579
    2546
    2614
    2644
    2649
    2729
    2612
    2649
    2647
    2655
    2596
    2607
    2596
    2584
    2553
    2618
    2486
    2589
    2620
    2666
    2501
    2624
    2579
    2577
    2610
    2468
    2558
    2602
    2563
    2592
    2645
    2597
    2504
    2505
    2608
    2584
    2618
    2587
    2637
    2593
    2583
    2552
    2679
    2527
    2570
    2537
    2574
    2597
    2539
    2539
    2481
    2527
    2511
    2610
    2596
    2578
    2526
    2493
    2543
    2513
    2537
    2504
    2508
    2533
    2551
    2525
    2485
    2509
    2582
    2460
    2551
    2471
    2451
    2573
    2591
    2542
    2539
    2566
    2457
    2512
    2531
    2495
    2638
    2508
    2490
    2477
    2520
    2538
    2562
    2615
    2606
    2679
    2671
    2572
    2583
    2691
    2602
    2574
    2586
    2611
    2559
    2574
    2621
    2592
    2551
    2563
    2552
    2605
    2551
    2578
    2604
    2665
    2489
    2656
    2517
    2601
    2565
    2557
    2475
    2536
    2499
    2498
    2459
    2486
    2544
    2532
    2566
    2505
    2616
    2540
    2501
    2613
    2555
    2436
    2449
    2481
    2425
    2484
    2538
    2487
    2473
    2458
    2502
    2506
    2529
    2578
    2466
    2388
    2474
    2457
    2573
    2478
    2452
    2449
    2431
    2427
    2460
    2521
    2524
    2374
    2431
    2445
    2529
    2506
    2413
    2508
    2493
    2556
    2440
    2533
    2511
    2561
    2561
    2541
    2515
    2668
    2539
    2517
    2603
    2516
    2548
    2563
    2666
    2555
    2573
    2595
    2567
    2567
    2650
    2502
    2523
    2626
    2551
    2612
    2619
    2629
    2574
    2562
    2642
    2554
    2611
    2630
    2561
    2584
    2730
    2639
    2599
    2562
    2498
    2541
    2540
    2506
    2663
    2529
    2499
    2511
    2599
    2582
    2534
    2613
    2629
    2560
    2578
    2564
    2556
    2572
    2519
    2580
    2569
    2561
    2517
    2482
    2530
    2605
    2532
    2566
    2544
    2554
    2454
    2536
    2429
    2484
    2505
    2453
    2501
    2437
    2482
    2414
    2498
    2496
    2438
    2348
    2454
    2481
    2348
    2399
    2439
    2549
    2496
    2451
    2471
    2514
    2490
    2593
    2536
    2493
    2544
    2578
    2524
    2615
    2599
    2562
    2629
    2713
    2711
    2701
    2721
    2743
    2717
    2746
    2763
    2733
    2844
    2867
    2674
    2803
    2860
    2734
    2825
    2720
    2859
    2823
    2754
    2807
    2733
    2681
    2824
    2796
    2739
    2691
    2660
    2789
    2615
    2576
    2676
    2558
    2610
    2661
    2633
    2547
    2509
    2592
    2484
    2447
    2515
    2546
    2440
    2338
    2348
    2327
    2392
    2420
    2338
    2259
    2410
    2338
    2342
    2366
    2240
    2189
    2259
    2368
    2262
    2179
    2233
    2216
    2278
    2292
    2195
    2221
    2266
    2249
    2288
    2229
    2244
    2270
    2210
    2196
    2306
    2201
    2243
    2294
    2200
    2279
    2276
    2274
    2267
    2254
    2242
    2254
    2262
    2196
    2217
    2241
    2240
    2260
    2238
    2186
    2147
    2242
    2347
    2259
    2236
    2332
    2308
    2322
    2277
    2270
    2272
    2274
    2276
    2426
    2242
    2280
    2231
    2316
    2327
    2236
    2203
    2255
    2262
    2262
    2257
    2251
    2306
    2344
    2318
    2253
    2346
    2335
    2139
    2301
    2260
    2260
    2273
    2321
    2338
    2284
    2317
    2299
    2314
    2407
    2296
    2279
    2268
    2336
    2336
    2295
    2238
    2321
    2309
    2431
    2322
    2303
    2346
    2248
    2300
    2321
    2382
    2412
    2320
    2317
    2297
    2351
    2429
    2315
    2390
    2373
    2377
    2354
    2348
    2390
    2374
    2348
    2300
    2320
    2261
    2373
    2355
    2274
    2336
    2251
    2285
    2266
    2311
    2271
    2359
    2277
    2272
    2306
    2281
    2326
    2199
    2238
    2258
    2395
    2277
    2339
    2353
    2302
    2317
    2262
    2287
    2311
    2228
    2252
    2367
    2325
    2279
    2225
    2273
    2313
    2268
    2219
    2184
    2244
    2259
    2313
    2351
    2303
    2245
    2257
    2301
    2273
    2194
    2294
    2204
    2261
    2307
    2262
    2245
    2282
    2187
    2316
    2241
    2236
    2292
    2364
    2315
    2304
    2280
    2254
    2307
    2273
    2358
    2237
    2235
    2351
    2254
    2367
    2379
    2346
    2358
    2293
    2363
    2271
    2361
    2292
    2314
    2303
    2373
    2359
    2337
    2432
    2390
    2338
    2388
    2336
    2373
    2400
    2449
    2380
    2305
    2388
    2363
    2386
    2384
    2364
    2355
    2335
    2407
    2431
    2438
    2323
    2276
    2443
    2375
    2443
    2349
    2407
    2368
    2416
    2447
    2431
    2335
    2422
    2383
    2425
    2431
    2404
    2376
    2461
    2457
    2456
    2456
    2455
    2503
    2471
    2471
    2425
    2383
    2481
    2478
    2433
    2458
    2465
    2466
    2513
    2481
    2471
    2585
    2542
    2538
    2508
    2400
    2445
    2499
    2479
    2518
    2495
    2473
    2559
    2529
    2350
    2528
    2481
    2495
    2582
    2441
    2461
    2513
    2510
    2583
    2519
    2615
    2497
    2505
    2518
    2534
    2564
    2514
    2577
    2539
    2521
    2507
    2614
    2563
    2545
    2527
    2609
    2574
    2607
    2598
    2551
    2639
    2598
    2693
    2641
    2653
    2542
    2543
    2625
    2703
    2764
    2723
    2684
    2680
    2660
    2733
    2714
    2756
    2699
    2679
    2722
    2814
    2657
    2709
    2776
    2759
    2728
    2710
    2751
    2818
    2759
    2847
    2901
    2807
    2782
    2754
    2817
    2768
    2921
    2892
    2789
    2829
    2974
    2845
    2944
    2861
    2954
    2830
    2882
    3006
    2976
    3117
    3005
    3009
    3065
    3065
    3067
    2970
    3086
    3006
    2991
    2991
    3164
    3047
    3138
    3056
    3031
    3137
    3140
    3181
    3196
    3102
    3168
    3226
    3226
    3248
    3336
    3279
    3187
    3388
    3371
    3332
    3356
    3263
    3378
    3407
    3304
    3373
    3360
    3456
    3401
    3440
    3426
    3401
    3720
    3474
    3525
    3568
    3594
    3643
    3729
    3599
    3630
    3748
    3740
    3675
    3799
    3894
    3832
    3823
    3856
    3958
    3838
    3806
    4017
    3996
    3930
    4060
    4118
    4015
    3959
    4073
    4242
    4129
    4087
    4190
    4224
    4267
    4180
    4324
    4333
    4383
    4449
    4461
    4449
    4547
    4620
    4616
    4568
    4599
    4746
    4684
    4717
    4691
    4861
    4843
    4820
    4811
    4889
    4818
    4954
    4892
    5023
    5035
    5044
    5136
    5181
    5067
    5135
    5078
    5311
    5236
    5369
    5311
    5484
    5451
    5497
    5448
    5476
    5474
    5581
    5712
    5616
    5803
    5796
    5791
    5807
    5792
    5877
    5970
    6183
    5966
    5910
    6130
    5994
    6015
    6112
    6154
    6244
    6124
    6303
    6293
    6335
    6413
    6497
    6455
    6412
    6486
    6375
    6465
    6584
    6660
    6685
    6610
    6604
    6674
    6735
    6642
    6817
    6623
    6753
    6732
    6711
    6867
    6743
    6844
    6799
    6843
    6822
    6801
    6811
    6827
    6887
    6943
    6795
    6591
    6877
    6824
    6735
    6815
    6900
    6683
    6813
    6829
    6845
    6758
    6952
    6951
    6764
    6801
    6790
    6822
    6754
    6896
    6679
    6776
    6891
    6687
    6820
    6582
    6832
    6560
    6747
    6835
    6781
    6754
    6748
    6865
    6860
    6779
    6790
    6712
    6702
    6891
    6675
    6876
    6661
    6827
    6907
    6952
    6712
    6819
    6710
    6777
    6733
    6851
    6839
    6885
    6886
    6877
    6939
    6983
    6963
    7094
    7055
    7022
    6852
    7111
    7061
    7249
    7180
    7128
    7164
    7238
    7288
    7331
    7309
    7401
    7379
    7427
    7552
    7532
    7587
    7555
    7563
    7479
    7650
    7704
    7750
    7798
    7804
    7709
    7824
    8045
    8060
    8040
    7966
    8159
    8030
    8204
    8217
    8265
    8400
    8572
    8554
    8435
    8532
    8658
    8694
    8633
    8837
    8668
    8885
    9109
    9134
    9065
    9089
    9175
    9185
    9264
    9371
    9451
    9722
    9751
    9643
    9600
    9523
   10042
    9875
   10003
    9994
   10088
   10179
   10172
   10362
   10258
   10365
   10567
   10780
   10720
   10610
   10906
   10919
   11160
   11342
   11306
   11449
   11450
   11550
   11605
   11595
   11819
   12020
   11965
   12350
   12366
   12257
   12423
   12548
   12763
   12797
   12932
   12856
   12903
   13140
   13534
   13218
   13735
   13660
   13845
   14227
   14008
   14070
   14170
   14347
   14669
   14629
   14756
   15064
   14758
   15218
   15469
   15587
   15506
   15776
   16073
   16130
   16376
   16446
   16337
   16600
   16598
   16817
   16935
   17423
   17236
   17714
   17721
   17909
   18067
   18371
   18482
   18677
   18829
   19002
   18930
   19610
   19615
   19441
   19796
   19871
   20162
   20281
   20722
   20824
   20896
   21235
   21665
   21738
   21939
   21954
   21972
   22648
   22752
   22986
   23191
   23451
   23771
   23810
   24002
   24397
   24693
   24718
   25241
   25390
   25312
   25966
   25843
   26263
   26621
   26670
   26938
   27324
   27257
   28241
   28298
   28715
   28858
   28975
   29631
   29607
   30032
   30519
   30740
   30900
   31315
   31624
   32198
   32796
   33174
   33347
   33630
   33842
   34387
   34868
   34905
   35424
   35861
   36421
   36539
   37205
   37689
   38166
   38401
   39085
   39539
   40294
   40598
   40859
   41306
   41877
   42529
   42692
   43672
   44289
   44427
   45615
   45750
   46073
   46729
   47468
   48460
   48837
   49520
   50005
   50694
   51201
   52101
   52773
   53282
   54304
   55128
   55791
   56879
   57455
   58578
   59415
   60041
   60860
   61952
   63013
   63710
   64941
   65722
   67510
   67585
   69166
   69829
   71331
   72453
   72870
   74651
   76328
   77135
       0
       0
       0
       0
       0
       0
       0
       0
       0
       0
       0
       0
       0
       0
       0
       0
       0
       0
       0
       0
       0
       0
       0
       0
       0
       0
       0
       0
       0
       0
       0
       0
$ROI:
0
$PRESETS:
None
0
0
$ENER_FIT:
-0.169488 0.023446
$MCA_CAL:
3
-1.694878E-001 2.344633E-002 0.000000E+000 keV
$SHAPE_CAL:
3
0.000000E+000 0.000000E+000 0.000000E+000
