$SPEC_ID:
No sample description was entered.
$SPEC_REM:
DET# 4
DETDESC# JLAB-20 MCB 131
AP# Maestro Version 7.01
$DATE_MEA:
10/01/2025 07:16:44
$MEAS_TIM:
152774 156480
$DATA:
0 2047
       0
       0
       0
       0
       0
       0
       0
       0
       0
       0
       0
       0
       0
       0
       0
       0
       0
       0
       0
       0
       0
       0
       0
       0
       0
       0
       0
       0
       0
       0
       0
       0
       0
       0
       0
       0
       0
       0
       0
       0
       0
       0
       0
       0
       0
       0
       0
       0
       0
       0
       0
       1
       2
       0
       1
       1
       0
       1
       0
       0
       0
       0
       0
       1
       0
       1
       1
       1
       1
     594
   17198
   17313
   16420
   15887
   15572
   14952
   14616
   14658
   14380
   14307
   14048
   14016
   13690
   13650
   13468
   13470
   13240
   12925
   12951
   13107
   12781
   12360
   12570
   12394
   12298
   12123
   12106
   12199
   11963
   11995
   11864
   11756
   11622
   11761
   11414
   11216
   11199
   11189
   11149
   11031
   10865
   10878
   11024
   10790
   10667
   10724
   10524
   10553
   10465
   10231
   10302
   10130
   10170
   10111
    9994
    9969
   10242
    9951
    9910
    9658
    9931
    9750
    9416
    9640
    9448
    9498
    9529
    9615
    9308
    9328
    9390
    9218
    9115
    9094
    9086
    9035
    9158
    9214
    8946
    9208
    8920
    9005
    8805
    8912
    8786
    8698
    8655
    8740
    8779
    8594
    8634
    8470
    8532
    8534
    8535
    8436
    8463
    8483
    8364
    8388
    8212
    8301
    8334
    8206
    8306
    8286
    8183
    8139
    8221
    8141
    8030
    8084
    8179
    8052
    7998
    8095
    7992
    7941
    8043
    7944
    7973
    7976
    7857
    8028
    8095
    7862
    7908
    7784
    7901
    7878
    7850
    7836
    7792
    7877
    7677
    7568
    7736
    7732
    7572
    7658
    7711
    7796
    7781
    7618
    7794
    7596
    7659
    7777
    7572
    7660
    7781
    7664
    7689
    7766
    7627
    7561
    7552
    7607
    7687
    7665
    7672
    7592
    7539
    7707
    7644
    7492
    7536
    7584
    7451
    7516
    7475
    7439
    7616
    7410
    7546
    7492
    7470
    7495
    7615
    7519
    7611
    7525
    7600
    7552
    7613
    7628
    7617
    7722
    7660
    7633
    7634
    7447
    7738
    7636
    7739
    7708
    7668
    7802
    7830
    7775
    7701
    7699
    7827
    7767
    7740
    7675
    7851
    7871
    7715
    7854
    7826
    7819
    7948
    7959
    7868
    7804
    7954
    7865
    7919
    7912
    7922
    7841
    7925
    8024
    7946
    8064
    8078
    8116
    8137
    8351
    8416
    8584
    8598
    8906
    9100
    9420
    9858
   10531
   11116
   12030
   12978
   13865
   15493
   16934
   18853
   21078
   23683
   26398
   29539
   32923
   36846
   40902
   44866
   49565
   54979
   59663
   64746
   69560
   74073
   79653
   84433
   88905
   93603
   97899
  102027
  105289
  107783
  111349
  112781
  115378
  116973
  118301
  120158
  120707
  120490
  120802
  120728
  120519
  120048
  119220
  118021
  117386
  115813
  114961
  113219
  111797
  109698
  108001
  105537
  103898
  101585
   99254
   96747
   94873
   91601
   88644
   86051
   83577
   80400
   77620
   74577
   71947
   69023
   66132
   63416
   60354
   57882
   55238
   52592
   50365
   47834
   46025
   43483
   42019
   40163
   38846
   37353
   36087
   34698
   34053
   32907
   31464
   30795
   29577
   28851
   27681
   26933
   25920
   24669
   23969
   23033
   22113
   21254
   20043
   19164
   18115
   17467
   16268
   15547
   14455
   13505
   12853
   11791
   11349
   10464
    9787
    9229
    8721
    8275
    7540
    7263
    6740
    6495
    6351
    6184
    5986
    5621
    5482
    5400
    5321
    5244
    5172
    5298
    5319
    5163
    5149
    5067
    5157
    5111
    5109
    4996
    5210
    5106
    5194
    5082
    5113
    5157
    5231
    4925
    5114
    5078
    5147
    5093
    4924
    5015
    4920
    4981
    4925
    4947
    4964
    4820
    4987
    4991
    4832
    4851
    4923
    4852
    4687
    4763
    4657
    4767
    4803
    4723
    4724
    4667
    4672
    4648
    4635
    4694
    4568
    4638
    4516
    4709
    4666
    4541
    4530
    4532
    4594
    4404
    4541
    4558
    4356
    4428
    4490
    4332
    4374
    4416
    4415
    4389
    4360
    4490
    4452
    4422
    4373
    4428
    4557
    4365
    4337
    4348
    4348
    4371
    4296
    4415
    4437
    4388
    4324
    4457
    4328
    4290
    4288
    4456
    4484
    4449
    4366
    4412
    4353
    4400
    4297
    4348
    4480
    4462
    4373
    4477
    4454
    4351
    4480
    4401
    4357
    4370
    4355
    4420
    4374
    4376
    4252
    4474
    4463
    4313
    4441
    4347
    4305
    4403
    4358
    4287
    4315
    4241
    4148
    4161
    4267
    4243
    4175
    4045
    4138
    4122
    4123
    4082
    4153
    4046
    3958
    4057
    4034
    4052
    3943
    4003
    4013
    3946
    3960
    4074
    3958
    4023
    4112
    3949
    3886
    3914
    3954
    3898
    3857
    3957
    3852
    3842
    3772
    3811
    3798
    3719
    3849
    3847
    3765
    3801
    3718
    3821
    3884
    3844
    3877
    3805
    3790
    3790
    3860
    3742
    3758
    3645
    3739
    3780
    3749
    3738
    3739
    3774
    3761
    3726
    3856
    3880
    3846
    3775
    3879
    3671
    3829
    3763
    3759
    3805
    3772
    3805
    3692
    3699
    3703
    3712
    3876
    3835
    3744
    3766
    3878
    3681
    3767
    3797
    3722
    3675
    3648
    3697
    3735
    3738
    3726
    3776
    3620
    3737
    3708
    3712
    3599
    3670
    3694
    3703
    3585
    3670
    3666
    3646
    3628
    3671
    3638
    3629
    3618
    3625
    3544
    3610
    3628
    3650
    3588
    3672
    3627
    3631
    3597
    3568
    3572
    3581
    3695
    3525
    3536
    3596
    3552
    3629
    3475
    3631
    3497
    3590
    3674
    3498
    3523
    3586
    3608
    3628
    3643
    3535
    3635
    3494
    3612
    3524
    3596
    3613
    3492
    3521
    3495
    3623
    3487
    3534
    3621
    3638
    3582
    3432
    3528
    3497
    3507
    3558
    3569
    3571
    3536
    3554
    3521
    3500
    3558
    3494
    3548
    3466
    3477
    3485
    3363
    3473
    3452
    3359
    3397
    3515
    3419
    3465
    3379
    3411
    3391
    3348
    3442
    3484
    3475
    3555
    3457
    3479
    3472
    3376
    3432
    3390
    3472
    3409
    3518
    3421
    3394
    3425
    3339
    3324
    3352
    3390
    3393
    3444
    3493
    3368
    3355
    3349
    3316
    3346
    3318
    3292
    3348
    3311
    3311
    3309
    3305
    3322
    3332
    3377
    3344
    3315
    3302
    3236
    3304
    3218
    3251
    3261
    3198
    3302
    3227
    3345
    3140
    3343
    3229
    3396
    3251
    3366
    3226
    3339
    3244
    3200
    3202
    3268
    3167
    3229
    3270
    3334
    3278
    3208
    3172
    3228
    3171
    3292
    3288
    3270
    3357
    3228
    3302
    3154
    3262
    3282
    3130
    3219
    3202
    3213
    3180
    3228
    3168
    3094
    3191
    3219
    3170
    3196
    3256
    3166
    3173
    3250
    3162
    3128
    3166
    3100
    3171
    3201
    3214
    3331
    3184
    3238
    3189
    3218
    3158
    3130
    3176
    3118
    3164
    3218
    3079
    3185
    3147
    3213
    3092
    3204
    3105
    3133
    3231
    3003
    3138
    3185
    3146
    3176
    3182
    3163
    3093
    3042
    3175
    3128
    3172
    3191
    3161
    3139
    3118
    3159
    3235
    3089
    3095
    3026
    3115
    3161
    3126
    3050
    3067
    3106
    3072
    3171
    3151
    3162
    3052
    3049
    3066
    3103
    3094
    3079
    3055
    3071
    3069
    3083
    3047
    2996
    3114
    3011
    3120
    3006
    3074
    3102
    3159
    3066
    3115
    3128
    2970
    3065
    3060
    3074
    3198
    3083
    3052
    3076
    3091
    3100
    3152
    3176
    3198
    3209
    3257
    3085
    3118
    3250
    3205
    3161
    3191
    3211
    3127
    3128
    3181
    3177
    3126
    3143
    3103
    3155
    3100
    3104
    3178
    3256
    3058
    3249
    3045
    3155
    3128
    3177
    3061
    3103
    3048
    3021
    3040
    3017
    3130
    3121
    3142
    3070
    3183
    3104
    3081
    3170
    3133
    2988
    3014
    2971
    2989
    3000
    3076
    2998
    3051
    2963
    3009
    3036
    3080
    3085
    2982
    2976
    3010
    2957
    3074
    3036
    2987
    3026
    2973
    2999
    3007
    3072
    3065
    2888
    2992
    2938
    3097
    3041
    2973
    3025
    3071
    3114
    3017
    3121
    3072
    3103
    3148
    3131
    3068
    3231
    3135
    3062
    3178
    3117
    3167
    3134
    3252
    3104
    3121
    3163
    3185
    3150
    3254
    3052
    3126
    3183
    3125
    3199
    3207
    3218
    3164
    3162
    3213
    3123
    3173
    3222
    3108
    3166
    3268
    3241
    3183
    3176
    3101
    3112
    3085
    3088
    3222
    3101
    3056
    3049
    3194
    3085
    3082
    3181
    3205
    3086
    3081
    3091
    3112
    3134
    3068
    3168
    3134
    3121
    3035
    3039
    3058
    3172
    3072
    3098
    3039
    3137
    3016
    3072
    2943
    3037
    3042
    2964
    3025
    2988
    3042
    2944
    3007
    3004
    2989
    2878
    3029
    3020
    2869
    2920
    2956
    3119
    3038
    3001
    2989
    3034
    3010
    3162
    3078
    3067
    3147
    3180
    3097
    3147
    3168
    3185
    3228
    3296
    3313
    3260
    3329
    3341
    3354
    3372
    3347
    3357
    3485
    3467
    3306
    3402
    3492
    3341
    3436
    3358
    3475
    3436
    3369
    3408
    3322
    3291
    3399
    3347
    3339
    3301
    3261
    3363
    3247
    3141
    3245
    3146
    3156
    3241
    3186
    3104
    3086
    3196
    3054
    2958
    3079
    3087
    2975
    2893
    2870
    2850
    2910
    2915
    2838
    2792
    2936
    2867
    2863
    2856
    2741
    2705
    2771
    2861
    2774
    2701
    2751
    2682
    2737
    2822
    2658
    2744
    2746
    2711
    2766
    2693
    2756
    2733
    2713
    2707
    2772
    2719
    2741
    2791
    2739
    2800
    2758
    2743
    2756
    2764
    2723
    2707
    2746
    2694
    2733
    2738
    2742
    2749
    2774
    2683
    2642
    2752
    2834
    2774
    2694
    2776
    2831
    2833
    2775
    2774
    2753
    2733
    2774
    2941
    2739
    2783
    2719
    2833
    2855
    2723
    2678
    2725
    2756
    2802
    2738
    2753
    2769
    2837
    2821
    2740
    2832
    2862
    2641
    2769
    2735
    2803
    2746
    2804
    2847
    2779
    2861
    2795
    2776
    2887
    2787
    2749
    2778
    2812
    2819
    2774
    2780
    2827
    2829
    2994
    2829
    2803
    2855
    2737
    2774
    2828
    2916
    2947
    2831
    2817
    2785
    2877
    2930
    2829
    2929
    2921
    2949
    2883
    2847
    2915
    2899
    2880
    2816
    2821
    2810
    2904
    2864
    2809
    2829
    2753
    2775
    2795
    2873
    2809
    2869
    2772
    2804
    2827
    2790
    2841
    2718
    2728
    2749
    2870
    2784
    2816
    2839
    2813
    2794
    2750
    2805
    2831
    2707
    2733
    2858
    2806
    2775
    2745
    2760
    2814
    2752
    2705
    2653
    2731
    2752
    2789
    2851
    2772
    2709
    2729
    2809
    2747
    2690
    2797
    2685
    2756
    2803
    2793
    2732
    2764
    2686
    2807
    2747
    2763
    2780
    2866
    2834
    2819
    2780
    2797
    2851
    2796
    2861
    2747
    2778
    2856
    2790
    2888
    2894
    2851
    2904
    2784
    2860
    2763
    2857
    2826
    2812
    2801
    2863
    2913
    2873
    2980
    2914
    2905
    2918
    2816
    2883
    2934
    2936
    2902
    2795
    2928
    2882
    2901
    2893
    2863
    2902
    2847
    2961
    2964
    2960
    2859
    2781
    2972
    2891
    2935
    2850
    2935
    2920
    2966
    2990
    2964
    2872
    2922
    2939
    2942
    3028
    2948
    2893
    2971
    2947
    2998
    2994
    3012
    3031
    2985
    3015
    2955
    2938
    3052
    2977
    2941
    3021
    3015
    3051
    3061
    3033
    3001
    3166
    3094
    3100
    3040
    2889
    2993
    3052
    3013
    3058
    3020
    2995
    3086
    3021
    2872
    3066
    3069
    3025
    3152
    3006
    3006
    3101
    3076
    3115
    3055
    3153
    3021
    3070
    3115
    3092
    3158
    3069
    3174
    3116
    3061
    3066
    3168
    3107
    3078
    3095
    3191
    3159
    3175
    3186
    3101
    3223
    3130
    3314
    3205
    3226
    3157
    3148
    3234
    3276
    3357
    3312
    3280
    3290
    3266
    3348
    3259
    3350
    3310
    3255
    3311
    3430
    3227
    3327
    3452
    3380
    3324
    3277
    3364
    3435
    3391
    3410
    3535
    3377
    3398
    3341
    3439
    3347
    3569
    3515
    3408
    3457
    3607
    3456
    3532
    3499
    3593
    3513
    3507
    3640
    3645
    3762
    3643
    3669
    3701
    3729
    3747
    3717
    3735
    3660
    3684
    3715
    3865
    3711
    3788
    3721
    3726
    3816
    3855
    3893
    3905
    3780
    3893
    3918
    3909
    3943
    4050
    3987
    3929
    4130
    4101
    4096
    4075
    4000
    4147
    4140
    4069
    4101
    4116
    4280
    4115
    4212
    4217
    4174
    4508
    4243
    4322
    4330
    4431
    4398
    4524
    4405
    4404
    4542
    4571
    4485
    4631
    4721
    4698
    4681
    4739
    4873
    4661
    4686
    4855
    4893
    4822
    4977
    4992
    4937
    4907
    4936
    5202
    5005
    5019
    5160
    5139
    5247
    5124
    5320
    5268
    5303
    5439
    5476
    5411
    5594
    5627
    5635
    5605
    5568
    5802
    5709
    5757
    5744
    5918
    5891
    5925
    5892
    5922
    5907
    5984
    5983
    6153
    6157
    6196
    6253
    6406
    6230
    6297
    6211
    6472
    6427
    6531
    6488
    6698
    6677
    6714
    6691
    6674
    6681
    6870
    6947
    6880
    7136
    7086
    7125
    7056
    7080
    7187
    7244
    7496
    7266
    7228
    7477
    7330
    7345
    7458
    7521
    7622
    7478
    7784
    7784
    7737
    7775
    7858
    7863
    7782
    7942
    7795
    7854
    8000
    8119
    8067
    8024
    8089
    8082
    8213
    8171
    8273
    8127
    8294
    8247
    8217
    8322
    8207
    8361
    8237
    8312
    8290
    8276
    8375
    8317
    8333
    8465
    8223
    8097
    8402
    8309
    8312
    8328
    8393
    8184
    8226
    8294
    8299
    8263
    8487
    8476
    8242
    8275
    8350
    8265
    8275
    8393
    8193
    8311
    8367
    8146
    8355
    8051
    8334
    8048
    8253
    8381
    8322
    8320
    8239
    8364
    8269
    8254
    8299
    8211
    8217
    8357
    8127
    8338
    8090
    8331
    8443
    8419
    8140
    8359
    8157
    8297
    8263
    8388
    8375
    8428
    8449
    8420
    8539
    8544
    8521
    8629
    8593
    8556
    8454
    8698
    8656
    8869
    8819
    8786
    8678
    8867
    8893
    8949
    8853
    9020
    8981
    9006
    9186
    9175
    9275
    9275
    9236
    9244
    9335
    9397
    9459
    9517
    9496
    9451
    9628
    9856
    9892
    9848
    9762
   10029
    9827
    9958
   10005
   10053
   10270
   10411
   10350
   10289
   10429
   10595
   10619
   10582
   10795
   10612
   10823
   11130
   11118
   11085
   11097
   11207
   11223
   11351
   11498
   11573
   11875
   11825
   11746
   11841
   11652
   12255
   12028
   12234
   12295
   12278
   12404
   12512
   12674
   12491
   12603
   12903
   13125
   13178
   13020
   13249
   13302
   13532
   13849
   13826
   13947
   14127
   14071
   14162
   14222
   14482
   14641
   14547
   15033
   15214
   15086
   15149
   15384
   15485
   15673
   15870
   15804
   15773
   16098
   16524
   16260
   16847
   16692
   16892
   17362
   16998
   17210
   17266
   17604
   17968
   17979
   18120
   18449
   18026
   18488
   18912
   19003
   18956
   19319
   19615
   19764
   19994
   20227
   20052
   20371
   20346
   20579
   20668
   21245
   21002
   21758
   21606
   21893
   22098
   22366
   22582
   22804
   22943
   23246
   23084
   24016
   24079
   23801
   24168
   24306
   24617
   24798
   25376
   25423
   25626
   26001
   26440
   26618
   26757
   26911
   26920
   27585
   27876
   28104
   28434
   28624
   29091
   29136
   29409
   29826
   30093
   30350
   30903
   31032
   31047
   31720
   31677
   32139
   32411
   32576
   32977
   33557
   33272
   34417
   34599
   34974
   35312
   35534
   36126
   36226
   36970
   37246
   37477
   37945
   38337
   38619
   39385
   40091
   40578
   40709
   41122
   41375
   42084
   42672
   42947
   43327
   43999
   44496
   44682
   45601
   46059
   46725
   46943
   47673
   48323
   49417
   49720
   50010
   50584
   51116
   52036
   52234
   53526
   54062
   54166
   55588
   55895
   56443
   57442
   58122
   59313
   59762
   60573
   61121
   62073
   62817
   63708
   64614
   65159
   66574
   67498
   68375
   69834
   70256
   71635
   72451
   73537
   74510
   75678
   77343
   78027
   79620
   80530
   82560
   82750
   85009
   85583
   87240
   88606
   89089
   91334
   93341
   94480
       0
       0
       0
       0
       0
       0
       0
       0
       0
       0
       0
       0
       0
       0
       0
       0
       0
       0
       0
       0
       0
       0
       0
       0
       0
       0
       0
       0
       0
       0
       0
       0
$ROI:
0
$PRESETS:
None
0
0
$ENER_FIT:
-0.169488 0.023446
$MCA_CAL:
3
-1.694878E-001 2.344633E-002 0.000000E+000 keV
$SHAPE_CAL:
3
0.000000E+000 0.000000E+000 0.000000E+000
