$SPEC_ID:
No sample description was entered.
$SPEC_REM:
DET# 4
DETDESC# JLAB-20 MCB 131
AP# Maestro Version 7.01
$DATE_MEA:
09/30/2025 11:26:44
$MEAS_TIM:
83057 85079
$DATA:
0 2047
       0
       0
       0
       0
       0
       0
       0
       0
       0
       0
       0
       0
       0
       0
       0
       0
       0
       0
       0
       0
       0
       0
       0
       0
       0
       0
       0
       0
       0
       0
       0
       0
       0
       0
       0
       0
       0
       0
       0
       0
       0
       0
       0
       0
       0
       0
       0
       0
       0
       0
       0
       0
       1
       0
       1
       0
       0
       0
       0
       0
       0
       0
       0
       1
       0
       1
       0
       0
       0
     310
    9335
    9464
    8932
    8552
    8567
    8145
    8068
    7979
    7852
    7710
    7580
    7782
    7428
    7476
    7360
    7364
    7190
    7036
    6995
    7229
    6952
    6666
    6869
    6670
    6654
    6546
    6582
    6665
    6529
    6529
    6417
    6395
    6319
    6423
    6211
    6078
    6185
    6091
    6121
    5967
    5920
    5937
    5927
    5832
    5744
    5809
    5711
    5678
    5577
    5515
    5616
    5583
    5500
    5527
    5488
    5449
    5599
    5424
    5352
    5283
    5430
    5293
    5111
    5178
    5059
    5166
    5140
    5206
    5089
    5014
    5084
    5094
    4942
    4948
    4955
    4934
    4974
    5044
    4965
    5029
    4776
    4996
    4684
    4853
    4699
    4716
    4740
    4788
    4756
    4621
    4753
    4626
    4638
    4587
    4682
    4590
    4617
    4686
    4618
    4596
    4501
    4473
    4532
    4408
    4588
    4511
    4505
    4409
    4496
    4496
    4384
    4388
    4502
    4390
    4323
    4465
    4336
    4343
    4367
    4312
    4271
    4307
    4198
    4364
    4448
    4286
    4382
    4234
    4256
    4374
    4237
    4252
    4269
    4317
    4183
    4166
    4178
    4154
    4219
    4158
    4207
    4244
    4161
    4024
    4213
    4175
    4132
    4174
    4128
    4179
    4233
    4171
    4158
    4276
    4150
    4191
    4093
    4105
    4173
    4127
    4105
    4110
    4029
    4171
    4196
    4130
    4065
    4192
    4038
    4080
    4131
    4098
    4114
    3931
    4133
    4088
    4049
    4089
    4146
    4044
    4090
    4078
    4091
    4128
    4120
    4126
    4100
    4194
    4236
    4154
    4122
    4041
    4243
    4208
    4211
    4194
    4124
    4267
    4303
    4283
    4185
    4159
    4185
    4261
    4348
    4226
    4253
    4280
    4222
    4246
    4259
    4224
    4301
    4330
    4262
    4176
    4330
    4265
    4293
    4311
    4314
    4221
    4348
    4375
    4279
    4396
    4392
    4402
    4441
    4555
    4488
    4659
    4774
    4804
    5057
    5117
    5265
    5677
    6002
    6508
    6937
    7564
    8443
    9142
   10151
   11374
   12854
   14262
   15894
   17721
   19667
   22005
   24281
   26803
   29732
   32234
   34888
   37625
   40114
   43283
   45956
   48634
   51015
   53030
   55259
   57503
   58469
   60685
   61396
   62825
   63564
   64263
   65154
   65669
   65445
   65820
   65864
   65784
   65417
   64899
   64323
   63865
   63183
   62190
   61550
   60931
   59473
   58605
   57374
   56466
   55413
   53882
   52551
   51414
   49866
   48225
   46621
   45574
   43747
   41995
   40341
   38919
   37632
   35973
   34656
   33242
   31593
   30160
   28636
   27355
   26187
   25153
   23784
   22905
   21836
   21168
   20604
   19548
   18925
   18508
   17942
   17104
   16798
   16106
   15878
   14958
   14661
   14028
   13353
   12969
   12547
   12034
   11694
   10952
   10306
    9781
    9399
    8864
    8504
    7836
    7349
    7043
    6391
    6275
    5716
    5343
    4984
    4719
    4515
    4075
    3944
    3647
    3545
    3441
    3366
    3231
    3042
    2951
    2926
    2868
    2854
    2856
    2790
    2877
    2784
    2760
    2693
    2831
    2829
    2772
    2731
    2836
    2811
    2915
    2753
    2802
    2805
    2861
    2623
    2792
    2720
    2792
    2772
    2689
    2757
    2674
    2690
    2673
    2761
    2788
    2627
    2679
    2652
    2620
    2556
    2632
    2682
    2562
    2569
    2610
    2562
    2589
    2630
    2584
    2523
    2512
    2487
    2501
    2577
    2499
    2487
    2434
    2528
    2463
    2483
    2470
    2492
    2553
    2403
    2477
    2425
    2378
    2421
    2444
    2318
    2402
    2330
    2441
    2396
    2330
    2399
    2374
    2430
    2388
    2413
    2520
    2369
    2327
    2382
    2339
    2360
    2325
    2449
    2378
    2426
    2413
    2390
    2401
    2287
    2326
    2406
    2451
    2372
    2323
    2406
    2421
    2406
    2341
    2388
    2408
    2437
    2375
    2470
    2471
    2391
    2454
    2401
    2384
    2397
    2390
    2435
    2411
    2366
    2333
    2432
    2414
    2346
    2415
    2374
    2373
    2368
    2383
    2376
    2310
    2338
    2267
    2253
    2356
    2315
    2317
    2195
    2246
    2266
    2240
    2207
    2199
    2221
    2176
    2202
    2243
    2217
    2146
    2224
    2163
    2151
    2143
    2241
    2208
    2162
    2187
    2198
    2134
    2163
    2170
    2113
    2109
    2152
    2101
    2049
    2018
    2122
    2077
    2038
    2066
    2113
    2044
    2091
    2026
    2044
    2050
    2076
    2073
    2068
    2063
    2127
    2088
    2049
    2066
    1969
    2021
    2018
    2066
    2017
    2003
    2078
    2029
    1994
    2106
    2103
    2105
    2068
    2074
    2010
    2064
    2079
    2031
    2071
    2004
    2059
    1998
    2044
    2001
    2029
    2104
    2087
    2062
    2032
    2101
    2002
    2086
    2070
    2010
    1977
    1996
    2014
    2030
    2094
    2066
    2082
    1975
    2051
    2009
    2024
    1934
    1998
    2000
    2018
    1988
    2008
    1983
    1979
    2030
    2006
    2018
    1959
    1962
    1959
    1895
    1989
    2008
    1995
    1933
    1951
    1986
    1998
    1958
    1942
    1972
    1987
    2027
    1968
    1894
    1992
    1921
    1970
    1883
    2010
    1899
    1904
    2017
    1911
    1920
    1913
    1973
    1913
    1982
    1975
    1948
    1927
    1940
    1885
    1951
    1975
    1901
    1986
    1900
    1950
    1899
    1952
    1954
    1980
    1950
    1889
    1907
    1838
    1923
    1904
    1992
    2008
    1904
    1939
    1896
    1904
    1899
    1948
    1911
    1897
    1923
    1908
    1838
    1910
    1849
    1832
    1800
    1942
    1852
    1880
    1867
    1916
    1865
    1820
    1832
    1876
    1889
    1936
    1841
    1920
    1906
    1855
    1852
    1824
    1866
    1837
    1922
    1832
    1815
    1858
    1793
    1859
    1841
    1892
    1803
    1889
    1929
    1828
    1815
    1812
    1809
    1805
    1830
    1775
    1826
    1787
    1860
    1812
    1836
    1774
    1830
    1834
    1818
    1801
    1765
    1760
    1807
    1772
    1758
    1772
    1764
    1818
    1782
    1835
    1742
    1805
    1788
    1886
    1827
    1853
    1736
    1832
    1819
    1757
    1748
    1812
    1776
    1792
    1811
    1840
    1772
    1721
    1696
    1722
    1708
    1813
    1767
    1820
    1805
    1745
    1790
    1738
    1719
    1826
    1686
    1735
    1742
    1734
    1726
    1778
    1713
    1691
    1744
    1777
    1710
    1735
    1766
    1751
    1735
    1762
    1751
    1742
    1690
    1610
    1714
    1740
    1726
    1811
    1709
    1808
    1765
    1748
    1707
    1744
    1734
    1726
    1708
    1712
    1631
    1737
    1783
    1790
    1642
    1765
    1704
    1715
    1740
    1659
    1637
    1755
    1686
    1719
    1775
    1729
    1643
    1669
    1704
    1720
    1704
    1741
    1720
    1715
    1720
    1709
    1769
    1659
    1716
    1720
    1736
    1735
    1699
    1684
    1648
    1651
    1633
    1725
    1742
    1727
    1668
    1679
    1683
    1677
    1673
    1692
    1684
    1654
    1683
    1650
    1623
    1686
    1705
    1619
    1685
    1662
    1680
    1732
    1725
    1657
    1706
    1750
    1643
    1668
    1636
    1672
    1724
    1694
    1661
    1633
    1654
    1696
    1673
    1725
    1747
    1809
    1788
    1695
    1717
    1779
    1698
    1688
    1723
    1749
    1687
    1726
    1751
    1707
    1729
    1683
    1699
    1704
    1702
    1706
    1696
    1753
    1645
    1735
    1677
    1757
    1716
    1690
    1645
    1653
    1656
    1693
    1611
    1641
    1686
    1709
    1691
    1669
    1758
    1716
    1664
    1763
    1724
    1624
    1653
    1650
    1664
    1676
    1696
    1646
    1622
    1597
    1658
    1636
    1673
    1702
    1578
    1591
    1643
    1614
    1701
    1664
    1633
    1645
    1654
    1577
    1695
    1695
    1711
    1578
    1566
    1638
    1701
    1620
    1590
    1684
    1628
    1723
    1600
    1652
    1671
    1693
    1720
    1684
    1678
    1756
    1694
    1704
    1739
    1702
    1703
    1667
    1789
    1707
    1730
    1731
    1733
    1685
    1748
    1689
    1708
    1743
    1663
    1743
    1703
    1760
    1695
    1709
    1756
    1702
    1699
    1730
    1705
    1714
    1765
    1742
    1736
    1715
    1655
    1690
    1701
    1701
    1788
    1694
    1648
    1717
    1715
    1755
    1687
    1749
    1774
    1726
    1730
    1693
    1718
    1720
    1696
    1675
    1734
    1679
    1666
    1627
    1623
    1701
    1686
    1724
    1658
    1679
    1636
    1738
    1636
    1603
    1609
    1610
    1670
    1618
    1681
    1593
    1647
    1646
    1604
    1554
    1629
    1610
    1558
    1608
    1623
    1716
    1675
    1609
    1652
    1638
    1615
    1679
    1693
    1632
    1702
    1735
    1658
    1721
    1810
    1736
    1744
    1780
    1781
    1789
    1799
    1823
    1785
    1829
    1864
    1831
    1900
    1897
    1728
    1883
    1919
    1806
    1825
    1770
    1877
    1832
    1835
    1880
    1732
    1792
    1890
    1892
    1833
    1779
    1764
    1886
    1754
    1656
    1772
    1735
    1730
    1750
    1684
    1666
    1683
    1751
    1604
    1669
    1664
    1708
    1647
    1527
    1576
    1557
    1615
    1606
    1571
    1486
    1571
    1520
    1574
    1567
    1475
    1466
    1533
    1583
    1529
    1458
    1463
    1436
    1517
    1509
    1484
    1492
    1475
    1489
    1569
    1519
    1491
    1527
    1465
    1455
    1555
    1470
    1464
    1561
    1477
    1509
    1491
    1495
    1508
    1495
    1493
    1511
    1510
    1432
    1435
    1517
    1459
    1494
    1496
    1453
    1438
    1505
    1531
    1473
    1490
    1522
    1521
    1545
    1513
    1507
    1522
    1539
    1541
    1637
    1480
    1503
    1502
    1555
    1509
    1481
    1416
    1499
    1479
    1463
    1454
    1479
    1542
    1574
    1533
    1499
    1535
    1551
    1409
    1532
    1484
    1492
    1542
    1505
    1537
    1466
    1541
    1533
    1559
    1582
    1512
    1481
    1503
    1550
    1582
    1532
    1497
    1559
    1539
    1651
    1529
    1566
    1518
    1487
    1534
    1529
    1560
    1581
    1510
    1507
    1549
    1567
    1582
    1549
    1554
    1545
    1601
    1534
    1597
    1584
    1542
    1554
    1564
    1562
    1502
    1545
    1527
    1498
    1533
    1497
    1518
    1510
    1498
    1525
    1588
    1462
    1515
    1525
    1517
    1499
    1451
    1484
    1485
    1575
    1522
    1542
    1569
    1535
    1508
    1523
    1508
    1548
    1465
    1492
    1567
    1555
    1544
    1462
    1528
    1548
    1490
    1459
    1464
    1421
    1511
    1553
    1597
    1497
    1473
    1463
    1557
    1505
    1455
    1525
    1485
    1508
    1537
    1497
    1483
    1440
    1477
    1525
    1526
    1540
    1524
    1598
    1546
    1547
    1510
    1483
    1551
    1488
    1503
    1477
    1544
    1548
    1493
    1573
    1572
    1592
    1567
    1499
    1590
    1516
    1579
    1513
    1524
    1534
    1601
    1564
    1521
    1644
    1606
    1539
    1624
    1538
    1605
    1595
    1625
    1584
    1485
    1609
    1604
    1600
    1580
    1588
    1558
    1597
    1639
    1619
    1616
    1542
    1516
    1628
    1564
    1608
    1539
    1600
    1598
    1601
    1622
    1612
    1524
    1596
    1576
    1590
    1582
    1585
    1575
    1650
    1643
    1639
    1596
    1634
    1696
    1633
    1645
    1614
    1584
    1658
    1671
    1612
    1634
    1621
    1686
    1636
    1670
    1638
    1724
    1721
    1661
    1645
    1613
    1581
    1653
    1614
    1664
    1689
    1664
    1692
    1695
    1535
    1703
    1624
    1699
    1708
    1630
    1615
    1590
    1697
    1760
    1676
    1750
    1640
    1655
    1657
    1676
    1722
    1670
    1702
    1668
    1663
    1675
    1734
    1670
    1661
    1705
    1700
    1685
    1734
    1748
    1702
    1713
    1734
    1812
    1756
    1721
    1737
    1687
    1758
    1794
    1830
    1802
    1776
    1753
    1789
    1787
    1794
    1874
    1835
    1832
    1839
    1867
    1751
    1776
    1844
    1840
    1806
    1767
    1849
    1863
    1836
    1911
    1983
    1876
    1794
    1763
    1892
    1876
    1937
    1917
    1864
    1859
    1956
    1823
    1968
    1933
    1953
    1873
    1922
    1984
    1996
    2067
    2019
    1992
    2020
    1982
    1990
    1958
    2005
    1963
    1952
    2007
    2108
    2009
    2062
    2044
    2050
    2107
    2044
    2119
    2139
    2021
    2093
    2157
    2166
    2149
    2180
    2118
    2095
    2249
    2252
    2218
    2208
    2188
    2265
    2258
    2183
    2218
    2237
    2326
    2265
    2291
    2202
    2224
    2422
    2327
    2299
    2376
    2421
    2432
    2415
    2373
    2373
    2447
    2500
    2416
    2574
    2630
    2533
    2571
    2569
    2638
    2539
    2517
    2662
    2619
    2609
    2681
    2752
    2665
    2678
    2708
    2832
    2722
    2726
    2781
    2785
    2771
    2787
    2895
    2849
    2945
    2980
    2936
    2963
    3053
    3102
    3087
    3021
    3004
    3121
    3114
    3045
    3081
    3203
    3196
    3193
    3251
    3275
    3192
    3319
    3242
    3333
    3384
    3315
    3413
    3437
    3327
    3447
    3383
    3480
    3467
    3551
    3478
    3614
    3584
    3719
    3685
    3629
    3629
    3722
    3872
    3704
    3948
    3842
    3880
    3934
    3833
    3902
    3930
    4114
    3978
    3897
    4028
    3883
    4008
    4016
    4047
    4165
    4097
    4240
    4193
    4135
    4291
    4308
    4315
    4251
    4250
    4251
    4325
    4394
    4423
    4422
    4415
    4410
    4497
    4522
    4410
    4545
    4412
    4523
    4473
    4457
    4514
    4523
    4593
    4543
    4528
    4559
    4570
    4519
    4507
    4624
    4604
    4485
    4334
    4567
    4516
    4462
    4491
    4555
    4470
    4541
    4570
    4527
    4468
    4594
    4559
    4529
    4504
    4487
    4592
    4487
    4625
    4482
    4533
    4547
    4438
    4518
    4398
    4539
    4327
    4419
    4578
    4460
    4436
    4506
    4489
    4477
    4471
    4476
    4511
    4427
    4635
    4420
    4558
    4452
    4506
    4617
    4609
    4463
    4501
    4422
    4443
    4582
    4554
    4474
    4557
    4477
    4584
    4547
    4574
    4587
    4706
    4687
    4675
    4542
    4742
    4665
    4763
    4811
    4808
    4765
    4789
    4861
    4921
    4891
    4925
    4910
    4920
    5041
    4971
    5036
    4987
    5022
    4955
    5048
    5174
    5067
    5130
    5129
    5179
    5173
    5307
    5271
    5307
    5365
    5358
    5273
    5426
    5408
    5489
    5572
    5720
    5709
    5599
    5617
    5776
    5820
    5643
    5922
    5741
    5890
    5977
    6056
    6015
    5963
    6126
    6077
    6153
    6180
    6265
    6499
    6511
    6353
    6313
    6300
    6656
    6577
    6618
    6616
    6761
    6773
    6722
    6875
    6794
    6881
    7042
    7170
    7167
    7028
    7248
    7277
    7424
    7494
    7473
    7534
    7599
    7640
    7743
    7663
    7876
    7975
    7885
    8216
    8137
    8183
    8339
    8310
    8438
    8450
    8529
    8556
    8447
    8700
    8990
    8777
    9073
    8994
    9298
    9433
    9330
    9199
    9401
    9592
    9675
    9687
    9844
    9963
    9678
   10042
   10318
   10378
   10177
   10423
   10730
   10709
   10816
   10898
   10943
   11059
   10997
   11148
   11259
   11512
   11433
   11708
   11754
   11791
   11931
   12089
   12303
   12359
   12420
   12650
   12565
   12905
   13009
   12928
   13129
   13159
   13353
   13556
   13800
   13829
   13872
   14197
   14354
   14505
   14551
   14656
   14527
   14890
   15082
   15310
   15473
   15530
   15856
   15814
   15800
   16228
   16360
   16428
   16640
   16935
   16743
   17259
   17209
   17473
   17706
   17677
   17963
   18183
   18149
   18860
   18761
   19155
   19093
   19220
   19702
   19729
   20003
   20129
   20347
   20684
   20870
   21024
   21301
   21697
   21911
   22144
   22335
   22520
   22803
   23053
   23264
   23486
   23835
   24189
   24292
   24569
   25045
   25374
   25384
   25923
   26134
   26714
   27052
   27011
   27557
   27719
   28334
   28484
   28810
   29347
   29403
   30481
   30306
   30713
   31092
   31700
   32124
   32353
   32856
   33269
   33743
   34034
   34642
   34978
   35450
   36177
   36655
   36980
   37781
   38107
   38876
   39471
   39643
   40581
   41178
   41866
   42440
   43165
   43646
   44897
   44922
   46007
   46371
   47280
   47950
   48362
   49430
   50642
   51280
       0
       0
       0
       0
       0
       0
       0
       0
       0
       0
       0
       0
       0
       0
       0
       0
       0
       0
       0
       0
       0
       0
       0
       0
       0
       0
       0
       0
       0
       0
       0
       0
$ROI:
0
$PRESETS:
None
0
0
$ENER_FIT:
-0.169488 0.023446
$MCA_CAL:
3
-1.694878E-001 2.344633E-002 0.000000E+000 keV
$SHAPE_CAL:
3
0.000000E+000 0.000000E+000 0.000000E+000
