$SPEC_ID:
No sample description was entered.
$SPEC_REM:
DET# 4
DETDESC# JLAB-20 MCB 131
AP# Maestro Version 7.01
$DATE_MEA:
09/30/2025 02:46:44
$MEAS_TIM:
52599 53878
$DATA:
0 2047
       0
       0
       0
       0
       0
       0
       0
       0
       0
       0
       0
       0
       0
       0
       0
       0
       0
       0
       0
       0
       0
       0
       0
       0
       0
       0
       0
       0
       0
       0
       0
       0
       0
       0
       0
       0
       0
       0
       0
       0
       0
       0
       0
       0
       0
       0
       0
       0
       0
       0
       0
       0
       0
       0
       0
       0
       0
       0
       0
       0
       0
       0
       0
       1
       0
       1
       0
       0
       0
     177
    5874
    5963
    5718
    5347
    5477
    5187
    5039
    5014
    4929
    4865
    4721
    5041
    4695
    4734
    4687
    4699
    4642
    4493
    4451
    4529
    4407
    4207
    4341
    4254
    4186
    4196
    4158
    4257
    4151
    4178
    4083
    4038
    4012
    4105
    3877
    3891
    3902
    3866
    3940
    3757
    3802
    3729
    3759
    3698
    3613
    3650
    3619
    3569
    3492
    3502
    3519
    3477
    3477
    3510
    3543
    3436
    3486
    3440
    3374
    3327
    3406
    3344
    3266
    3305
    3172
    3316
    3300
    3322
    3266
    3201
    3258
    3243
    3192
    3206
    3155
    3166
    3130
    3189
    3162
    3175
    3007
    3155
    2979
    3032
    3004
    2987
    3004
    2997
    3023
    2987
    3015
    2883
    2899
    2924
    2914
    2911
    2904
    2946
    2884
    2931
    2883
    2862
    2876
    2787
    2900
    2879
    2940
    2754
    2816
    2893
    2765
    2779
    2809
    2804
    2768
    2831
    2741
    2786
    2748
    2759
    2765
    2720
    2674
    2784
    2799
    2684
    2766
    2671
    2699
    2797
    2681
    2717
    2685
    2676
    2563
    2626
    2644
    2660
    2680
    2610
    2642
    2683
    2582
    2518
    2697
    2639
    2598
    2597
    2613
    2662
    2658
    2639
    2649
    2726
    2639
    2685
    2579
    2625
    2671
    2591
    2610
    2618
    2585
    2670
    2648
    2597
    2553
    2653
    2530
    2573
    2577
    2620
    2637
    2503
    2637
    2616
    2559
    2564
    2575
    2580
    2578
    2576
    2637
    2651
    2624
    2578
    2566
    2691
    2663
    2660
    2620
    2500
    2734
    2711
    2633
    2590
    2616
    2657
    2682
    2671
    2618
    2625
    2662
    2713
    2761
    2678
    2702
    2660
    2725
    2672
    2666
    2679
    2713
    2775
    2741
    2660
    2762
    2682
    2704
    2716
    2707
    2655
    2779
    2716
    2760
    2814
    2781
    2753
    2773
    2894
    2848
    2961
    3045
    3066
    3285
    3183
    3328
    3562
    3894
    4150
    4413
    4808
    5385
    5844
    6384
    7248
    8084
    8883
   10044
   11259
   12414
   14002
   15380
   16990
   18748
   20354
   22177
   23930
   25408
   27511
   29131
   30901
   32313
   33627
   34917
   36431
   37136
   38378
   38831
   39871
   40262
   40882
   41431
   41775
   41447
   41578
   41777
   41690
   41546
   41203
   40673
   40191
   39873
   39271
   38971
   38462
   37599
   37094
   36548
   35850
   35053
   34138
   33323
   32569
   31528
   30537
   29680
   28749
   27716
   26636
   25510
   24573
   23733
   22828
   21884
   21216
   19900
   19087
   18098
   17368
   16664
   15931
   14946
   14447
   13829
   13388
   13142
   12374
   11913
   11666
   11305
   10844
   10585
   10207
   10088
    9388
    9360
    8986
    8481
    8197
    7904
    7501
    7447
    6878
    6515
    6150
    5953
    5685
    5337
    4965
    4662
    4535
    3980
    3981
    3558
    3412
    3162
    2972
    2854
    2551
    2456
    2308
    2266
    2172
    2115
    2059
    1870
    1873
    1858
    1844
    1870
    1784
    1791
    1870
    1772
    1753
    1720
    1811
    1765
    1766
    1728
    1815
    1771
    1815
    1763
    1751
    1788
    1820
    1705
    1726
    1701
    1726
    1732
    1689
    1760
    1707
    1722
    1735
    1767
    1730
    1663
    1667
    1676
    1691
    1621
    1631
    1702
    1608
    1592
    1605
    1666
    1680
    1671
    1628
    1635
    1604
    1573
    1588
    1622
    1567
    1541
    1553
    1639
    1578
    1558
    1613
    1603
    1664
    1491
    1581
    1554
    1516
    1482
    1542
    1463
    1490
    1494
    1572
    1517
    1513
    1501
    1488
    1553
    1549
    1511
    1577
    1510
    1482
    1544
    1493
    1483
    1470
    1513
    1478
    1524
    1502
    1578
    1504
    1442
    1504
    1550
    1536
    1489
    1445
    1537
    1531
    1520
    1454
    1500
    1543
    1523
    1483
    1566
    1611
    1532
    1599
    1498
    1560
    1505
    1529
    1557
    1551
    1489
    1495
    1547
    1585
    1516
    1566
    1528
    1475
    1452
    1431
    1523
    1466
    1482
    1447
    1431
    1516
    1441
    1467
    1415
    1456
    1485
    1412
    1353
    1394
    1378
    1413
    1430
    1414
    1394
    1365
    1418
    1390
    1346
    1340
    1430
    1407
    1326
    1384
    1431
    1353
    1357
    1400
    1330
    1385
    1380
    1346
    1304
    1286
    1368
    1277
    1285
    1285
    1337
    1287
    1353
    1273
    1274
    1296
    1336
    1335
    1316
    1306
    1319
    1312
    1305
    1310
    1252
    1229
    1291
    1325
    1306
    1291
    1304
    1275
    1259
    1386
    1326
    1355
    1309
    1260
    1280
    1298
    1323
    1260
    1305
    1255
    1300
    1239
    1324
    1262
    1309
    1327
    1340
    1329
    1303
    1323
    1246
    1332
    1318
    1283
    1247
    1242
    1312
    1306
    1339
    1305
    1331
    1270
    1292
    1244
    1260
    1230
    1251
    1263
    1278
    1281
    1272
    1268
    1244
    1267
    1313
    1271
    1266
    1252
    1201
    1188
    1243
    1270
    1275
    1216
    1210
    1279
    1246
    1254
    1283
    1269
    1222
    1272
    1264
    1191
    1261
    1208
    1205
    1223
    1279
    1251
    1218
    1305
    1234
    1239
    1214
    1266
    1193
    1273
    1260
    1228
    1223
    1212
    1177
    1225
    1257
    1210
    1215
    1205
    1252
    1227
    1207
    1230
    1228
    1181
    1201
    1214
    1157
    1193
    1238
    1243
    1282
    1212
    1253
    1192
    1195
    1233
    1215
    1215
    1197
    1227
    1211
    1165
    1192
    1178
    1169
    1150
    1262
    1165
    1179
    1200
    1192
    1180
    1189
    1158
    1190
    1204
    1178
    1163
    1181
    1218
    1166
    1181
    1160
    1215
    1165
    1196
    1118
    1170
    1174
    1143
    1200
    1197
    1181
    1151
    1166
    1255
    1178
    1160
    1109
    1134
    1159
    1141
    1170
    1135
    1142
    1215
    1138
    1168
    1090
    1154
    1167
    1137
    1153
    1115
    1107
    1129
    1144
    1099
    1140
    1113
    1142
    1148
    1137
    1101
    1166
    1143
    1181
    1142
    1203
    1076
    1171
    1154
    1123
    1099
    1139
    1153
    1120
    1140
    1126
    1108
    1076
    1060
    1090
    1065
    1142
    1120
    1172
    1096
    1098
    1131
    1092
    1108
    1129
    1060
    1128
    1088
    1051
    1092
    1149
    1083
    1089
    1073
    1107
    1056
    1093
    1158
    1134
    1120
    1080
    1113
    1136
    1085
    1005
    1091
    1109
    1094
    1142
    1090
    1169
    1123
    1114
    1087
    1125
    1125
    1083
    1104
    1055
    1029
    1090
    1147
    1111
    1043
    1128
    1096
    1115
    1109
    1090
    1042
    1136
    1093
    1050
    1113
    1091
    1058
    1069
    1084
    1079
    1069
    1129
    1100
    1073
    1046
    1060
    1087
    1006
    1083
    1099
    1123
    1073
    1078
    1058
    1021
    1034
    1029
    1108
    1083
    1103
    1075
    1057
    1047
    1041
    1059
    1066
    1045
    1071
    1074
    1033
    1027
    1081
    1046
    1036
    1098
    1080
    1020
    1107
    1077
    1035
    1062
    1142
    1050
    1033
    1038
    1042
    1094
    1118
    1043
    1022
    1034
    1099
    1102
    1082
    1112
    1161
    1115
    1099
    1114
    1153
    1109
    1067
    1104
    1121
    1085
    1088
    1136
    1099
    1111
    1092
    1033
    1094
    1090
    1043
    1065
    1138
    1018
    1092
    1053
    1128
    1102
    1077
    1051
    1069
    1090
    1079
    1015
    1060
    1060
    1086
    1092
    1071
    1105
    1070
    1015
    1116
    1082
    1034
    1108
    1085
    1069
    1091
    1110
    1042
    1008
     971
    1064
    1003
    1047
    1103
     986
    1005
    1054
    1023
    1075
    1054
    1083
    1041
    1048
     987
    1082
    1061
    1103
     996
    1006
    1016
    1071
    1039
     996
    1074
    1008
    1075
    1031
    1042
    1043
    1104
    1114
    1077
    1054
    1120
    1030
    1079
    1125
    1080
    1071
    1078
    1140
    1057
    1122
    1086
    1088
    1079
    1104
    1081
    1069
    1082
    1059
    1091
    1101
    1084
    1051
    1046
    1157
    1086
    1086
    1109
    1097
    1118
    1120
    1112
    1126
    1084
    1027
    1089
    1068
    1072
    1119
    1101
    1049
    1106
    1107
    1124
    1079
    1113
    1112
    1126
    1115
    1052
    1107
    1108
    1127
    1063
    1094
    1045
    1051
    1036
     991
    1057
    1072
    1107
    1068
    1040
    1027
    1081
    1042
    1023
    1029
    1039
    1068
    1020
    1060
     993
    1048
    1036
    1022
     975
    1057
    1010
     990
    1017
    1010
    1051
    1069
    1056
    1051
    1053
    1025
    1061
    1058
    1026
    1084
    1110
    1067
    1068
    1122
    1121
    1103
    1165
    1123
    1152
    1075
    1139
    1144
    1164
    1146
    1165
    1168
    1218
    1080
    1215
    1225
    1113
    1133
    1102
    1170
    1135
    1136
    1209
    1099
    1108
    1193
    1170
    1123
    1145
    1111
    1195
    1110
    1050
    1111
    1092
    1079
    1120
    1076
    1034
    1065
    1117
    1036
    1043
    1062
    1079
    1022
     968
     986
     980
    1031
    1029
    1007
     971
     998
    1011
     974
     994
     917
     946
     945
    1024
     998
     901
     963
     894
     971
     954
     890
     960
     930
     961
    1021
     951
     934
     976
     948
     871
     984
     906
     919
    1002
     927
     967
     941
     949
     969
     963
     942
     930
     972
     932
     944
     986
     872
     953
     957
     945
     923
     962
     944
     943
     947
     946
     980
     971
     951
     926
     970
     966
     995
    1039
     926
     966
     946
     954
     943
     927
     897
     949
     926
     931
     918
     936
     984
     992
     949
     970
     965
     968
     938
     973
     905
     951
     985
     895
     956
     911
     957
     987
     995
    1011
     984
     942
     910
     967
    1000
    1012
     938
     981
     998
    1064
     961
    1008
     982
     937
     987
     949
     985
    1007
     961
     961
     969
     977
    1011
     962
     983
     977
    1016
     971
    1016
    1009
     991
    1002
    1012
    1005
     952
     983
     982
     935
     968
     969
     939
     961
     949
     949
    1023
     921
     945
     945
     973
     935
     920
     958
     933
    1006
     970
     959
     997
     980
     959
     991
     970
     966
     920
     959
    1001
     985
     997
     953
     935
     964
     955
     923
     919
     904
     991
     960
    1018
     915
     936
     921
    1018
     966
     925
     960
     974
     975
    1011
     966
     922
     927
     915
     950
     957
     988
     963
    1028
     952
    1004
     967
     947
     986
     935
     951
     926
     975
    1024
     961
     981
     971
    1006
    1007
     993
    1014
     963
     962
     935
     968
     956
     996
     990
     966
    1025
    1027
     980
    1018
     981
     996
    1001
    1024
    1029
     927
    1032
     996
    1016
     987
    1004
     995
     993
    1037
    1064
    1001
     974
     974
    1033
     977
    1020
     975
    1020
     997
    1017
    1030
    1033
    1014
     988
    1024
     969
    1022
    1032
     991
    1039
    1038
    1024
     999
    1006
    1097
    1038
    1041
    1010
     971
    1061
    1083
     984
    1000
    1023
    1066
    1061
    1062
    1014
    1088
    1080
    1044
    1049
    1018
     986
    1034
     983
    1051
    1076
    1097
    1066
    1100
     966
    1085
    1031
    1084
    1059
    1041
    1018
     998
    1086
    1086
    1087
    1118
    1047
    1025
    1062
    1092
    1099
    1062
    1091
    1045
    1050
    1018
    1081
    1099
    1051
    1071
    1068
    1109
    1062
    1113
    1082
    1104
    1111
    1167
    1104
    1094
    1106
    1055
    1114
    1139
    1157
    1135
    1147
    1111
    1158
    1125
    1083
    1163
    1149
    1148
    1131
    1223
    1086
    1160
    1183
    1188
    1150
    1145
    1185
    1208
    1186
    1185
    1248
    1151
    1123
    1138
    1200
    1187
    1210
    1241
    1140
    1186
    1246
    1165
    1201
    1208
    1219
    1186
    1201
    1300
    1232
    1316
    1258
    1208
    1317
    1265
    1272
    1238
    1289
    1238
    1224
    1275
    1325
    1251
    1302
    1280
    1257
    1306
    1298
    1320
    1371
    1302
    1335
    1380
    1393
    1334
    1364
    1334
    1312
    1392
    1440
    1412
    1426
    1377
    1438
    1441
    1409
    1427
    1404
    1475
    1424
    1428
    1407
    1414
    1532
    1472
    1466
    1545
    1507
    1551
    1540
    1518
    1538
    1522
    1577
    1539
    1641
    1659
    1561
    1633
    1632
    1670
    1586
    1615
    1651
    1647
    1608
    1703
    1697
    1708
    1688
    1697
    1833
    1714
    1762
    1761
    1777
    1769
    1772
    1829
    1817
    1876
    1877
    1836
    1853
    1983
    1942
    1957
    1901
    1917
    1997
    1929
    1876
    1934
    2084
    2002
    2046
    2091
    2054
    2043
    2122
    2028
    2170
    2143
    2106
    2183
    2188
    2075
    2228
    2122
    2195
    2170
    2226
    2191
    2308
    2254
    2358
    2383
    2283
    2275
    2380
    2438
    2330
    2475
    2435
    2450
    2511
    2451
    2385
    2454
    2623
    2575
    2420
    2559
    2435
    2525
    2537
    2547
    2584
    2596
    2656
    2690
    2580
    2723
    2704
    2769
    2703
    2736
    2694
    2795
    2816
    2816
    2892
    2772
    2748
    2846
    2822
    2779
    2820
    2816
    2887
    2812
    2856
    2838
    2810
    2896
    2912
    2791
    2893
    2900
    2853
    2853
    2884
    2852
    2864
    2718
    2921
    2865
    2804
    2851
    2869
    2772
    2939
    2899
    2874
    2908
    2977
    2875
    2892
    2842
    2828
    2931
    2873
    2896
    2897
    2974
    2848
    2767
    2822
    2770
    2833
    2827
    2743
    2870
    2875
    2811
    2876
    2845
    2844
    2828
    2795
    2837
    2766
    2918
    2883
    2876
    2820
    2866
    2904
    2951
    2779
    2832
    2802
    2810
    2871
    2833
    2841
    2917
    2864
    2879
    2922
    2864
    2919
    2971
    3035
    2973
    2890
    2969
    2908
    3026
    3032
    3074
    2978
    3049
    3041
    3143
    3092
    3165
    3090
    3098
    3213
    3155
    3151
    3192
    3193
    3101
    3176
    3340
    3222
    3232
    3248
    3269
    3267
    3315
    3288
    3320
    3406
    3396
    3358
    3453
    3437
    3517
    3472
    3674
    3628
    3567
    3529
    3706
    3731
    3616
    3785
    3565
    3747
    3816
    3867
    3815
    3829
    3862
    3812
    3915
    3946
    3911
    4121
    4115
    4025
    4119
    4006
    4209
    4128
    4199
    4213
    4327
    4293
    4211
    4311
    4294
    4376
    4509
    4543
    4566
    4458
    4591
    4598
    4600
    4830
    4732
    4719
    4801
    4811
    4931
    4913
    4987
    5090
    5051
    5208
    5158
    5197
    5288
    5274
    5393
    5371
    5406
    5474
    5343
    5524
    5703
    5611
    5739
    5786
    5805
    6061
    5941
    5827
    5974
    6141
    6141
    6099
    6289
    6314
    6095
    6300
    6584
    6568
    6432
    6575
    6714
    6793
    6815
    6866
    6868
    7069
    6973
    7055
    7186
    7344
    7299
    7340
    7519
    7374
    7594
    7749
    7778
    7780
    7991
    8044
    8049
    8191
    8354
    8108
    8349
    8389
    8479
    8637
    8614
    8794
    8774
    9063
    9099
    9175
    9187
    9348
    9176
    9514
    9517
    9742
    9756
    9851
   10077
   10007
   10016
   10288
   10424
   10517
   10544
   10729
   10683
   10913
   10962
   11083
   11207
   11297
   11447
   11595
   11537
   12003
   11902
   12116
   12249
   12167
   12445
   12508
   12730
   12647
   13014
   13091
   13269
   13372
   13498
   13842
   13962
   14121
   14010
   14256
   14459
   14681
   14714
   15021
   15087
   15378
   15439
   15503
   15943
   16221
   16021
   16455
   16443
   16960
   17117
   17316
   17508
   17402
   17967
   17994
   18231
   18705
   18720
   19325
   19279
   19593
   19663
   20314
   20176
   20406
   20870
   21017
   21416
   21529
   22145
   22243
   22351
   22790
   23218
   23536
   23904
   24102
   24824
   25296
   25314
   25615
   26193
   26468
   26948
   27440
   27799
   28421
   28466
   29307
   29325
   30029
   30323
   30791
   31333
   32135
   32722
       0
       0
       0
       0
       0
       0
       0
       0
       0
       0
       0
       0
       0
       0
       0
       0
       0
       0
       0
       0
       0
       0
       0
       0
       0
       0
       0
       0
       0
       0
       0
       0
$ROI:
0
$PRESETS:
None
0
0
$ENER_FIT:
-0.169488 0.023446
$MCA_CAL:
3
-1.694878E-001 2.344633E-002 0.000000E+000 keV
$SHAPE_CAL:
3
0.000000E+000 0.000000E+000 0.000000E+000
