$SPEC_ID:
No sample description was entered.
$SPEC_REM:
DET# 4
DETDESC# JLAB-20 MCB 131
AP# Maestro Version 7.01
$DATE_MEA:
09/30/2025 18:56:44
$MEAS_TIM:
109427 112079
$DATA:
0 2047
       0
       0
       0
       0
       0
       0
       0
       0
       0
       0
       0
       0
       0
       0
       0
       0
       0
       0
       0
       0
       0
       0
       0
       0
       0
       0
       0
       0
       0
       0
       0
       0
       0
       0
       0
       0
       0
       0
       0
       0
       0
       0
       0
       0
       0
       0
       0
       0
       0
       0
       0
       0
       2
       0
       1
       1
       0
       0
       0
       0
       0
       0
       0
       1
       0
       1
       1
       1
       0
     410
   12393
   12538
   11848
   11363
   11280
   10773
   10623
   10536
   10292
   10273
   10045
   10075
    9913
    9812
    9770
    9647
    9460
    9257
    9229
    9436
    9244
    8843
    8994
    8826
    8809
    8658
    8626
    8735
    8554
    8558
    8510
    8467
    8316
    8394
    8176
    8045
    8086
    8021
    7997
    7863
    7788
    7787
    7849
    7747
    7602
    7695
    7493
    7512
    7463
    7249
    7363
    7282
    7241
    7279
    7199
    7188
    7327
    7160
    7084
    6897
    7121
    7017
    6704
    6875
    6695
    6844
    6771
    6886
    6653
    6614
    6668
    6618
    6534
    6483
    6475
    6504
    6531
    6643
    6469
    6608
    6324
    6531
    6240
    6400
    6297
    6187
    6300
    6288
    6286
    6194
    6242
    6041
    6148
    6039
    6123
    6027
    6096
    6113
    6017
    6051
    5941
    5882
    5974
    5840
    6023
    5953
    5897
    5855
    5908
    5875
    5773
    5803
    5925
    5776
    5719
    5848
    5721
    5739
    5778
    5694
    5656
    5689
    5568
    5767
    5828
    5585
    5738
    5576
    5642
    5705
    5570
    5595
    5632
    5664
    5498
    5448
    5472
    5529
    5467
    5457
    5521
    5542
    5507
    5411
    5582
    5479
    5441
    5529
    5491
    5499
    5603
    5483
    5449
    5599
    5473
    5449
    5419
    5374
    5483
    5439
    5409
    5400
    5370
    5467
    5493
    5420
    5353
    5452
    5312
    5355
    5363
    5376
    5391
    5259
    5468
    5424
    5300
    5375
    5500
    5358
    5447
    5365
    5432
    5427
    5432
    5416
    5421
    5532
    5479
    5443
    5411
    5303
    5554
    5535
    5589
    5485
    5444
    5614
    5686
    5635
    5512
    5532
    5588
    5600
    5634
    5524
    5655
    5580
    5552
    5570
    5548
    5552
    5704
    5695
    5648
    5567
    5665
    5609
    5700
    5654
    5728
    5617
    5653
    5745
    5642
    5760
    5764
    5725
    5831
    5923
    5992
    6154
    6206
    6310
    6610
    6748
    6946
    7526
    7901
    8569
    9176
    9942
   11015
   12099
   13383
   14835
   16891
   18865
   20923
   23298
   26077
   29096
   31984
   35222
   39222
   42616
   46109
   49697
   52821
   56999
   60252
   63690
   67068
   70067
   72818
   75589
   77075
   79887
   81026
   82711
   83626
   84771
   86030
   86545
   86338
   86669
   86730
   86629
   86119
   85555
   84696
   84207
   83105
   82152
   81138
   80105
   78523
   77413
   75578
   74201
   72792
   70987
   69256
   67728
   65588
   63542
   61487
   60121
   57583
   55458
   53217
   51565
   49717
   47518
   45687
   43489
   41532
   39445
   37793
   36133
   34369
   33141
   31223
   30192
   28718
   27835
   26943
   25811
   24863
   24478
   23504
   22669
   22139
   21256
   20686
   19760
   19266
   18618
   17760
   17181
   16572
   15917
   15332
   14320
   13609
   12896
   12459
   11672
   11193
   10296
    9768
    9195
    8471
    8201
    7487
    7034
    6680
    6250
    5983
    5381
    5216
    4840
    4674
    4524
    4481
    4289
    4035
    3903
    3839
    3773
    3769
    3739
    3732
    3750
    3701
    3721
    3606
    3773
    3681
    3636
    3577
    3736
    3656
    3773
    3633
    3695
    3719
    3793
    3454
    3670
    3608
    3699
    3657
    3544
    3602
    3497
    3575
    3533
    3581
    3589
    3403
    3572
    3508
    3482
    3394
    3486
    3502
    3407
    3382
    3389
    3377
    3427
    3421
    3373
    3351
    3323
    3269
    3302
    3356
    3264
    3283
    3208
    3348
    3324
    3283
    3253
    3268
    3341
    3175
    3290
    3262
    3108
    3171
    3223
    3070
    3149
    3141
    3204
    3150
    3116
    3207
    3190
    3184
    3139
    3175
    3268
    3125
    3103
    3096
    3086
    3124
    3116
    3209
    3148
    3162
    3148
    3161
    3118
    3030
    3046
    3184
    3188
    3187
    3090
    3192
    3172
    3160
    3097
    3121
    3172
    3173
    3121
    3255
    3235
    3114
    3229
    3168
    3176
    3151
    3126
    3182
    3167
    3140
    3036
    3171
    3172
    3065
    3136
    3118
    3123
    3131
    3172
    3115
    3091
    3077
    2991
    2981
    3058
    3030
    3022
    2874
    3003
    2940
    2991
    2917
    2934
    2889
    2851
    2927
    2942
    2904
    2821
    2884
    2882
    2859
    2859
    2941
    2862
    2880
    2917
    2879
    2824
    2835
    2810
    2753
    2776
    2813
    2751
    2720
    2673
    2787
    2727
    2707
    2823
    2721
    2699
    2741
    2626
    2743
    2747
    2733
    2757
    2714
    2745
    2770
    2764
    2673
    2696
    2608
    2633
    2666
    2702
    2665
    2644
    2731
    2694
    2623
    2758
    2765
    2761
    2708
    2743
    2643
    2730
    2733
    2708
    2697
    2687
    2740
    2696
    2678
    2644
    2635
    2742
    2735
    2677
    2705
    2804
    2646
    2704
    2748
    2671
    2654
    2603
    2693
    2682
    2717
    2694
    2734
    2607
    2712
    2663
    2660
    2556
    2631
    2642
    2668
    2599
    2624
    2603
    2570
    2666
    2644
    2647
    2597
    2560
    2599
    2543
    2614
    2606
    2608
    2553
    2609
    2620
    2633
    2598
    2536
    2543
    2588
    2695
    2545
    2501
    2597
    2547
    2597
    2488
    2602
    2475
    2545
    2640
    2512
    2509
    2549
    2576
    2592
    2622
    2553
    2562
    2507
    2560
    2489
    2574
    2594
    2484
    2556
    2487
    2574
    2494
    2542
    2611
    2584
    2575
    2463
    2508
    2459
    2535
    2526
    2571
    2610
    2531
    2559
    2507
    2515
    2520
    2544
    2530
    2445
    2520
    2529
    2437
    2504
    2466
    2395
    2411
    2516
    2451
    2453
    2416
    2491
    2463
    2412
    2418
    2498
    2515
    2564
    2471
    2498
    2535
    2427
    2442
    2402
    2490
    2437
    2519
    2439
    2433
    2465
    2365
    2410
    2399
    2476
    2370
    2481
    2514
    2431
    2360
    2392
    2390
    2386
    2410
    2343
    2411
    2399
    2405
    2369
    2380
    2322
    2417
    2418
    2386
    2374
    2342
    2309
    2380
    2310
    2304
    2341
    2306
    2404
    2343
    2412
    2275
    2403
    2288
    2461
    2331
    2407
    2291
    2402
    2367
    2337
    2282
    2328
    2304
    2326
    2356
    2400
    2321
    2290
    2277
    2299
    2265
    2400
    2363
    2355
    2391
    2272
    2370
    2282
    2286
    2360
    2233
    2295
    2290
    2306
    2281
    2300
    2277
    2234
    2286
    2331
    2296
    2295
    2327
    2301
    2266
    2336
    2267
    2272
    2228
    2198
    2252
    2302
    2296
    2375
    2229
    2330
    2306
    2313
    2259
    2273
    2272
    2253
    2261
    2287
    2162
    2241
    2300
    2330
    2185
    2295
    2261
    2255
    2285
    2162
    2191
    2272
    2210
    2279
    2307
    2262
    2197
    2187
    2285
    2257
    2268
    2268
    2299
    2290
    2266
    2217
    2334
    2216
    2221
    2244
    2259
    2278
    2236
    2205
    2139
    2225
    2159
    2289
    2256
    2252
    2196
    2211
    2237
    2172
    2209
    2204
    2179
    2189
    2240
    2197
    2144
    2199
    2259
    2178
    2241
    2162
    2168
    2241
    2289
    2197
    2244
    2255
    2173
    2202
    2208
    2188
    2287
    2197
    2183
    2174
    2207
    2221
    2218
    2321
    2307
    2339
    2324
    2259
    2253
    2367
    2261
    2239
    2234
    2312
    2218
    2273
    2283
    2260
    2254
    2233
    2245
    2271
    2223
    2252
    2281
    2353
    2157
    2318
    2213
    2281
    2225
    2236
    2164
    2196
    2176
    2212
    2126
    2148
    2229
    2219
    2215
    2183
    2284
    2241
    2171
    2305
    2252
    2136
    2143
    2168
    2147
    2180
    2211
    2176
    2136
    2129
    2184
    2169
    2194
    2235
    2103
    2084
    2155
    2143
    2225
    2154
    2131
    2162
    2151
    2093
    2182
    2217
    2233
    2086
    2128
    2147
    2217
    2164
    2118
    2204
    2158
    2248
    2121
    2221
    2204
    2253
    2248
    2213
    2205
    2279
    2240
    2223
    2275
    2227
    2229
    2218
    2328
    2228
    2242
    2278
    2276
    2243
    2311
    2204
    2220
    2282
    2229
    2264
    2290
    2310
    2234
    2233
    2316
    2244
    2297
    2285
    2252
    2276
    2382
    2295
    2280
    2249
    2169
    2223
    2221
    2210
    2354
    2177
    2196
    2203
    2283
    2239
    2223
    2257
    2319
    2235
    2295
    2226
    2231
    2263
    2230
    2214
    2263
    2241
    2170
    2162
    2196
    2258
    2219
    2265
    2202
    2235
    2158
    2224
    2150
    2154
    2156
    2152
    2205
    2153
    2181
    2134
    2172
    2194
    2115
    2031
    2118
    2145
    2043
    2117
    2116
    2211
    2185
    2154
    2210
    2178
    2170
    2248
    2229
    2185
    2239
    2265
    2185
    2272
    2310
    2283
    2297
    2369
    2344
    2377
    2362
    2406
    2378
    2437
    2431
    2397
    2472
    2511
    2348
    2472
    2513
    2392
    2458
    2366
    2498
    2468
    2411
    2452
    2351
    2358
    2469
    2436
    2370
    2354
    2299
    2464
    2300
    2222
    2362
    2270
    2287
    2301
    2279
    2201
    2183
    2251
    2147
    2161
    2196
    2209
    2133
    2027
    2073
    2043
    2102
    2147
    2060
    1971
    2092
    2024
    2038
    2073
    1947
    1918
    1971
    2072
    1988
    1910
    1937
    1910
    1997
    2017
    1919
    1956
    1967
    1948
    2016
    1943
    1952
    1990
    1909
    1912
    2009
    1941
    1952
    2020
    1957
    2006
    1975
    1981
    1978
    1978
    1949
    1968
    1983
    1904
    1918
    1985
    1934
    1970
    1961
    1910
    1878
    1983
    2021
    1975
    1977
    2030
    2006
    2035
    2000
    1986
    1998
    1985
    2004
    2140
    1942
    2006
    1959
    2016
    2018
    1940
    1897
    1981
    1955
    1950
    1955
    1968
    2017
    2031
    2024
    1953
    2036
    2041
    1879
    2012
    1964
    1981
    1982
    2019
    2040
    1961
    2039
    2017
    2032
    2085
    2000
    1983
    1982
    2027
    2059
    2014
    1947
    2045
    2037
    2156
    2045
    2022
    2038
    1958
    2007
    2005
    2058
    2099
    2004
    1992
    2001
    2077
    2121
    2003
    2062
    2076
    2072
    2047
    2056
    2069
    2056
    2052
    2044
    2022
    1977
    2080
    2069
    1985
    2023
    1974
    1995
    1978
    2012
    2004
    2075
    1977
    1983
    2015
    1996
    2023
    1899
    1950
    1979
    2106
    1967
    2047
    2063
    2022
    2030
    1985
    1983
    2026
    1932
    1984
    2049
    2038
    2000
    1925
    1990
    1999
    1989
    1907
    1907
    1919
    1966
    2006
    2046
    2002
    1955
    1971
    2031
    1990
    1915
    2004
    1940
    1999
    2010
    1956
    1957
    1983
    1953
    2016
    1959
    1975
    2009
    2087
    2006
    1982
    2000
    1979
    2024
    1993
    2038
    1978
    1987
    2050
    1979
    2057
    2092
    2071
    2078
    2004
    2071
    1966
    2075
    2012
    2005
    2016
    2077
    2044
    2036
    2143
    2110
    2020
    2096
    2027
    2090
    2107
    2101
    2097
    1991
    2094
    2090
    2093
    2081
    2076
    2040
    2049
    2122
    2131
    2124
    2038
    1988
    2148
    2080
    2131
    2059
    2112
    2089
    2127
    2139
    2126
    2060
    2121
    2061
    2095
    2117
    2096
    2091
    2151
    2176
    2166
    2129
    2162
    2222
    2169
    2187
    2123
    2092
    2195
    2189
    2160
    2181
    2137
    2160
    2205
    2181
    2150
    2279
    2236
    2188
    2185
    2118
    2115
    2203
    2126
    2207
    2175
    2144
    2233
    2224
    2052
    2220
    2178
    2193
    2250
    2132
    2151
    2167
    2222
    2265
    2188
    2304
    2179
    2182
    2187
    2224
    2243
    2210
    2227
    2193
    2198
    2182
    2289
    2229
    2221
    2212
    2271
    2231
    2271
    2275
    2254
    2293
    2263
    2363
    2345
    2299
    2230
    2208
    2316
    2355
    2419
    2371
    2345
    2286
    2322
    2392
    2357
    2433
    2376
    2360
    2381
    2452
    2324
    2362
    2423
    2417
    2378
    2358
    2398
    2445
    2393
    2502
    2564
    2455
    2404
    2395
    2488
    2446
    2553
    2540
    2433
    2452
    2628
    2486
    2571
    2508
    2570
    2494
    2509
    2620
    2617
    2709
    2638
    2644
    2677
    2654
    2650
    2596
    2650
    2621
    2598
    2606
    2742
    2645
    2733
    2649
    2674
    2754
    2735
    2794
    2809
    2702
    2784
    2832
    2858
    2840
    2883
    2857
    2771
    2974
    2930
    2929
    2929
    2857
    2971
    2987
    2886
    2943
    2945
    3036
    2964
    3011
    2973
    2972
    3244
    3065
    3071
    3130
    3163
    3200
    3219
    3147
    3143
    3257
    3236
    3196
    3329
    3414
    3337
    3360
    3394
    3496
    3353
    3329
    3517
    3448
    3423
    3525
    3593
    3477
    3468
    3553
    3709
    3592
    3600
    3669
    3649
    3698
    3658
    3823
    3754
    3865
    3899
    3889
    3897
    3995
    4046
    4058
    4002
    3984
    4149
    4103
    4090
    4120
    4258
    4216
    4193
    4205
    4307
    4188
    4327
    4280
    4353
    4409
    4374
    4492
    4533
    4426
    4506
    4433
    4639
    4567
    4712
    4633
    4758
    4752
    4834
    4778
    4795
    4753
    4852
    5074
    4907
    5094
    5058
    5096
    5110
    5021
    5123
    5211
    5420
    5236
    5131
    5365
    5175
    5261
    5335
    5375
    5511
    5364
    5536
    5539
    5530
    5657
    5679
    5706
    5630
    5608
    5585
    5677
    5763
    5819
    5844
    5808
    5807
    5891
    5901
    5846
    6015
    5811
    5914
    5890
    5861
    5974
    5878
    6033
    5969
    6002
    5970
    5958
    5989
    5928
    6057
    6035
    5920
    5726
    5975
    5974
    5903
    5931
    6006
    5830
    5965
    5954
    5937
    5914
    6031
    6023
    5958
    5942
    5944
    6005
    5890
    6055
    5871
    5947
    6018
    5828
    5965
    5747
    5956
    5709
    5844
    5987
    5910
    5848
    5890
    5977
    5990
    5926
    5965
    5906
    5845
    6044
    5809
    5943
    5818
    5991
    6054
    6091
    5847
    5923
    5832
    5897
    5936
    5994
    5957
    5927
    5995
    6010
    6034
    6103
    6049
    6182
    6135
    6152
    6025
    6250
    6156
    6308
    6321
    6243
    6273
    6325
    6381
    6394
    6439
    6488
    6450
    6459
    6595
    6576
    6664
    6563
    6626
    6551
    6675
    6765
    6693
    6808
    6842
    6743
    6843
    7037
    6980
    6979
    6969
    7118
    7022
    7206
    7156
    7214
    7378
    7483
    7481
    7392
    7441
    7577
    7574
    7548
    7775
    7555
    7798
    7896
    7964
    7881
    7935
    8065
    8020
    8068
    8157
    8291
    8550
    8540
    8410
    8331
    8314
    8770
    8614
    8754
    8718
    8841
    8914
    8915
    9069
    8969
    9043
    9217
    9385
    9396
    9264
    9549
    9574
    9736
    9844
    9839
    9984
   10008
   10088
   10176
   10077
   10356
   10579
   10472
   10895
   10797
   10727
   10825
   10971
   11127
   11215
   11282
   11209
   11238
   11432
   11852
   11600
   12011
   11911
   12135
   12385
   12267
   12259
   12428
   12620
   12767
   12769
   12921
   13161
   12813
   13275
   13529
   13656
   13518
   13758
   14072
   14024
   14280
   14407
   14358
   14505
   14475
   14666
   14803
   15211
   14986
   15483
   15458
   15626
   15690
   15980
   16191
   16320
   16474
   16650
   16524
   17106
   17179
   17054
   17275
   17311
   17628
   17780
   18131
   18210
   18242
   18645
   18974
   19058
   19183
   19246
   19215
   19729
   19893
   20100
   20315
   20415
   20834
   20812
   21012
   21374
   21591
   21636
   22045
   22223
   22034
   22804
   22566
   22994
   23247
   23257
   23573
   23871
   23827
   24717
   24709
   25185
   25129
   25347
   25888
   25995
   26238
   26644
   26842
   27100
   27391
   27622
   28162
   28653
   29060
   29115
   29407
   29614
   30006
   30387
   30528
   31001
   31325
   31933
   31910
   32466
   32919
   33344
   33545
   34114
   34474
   35321
   35491
   35679
   36146
   36513
   37299
   37415
   38113
   38556
   38803
   39953
   39887
   40331
   40891
   41557
   42291
   42631
   43153
   43752
   44462
   44817
   45599
   46059
   46693
   47491
   48207
   48732
   49692
   50114
   51287
   51861
   52358
   53239
   54251
   55083
   55681
   56894
   57555
   58887
   59113
   60523
   61064
   62273
   63371
   63630
   65254
   66576
   67440
       0
       0
       0
       0
       0
       0
       0
       0
       0
       0
       0
       0
       0
       0
       0
       0
       0
       0
       0
       0
       0
       0
       0
       0
       0
       0
       0
       0
       0
       0
       0
       0
$ROI:
0
$PRESETS:
None
0
0
$ENER_FIT:
-0.169488 0.023446
$MCA_CAL:
3
-1.694878E-001 2.344633E-002 0.000000E+000 keV
$SHAPE_CAL:
3
0.000000E+000 0.000000E+000 0.000000E+000
