$SPEC_ID:
No sample description was entered.
$SPEC_REM:
DET# 4
DETDESC# JLAB-20 MCB 131
AP# Maestro Version 7.01
$DATE_MEA:
09/30/2025 22:46:44
$MEAS_TIM:
122906 125880
$DATA:
0 2047
       0
       0
       0
       0
       0
       0
       0
       0
       0
       0
       0
       0
       0
       0
       0
       0
       0
       0
       0
       0
       0
       0
       0
       0
       0
       0
       0
       0
       0
       0
       0
       0
       0
       0
       0
       0
       0
       0
       0
       0
       0
       0
       0
       0
       0
       0
       0
       0
       0
       0
       0
       1
       2
       0
       1
       1
       0
       1
       0
       0
       0
       0
       0
       1
       0
       1
       1
       1
       0
     475
   13883
   14016
   13217
   12758
   12608
   12077
   11856
   11789
   11598
   11483
   11281
   11238
   11108
   11044
   10922
   10800
   10602
   10380
   10384
   10571
   10363
    9978
   10106
    9927
    9848
    9711
    9707
    9818
    9607
    9619
    9491
    9452
    9339
    9487
    9157
    9015
    9076
    9038
    8959
    8834
    8783
    8777
    8856
    8750
    8541
    8613
    8439
    8452
    8409
    8173
    8259
    8194
    8240
    8123
    8053
    8035
    8178
    8021
    7921
    7736
    7967
    7852
    7573
    7701
    7575
    7692
    7635
    7728
    7484
    7444
    7537
    7438
    7304
    7323
    7294
    7294
    7353
    7513
    7257
    7427
    7126
    7290
    7057
    7209
    7033
    6987
    7035
    7068
    7038
    6940
    6993
    6792
    6871
    6812
    6907
    6771
    6834
    6860
    6715
    6774
    6649
    6614
    6697
    6568
    6733
    6665
    6611
    6619
    6641
    6562
    6480
    6493
    6603
    6501
    6442
    6529
    6408
    6454
    6464
    6414
    6362
    6396
    6260
    6442
    6537
    6313
    6428
    6245
    6295
    6390
    6246
    6315
    6317
    6332
    6163
    6081
    6118
    6179
    6105
    6151
    6170
    6208
    6229
    6119
    6286
    6112
    6100
    6211
    6133
    6183
    6288
    6176
    6170
    6302
    6155
    6124
    6075
    6100
    6158
    6116
    6108
    6081
    6069
    6182
    6158
    6066
    6021
    6132
    5991
    6040
    6033
    6034
    6110
    5950
    6112
    6074
    6015
    6031
    6170
    6038
    6080
    6022
    6092
    6117
    6088
    6118
    6127
    6222
    6169
    6168
    6100
    5995
    6195
    6223
    6235
    6191
    6172
    6319
    6333
    6278
    6201
    6191
    6282
    6281
    6280
    6209
    6326
    6309
    6226
    6262
    6229
    6268
    6443
    6439
    6304
    6260
    6358
    6318
    6378
    6350
    6386
    6292
    6340
    6412
    6366
    6459
    6477
    6504
    6561
    6666
    6723
    6920
    6945
    7135
    7370
    7564
    7822
    8467
    8893
    9587
   10297
   11104
   12377
   13553
   15061
   16751
   18925
   21171
   23520
   26215
   29344
   32730
   35890
   39597
   44051
   47865
   51844
   55791
   59365
   63835
   67737
   71581
   75393
   78583
   81892
   84836
   86670
   89646
   90954
   92864
   93814
   95196
   96431
   97360
   96898
   97380
   97340
   97179
   96608
   95964
   95120
   94360
   93468
   92343
   91284
   89955
   88184
   86999
   85022
   83450
   81800
   79786
   77928
   76274
   73629
   71248
   69198
   67477
   64643
   62446
   59873
   57961
   55870
   53450
   51211
   48801
   46596
   44341
   42395
   40606
   38604
   37193
   35012
   33787
   32290
   31323
   30213
   29054
   27907
   27495
   26497
   25440
   24852
   23894
   23191
   22271
   21669
   20894
   19962
   19253
   18671
   17818
   17139
   16120
   15374
   14547
   14026
   13146
   12536
   11644
   10910
   10344
    9553
    9147
    8420
    7862
    7460
    7060
    6707
    6075
    5860
    5443
    5266
    5070
    5028
    4830
    4516
    4358
    4357
    4267
    4239
    4189
    4218
    4257
    4137
    4188
    4056
    4198
    4135
    4108
    4026
    4177
    4099
    4204
    4058
    4127
    4168
    4224
    3910
    4126
    4085
    4163
    4114
    3955
    4028
    3934
    3996
    3984
    4041
    4053
    3861
    3976
    3965
    3898
    3855
    3913
    3922
    3801
    3793
    3784
    3839
    3829
    3844
    3785
    3780
    3782
    3687
    3702
    3790
    3676
    3715
    3601
    3788
    3717
    3658
    3627
    3665
    3736
    3541
    3702
    3658
    3518
    3585
    3620
    3470
    3544
    3545
    3588
    3563
    3492
    3581
    3598
    3592
    3495
    3549
    3667
    3493
    3480
    3460
    3493
    3529
    3465
    3590
    3589
    3541
    3519
    3579
    3504
    3420
    3433
    3592
    3614
    3607
    3498
    3569
    3549
    3548
    3494
    3510
    3567
    3587
    3495
    3661
    3601
    3490
    3606
    3556
    3522
    3514
    3496
    3547
    3552
    3526
    3426
    3581
    3544
    3440
    3546
    3498
    3502
    3550
    3520
    3507
    3460
    3447
    3393
    3362
    3412
    3426
    3378
    3246
    3361
    3293
    3350
    3257
    3312
    3243
    3198
    3289
    3272
    3273
    3163
    3230
    3247
    3182
    3212
    3288
    3199
    3234
    3275
    3210
    3164
    3158
    3138
    3098
    3119
    3164
    3100
    3044
    3018
    3090
    3057
    3036
    3152
    3066
    3007
    3061
    2975
    3074
    3069
    3075
    3115
    3049
    3082
    3114
    3097
    3011
    3052
    2959
    2984
    3008
    3032
    3014
    2973
    3054
    3026
    2969
    3102
    3102
    3077
    3053
    3071
    2961
    3085
    3040
    3043
    3044
    3010
    3068
    2989
    2998
    2970
    2982
    3126
    3095
    2993
    3016
    3128
    3008
    3033
    3072
    3014
    2963
    2937
    3022
    3008
    3039
    2994
    3058
    2896
    3046
    2977
    2988
    2909
    2917
    2969
    2989
    2901
    2949
    2934
    2893
    2961
    2940
    2974
    2949
    2879
    2908
    2886
    2911
    2900
    2925
    2853
    2943
    2939
    2941
    2904
    2853
    2865
    2883
    3032
    2852
    2807
    2910
    2867
    2939
    2788
    2930
    2780
    2856
    2932
    2821
    2818
    2849
    2911
    2915
    2964
    2852
    2920
    2801
    2882
    2810
    2910
    2900
    2793
    2845
    2761
    2888
    2777
    2848
    2923
    2920
    2881
    2750
    2823
    2797
    2840
    2865
    2877
    2905
    2840
    2861
    2836
    2838
    2869
    2884
    2857
    2737
    2854
    2838
    2723
    2800
    2782
    2720
    2703
    2831
    2751
    2755
    2719
    2773
    2766
    2703
    2754
    2813
    2793
    2873
    2788
    2772
    2831
    2736
    2747
    2693
    2784
    2739
    2809
    2755
    2735
    2748
    2670
    2689
    2698
    2771
    2701
    2791
    2824
    2718
    2673
    2697
    2668
    2687
    2721
    2627
    2712
    2688
    2681
    2666
    2668
    2648
    2716
    2736
    2692
    2672
    2651
    2607
    2674
    2591
    2569
    2655
    2588
    2665
    2634
    2689
    2536
    2730
    2582
    2746
    2625
    2720
    2590
    2689
    2634
    2581
    2570
    2596
    2583
    2624
    2635
    2667
    2604
    2572
    2533
    2599
    2547
    2648
    2661
    2617
    2715
    2547
    2664
    2542
    2584
    2649
    2508
    2571
    2558
    2564
    2538
    2572
    2545
    2490
    2557
    2607
    2577
    2563
    2618
    2569
    2544
    2607
    2553
    2555
    2529
    2491
    2555
    2600
    2597
    2665
    2548
    2598
    2582
    2607
    2543
    2557
    2550
    2536
    2513
    2575
    2432
    2542
    2584
    2623
    2462
    2576
    2529
    2536
    2555
    2425
    2496
    2546
    2514
    2551
    2590
    2544
    2454
    2454
    2552
    2526
    2561
    2538
    2590
    2544
    2518
    2513
    2624
    2479
    2514
    2490
    2516
    2546
    2492
    2479
    2437
    2473
    2461
    2563
    2547
    2541
    2478
    2439
    2503
    2469
    2490
    2461
    2461
    2483
    2507
    2482
    2444
    2463
    2541
    2430
    2517
    2426
    2409
    2536
    2551
    2476
    2496
    2518
    2424
    2459
    2469
    2451
    2594
    2447
    2455
    2423
    2472
    2499
    2521
    2573
    2572
    2629
    2616
    2521
    2529
    2648
    2555
    2527
    2531
    2567
    2510
    2532
    2572
    2539
    2501
    2520
    2503
    2561
    2498
    2533
    2550
    2620
    2436
    2600
    2467
    2548
    2523
    2506
    2435
    2477
    2459
    2464
    2406
    2429
    2505
    2480
    2510
    2451
    2575
    2498
    2457
    2557
    2504
    2394
    2404
    2427
    2386
    2439
    2499
    2447
    2432
    2401
    2441
    2454
    2485
    2532
    2414
    2346
    2426
    2412
    2528
    2429
    2394
    2406
    2393
    2385
    2416
    2476
    2482
    2329
    2381
    2400
    2478
    2464
    2376
    2467
    2437
    2503
    2398
    2485
    2454
    2512
    2522
    2486
    2478
    2601
    2496
    2462
    2552
    2465
    2489
    2511
    2603
    2505
    2513
    2551
    2528
    2518
    2604
    2469
    2487
    2575
    2499
    2555
    2574
    2580
    2530
    2519
    2590
    2506
    2570
    2581
    2517
    2546
    2685
    2589
    2550
    2514
    2445
    2484
    2485
    2469
    2609
    2480
    2461
    2472
    2560
    2534
    2490
    2557
    2571
    2512
    2532
    2518
    2513
    2523
    2468
    2516
    2526
    2514
    2457
    2442
    2486
    2549
    2480
    2528
    2495
    2504
    2416
    2500
    2388
    2429
    2458
    2401
    2455
    2396
    2443
    2359
    2464
    2460
    2392
    2298
    2395
    2412
    2310
    2350
    2392
    2507
    2449
    2408
    2434
    2455
    2451
    2522
    2479
    2450
    2506
    2531
    2469
    2557
    2551
    2514
    2579
    2658
    2666
    2656
    2674
    2687
    2672
    2708
    2713
    2672
    2792
    2818
    2629
    2758
    2809
    2686
    2768
    2664
    2813
    2763
    2698
    2747
    2676
    2642
    2766
    2749
    2681
    2635
    2610
    2735
    2564
    2526
    2636
    2513
    2556
    2599
    2576
    2513
    2463
    2546
    2441
    2407
    2472
    2505
    2398
    2292
    2299
    2279
    2358
    2378
    2297
    2223
    2353
    2283
    2293
    2322
    2186
    2146
    2217
    2322
    2217
    2127
    2194
    2172
    2247
    2253
    2157
    2183
    2220
    2197
    2247
    2178
    2202
    2227
    2165
    2158
    2265
    2158
    2202
    2244
    2166
    2237
    2229
    2227
    2229
    2215
    2208
    2216
    2232
    2149
    2171
    2201
    2187
    2211
    2197
    2136
    2114
    2203
    2291
    2220
    2203
    2291
    2265
    2278
    2238
    2228
    2226
    2219
    2240
    2378
    2193
    2238
    2199
    2273
    2278
    2195
    2136
    2220
    2230
    2215
    2215
    2205
    2263
    2289
    2270
    2207
    2302
    2299
    2106
    2253
    2204
    2218
    2237
    2282
    2286
    2233
    2281
    2257
    2269
    2350
    2252
    2237
    2235
    2294
    2305
    2259
    2191
    2277
    2262
    2401
    2268
    2263
    2301
    2207
    2259
    2269
    2332
    2360
    2271
    2258
    2254
    2312
    2381
    2266
    2343
    2330
    2335
    2307
    2303
    2339
    2327
    2306
    2261
    2262
    2214
    2335
    2315
    2228
    2289
    2210
    2253
    2225
    2274
    2231
    2325
    2231
    2226
    2267
    2240
    2270
    2154
    2205
    2203
    2369
    2230
    2297
    2301
    2252
    2280
    2226
    2242
    2270
    2188
    2217
    2322
    2280
    2232
    2174
    2229
    2267
    2234
    2172
    2137
    2194
    2220
    2271
    2312
    2258
    2202
    2208
    2260
    2234
    2153
    2246
    2176
    2216
    2262
    2216
    2207
    2235
    2150
    2268
    2193
    2199
    2249
    2330
    2265
    2262
    2236
    2217
    2264
    2232
    2309
    2196
    2202
    2298
    2214
    2314
    2338
    2306
    2316
    2259
    2321
    2233
    2326
    2237
    2268
    2255
    2330
    2313
    2290
    2386
    2350
    2285
    2338
    2292
    2330
    2346
    2392
    2336
    2263
    2339
    2324
    2342
    2327
    2320
    2305
    2299
    2363
    2378
    2391
    2276
    2229
    2397
    2340
    2389
    2310
    2363
    2335
    2369
    2393
    2388
    2283
    2376
    2319
    2382
    2392
    2354
    2344
    2420
    2418
    2410
    2413
    2414
    2464
    2435
    2425
    2382
    2335
    2437
    2428
    2397
    2411
    2425
    2424
    2457
    2438
    2417
    2539
    2500
    2484
    2463
    2352
    2403
    2448
    2426
    2472
    2442
    2418
    2500
    2486
    2315
    2475
    2436
    2441
    2532
    2397
    2413
    2464
    2462
    2531
    2458
    2565
    2434
    2457
    2461
    2486
    2518
    2483
    2529
    2486
    2477
    2457
    2566
    2514
    2504
    2480
    2557
    2525
    2555
    2540
    2501
    2592
    2544
    2647
    2597
    2603
    2492
    2503
    2581
    2643
    2710
    2660
    2636
    2629
    2598
    2678
    2663
    2719
    2650
    2630
    2664
    2766
    2607
    2666
    2721
    2709
    2677
    2664
    2688
    2775
    2718
    2794
    2848
    2754
    2716
    2703
    2766
    2717
    2859
    2834
    2740
    2777
    2933
    2800
    2899
    2807
    2895
    2781
    2816
    2952
    2917
    3055
    2951
    2959
    3009
    3005
    3007
    2926
    3024
    2948
    2932
    2926
    3095
    2993
    3089
    3003
    2977
    3084
    3084
    3115
    3139
    3033
    3102
    3168
    3165
    3197
    3276
    3220
    3132
    3327
    3302
    3256
    3290
    3204
    3305
    3333
    3244
    3308
    3288
    3402
    3333
    3373
    3354
    3323
    3656
    3419
    3466
    3497
    3534
    3573
    3657
    3527
    3566
    3667
    3660
    3613
    3723
    3829
    3745
    3739
    3786
    3898
    3772
    3728
    3945
    3900
    3861
    3991
    4042
    3930
    3883
    3983
    4164
    4049
    4023
    4118
    4131
    4164
    4103
    4253
    4252
    4287
    4356
    4379
    4354
    4452
    4546
    4524
    4489
    4503
    4676
    4605
    4628
    4607
    4773
    4749
    4735
    4739
    4812
    4719
    4870
    4802
    4917
    4935
    4944
    5040
    5091
    4968
    5038
    4977
    5208
    5127
    5277
    5224
    5364
    5337
    5394
    5353
    5375
    5380
    5470
    5614
    5520
    5688
    5671
    5698
    5722
    5674
    5756
    5867
    6066
    5850
    5791
    5996
    5866
    5895
    5990
    6052
    6120
    6011
    6192
    6182
    6220
    6301
    6383
    6356
    6299
    6366
    6271
    6358
    6452
    6537
    6560
    6506
    6471
    6559
    6624
    6511
    6697
    6487
    6626
    6607
    6590
    6713
    6620
    6715
    6681
    6711
    6703
    6663
    6709
    6692
    6766
    6801
    6662
    6481
    6743
    6706
    6604
    6684
    6773
    6556
    6678
    6690
    6710
    6611
    6803
    6805
    6646
    6672
    6680
    6687
    6639
    6770
    6551
    6668
    6770
    6572
    6686
    6470
    6721
    6407
    6624
    6705
    6657
    6621
    6615
    6729
    6734
    6667
    6656
    6604
    6576
    6774
    6560
    6756
    6537
    6712
    6771
    6828
    6593
    6692
    6562
    6659
    6617
    6721
    6704
    6731
    6755
    6752
    6800
    6849
    6823
    6970
    6918
    6880
    6755
    6985
    6931
    7108
    7048
    7001
    7017
    7115
    7138
    7197
    7190
    7278
    7232
    7272
    7415
    7383
    7457
    7401
    7413
    7322
    7503
    7557
    7596
    7663
    7660
    7549
    7677
    7895
    7898
    7866
    7826
    7998
    7868
    8053
    8049
    8114
    8241
    8403
    8397
    8282
    8364
    8480
    8549
    8494
    8666
    8511
    8690
    8954
    8958
    8895
    8903
    9000
    9015
    9101
    9183
    9292
    9524
    9582
    9469
    9420
    9348
    9857
    9701
    9825
    9808
    9892
   10005
    9964
   10168
   10081
   10152
   10362
   10562
   10536
   10379
   10697
   10707
   10946
   11141
   11096
   11259
   11263
   11313
   11388
   11374
   11602
   11795
   11744
   12151
   12128
   12026
   12194
   12319
   12513
   12562
   12695
   12611
   12655
   12875
   13266
   12971
   13493
   13382
   13582
   13977
   13752
   13825
   13908
   14119
   14400
   14370
   14479
   14796
   14485
   14939
   15186
   15282
   15189
   15472
   15770
   15799
   16069
   16159
   16015
   16295
   16276
   16496
   16641
   17098
   16931
   17357
   17397
   17585
   17681
   18029
   18147
   18297
   18447
   18664
   18547
   19225
   19222
   19060
   19415
   19507
   19775
   19927
   20350
   20443
   20482
   20866
   21250
   21331
   21569
   21553
   21569
   22191
   22320
   22582
   22769
   23003
   23326
   23345
   23558
   23946
   24234
   24239
   24771
   24867
   24819
   25496
   25362
   25770
   26123
   26175
   26456
   26808
   26722
   27730
   27773
   28188
   28313
   28433
   29089
   29105
   29477
   29949
   30155
   30328
   30691
   31025
   31616
   32172
   32530
   32720
   32951
   33206
   33741
   34251
   34264
   34701
   35187
   35742
   35820
   36504
   37011
   37425
   37692
   38364
   38794
   39520
   39817
   40107
   40499
   41042
   41752
   41934
   42854
   43411
   43587
   44758
   44860
   45181
   45868
   46587
   47526
   47884
   48582
   49082
   49750
   50254
   51146
   51797
   52321
   53284
   54095
   54785
   55787
   56326
   57444
   58314
   58902
   59701
   60781
   61804
   62473
   63788
   64525
   66232
   66347
   67946
   68571
   69986
   71135
   71502
   73292
   74925
   75724
       0
       0
       0
       0
       0
       0
       0
       0
       0
       0
       0
       0
       0
       0
       0
       0
       0
       0
       0
       0
       0
       0
       0
       0
       0
       0
       0
       0
       0
       0
       0
       0
$ROI:
0
$PRESETS:
None
0
0
$ENER_FIT:
-0.169488 0.023446
$MCA_CAL:
3
-1.694878E-001 2.344633E-002 0.000000E+000 keV
$SHAPE_CAL:
3
0.000000E+000 0.000000E+000 0.000000E+000
