$SPEC_ID:
No sample description was entered.
$SPEC_REM:
DET# 4
DETDESC# JLAB-20 MCB 131
AP# Maestro Version 7.01
$DATE_MEA:
09/30/2025 09:26:44
$MEAS_TIM:
76027 77879
$DATA:
0 2047
       0
       0
       0
       0
       0
       0
       0
       0
       0
       0
       0
       0
       0
       0
       0
       0
       0
       0
       0
       0
       0
       0
       0
       0
       0
       0
       0
       0
       0
       0
       0
       0
       0
       0
       0
       0
       0
       0
       0
       0
       0
       0
       0
       0
       0
       0
       0
       0
       0
       0
       0
       0
       1
       0
       1
       0
       0
       0
       0
       0
       0
       0
       0
       1
       0
       1
       0
       0
       0
     278
    8526
    8700
    8207
    7838
    7869
    7444
    7347
    7334
    7182
    7040
    6940
    7129
    6834
    6852
    6720
    6768
    6652
    6440
    6387
    6580
    6378
    6074
    6253
    6113
    6084
    5997
    6056
    6144
    5993
    5993
    5875
    5835
    5775
    5906
    5683
    5574
    5707
    5572
    5624
    5495
    5437
    5407
    5415
    5363
    5238
    5308
    5250
    5178
    5108
    5052
    5151
    5105
    5016
    5055
    5036
    4985
    5133
    4950
    4889
    4846
    4972
    4838
    4692
    4772
    4624
    4737
    4720
    4778
    4677
    4584
    4656
    4659
    4560
    4559
    4574
    4557
    4552
    4614
    4538
    4584
    4386
    4556
    4281
    4457
    4333
    4337
    4365
    4386
    4393
    4244
    4331
    4222
    4219
    4226
    4267
    4239
    4247
    4263
    4220
    4230
    4120
    4084
    4141
    4046
    4193
    4135
    4152
    4023
    4131
    4116
    4015
    4029
    4117
    4005
    3959
    4076
    3960
    3979
    3979
    3943
    3920
    3950
    3855
    3997
    4050
    3885
    3999
    3878
    3920
    4017
    3892
    3898
    3926
    3958
    3817
    3818
    3818
    3808
    3883
    3798
    3851
    3891
    3778
    3659
    3905
    3841
    3781
    3805
    3793
    3859
    3876
    3821
    3795
    3882
    3833
    3851
    3748
    3774
    3829
    3748
    3752
    3772
    3686
    3786
    3839
    3775
    3696
    3854
    3683
    3758
    3764
    3782
    3761
    3613
    3805
    3779
    3724
    3751
    3803
    3707
    3765
    3722
    3769
    3797
    3757
    3763
    3760
    3845
    3869
    3801
    3741
    3709
    3896
    3874
    3830
    3817
    3778
    3888
    3938
    3893
    3802
    3824
    3818
    3915
    3950
    3850
    3873
    3892
    3901
    3898
    3897
    3873
    3957
    3974
    3908
    3819
    3949
    3904
    3907
    3944
    3962
    3842
    3965
    4005
    3945
    4036
    4022
    4032
    4055
    4150
    4103
    4226
    4375
    4421
    4683
    4681
    4829
    5178
    5508
    5997
    6375
    6962
    7781
    8375
    9274
   10412
   11757
   13027
   14551
   16264
   18033
   20181
   22152
   24545
   27207
   29493
   32056
   34402
   36739
   39563
   42095
   44548
   46624
   48555
   50536
   52654
   53567
   55572
   56306
   57538
   58229
   58907
   59816
   60056
   59888
   60153
   60291
   60186
   59990
   59465
   58765
   58388
   57852
   57006
   56345
   55849
   54478
   53652
   52522
   51633
   50690
   49186
   48065
   47098
   45688
   44210
   42697
   41660
   40080
   38495
   36827
   35534
   34433
   32942
   31676
   30509
   28949
   27652
   26194
   25009
   23990
   23048
   21725
   20923
   20022
   19377
   18841
   17927
   17288
   16941
   16393
   15688
   15450
   14729
   14545
   13673
   13394
   12896
   12276
   11886
   11458
   10972
   10759
   10012
    9416
    8914
    8558
    8114
    7751
    7180
    6733
    6448
    5803
    5739
    5222
    4882
    4599
    4319
    4138
    3735
    3585
    3345
    3258
    3160
    3065
    2956
    2784
    2704
    2666
    2638
    2633
    2625
    2544
    2641
    2555
    2517
    2467
    2592
    2596
    2541
    2502
    2596
    2593
    2654
    2510
    2565
    2576
    2620
    2406
    2555
    2505
    2553
    2549
    2456
    2532
    2448
    2481
    2459
    2548
    2536
    2406
    2453
    2426
    2401
    2344
    2409
    2428
    2364
    2354
    2402
    2362
    2369
    2410
    2360
    2316
    2296
    2293
    2287
    2349
    2269
    2286
    2220
    2328
    2248
    2272
    2267
    2289
    2352
    2180
    2277
    2242
    2187
    2214
    2245
    2096
    2203
    2152
    2252
    2184
    2126
    2194
    2167
    2240
    2205
    2206
    2288
    2161
    2107
    2208
    2119
    2152
    2119
    2230
    2182
    2216
    2189
    2188
    2211
    2067
    2124
    2198
    2237
    2169
    2134
    2226
    2223
    2201
    2131
    2177
    2226
    2226
    2168
    2262
    2281
    2170
    2258
    2234
    2185
    2168
    2192
    2233
    2208
    2164
    2116
    2241
    2218
    2161
    2235
    2179
    2155
    2138
    2159
    2161
    2116
    2151
    2067
    2068
    2148
    2120
    2136
    2020
    2079
    2086
    2041
    1999
    2004
    2006
    2007
    2027
    2048
    2033
    1968
    2028
    1964
    1977
    1962
    2046
    2006
    1980
    2006
    2024
    1953
    1957
    2001
    1953
    1941
    1959
    1933
    1901
    1850
    1943
    1888
    1878
    1882
    1948
    1884
    1924
    1851
    1873
    1875
    1906
    1916
    1881
    1874
    1949
    1905
    1881
    1903
    1803
    1840
    1872
    1886
    1858
    1845
    1894
    1857
    1811
    1924
    1931
    1937
    1867
    1874
    1831
    1895
    1895
    1849
    1908
    1833
    1890
    1807
    1881
    1850
    1857
    1936
    1903
    1888
    1861
    1915
    1825
    1891
    1885
    1855
    1820
    1830
    1848
    1864
    1915
    1895
    1908
    1798
    1882
    1815
    1843
    1780
    1833
    1843
    1842
    1824
    1839
    1824
    1813
    1848
    1847
    1850
    1802
    1788
    1809
    1736
    1818
    1825
    1809
    1774
    1782
    1808
    1813
    1797
    1786
    1829
    1813
    1866
    1824
    1728
    1815
    1768
    1781
    1731
    1834
    1751
    1731
    1846
    1751
    1754
    1741
    1830
    1750
    1821
    1812
    1796
    1750
    1777
    1715
    1775
    1821
    1744
    1828
    1708
    1784
    1750
    1772
    1787
    1819
    1769
    1737
    1765
    1672
    1744
    1751
    1814
    1833
    1737
    1773
    1719
    1752
    1736
    1793
    1764
    1740
    1751
    1761
    1684
    1757
    1700
    1680
    1668
    1786
    1697
    1726
    1712
    1749
    1700
    1675
    1684
    1721
    1745
    1786
    1692
    1756
    1741
    1687
    1712
    1675
    1720
    1694
    1759
    1665
    1655
    1674
    1656
    1715
    1704
    1717
    1657
    1736
    1751
    1673
    1671
    1668
    1668
    1639
    1677
    1621
    1673
    1642
    1715
    1649
    1663
    1619
    1653
    1693
    1664
    1648
    1607
    1589
    1662
    1633
    1603
    1627
    1616
    1663
    1621
    1682
    1599
    1676
    1626
    1732
    1678
    1700
    1590
    1675
    1677
    1626
    1581
    1667
    1622
    1633
    1656
    1705
    1624
    1569
    1567
    1575
    1559
    1654
    1624
    1665
    1640
    1604
    1604
    1606
    1575
    1642
    1543
    1592
    1586
    1565
    1567
    1637
    1575
    1558
    1586
    1620
    1560
    1590
    1632
    1617
    1583
    1600
    1601
    1601
    1549
    1468
    1574
    1585
    1578
    1658
    1564
    1660
    1606
    1618
    1561
    1609
    1589
    1582
    1570
    1582
    1486
    1593
    1636
    1634
    1517
    1619
    1559
    1579
    1583
    1534
    1502
    1604
    1548
    1559
    1622
    1580
    1505
    1548
    1564
    1569
    1545
    1594
    1572
    1561
    1579
    1563
    1626
    1510
    1565
    1580
    1608
    1585
    1546
    1532
    1505
    1494
    1502
    1586
    1595
    1588
    1530
    1528
    1526
    1539
    1535
    1524
    1524
    1486
    1552
    1513
    1491
    1518
    1555
    1479
    1558
    1517
    1512
    1598
    1579
    1520
    1553
    1597
    1519
    1516
    1473
    1522
    1578
    1565
    1509
    1480
    1506
    1553
    1537
    1572
    1598
    1660
    1646
    1560
    1574
    1653
    1567
    1534
    1585
    1618
    1562
    1569
    1625
    1577
    1582
    1550
    1542
    1571
    1562
    1540
    1554
    1606
    1493
    1591
    1529
    1620
    1590
    1555
    1502
    1525
    1529
    1560
    1491
    1503
    1552
    1569
    1568
    1546
    1616
    1566
    1518
    1617
    1589
    1499
    1531
    1531
    1525
    1522
    1573
    1524
    1475
    1451
    1503
    1483
    1519
    1560
    1443
    1457
    1494
    1491
    1560
    1520
    1488
    1510
    1532
    1433
    1552
    1556
    1586
    1449
    1442
    1488
    1549
    1476
    1451
    1546
    1502
    1559
    1482
    1513
    1503
    1559
    1600
    1552
    1524
    1617
    1534
    1538
    1578
    1562
    1546
    1527
    1648
    1549
    1591
    1594
    1579
    1546
    1599
    1552
    1561
    1585
    1496
    1598
    1566
    1610
    1549
    1552
    1610
    1569
    1560
    1596
    1568
    1596
    1618
    1578
    1600
    1569
    1518
    1543
    1545
    1552
    1642
    1554
    1508
    1576
    1571
    1614
    1530
    1621
    1612
    1586
    1557
    1545
    1585
    1591
    1568
    1541
    1591
    1529
    1527
    1492
    1483
    1559
    1547
    1584
    1528
    1519
    1484
    1590
    1505
    1473
    1480
    1479
    1534
    1485
    1513
    1460
    1523
    1504
    1468
    1417
    1522
    1476
    1430
    1468
    1506
    1563
    1526
    1500
    1517
    1479
    1466
    1540
    1563
    1495
    1556
    1582
    1502
    1564
    1653
    1599
    1597
    1642
    1631
    1655
    1632
    1657
    1654
    1676
    1701
    1678
    1725
    1727
    1572
    1727
    1768
    1646
    1669
    1614
    1721
    1660
    1673
    1740
    1586
    1651
    1745
    1721
    1657
    1651
    1613
    1720
    1599
    1493
    1624
    1589
    1590
    1603
    1542
    1508
    1548
    1600
    1484
    1520
    1512
    1567
    1506
    1390
    1446
    1425
    1472
    1482
    1429
    1374
    1432
    1407
    1429
    1432
    1360
    1338
    1415
    1458
    1406
    1329
    1350
    1311
    1375
    1387
    1345
    1375
    1353
    1370
    1451
    1397
    1375
    1394
    1342
    1340
    1420
    1337
    1353
    1420
    1344
    1402
    1354
    1372
    1385
    1376
    1372
    1395
    1384
    1323
    1318
    1401
    1329
    1360
    1369
    1335
    1325
    1377
    1404
    1353
    1371
    1379
    1399
    1412
    1372
    1387
    1410
    1395
    1414
    1485
    1349
    1380
    1368
    1403
    1370
    1364
    1300
    1360
    1352
    1320
    1346
    1352
    1397
    1447
    1397
    1377
    1414
    1427
    1301
    1392
    1342
    1371
    1414
    1375
    1411
    1328
    1404
    1392
    1432
    1444
    1382
    1361
    1386
    1426
    1448
    1414
    1362
    1426
    1399
    1535
    1391
    1436
    1407
    1358
    1404
    1402
    1453
    1451
    1383
    1384
    1414
    1432
    1461
    1424
    1419
    1426
    1467
    1420
    1459
    1441
    1407
    1417
    1449
    1426
    1375
    1411
    1375
    1377
    1409
    1364
    1382
    1388
    1373
    1384
    1444
    1326
    1401
    1374
    1388
    1359
    1332
    1382
    1358
    1440
    1409
    1413
    1426
    1412
    1388
    1410
    1381
    1401
    1350
    1364
    1430
    1425
    1409
    1334
    1385
    1415
    1368
    1323
    1342
    1322
    1390
    1414
    1469
    1364
    1360
    1345
    1424
    1375
    1329
    1385
    1360
    1390
    1426
    1375
    1334
    1337
    1357
    1374
    1387
    1410
    1393
    1457
    1429
    1421
    1392
    1355
    1411
    1355
    1382
    1332
    1414
    1414
    1374
    1437
    1436
    1465
    1443
    1390
    1474
    1391
    1437
    1385
    1402
    1397
    1447
    1431
    1400
    1517
    1480
    1413
    1483
    1419
    1474
    1463
    1487
    1449
    1348
    1477
    1453
    1473
    1414
    1461
    1438
    1465
    1502
    1489
    1452
    1421
    1389
    1497
    1433
    1470
    1412
    1452
    1464
    1471
    1485
    1476
    1408
    1454
    1460
    1463
    1449
    1466
    1450
    1498
    1494
    1502
    1466
    1488
    1559
    1492
    1517
    1491
    1447
    1524
    1535
    1467
    1479
    1477
    1548
    1521
    1546
    1496
    1583
    1566
    1519
    1508
    1488
    1440
    1506
    1470
    1528
    1554
    1531
    1536
    1547
    1403
    1577
    1501
    1571
    1564
    1502
    1469
    1449
    1555
    1588
    1531
    1593
    1512
    1528
    1510
    1536
    1583
    1520
    1564
    1530
    1517
    1541
    1602
    1549
    1518
    1549
    1575
    1563
    1597
    1602
    1560
    1552
    1577
    1679
    1609
    1573
    1594
    1552
    1606
    1647
    1670
    1651
    1630
    1628
    1657
    1618
    1627
    1725
    1680
    1696
    1680
    1719
    1594
    1631
    1685
    1694
    1650
    1625
    1689
    1709
    1680
    1739
    1814
    1709
    1641
    1623
    1740
    1722
    1754
    1759
    1705
    1694
    1786
    1664
    1804
    1760
    1778
    1711
    1771
    1811
    1828
    1898
    1846
    1815
    1860
    1832
    1828
    1804
    1831
    1818
    1797
    1827
    1905
    1824
    1882
    1893
    1898
    1928
    1881
    1932
    1970
    1858
    1933
    1975
    1980
    1963
    2000
    1938
    1927
    2040
    2069
    2008
    2033
    2028
    2061
    2085
    2009
    2029
    2035
    2130
    2062
    2085
    2011
    2012
    2203
    2141
    2108
    2170
    2234
    2219
    2192
    2196
    2188
    2221
    2308
    2219
    2338
    2422
    2330
    2378
    2361
    2413
    2325
    2306
    2448
    2377
    2409
    2477
    2497
    2452
    2474
    2475
    2616
    2498
    2509
    2542
    2531
    2519
    2551
    2639
    2610
    2710
    2739
    2669
    2711
    2801
    2838
    2833
    2757
    2751
    2871
    2859
    2778
    2822
    2938
    2917
    2938
    2996
    3005
    2927
    3062
    2974
    3058
    3084
    3053
    3126
    3161
    3031
    3160
    3097
    3162
    3150
    3258
    3187
    3293
    3275
    3416
    3380
    3312
    3308
    3399
    3530
    3395
    3618
    3533
    3534
    3593
    3514
    3542
    3588
    3781
    3655
    3553
    3709
    3533
    3666
    3694
    3711
    3787
    3762
    3908
    3861
    3775
    3919
    3929
    3921
    3871
    3877
    3904
    3948
    4048
    4058
    4062
    4047
    4048
    4116
    4117
    4051
    4142
    4054
    4119
    4098
    4101
    4122
    4116
    4240
    4192
    4145
    4138
    4195
    4094
    4117
    4212
    4211
    4108
    3946
    4205
    4137
    4073
    4120
    4205
    4068
    4200
    4171
    4151
    4125
    4205
    4156
    4124
    4100
    4100
    4217
    4111
    4230
    4112
    4157
    4141
    4044
    4132
    4018
    4162
    3999
    4044
    4183
    4074
    4067
    4112
    4096
    4087
    4100
    4100
    4121
    4028
    4243
    4072
    4152
    4075
    4121
    4208
    4187
    4065
    4125
    4026
    4061
    4203
    4154
    4081
    4165
    4115
    4185
    4203
    4173
    4214
    4291
    4311
    4300
    4171
    4312
    4271
    4389
    4430
    4433
    4347
    4346
    4429
    4513
    4466
    4510
    4484
    4500
    4616
    4550
    4601
    4556
    4626
    4530
    4603
    4772
    4655
    4667
    4677
    4769
    4724
    4863
    4764
    4849
    4931
    4908
    4843
    4987
    4945
    5022
    5102
    5229
    5218
    5153
    5132
    5317
    5341
    5171
    5429
    5238
    5397
    5476
    5545
    5520
    5483
    5605
    5546
    5641
    5674
    5702
    5947
    5980
    5796
    5814
    5741
    6095
    6030
    6050
    6072
    6171
    6218
    6139
    6294
    6159
    6290
    6452
    6578
    6598
    6462
    6651
    6637
    6723
    6872
    6805
    6909
    6931
    7010
    7123
    7001
    7195
    7331
    7245
    7567
    7443
    7489
    7620
    7654
    7720
    7732
    7860
    7848
    7772
    7996
    8271
    8027
    8305
    8286
    8499
    8679
    8533
    8418
    8601
    8795
    8917
    8858
    9016
    9095
    8833
    9201
    9399
    9479
    9320
    9578
    9830
    9811
    9869
    9966
    9987
   10130
   10078
   10189
   10288
   10559
   10441
   10711
   10806
   10759
   10883
   11085
   11320
   11314
   11381
   11627
   11508
   11902
   11959
   11812
   12033
   12018
   12219
   12393
   12606
   12689
   12646
   12979
   13121
   13245
   13346
   13442
   13330
   13637
   13843
   14047
   14118
   14259
   14515
   14469
   14437
   14851
   14955
   14993
   15258
   15562
   15293
   15831
   15747
   15958
   16244
   16248
   16453
   16657
   16643
   17313
   17182
   17547
   17538
   17655
   18021
   18104
   18363
   18362
   18632
   18959
   19109
   19269
   19499
   19930
   20043
   20308
   20493
   20584
   20832
   21125
   21289
   21564
   21820
   22107
   22206
   22513
   22857
   23260
   23129
   23825
   23848
   24458
   24745
   24764
   25228
   25390
   25961
   26076
   26352
   26972
   26977
   27870
   27739
   28175
   28409
   29117
   29282
   29638
   30048
   30527
   31013
   31257
   31737
   32017
   32412
   33114
   33555
   33948
   34459
   34914
   35687
   36289
   36348
   37121
   37750
   38379
   38846
   39489
   39925
   41143
   41100
   42135
   42425
   43257
   43862
   44224
   45140
   46349
   46927
       0
       0
       0
       0
       0
       0
       0
       0
       0
       0
       0
       0
       0
       0
       0
       0
       0
       0
       0
       0
       0
       0
       0
       0
       0
       0
       0
       0
       0
       0
       0
       0
$ROI:
0
$PRESETS:
None
0
0
$ENER_FIT:
-0.169488 0.023446
$MCA_CAL:
3
-1.694878E-001 2.344633E-002 0.000000E+000 keV
$SHAPE_CAL:
3
0.000000E+000 0.000000E+000 0.000000E+000
