$SPEC_ID:
No sample description was entered.
$SPEC_REM:
DET# 4
DETDESC# JLAB-20 MCB 131
AP# Maestro Version 7.01
$DATE_MEA:
09/30/2025 17:16:44
$MEAS_TIM:
103566 106079
$DATA:
0 2047
       0
       0
       0
       0
       0
       0
       0
       0
       0
       0
       0
       0
       0
       0
       0
       0
       0
       0
       0
       0
       0
       0
       0
       0
       0
       0
       0
       0
       0
       0
       0
       0
       0
       0
       0
       0
       0
       0
       0
       0
       0
       0
       0
       0
       0
       0
       0
       0
       0
       0
       0
       0
       1
       0
       1
       0
       0
       0
       0
       0
       0
       0
       0
       1
       0
       1
       1
       1
       0
     391
   11746
   11887
   11204
   10761
   10675
   10212
   10070
    9983
    9718
    9693
    9491
    9594
    9371
    9290
    9252
    9144
    8951
    8747
    8714
    8950
    8723
    8358
    8544
    8343
    8328
    8190
    8201
    8270
    8094
    8094
    8048
    7986
    7885
    7950
    7771
    7586
    7695
    7582
    7574
    7465
    7377
    7412
    7398
    7320
    7220
    7274
    7086
    7138
    7021
    6851
    6969
    6908
    6869
    6906
    6831
    6811
    6927
    6801
    6698
    6531
    6732
    6647
    6354
    6484
    6322
    6441
    6406
    6509
    6305
    6235
    6314
    6282
    6176
    6134
    6141
    6165
    6225
    6290
    6142
    6265
    5998
    6166
    5898
    6037
    5927
    5856
    5950
    5961
    5928
    5858
    5896
    5703
    5832
    5702
    5801
    5730
    5758
    5780
    5697
    5735
    5635
    5585
    5644
    5530
    5700
    5651
    5616
    5541
    5589
    5577
    5442
    5504
    5604
    5492
    5379
    5523
    5406
    5454
    5472
    5391
    5355
    5390
    5272
    5459
    5530
    5288
    5441
    5286
    5318
    5402
    5250
    5295
    5309
    5380
    5202
    5147
    5194
    5225
    5185
    5174
    5246
    5257
    5194
    5084
    5286
    5202
    5161
    5229
    5192
    5224
    5311
    5213
    5152
    5302
    5186
    5203
    5137
    5087
    5178
    5142
    5133
    5128
    5080
    5183
    5253
    5127
    5083
    5151
    5025
    5073
    5074
    5101
    5123
    4970
    5198
    5133
    5043
    5076
    5205
    5056
    5146
    5091
    5142
    5144
    5156
    5137
    5125
    5233
    5207
    5170
    5130
    5000
    5300
    5223
    5285
    5224
    5145
    5305
    5395
    5354
    5222
    5209
    5264
    5309
    5362
    5238
    5370
    5301
    5260
    5290
    5266
    5280
    5382
    5372
    5327
    5262
    5382
    5313
    5370
    5363
    5425
    5313
    5329
    5410
    5333
    5463
    5446
    5447
    5520
    5617
    5638
    5839
    5885
    5992
    6265
    6415
    6563
    7096
    7466
    8109
    8675
    9423
   10480
   11425
   12681
   14118
   15965
   17892
   19804
   22004
   24648
   27534
   30281
   33279
   37035
   40316
   43542
   46955
   49931
   53952
   57088
   60324
   63536
   66254
   68861
   71617
   73034
   75674
   76671
   78306
   79220
   80270
   81409
   81993
   81715
   82015
   82131
   81961
   81446
   81056
   80162
   79630
   78669
   77729
   76736
   75815
   74315
   73321
   71499
   70311
   68898
   67136
   65560
   64134
   62036
   60190
   58102
   56868
   54490
   52463
   50319
   48768
   46996
   44977
   43308
   41219
   39342
   37319
   35709
   34298
   32576
   31305
   29597
   28614
   27207
   26412
   25497
   24374
   23543
   23178
   22296
   21484
   20951
   20135
   19643
   18732
   18221
   17590
   16796
   16232
   15685
   15056
   14492
   13567
   12897
   12228
   11773
   11062
   10593
    9736
    9257
    8719
    8007
    7764
    7072
    6681
    6291
    5919
    5647
    5062
    4915
    4559
    4450
    4297
    4221
    4046
    3803
    3695
    3628
    3556
    3549
    3545
    3519
    3566
    3497
    3524
    3379
    3553
    3472
    3435
    3386
    3525
    3450
    3592
    3442
    3509
    3526
    3578
    3293
    3462
    3406
    3465
    3470
    3361
    3400
    3319
    3369
    3349
    3403
    3420
    3225
    3370
    3334
    3298
    3215
    3296
    3298
    3210
    3192
    3226
    3184
    3228
    3237
    3208
    3158
    3157
    3081
    3135
    3175
    3075
    3105
    3027
    3161
    3139
    3108
    3064
    3091
    3168
    3020
    3109
    3079
    2939
    3021
    3058
    2908
    2982
    2971
    3023
    2980
    2945
    3018
    3020
    3011
    2976
    2983
    3094
    2960
    2922
    2936
    2928
    2943
    2949
    3038
    2963
    2990
    2977
    3001
    2968
    2869
    2880
    3018
    3009
    3004
    2922
    3037
    3016
    3009
    2924
    2976
    3008
    3003
    2949
    3075
    3082
    2959
    3041
    2991
    2993
    2992
    2959
    3001
    2991
    2972
    2864
    3017
    3007
    2889
    2989
    2951
    2949
    2957
    2994
    2961
    2912
    2913
    2827
    2812
    2909
    2877
    2861
    2729
    2822
    2794
    2818
    2783
    2794
    2758
    2698
    2749
    2783
    2774
    2677
    2736
    2722
    2711
    2688
    2758
    2722
    2717
    2738
    2696
    2678
    2691
    2682
    2618
    2631
    2661
    2597
    2554
    2543
    2635
    2576
    2572
    2643
    2589
    2541
    2601
    2502
    2607
    2589
    2592
    2602
    2595
    2585
    2618
    2613
    2526
    2556
    2477
    2501
    2512
    2556
    2505
    2494
    2585
    2543
    2496
    2623
    2617
    2614
    2558
    2609
    2502
    2573
    2597
    2562
    2556
    2550
    2587
    2530
    2537
    2507
    2495
    2593
    2585
    2532
    2578
    2633
    2512
    2580
    2585
    2528
    2487
    2450
    2544
    2543
    2568
    2538
    2614
    2465
    2560
    2517
    2539
    2431
    2475
    2500
    2527
    2467
    2490
    2460
    2436
    2542
    2515
    2491
    2466
    2430
    2457
    2410
    2481
    2454
    2468
    2418
    2468
    2485
    2500
    2456
    2393
    2421
    2471
    2538
    2415
    2387
    2463
    2397
    2454
    2358
    2488
    2354
    2426
    2510
    2373
    2375
    2417
    2446
    2439
    2442
    2444
    2426
    2362
    2441
    2372
    2444
    2460
    2353
    2441
    2369
    2451
    2354
    2424
    2469
    2453
    2439
    2336
    2371
    2336
    2400
    2365
    2448
    2471
    2368
    2417
    2355
    2369
    2396
    2422
    2414
    2338
    2369
    2391
    2329
    2372
    2342
    2264
    2280
    2378
    2318
    2326
    2303
    2369
    2330
    2290
    2286
    2343
    2373
    2431
    2336
    2383
    2412
    2280
    2309
    2278
    2361
    2327
    2387
    2289
    2296
    2341
    2244
    2281
    2277
    2359
    2257
    2350
    2380
    2278
    2252
    2242
    2272
    2266
    2281
    2225
    2283
    2255
    2291
    2233
    2264
    2201
    2277
    2267
    2251
    2264
    2222
    2175
    2244
    2203
    2178
    2222
    2186
    2266
    2229
    2289
    2152
    2270
    2172
    2340
    2228
    2290
    2161
    2265
    2244
    2219
    2174
    2234
    2185
    2218
    2242
    2264
    2196
    2158
    2154
    2172
    2141
    2270
    2239
    2225
    2248
    2164
    2229
    2163
    2149
    2252
    2112
    2177
    2159
    2167
    2157
    2177
    2151
    2115
    2184
    2223
    2166
    2163
    2201
    2172
    2149
    2198
    2155
    2133
    2100
    2064
    2135
    2170
    2145
    2225
    2103
    2224
    2201
    2187
    2125
    2155
    2142
    2152
    2129
    2159
    2043
    2127
    2176
    2205
    2067
    2185
    2130
    2139
    2168
    2048
    2063
    2151
    2088
    2176
    2192
    2148
    2064
    2076
    2158
    2138
    2146
    2147
    2146
    2167
    2147
    2104
    2220
    2090
    2123
    2124
    2133
    2170
    2125
    2086
    2031
    2105
    2037
    2179
    2139
    2141
    2093
    2097
    2100
    2049
    2102
    2073
    2064
    2076
    2108
    2085
    2031
    2099
    2141
    2056
    2112
    2073
    2080
    2138
    2172
    2061
    2135
    2143
    2060
    2081
    2087
    2061
    2170
    2083
    2067
    2059
    2070
    2103
    2102
    2180
    2183
    2211
    2212
    2139
    2137
    2254
    2122
    2120
    2120
    2210
    2118
    2154
    2150
    2159
    2141
    2106
    2133
    2143
    2098
    2140
    2151
    2210
    2035
    2168
    2111
    2156
    2099
    2118
    2047
    2080
    2051
    2098
    2013
    2037
    2119
    2108
    2110
    2070
    2160
    2137
    2060
    2181
    2134
    2017
    2031
    2073
    2042
    2068
    2110
    2057
    2017
    2029
    2055
    2060
    2067
    2124
    1981
    1986
    2035
    2031
    2111
    2043
    2025
    2038
    2028
    1988
    2069
    2110
    2127
    1983
    2007
    2019
    2093
    2035
    1994
    2102
    2047
    2139
    2018
    2095
    2084
    2129
    2128
    2116
    2076
    2146
    2106
    2098
    2141
    2093
    2115
    2103
    2216
    2116
    2137
    2160
    2148
    2119
    2181
    2104
    2093
    2146
    2095
    2155
    2146
    2185
    2129
    2121
    2198
    2136
    2168
    2147
    2135
    2157
    2237
    2165
    2151
    2126
    2067
    2105
    2110
    2084
    2211
    2069
    2082
    2083
    2158
    2129
    2119
    2143
    2198
    2129
    2172
    2101
    2121
    2144
    2110
    2094
    2151
    2104
    2049
    2049
    2075
    2135
    2108
    2145
    2076
    2111
    2030
    2117
    2047
    2041
    2039
    2029
    2102
    2040
    2064
    2019
    2055
    2063
    2012
    1942
    1992
    2046
    1929
    2019
    2005
    2100
    2082
    2034
    2084
    2048
    2063
    2119
    2099
    2068
    2118
    2135
    2068
    2149
    2197
    2146
    2167
    2252
    2225
    2240
    2248
    2275
    2265
    2290
    2299
    2275
    2322
    2364
    2223
    2352
    2381
    2258
    2320
    2227
    2354
    2344
    2261
    2315
    2206
    2217
    2343
    2337
    2235
    2227
    2180
    2355
    2179
    2098
    2230
    2162
    2175
    2167
    2144
    2083
    2079
    2148
    2026
    2041
    2057
    2103
    2008
    1918
    1958
    1920
    2004
    2037
    1946
    1868
    1959
    1925
    1950
    1943
    1844
    1809
    1876
    1962
    1904
    1807
    1838
    1820
    1882
    1926
    1823
    1851
    1855
    1845
    1905
    1846
    1847
    1894
    1818
    1796
    1913
    1841
    1836
    1910
    1841
    1897
    1869
    1874
    1884
    1880
    1840
    1879
    1876
    1799
    1808
    1895
    1826
    1858
    1859
    1815
    1770
    1867
    1903
    1861
    1851
    1925
    1893
    1929
    1901
    1884
    1890
    1879
    1899
    2025
    1850
    1895
    1854
    1901
    1900
    1831
    1802
    1882
    1847
    1864
    1852
    1862
    1902
    1935
    1922
    1858
    1942
    1947
    1771
    1900
    1865
    1869
    1882
    1909
    1924
    1841
    1935
    1907
    1921
    1962
    1889
    1866
    1877
    1932
    1958
    1903
    1842
    1955
    1912
    2049
    1918
    1929
    1927
    1857
    1912
    1909
    1943
    1993
    1892
    1888
    1895
    1976
    2011
    1902
    1959
    1942
    1962
    1927
    1952
    1957
    1938
    1935
    1938
    1916
    1869
    1961
    1948
    1875
    1923
    1881
    1887
    1888
    1901
    1898
    1951
    1863
    1870
    1895
    1897
    1907
    1795
    1822
    1873
    1998
    1858
    1947
    1958
    1913
    1936
    1889
    1870
    1915
    1838
    1871
    1928
    1934
    1909
    1816
    1870
    1897
    1882
    1813
    1802
    1806
    1845
    1910
    1948
    1902
    1838
    1854
    1926
    1889
    1815
    1897
    1845
    1891
    1891
    1861
    1857
    1865
    1863
    1916
    1852
    1882
    1897
    1985
    1896
    1883
    1908
    1870
    1914
    1879
    1902
    1862
    1895
    1944
    1865
    1930
    1969
    1962
    1965
    1893
    1953
    1872
    1962
    1900
    1887
    1902
    1974
    1934
    1932
    2027
    2002
    1907
    1996
    1908
    1995
    1985
    1985
    1975
    1869
    1986
    1992
    1986
    1966
    1972
    1935
    1949
    2005
    2019
    2000
    1925
    1883
    2030
    1968
    2019
    1941
    1988
    1972
    2013
    2031
    2020
    1948
    2008
    1955
    1985
    2002
    1988
    1975
    2029
    2056
    2063
    2022
    2051
    2117
    2039
    2062
    1999
    1982
    2081
    2074
    2025
    2064
    2012
    2068
    2076
    2075
    2048
    2162
    2103
    2067
    2048
    2014
    1982
    2080
    2000
    2100
    2062
    2045
    2130
    2106
    1937
    2115
    2055
    2104
    2129
    2014
    2035
    2030
    2104
    2147
    2068
    2193
    2050
    2063
    2080
    2108
    2137
    2084
    2123
    2068
    2077
    2066
    2171
    2119
    2100
    2118
    2147
    2108
    2151
    2159
    2136
    2165
    2146
    2239
    2212
    2178
    2130
    2098
    2180
    2242
    2303
    2233
    2216
    2174
    2203
    2259
    2226
    2331
    2249
    2252
    2268
    2312
    2188
    2229
    2292
    2285
    2251
    2234
    2272
    2325
    2280
    2381
    2446
    2324
    2256
    2253
    2360
    2320
    2414
    2395
    2303
    2301
    2458
    2340
    2431
    2384
    2429
    2361
    2389
    2477
    2493
    2566
    2502
    2489
    2505
    2491
    2480
    2445
    2492
    2479
    2453
    2461
    2602
    2505
    2591
    2517
    2564
    2601
    2556
    2654
    2643
    2552
    2629
    2704
    2691
    2697
    2737
    2685
    2618
    2822
    2797
    2783
    2768
    2699
    2818
    2823
    2722
    2772
    2789
    2870
    2801
    2850
    2792
    2818
    3067
    2908
    2896
    2932
    3004
    3044
    3018
    2973
    2964
    3064
    3067
    3034
    3166
    3218
    3169
    3187
    3205
    3300
    3177
    3153
    3314
    3271
    3248
    3345
    3408
    3304
    3283
    3364
    3498
    3402
    3431
    3460
    3457
    3479
    3475
    3624
    3532
    3676
    3681
    3665
    3675
    3785
    3862
    3831
    3786
    3791
    3945
    3901
    3860
    3882
    4020
    3989
    3969
    3997
    4080
    3956
    4105
    4049
    4153
    4186
    4129
    4246
    4312
    4162
    4275
    4200
    4391
    4314
    4460
    4387
    4506
    4511
    4594
    4526
    4515
    4479
    4596
    4800
    4631
    4856
    4789
    4828
    4840
    4768
    4854
    4914
    5139
    4934
    4873
    5070
    4901
    4974
    5008
    5082
    5221
    5078
    5263
    5227
    5218
    5347
    5380
    5379
    5324
    5321
    5273
    5373
    5466
    5522
    5495
    5486
    5486
    5590
    5609
    5529
    5694
    5495
    5601
    5586
    5565
    5672
    5574
    5723
    5645
    5705
    5661
    5663
    5644
    5633
    5723
    5737
    5603
    5407
    5660
    5662
    5556
    5584
    5665
    5516
    5671
    5651
    5647
    5587
    5694
    5703
    5645
    5629
    5648
    5688
    5585
    5730
    5571
    5605
    5683
    5506
    5623
    5446
    5629
    5395
    5548
    5680
    5595
    5548
    5575
    5647
    5661
    5600
    5668
    5586
    5510
    5725
    5506
    5622
    5506
    5659
    5742
    5757
    5525
    5594
    5498
    5577
    5644
    5672
    5613
    5637
    5654
    5694
    5698
    5757
    5712
    5853
    5818
    5822
    5701
    5900
    5807
    5961
    5984
    5918
    5941
    5975
    6036
    6074
    6096
    6158
    6094
    6102
    6264
    6199
    6341
    6243
    6280
    6201
    6330
    6414
    6299
    6440
    6458
    6407
    6468
    6647
    6595
    6609
    6629
    6724
    6638
    6803
    6777
    6826
    6967
    7094
    7096
    7015
    7067
    7197
    7198
    7129
    7372
    7143
    7400
    7474
    7524
    7509
    7463
    7648
    7600
    7623
    7695
    7861
    8083
    8086
    7958
    7886
    7918
    8300
    8158
    8292
    8256
    8364
    8447
    8442
    8574
    8485
    8549
    8719
    8875
    8894
    8748
    9039
    9052
    9242
    9272
    9332
    9444
    9459
    9556
    9666
    9578
    9846
    9989
    9941
   10321
   10229
   10139
   10291
   10413
   10534
   10630
   10669
   10596
   10613
   10803
   11216
   10996
   11334
   11267
   11503
   11708
   11611
   11603
   11762
   11948
   12123
   12086
   12259
   12421
   12109
   12531
   12805
   12912
   12818
   13001
   13354
   13327
   13445
   13645
   13579
   13785
   13720
   13903
   14010
   14379
   14207
   14654
   14597
   14760
   14821
   15113
   15319
   15460
   15600
   15725
   15644
   16184
   16265
   16130
   16352
   16404
   16663
   16810
   17143
   17263
   17225
   17638
   17975
   18053
   18092
   18248
   18164
   18673
   18818
   18991
   19210
   19327
   19694
   19755
   19870
   20225
   20481
   20438
   20844
   21077
   20898
   21595
   21428
   21787
   21983
   21974
   22350
   22577
   22600
   23346
   23362
   23906
   23769
   24026
   24444
   24542
   24842
   25207
   25454
   25657
   25917
   26113
   26608
   27097
   27515
   27480
   27874
   28061
   28402
   28791
   28892
   29340
   29659
   30309
   30249
   30698
   31252
   31595
   31687
   32271
   32605
   33404
   33638
   33801
   34256
   34572
   35350
   35426
   36062
   36524
   36690
   37839
   37734
   38195
   38725
   39370
   40018
   40318
   40800
   41445
   42108
   42418
   43148
   43725
   44263
   44949
   45617
   46095
   47030
   47416
   48549
   49087
   49573
   50486
   51336
   52087
   52732
   53818
   54476
   55732
   55985
   57271
   57825
   58947
   59927
   60366
   61731
   63071
   63923
       0
       0
       0
       0
       0
       0
       0
       0
       0
       0
       0
       0
       0
       0
       0
       0
       0
       0
       0
       0
       0
       0
       0
       0
       0
       0
       0
       0
       0
       0
       0
       0
$ROI:
0
$PRESETS:
None
0
0
$ENER_FIT:
-0.169488 0.023446
$MCA_CAL:
3
-1.694878E-001 2.344633E-002 0.000000E+000 keV
$SHAPE_CAL:
3
0.000000E+000 0.000000E+000 0.000000E+000
