$SPEC_ID:
No sample description was entered.
$SPEC_REM:
DET# 4
DETDESC# JLAB-20 MCB 131
AP# Maestro Version 7.01
$DATE_MEA:
09/29/2025 14:06:44
$MEAS_TIM:
8077 8277
$DATA:
0 2047
       0
       0
       0
       0
       0
       0
       0
       0
       0
       0
       0
       0
       0
       0
       0
       0
       0
       0
       0
       0
       0
       0
       0
       0
       0
       0
       0
       0
       0
       0
       0
       0
       0
       0
       0
       0
       0
       0
       0
       0
       0
       0
       0
       0
       0
       0
       0
       0
       0
       0
       0
       0
       0
       0
       0
       0
       0
       0
       0
       0
       0
       0
       0
       0
       0
       0
       0
       0
       0
      22
     903
     957
     886
     803
     855
     791
     828
     705
     726
     771
     672
     780
     732
     720
     741
     742
     697
     717
     707
     666
     673
     656
     663
     603
     610
     660
     607
     640
     657
     667
     635
     637
     630
     624
     591
     621
     556
     578
     603
     573
     567
     559
     596
     536
     572
     591
     538
     520
     556
     570
     546
     524
     519
     543
     564
     568
     525
     541
     543
     537
     525
     545
     510
     545
     471
     544
     500
     490
     477
     501
     483
     488
     461
     542
     493
     462
     466
     493
     496
     517
     497
     486
     496
     469
     471
     450
     465
     470
     454
     425
     461
     426
     427
     440
     464
     463
     447
     470
     479
     458
     474
     417
     463
     432
     445
     420
     493
     462
     422
     476
     429
     421
     446
     409
     399
     397
     404
     461
     437
     412
     406
     418
     397
     436
     444
     421
     413
     432
     409
     428
     399
     450
     415
     459
     391
     378
     405
     433
     426
     399
     380
     401
     392
     383
     419
     380
     387
     448
     407
     399
     399
     424
     401
     421
     437
     429
     394
     444
     405
     386
     413
     393
     418
     444
     420
     439
     410
     379
     380
     357
     418
     378
     372
     390
     379
     431
     372
     362
     380
     369
     397
     392
     389
     404
     395
     391
     424
     437
     418
     405
     393
     400
     448
     416
     396
     382
     428
     397
     399
     423
     414
     423
     423
     419
     451
     397
     459
     420
     404
     419
     413
     412
     416
     415
     393
     393
     463
     426
     400
     388
     428
     395
     453
     431
     419
     465
     424
     369
     443
     471
     438
     477
     459
     465
     512
     476
     508
     544
     619
     682
     661
     749
     819
     905
    1000
    1046
    1291
    1339
    1543
    1719
    1890
    2074
    2333
    2526
    2769
    3114
    3220
    3614
    3842
    4036
    4497
    4754
    4888
    5002
    5349
    5633
    5550
    5768
    5938
    6214
    6234
    6272
    6303
    6485
    6193
    6427
    6488
    6378
    6395
    6305
    6218
    6201
    6172
    6140
    6037
    5805
    5805
    5814
    5648
    5519
    5356
    5289
    5023
    5037
    4857
    4603
    4631
    4447
    4305
    4046
    3902
    3741
    3634
    3505
    3376
    3335
    3009
    2963
    2790
    2727
    2571
    2498
    2247
    2304
    2218
    2141
    2135
    1874
    1803
    1823
    1812
    1638
    1653
    1589
    1592
    1414
    1497
    1416
    1288
    1332
    1173
    1143
    1181
    1014
     977
     961
     903
     895
     872
     783
     728
     712
     662
     641
     555
     537
     545
     479
     448
     383
     380
     358
     354
     338
     338
     338
     289
     296
     285
     291
     304
     292
     279
     297
     258
     291
     224
     284
     288
     274
     258
     258
     290
     282
     254
     277
     273
     279
     236
     258
     247
     275
     260
     273
     261
     259
     282
     249
     287
     280
     247
     237
     254
     256
     237
     262
     265
     268
     255
     255
     266
     260
     248
     258
     253
     243
     254
     206
     269
     226
     237
     253
     258
     254
     240
     239
     246
     249
     218
     237
     224
     225
     225
     234
     207
     219
     231
     239
     221
     248
     258
     249
     243
     237
     240
     262
     239
     223
     221
     239
     236
     227
     251
     215
     227
     220
     253
     243
     235
     219
     233
     285
     232
     225
     221
     233
     242
     200
     223
     265
     216
     214
     232
     237
     257
     270
     213
     249
     222
     246
     240
     224
     229
     224
     217
     240
     232
     250
     248
     220
     230
     204
     235
     200
     212
     238
     209
     237
     223
     212
     215
     206
     237
     220
     190
     232
     215
     205
     227
     205
     211
     241
     226
     220
     215
     205
     211
     207
     190
     187
     217
     213
     220
     196
     204
     210
     219
     201
     213
     194
     188
     177
     224
     187
     188
     195
     176
     188
     226
     194
     214
     181
     214
     211
     226
     211
     220
     211
     178
     186
     189
     208
     206
     200
     220
     184
     185
     214
     190
     203
     191
     195
     201
     185
     199
     177
     198
     180
     203
     190
     241
     206
     213
     184
     201
     214
     221
     205
     209
     188
     203
     195
     179
     195
     187
     210
     182
     191
     214
     197
     188
     171
     206
     184
     211
     201
     201
     210
     173
     192
     200
     195
     213
     201
     173
     194
     190
     186
     191
     192
     206
     174
     166
     204
     181
     191
     184
     197
     207
     174
     208
     176
     196
     166
     198
     190
     194
     202
     178
     203
     181
     205
     193
     181
     199
     201
     192
     168
     167
     181
     190
     190
     185
     187
     188
     170
     191
     205
     189
     183
     192
     173
     191
     204
     208
     193
     180
     182
     187
     180
     211
     184
     177
     177
     180
     191
     180
     199
     188
     182
     174
     174
     166
     195
     185
     166
     201
     191
     175
     163
     203
     174
     176
     184
     185
     207
     182
     181
     177
     178
     179
     198
     167
     178
     184
     190
     190
     190
     191
     198
     174
     169
     188
     198
     165
     178
     171
     171
     185
     185
     192
     200
     191
     171
     198
     166
     170
     195
     174
     181
     186
     167
     151
     151
     161
     160
     168
     147
     182
     195
     156
     185
     192
     179
     172
     181
     180
     144
     181
     163
     200
     161
     190
     174
     176
     175
     169
     182
     158
     159
     176
     165
     169
     181
     163
     175
     188
     178
     162
     181
     161
     183
     177
     169
     181
     166
     181
     146
     159
     174
     174
     151
     167
     183
     174
     156
     149
     160
     183
     178
     145
     169
     163
     157
     193
     164
     212
     172
     165
     164
     179
     165
     186
     174
     169
     153
     155
     202
     181
     155
     182
     167
     176
     175
     158
     159
     181
     148
     157
     178
     167
     166
     181
     176
     160
     150
     165
     145
     169
     147
     186
     167
     170
     168
     196
     159
     173
     174
     166
     178
     175
     181
     185
     179
     167
     161
     169
     168
     155
     151
     181
     159
     163
     140
     146
     173
     165
     154
     148
     168
     172
     160
     184
     172
     162
     153
     183
     147
     141
     147
     150
     150
     149
     180
     177
     162
     159
     155
     171
     171
     172
     178
     179
     162
     183
     183
     160
     167
     156
     176
     160
     179
     179
     185
     167
     148
     157
     159
     165
     168
     190
     158
     185
     162
     171
     159
     167
     169
     156
     171
     183
     175
     163
     164
     178
     182
     161
     167
     147
     165
     182
     169
     172
     172
     163
     146
     145
     158
     167
     168
     151
     164
     140
     173
     166
     151
     153
     155
     169
     166
     168
     166
     166
     169
     150
     180
     162
     147
     164
     147
     158
     177
     174
     149
     143
     144
     176
     165
     162
     158
     167
     162
     162
     159
     179
     170
     177
     163
     190
     171
     139
     168
     179
     166
     159
     163
     166
     165
     154
     133
     155
     167
     147
     172
     169
     158
     159
     187
     179
     142
     149
     156
     154
     179
     157
     174
     173
     145
     178
     138
     156
     173
     156
     158
     165
     165
     184
     173
     161
     169
     188
     168
     189
     165
     176
     165
     191
     198
     159
     141
     178
     153
     175
     171
     165
     148
     163
     164
     159
     165
     151
     161
     166
     160
     157
     148
     163
     175
     122
     146
     124
     174
     136
     156
     170
     158
     188
     173
     180
     169
     161
     173
     178
     135
     141
     184
     170
     162
     201
     165
     162
     156
     158
     172
     166
     167
     166
     167
     163
     180
     200
     172
     191
     185
     208
     198
     179
     168
     166
     157
     162
     170
     187
     174
     185
     188
     196
     168
     163
     174
     179
     162
     175
     174
     183
     180
     165
     193
     139
     168
     172
     173
     148
     156
     179
     157
     152
     148
     150
     155
     166
     186
     151
     174
     166
     156
     167
     166
     138
     147
     149
     162
     120
     134
     133
     137
     137
     130
     137
     144
     137
     149
     150
     142
     125
     159
     148
     144
     147
     142
     159
     143
     149
     137
     155
     136
     138
     145
     153
     142
     139
     137
     153
     130
     156
     160
     146
     156
     142
     141
     161
     142
     148
     162
     131
     139
     147
     152
     157
     138
     166
     154
     142
     146
     147
     142
     136
     131
     145
     138
     138
     135
     141
     126
     176
     149
     159
     164
     140
     134
     152
     116
     133
     151
     141
     145
     150
     144
     154
     166
     149
     153
     169
     134
     144
     148
     172
     145
     169
     153
     154
     159
     180
     152
     133
     142
     136
     165
     151
     184
     147
     160
     160
     171
     130
     141
     138
     160
     146
     167
     147
     130
     147
     134
     158
     149
     151
     134
     137
     157
     137
     141
     148
     140
     151
     158
     120
     136
     133
     127
     143
     140
     149
     122
     150
     156
     120
     158
     152
     130
     152
     133
     166
     132
     119
     169
     162
     153
     159
     126
     124
     154
     143
     134
     141
     122
     140
     144
     154
     154
     154
     167
     175
     156
     147
     136
     168
     126
     137
     153
     147
     151
     148
     150
     166
     154
     162
     136
     157
     139
     155
     153
     141
     153
     121
     134
     154
     163
     149
     155
     152
     136
     166
     147
     145
     151
     139
     138
     153
     166
     114
     148
     145
     154
     146
     144
     138
     158
     144
     154
     148
     149
     169
     174
     141
     141
     158
     172
     162
     140
     182
     161
     145
     173
     153
     159
     180
     153
     157
     151
     150
     146
     152
     163
     151
     187
     140
     184
     165
     145
     160
     161
     169
     142
     154
     182
     161
     169
     162
     151
     174
     181
     141
     167
     160
     153
     174
     178
     160
     155
     189
     165
     138
     142
     158
     164
     156
     165
     148
     187
     178
     182
     148
     175
     160
     169
     143
     171
     164
     143
     172
     170
     157
     162
     154
     162
     154
     164
     176
     161
     159
     169
     173
     140
     163
     170
     156
     165
     159
     168
     174
     195
     183
     166
     176
     153
     184
     186
     182
     171
     152
     174
     172
     191
     193
     163
     205
     166
     167
     173
     189
     171
     163
     191
     183
     154
     175
     175
     183
     170
     213
     189
     187
     167
     183
     192
     209
     189
     198
     188
     175
     159
     192
     197
     188
     171
     203
     160
     171
     167
     176
     225
     166
     196
     197
     189
     189
     187
     195
     183
     191
     195
     174
     212
     213
     191
     191
     207
     199
     202
     201
     213
     220
     187
     201
     199
     224
     205
     235
     205
     181
     220
     248
     223
     210
     199
     200
     215
     224
     213
     246
     239
     214
     240
     199
     216
     256
     211
     199
     241
     232
     228
     231
     260
     225
     205
     230
     248
     303
     267
     229
     253
     249
     261
     232
     237
     237
     269
     227
     260
     273
     239
     250
     267
     278
     266
     253
     271
     247
     267
     275
     272
     263
     290
     302
     291
     288
     313
     299
     319
     307
     297
     304
     289
     312
     276
     325
     319
     323
     310
     326
     316
     343
     324
     357
     325
     304
     350
     339
     287
     338
     324
     339
     330
     319
     309
     360
     345
     346
     373
     343
     352
     353
     389
     364
     377
     344
     374
     374
     339
     335
     364
     405
     392
     377
     392
     372
     377
     419
     377
     380
     388
     403
     415
     415
     419
     408
     438
     428
     427
     403
     435
     425
     438
     411
     394
     406
     396
     410
     416
     431
     396
     446
     437
     452
     464
     426
     427
     429
     457
     432
     445
     438
     427
     480
     464
     418
     440
     430
     464
     421
     412
     458
     433
     457
     449
     453
     456
     460
     461
     442
     441
     468
     456
     455
     481
     428
     446
     428
     409
     413
     408
     430
     448
     445
     425
     422
     402
     415
     454
     444
     462
     446
     389
     418
     457
     459
     443
     454
     439
     442
     424
     433
     408
     424
     425
     466
     428
     409
     464
     428
     462
     463
     421
     455
     448
     474
     449
     460
     479
     436
     466
     473
     458
     485
     469
     451
     534
     488
     505
     466
     471
     480
     515
     484
     481
     486
     456
     463
     513
     496
     453
     488
     494
     492
     482
     492
     492
     497
     519
     521
     534
     480
     542
     504
     576
     552
     545
     549
     561
     571
     569
     564
     567
     553
     582
     558
     587
     559
     580
     572
     615
     630
     579
     612
     621
     640
     640
     604
     615
     675
     598
     617
     657
     669
     641
     625
     694
     663
     680
     694
     656
     668
     717
     654
     713
     733
     713
     700
     750
     728
     729
     762
     762
     760
     751
     774
     770
     784
     814
     788
     852
     820
     810
     866
     796
     787
     907
     814
     856
     902
     907
     965
     916
     885
     884
     880
     959
     951
     968
     997
     929
     953
     982
     965
    1062
    1008
     998
    1038
    1052
    1081
     966
    1093
    1061
    1073
    1092
    1126
    1078
    1117
    1139
    1102
    1119
    1204
    1145
    1179
    1240
    1190
    1238
    1203
    1280
    1233
    1234
    1274
    1303
    1304
    1291
    1315
    1332
    1392
    1301
    1388
    1440
    1413
    1459
    1424
    1414
    1540
    1501
    1509
    1519
    1471
    1535
    1527
    1615
    1571
    1578
    1603
    1656
    1599
    1672
    1754
    1699
    1660
    1817
    1823
    1682
    1851
    1831
    1840
    1888
    1748
    1877
    1821
    1909
    1943
    1901
    1972
    1956
    2073
    2008
    2073
    2066
    2209
    2087
    2092
    2176
    2221
    2230
    2298
    2285
    2302
    2320
    2298
    2386
    2461
    2423
    2569
    2450
    2515
    2587
    2608
    2634
    2579
    2766
    2666
    2777
    2797
    2871
    2993
    2929
    2982
    2963
    2941
    2984
    3073
    3140
    3226
    3258
    3175
    3402
    3415
    3362
    3358
    3537
    3554
    3531
    3627
    3746
    3835
    3759
    3817
    4065
    4008
    4134
    4061
    4220
    4293
    4301
    4375
    4370
    4496
    4528
    4600
    4817
    4932
    4934
       0
       0
       0
       0
       0
       0
       0
       0
       0
       0
       0
       0
       0
       0
       0
       0
       0
       0
       0
       0
       0
       0
       0
       0
       0
       0
       0
       0
       0
       0
       0
       0
$ROI:
0
$PRESETS:
None
0
0
$ENER_FIT:
-0.169488 0.023446
$MCA_CAL:
3
-1.694878E-001 2.344633E-002 0.000000E+000 keV
$SHAPE_CAL:
3
0.000000E+000 0.000000E+000 0.000000E+000
