$SPEC_ID:
No sample description was entered.
$SPEC_REM:
DET# 4
DETDESC# JLAB-20 MCB 131
AP# Maestro Version 7.01
$DATE_MEA:
09/30/2025 05:06:44
$MEAS_TIM:
60800 62279
$DATA:
0 2047
       0
       0
       0
       0
       0
       0
       0
       0
       0
       0
       0
       0
       0
       0
       0
       0
       0
       0
       0
       0
       0
       0
       0
       0
       0
       0
       0
       0
       0
       0
       0
       0
       0
       0
       0
       0
       0
       0
       0
       0
       0
       0
       0
       0
       0
       0
       0
       0
       0
       0
       0
       0
       0
       0
       1
       0
       0
       0
       0
       0
       0
       0
       0
       1
       0
       1
       0
       0
       0
     216
    6786
    6902
    6560
    6209
    6310
    6006
    5872
    5826
    5722
    5622
    5509
    5727
    5437
    5465
    5387
    5448
    5343
    5160
    5113
    5276
    5079
    4845
    5012
    4911
    4850
    4815
    4795
    4914
    4791
    4815
    4767
    4695
    4644
    4719
    4499
    4461
    4518
    4451
    4522
    4392
    4358
    4259
    4330
    4279
    4176
    4237
    4233
    4175
    4063
    4043
    4045
    4017
    3992
    4074
    4065
    4006
    4052
    3958
    3911
    3850
    3959
    3876
    3767
    3814
    3695
    3827
    3819
    3838
    3776
    3693
    3737
    3762
    3682
    3675
    3649
    3651
    3625
    3696
    3663
    3687
    3502
    3647
    3409
    3556
    3446
    3478
    3505
    3479
    3498
    3413
    3465
    3340
    3347
    3387
    3418
    3391
    3359
    3376
    3362
    3379
    3327
    3284
    3312
    3235
    3379
    3335
    3398
    3211
    3270
    3308
    3211
    3225
    3290
    3197
    3201
    3239
    3166
    3194
    3186
    3184
    3163
    3145
    3106
    3191
    3235
    3134
    3188
    3111
    3132
    3200
    3104
    3132
    3112
    3137
    2993
    3070
    3043
    3041
    3097
    3038
    3074
    3101
    2991
    2909
    3140
    3066
    3028
    3017
    3006
    3100
    3070
    3055
    3045
    3103
    3080
    3117
    2986
    3028
    3054
    2980
    3010
    3024
    2969
    3059
    3092
    3030
    2939
    3068
    2944
    2998
    2985
    3009
    3037
    2898
    3035
    3016
    2992
    2993
    2997
    2976
    3012
    2965
    3045
    3086
    3011
    2977
    2968
    3076
    3085
    3087
    3012
    2914
    3114
    3122
    3042
    3056
    3018
    3099
    3137
    3108
    3008
    3014
    3058
    3131
    3183
    3085
    3116
    3089
    3099
    3111
    3080
    3072
    3159
    3167
    3133
    3071
    3195
    3087
    3141
    3156
    3162
    3061
    3220
    3155
    3174
    3230
    3192
    3202
    3228
    3342
    3297
    3379
    3517
    3529
    3780
    3698
    3892
    4129
    4442
    4778
    5109
    5548
    6247
    6715
    7436
    8331
    9333
   10354
   11624
   13061
   14438
   16164
   17790
   19670
   21794
   23562
   25703
   27527
   29374
   31771
   33695
   35702
   37322
   38765
   40378
   42193
   42925
   44405
   44977
   45995
   46583
   47205
   47824
   48169
   47934
   47998
   48258
   48203
   48100
   47689
   46980
   46529
   46149
   45420
   45036
   44491
   43598
   42891
   42240
   41429
   40474
   39498
   38426
   37587
   36462
   35312
   34365
   33208
   32000
   30783
   29428
   28391
   27438
   26408
   25300
   24431
   23011
   22087
   20889
   20041
   19217
   18375
   17339
   16688
   16021
   15491
   15169
   14360
   13781
   13448
   13003
   12612
   12279
   11797
   11656
   10848
   10730
   10287
    9863
    9523
    9177
    8656
    8590
    7978
    7582
    7149
    6866
    6525
    6167
    5746
    5361
    5213
    4650
    4598
    4121
    3913
    3661
    3441
    3290
    2955
    2821
    2658
    2619
    2525
    2438
    2384
    2190
    2159
    2180
    2126
    2151
    2079
    2048
    2127
    2055
    2026
    1973
    2080
    2050
    2047
    1988
    2093
    2053
    2117
    2026
    2053
    2090
    2078
    1945
    2017
    1985
    2019
    2021
    1985
    2023
    1967
    2014
    1975
    2051
    2001
    1928
    1925
    1944
    1918
    1865
    1894
    1982
    1881
    1853
    1883
    1904
    1931
    1918
    1889
    1881
    1847
    1805
    1827
    1894
    1797
    1801
    1791
    1867
    1827
    1790
    1827
    1851
    1922
    1732
    1835
    1779
    1762
    1731
    1812
    1696
    1720
    1733
    1830
    1761
    1731
    1741
    1736
    1772
    1794
    1757
    1847
    1736
    1698
    1779
    1702
    1716
    1700
    1757
    1726
    1787
    1750
    1783
    1766
    1665
    1701
    1799
    1773
    1716
    1673
    1789
    1777
    1742
    1684
    1753
    1800
    1764
    1692
    1798
    1862
    1749
    1830
    1748
    1783
    1752
    1775
    1805
    1787
    1726
    1710
    1791
    1817
    1744
    1785
    1762
    1717
    1686
    1674
    1723
    1685
    1723
    1671
    1645
    1719
    1678
    1707
    1618
    1667
    1686
    1637
    1583
    1609
    1592
    1626
    1652
    1620
    1633
    1598
    1636
    1583
    1571
    1576
    1639
    1615
    1571
    1606
    1637
    1566
    1574
    1626
    1535
    1571
    1615
    1554
    1516
    1485
    1564
    1509
    1490
    1498
    1552
    1495
    1545
    1494
    1465
    1490
    1542
    1546
    1530
    1520
    1532
    1532
    1502
    1533
    1459
    1435
    1495
    1515
    1501
    1482
    1499
    1469
    1448
    1578
    1552
    1564
    1500
    1474
    1460
    1536
    1506
    1470
    1520
    1485
    1513
    1434
    1534
    1481
    1505
    1525
    1538
    1540
    1489
    1542
    1440
    1519
    1521
    1484
    1458
    1437
    1511
    1513
    1534
    1525
    1521
    1450
    1500
    1424
    1484
    1423
    1442
    1429
    1477
    1465
    1460
    1441
    1435
    1486
    1495
    1465
    1483
    1443
    1398
    1381
    1419
    1471
    1462
    1402
    1411
    1466
    1448
    1441
    1469
    1453
    1441
    1482
    1461
    1389
    1461
    1420
    1406
    1391
    1489
    1416
    1403
    1496
    1401
    1423
    1397
    1481
    1371
    1459
    1467
    1446
    1412
    1406
    1362
    1414
    1463
    1381
    1429
    1383
    1438
    1397
    1400
    1422
    1448
    1381
    1395
    1404
    1324
    1399
    1407
    1429
    1479
    1404
    1419
    1379
    1382
    1423
    1400
    1403
    1391
    1417
    1411
    1338
    1381
    1376
    1362
    1307
    1442
    1362
    1353
    1370
    1380
    1388
    1373
    1355
    1379
    1402
    1399
    1354
    1390
    1394
    1352
    1364
    1339
    1383
    1366
    1410
    1326
    1333
    1362
    1301
    1383
    1383
    1354
    1337
    1367
    1432
    1356
    1328
    1300
    1308
    1335
    1335
    1331
    1318
    1325
    1397
    1314
    1341
    1282
    1332
    1354
    1330
    1328
    1288
    1271
    1325
    1308
    1284
    1305
    1296
    1316
    1319
    1344
    1264
    1361
    1310
    1380
    1327
    1359
    1244
    1328
    1337
    1286
    1272
    1328
    1306
    1300
    1318
    1314
    1285
    1248
    1249
    1283
    1229
    1321
    1292
    1343
    1275
    1276
    1292
    1266
    1279
    1303
    1227
    1292
    1258
    1223
    1269
    1319
    1272
    1259
    1243
    1298
    1246
    1276
    1316
    1332
    1284
    1273
    1280
    1289
    1228
    1170
    1256
    1265
    1268
    1317
    1252
    1338
    1294
    1293
    1238
    1282
    1277
    1254
    1262
    1221
    1221
    1278
    1328
    1289
    1214
    1303
    1251
    1267
    1274
    1243
    1188
    1313
    1261
    1223
    1292
    1260
    1240
    1258
    1255
    1251
    1240
    1311
    1257
    1238
    1219
    1230
    1260
    1186
    1235
    1267
    1311
    1267
    1248
    1241
    1189
    1189
    1190
    1281
    1250
    1274
    1253
    1213
    1221
    1226
    1224
    1212
    1218
    1209
    1235
    1210
    1183
    1255
    1209
    1189
    1249
    1234
    1208
    1281
    1243
    1195
    1233
    1292
    1220
    1207
    1182
    1206
    1272
    1272
    1202
    1193
    1210
    1249
    1242
    1254
    1289
    1318
    1295
    1252
    1265
    1336
    1274
    1231
    1265
    1292
    1240
    1265
    1298
    1271
    1270
    1255
    1208
    1257
    1266
    1215
    1229
    1301
    1184
    1257
    1225
    1312
    1275
    1254
    1213
    1221
    1256
    1255
    1187
    1234
    1246
    1272
    1254
    1250
    1264
    1232
    1210
    1304
    1232
    1214
    1268
    1235
    1224
    1233
    1265
    1197
    1172
    1160
    1207
    1170
    1210
    1280
    1170
    1166
    1217
    1194
    1223
    1203
    1225
    1216
    1227
    1156
    1242
    1248
    1266
    1167
    1159
    1199
    1250
    1201
    1155
    1243
    1197
    1235
    1198
    1215
    1188
    1263
    1266
    1243
    1230
    1304
    1222
    1236
    1282
    1246
    1241
    1223
    1335
    1229
    1275
    1267
    1244
    1225
    1277
    1245
    1250
    1244
    1205
    1273
    1258
    1265
    1242
    1215
    1303
    1254
    1243
    1280
    1251
    1274
    1293
    1272
    1295
    1257
    1211
    1246
    1244
    1234
    1299
    1252
    1194
    1285
    1269
    1299
    1246
    1298
    1297
    1290
    1270
    1227
    1276
    1295
    1283
    1234
    1262
    1209
    1218
    1211
    1162
    1216
    1240
    1293
    1231
    1215
    1182
    1280
    1209
    1174
    1178
    1202
    1212
    1171
    1212
    1154
    1225
    1202
    1199
    1128
    1215
    1188
    1147
    1175
    1191
    1243
    1234
    1224
    1208
    1190
    1162
    1231
    1219
    1192
    1248
    1283
    1233
    1253
    1297
    1294
    1272
    1337
    1308
    1319
    1284
    1330
    1312
    1323
    1332
    1328
    1379
    1405
    1258
    1386
    1408
    1302
    1335
    1294
    1354
    1317
    1337
    1395
    1269
    1291
    1389
    1355
    1284
    1337
    1305
    1372
    1273
    1189
    1309
    1269
    1278
    1296
    1234
    1209
    1245
    1283
    1218
    1221
    1227
    1247
    1208
    1109
    1139
    1140
    1192
    1192
    1155
    1126
    1146
    1145
    1143
    1132
    1071
    1073
    1104
    1183
    1148
    1045
    1090
    1046
    1118
    1097
    1057
    1106
    1079
    1128
    1160
    1118
    1071
    1125
    1075
    1024
    1136
    1056
    1060
    1160
    1062
    1111
    1110
    1114
    1112
    1101
    1099
    1094
    1122
    1073
    1072
    1135
    1026
    1096
    1094
    1070
    1069
    1109
    1127
    1100
    1098
    1101
    1124
    1129
    1098
    1077
    1139
    1108
    1139
    1201
    1064
    1110
    1082
    1094
    1105
    1080
    1032
    1087
    1077
    1054
    1068
    1075
    1133
    1144
    1124
    1108
    1123
    1125
    1070
    1122
    1044
    1086
    1120
    1060
    1128
    1061
    1107
    1142
    1137
    1171
    1134
    1103
    1073
    1116
    1164
    1160
    1089
    1135
    1119
    1238
    1113
    1160
    1123
    1078
    1146
    1125
    1153
    1163
    1109
    1124
    1116
    1150
    1178
    1125
    1133
    1147
    1180
    1130
    1175
    1169
    1135
    1151
    1159
    1154
    1104
    1132
    1140
    1107
    1126
    1112
    1110
    1103
    1098
    1092
    1174
    1080
    1096
    1079
    1109
    1078
    1068
    1111
    1087
    1156
    1134
    1118
    1147
    1129
    1108
    1133
    1098
    1122
    1087
    1110
    1159
    1146
    1138
    1089
    1109
    1126
    1096
    1069
    1083
    1050
    1142
    1126
    1193
    1082
    1074
    1084
    1179
    1118
    1059
    1106
    1102
    1118
    1136
    1121
    1073
    1064
    1100
    1108
    1108
    1141
    1116
    1183
    1099
    1144
    1121
    1085
    1133
    1087
    1112
    1057
    1136
    1159
    1109
    1144
    1151
    1166
    1147
    1136
    1188
    1117
    1110
    1081
    1131
    1126
    1137
    1164
    1117
    1186
    1178
    1150
    1203
    1130
    1154
    1155
    1190
    1175
    1083
    1192
    1162
    1175
    1130
    1158
    1130
    1177
    1198
    1227
    1155
    1116
    1119
    1190
    1129
    1177
    1113
    1184
    1147
    1193
    1197
    1181
    1151
    1150
    1174
    1151
    1169
    1188
    1163
    1197
    1185
    1208
    1169
    1166
    1250
    1190
    1207
    1179
    1128
    1206
    1260
    1144
    1165
    1185
    1227
    1222
    1268
    1174
    1263
    1265
    1214
    1219
    1179
    1160
    1200
    1138
    1211
    1245
    1240
    1237
    1257
    1126
    1254
    1203
    1257
    1241
    1203
    1174
    1159
    1240
    1252
    1240
    1272
    1208
    1200
    1217
    1252
    1257
    1214
    1256
    1216
    1204
    1197
    1274
    1257
    1225
    1258
    1242
    1282
    1245
    1268
    1269
    1259
    1255
    1338
    1296
    1277
    1268
    1212
    1288
    1313
    1352
    1321
    1306
    1286
    1355
    1289
    1269
    1346
    1318
    1368
    1294
    1402
    1256
    1299
    1351
    1359
    1316
    1321
    1349
    1373
    1358
    1378
    1440
    1349
    1305
    1319
    1397
    1371
    1405
    1421
    1351
    1358
    1418
    1338
    1413
    1417
    1395
    1371
    1403
    1470
    1445
    1529
    1467
    1420
    1511
    1468
    1477
    1440
    1481
    1453
    1418
    1453
    1537
    1451
    1513
    1515
    1475
    1517
    1500
    1540
    1581
    1493
    1555
    1593
    1578
    1573
    1573
    1537
    1541
    1625
    1662
    1626
    1627
    1602
    1675
    1663
    1635
    1637
    1614
    1700
    1651
    1635
    1628
    1638
    1760
    1699
    1712
    1764
    1769
    1755
    1773
    1759
    1757
    1739
    1834
    1782
    1882
    1918
    1825
    1893
    1897
    1952
    1846
    1861
    1904
    1900
    1873
    1982
    1977
    1975
    1954
    1987
    2112
    2004
    2029
    2023
    2045
    2007
    2063
    2098
    2069
    2164
    2174
    2148
    2130
    2291
    2235
    2252
    2212
    2216
    2306
    2276
    2208
    2247
    2374
    2325
    2349
    2409
    2390
    2349
    2444
    2386
    2498
    2468
    2447
    2513
    2521
    2425
    2549
    2471
    2519
    2529
    2584
    2563
    2649
    2621
    2733
    2738
    2653
    2654
    2706
    2812
    2725
    2858
    2822
    2823
    2894
    2832
    2765
    2848
    3032
    2945
    2829
    2952
    2794
    2904
    2927
    2951
    3026
    3023
    3070
    3108
    3017
    3149
    3125
    3172
    3111
    3116
    3111
    3205
    3244
    3243
    3310
    3227
    3232
    3316
    3298
    3217
    3265
    3238
    3311
    3246
    3293
    3298
    3279
    3384
    3309
    3247
    3338
    3335
    3299
    3291
    3326
    3318
    3292
    3152
    3369
    3307
    3235
    3278
    3342
    3239
    3381
    3350
    3320
    3320
    3420
    3338
    3338
    3262
    3290
    3341
    3287
    3347
    3295
    3433
    3274
    3210
    3286
    3224
    3298
    3257
    3193
    3334
    3316
    3223
    3317
    3281
    3263
    3259
    3237
    3309
    3201
    3380
    3304
    3353
    3258
    3332
    3355
    3385
    3219
    3287
    3220
    3267
    3344
    3281
    3278
    3343
    3297
    3304
    3379
    3339
    3365
    3426
    3468
    3456
    3346
    3441
    3377
    3509
    3509
    3535
    3449
    3491
    3561
    3602
    3566
    3621
    3576
    3580
    3731
    3652
    3655
    3676
    3709
    3610
    3636
    3868
    3669
    3747
    3721
    3819
    3775
    3846
    3806
    3875
    3958
    3926
    3866
    4006
    3986
    4061
    4015
    4209
    4188
    4110
    4094
    4223
    4294
    4159
    4347
    4138
    4336
    4389
    4450
    4419
    4436
    4453
    4464
    4491
    4537
    4549
    4728
    4804
    4612
    4686
    4608
    4864
    4786
    4841
    4895
    4980
    4957
    4921
    5038
    4957
    5067
    5201
    5279
    5289
    5166
    5294
    5330
    5337
    5501
    5439
    5505
    5573
    5600
    5669
    5644
    5752
    5847
    5798
    6037
    5918
    5990
    6064
    6128
    6214
    6183
    6279
    6341
    6174
    6423
    6618
    6433
    6612
    6628
    6712
    6937
    6835
    6757
    6892
    7068
    7081
    7049
    7249
    7289
    7051
    7286
    7577
    7562
    7464
    7673
    7794
    7810
    7887
    7954
    7962
    8146
    8099
    8163
    8245
    8429
    8407
    8538
    8756
    8549
    8732
    8937
    9012
    9054
    9199
    9343
    9245
    9468
    9615
    9389
    9672
    9657
    9807
    9910
   10034
   10213
   10167
   10436
   10457
   10579
   10624
   10751
   10557
   10969
   11104
   11291
   11275
   11417
   11587
   11539
   11568
   11943
   11939
   12108
   12190
   12411
   12335
   12613
   12619
   12807
   12943
   13000
   13245
   13344
   13331
   13845
   13724
   14002
   14079
   14015
   14373
   14446
   14690
   14727
   14956
   15103
   15313
   15459
   15604
   15980
   16072
   16250
   16297
   16477
   16641
   16950
   16986
   17291
   17449
   17718
   17815
   17980
   18451
   18695
   18535
   18997
   19034
   19599
   19799
   19969
   20248
   20238
   20778
   20717
   21085
   21583
   21572
   22340
   22239
   22637
   22737
   23405
   23357
   23669
   24144
   24350
   24766
   24909
   25587
   25661
   25903
   26464
   26819
   27208
   27542
   27882
   28499
   29128
   29185
   29631
   30237
   30697
   31169
   31660
   32060
   32911
   32883
   33903
   33853
   34696
   35120
   35457
   36254
   37091
   37755
       0
       0
       0
       0
       0
       0
       0
       0
       0
       0
       0
       0
       0
       0
       0
       0
       0
       0
       0
       0
       0
       0
       0
       0
       0
       0
       0
       0
       0
       0
       0
       0
$ROI:
0
$PRESETS:
None
0
0
$ENER_FIT:
-0.169488 0.023446
$MCA_CAL:
3
-1.694878E-001 2.344633E-002 0.000000E+000 keV
$SHAPE_CAL:
3
0.000000E+000 0.000000E+000 0.000000E+000
