$SPEC_ID:
No sample description was entered.
$SPEC_REM:
DET# 4
DETDESC# JLAB-20 MCB 131
AP# Maestro Version 7.01
$DATE_MEA:
10/01/2025 00:46:44
$MEAS_TIM:
129933 133080
$DATA:
0 2047
       0
       0
       0
       0
       0
       0
       0
       0
       0
       0
       0
       0
       0
       0
       0
       0
       0
       0
       0
       0
       0
       0
       0
       0
       0
       0
       0
       0
       0
       0
       0
       0
       0
       0
       0
       0
       0
       0
       0
       0
       0
       0
       0
       0
       0
       0
       0
       0
       0
       0
       0
       1
       2
       0
       1
       1
       0
       1
       0
       0
       0
       0
       0
       1
       0
       1
       1
       1
       1
     497
   14663
   14808
   13943
   13517
   13272
   12751
   12509
   12486
   12263
   12094
   11918
   11844
   11705
   11663
   11485
   11413
   11232
   11013
   10980
   11176
   10938
   10561
   10704
   10531
   10415
   10229
   10300
   10372
   10150
   10183
   10032
   10002
    9863
   10020
    9667
    9533
    9586
    9532
    9487
    9311
    9260
    9256
    9328
    9235
    9015
    9114
    8949
    8942
    8864
    8666
    8759
    8674
    8666
    8603
    8483
    8512
    8671
    8416
    8350
    8184
    8432
    8310
    7978
    8161
    8052
    8134
    8054
    8151
    7899
    7893
    7967
    7893
    7768
    7734
    7753
    7670
    7743
    7896
    7663
    7817
    7596
    7699
    7479
    7626
    7445
    7369
    7400
    7457
    7449
    7362
    7356
    7167
    7274
    7260
    7318
    7125
    7215
    7228
    7093
    7130
    7030
    7011
    7102
    6966
    7103
    7071
    6971
    6996
    6988
    6944
    6860
    6861
    6950
    6865
    6788
    6892
    6769
    6822
    6843
    6779
    6726
    6757
    6651
    6830
    6895
    6681
    6772
    6576
    6680
    6745
    6613
    6678
    6650
    6687
    6510
    6434
    6497
    6534
    6484
    6509
    6522
    6573
    6595
    6493
    6625
    6464
    6509
    6601
    6475
    6535
    6677
    6502
    6541
    6638
    6485
    6442
    6415
    6451
    6529
    6503
    6459
    6423
    6403
    6530
    6509
    6377
    6396
    6482
    6310
    6378
    6398
    6368
    6460
    6287
    6471
    6432
    6365
    6400
    6509
    6388
    6458
    6413
    6432
    6438
    6412
    6459
    6469
    6553
    6506
    6522
    6458
    6350
    6566
    6581
    6583
    6573
    6492
    6676
    6693
    6628
    6525
    6531
    6664
    6671
    6624
    6532
    6686
    6702
    6577
    6638
    6591
    6659
    6769
    6781
    6644
    6610
    6762
    6684
    6712
    6737
    6753
    6652
    6742
    6778
    6745
    6821
    6832
    6880
    6934
    7045
    7120
    7298
    7326
    7560
    7780
    8003
    8271
    8937
    9401
   10135
   10930
   11765
   13132
   14323
   15889
   17750
   20023
   22376
   24960
   27748
   31075
   34656
   37944
   41893
   46607
   50624
   54818
   58969
   62823
   67461
   71623
   75530
   79659
   82968
   86576
   89543
   91660
   94859
   96015
   98128
   99306
  100648
  101930
  102941
  102405
  102989
  102828
  102550
  102283
  101407
  100568
   99824
   98731
   97701
   96512
   95171
   93356
   91982
   89911
   88301
   86529
   84358
   82361
   80673
   77881
   75297
   73197
   71313
   68481
   66070
   63450
   61270
   59006
   56412
   54129
   51605
   49284
   46952
   44797
   42954
   40811
   39273
   37036
   35821
   34197
   33168
   31904
   30736
   29565
   29060
   28074
   26871
   26252
   25283
   24519
   23532
   22914
   22108
   21068
   20339
   19735
   18778
   18152
   17087
   16291
   15365
   14861
   13890
   13243
   12271
   11504
   10983
   10096
    9679
    8933
    8333
    7891
    7458
    7076
    6397
    6203
    5757
    5576
    5389
    5303
    5110
    4780
    4615
    4613
    4527
    4491
    4415
    4480
    4531
    4389
    4413
    4276
    4427
    4396
    4346
    4255
    4400
    4326
    4426
    4296
    4376
    4420
    4452
    4158
    4371
    4329
    4387
    4345
    4189
    4263
    4146
    4227
    4228
    4256
    4258
    4097
    4203
    4211
    4120
    4089
    4135
    4143
    4005
    4005
    3981
    4054
    4071
    4054
    3997
    4005
    3973
    3933
    3920
    4009
    3910
    3935
    3823
    4012
    3931
    3867
    3809
    3860
    3928
    3745
    3884
    3886
    3713
    3814
    3826
    3670
    3733
    3758
    3802
    3757
    3695
    3800
    3808
    3780
    3677
    3744
    3887
    3718
    3683
    3646
    3701
    3736
    3665
    3768
    3798
    3722
    3719
    3810
    3716
    3611
    3621
    3782
    3814
    3783
    3701
    3752
    3737
    3740
    3701
    3722
    3810
    3804
    3722
    3857
    3803
    3718
    3810
    3770
    3733
    3730
    3687
    3739
    3726
    3728
    3605
    3779
    3768
    3642
    3740
    3722
    3676
    3757
    3713
    3693
    3665
    3653
    3579
    3564
    3605
    3635
    3555
    3422
    3560
    3489
    3543
    3448
    3511
    3444
    3372
    3470
    3414
    3457
    3335
    3404
    3416
    3363
    3397
    3472
    3380
    3416
    3481
    3395
    3315
    3362
    3329
    3282
    3282
    3360
    3288
    3222
    3205
    3252
    3224
    3200
    3326
    3263
    3190
    3243
    3143
    3251
    3249
    3253
    3287
    3243
    3263
    3279
    3301
    3174
    3228
    3137
    3167
    3185
    3189
    3174
    3164
    3224
    3212
    3161
    3280
    3279
    3263
    3213
    3262
    3132
    3258
    3205
    3209
    3224
    3201
    3254
    3163
    3168
    3135
    3133
    3302
    3279
    3180
    3183
    3307
    3151
    3210
    3233
    3172
    3142
    3101
    3184
    3176
    3220
    3174
    3212
    3095
    3202
    3134
    3159
    3074
    3092
    3125
    3156
    3054
    3113
    3091
    3069
    3114
    3102
    3108
    3106
    3064
    3061
    3048
    3065
    3073
    3121
    3027
    3127
    3112
    3091
    3067
    3027
    3028
    3044
    3184
    3022
    2983
    3083
    3026
    3104
    2981
    3104
    2962
    3034
    3100
    3007
    3016
    3015
    3080
    3092
    3127
    3017
    3100
    2948
    3052
    2977
    3071
    3070
    2948
    3004
    2915
    3067
    2947
    3013
    3100
    3074
    3044
    2925
    3015
    2945
    2995
    3039
    3023
    3082
    2985
    3022
    2993
    3009
    3020
    3031
    3020
    2895
    3000
    2995
    2862
    2959
    2939
    2880
    2859
    2974
    2898
    2934
    2870
    2913
    2910
    2851
    2917
    2974
    2972
    3029
    2939
    2940
    2982
    2900
    2915
    2869
    2940
    2901
    2987
    2914
    2898
    2895
    2823
    2842
    2849
    2924
    2847
    2944
    2967
    2889
    2852
    2851
    2835
    2861
    2865
    2804
    2850
    2846
    2825
    2831
    2832
    2822
    2855
    2886
    2851
    2822
    2819
    2743
    2816
    2723
    2716
    2800
    2736
    2839
    2800
    2822
    2665
    2887
    2719
    2903
    2768
    2876
    2761
    2818
    2796
    2742
    2733
    2758
    2737
    2766
    2776
    2825
    2750
    2717
    2692
    2736
    2693
    2797
    2807
    2767
    2851
    2691
    2818
    2680
    2723
    2805
    2660
    2717
    2708
    2715
    2665
    2701
    2687
    2639
    2703
    2740
    2699
    2700
    2782
    2729
    2703
    2756
    2711
    2705
    2680
    2649
    2724
    2735
    2736
    2830
    2726
    2746
    2761
    2747
    2690
    2696
    2700
    2675
    2668
    2720
    2590
    2688
    2703
    2749
    2600
    2737
    2668
    2658
    2718
    2561
    2657
    2702
    2660
    2700
    2740
    2690
    2612
    2613
    2698
    2670
    2721
    2701
    2710
    2693
    2678
    2649
    2765
    2621
    2670
    2619
    2665
    2700
    2630
    2626
    2577
    2630
    2602
    2716
    2670
    2690
    2620
    2599
    2618
    2620
    2640
    2608
    2588
    2630
    2643
    2618
    2591
    2601
    2688
    2570
    2644
    2579
    2577
    2655
    2694
    2638
    2631
    2659
    2531
    2604
    2630
    2583
    2737
    2611
    2569
    2577
    2626
    2609
    2673
    2705
    2706
    2765
    2755
    2657
    2669
    2796
    2694
    2681
    2680
    2704
    2659
    2659
    2719
    2693
    2654
    2666
    2646
    2704
    2636
    2676
    2703
    2758
    2590
    2753
    2613
    2700
    2663
    2657
    2574
    2631
    2596
    2605
    2557
    2584
    2627
    2619
    2657
    2607
    2703
    2640
    2607
    2710
    2654
    2521
    2550
    2566
    2525
    2589
    2625
    2570
    2566
    2546
    2589
    2608
    2638
    2666
    2571
    2485
    2572
    2531
    2657
    2570
    2532
    2534
    2521
    2505
    2551
    2611
    2619
    2474
    2528
    2531
    2623
    2606
    2527
    2585
    2611
    2647
    2532
    2629
    2615
    2634
    2651
    2630
    2601
    2763
    2655
    2625
    2696
    2608
    2637
    2664
    2764
    2659
    2679
    2680
    2671
    2666
    2727
    2609
    2626
    2713
    2652
    2715
    2704
    2746
    2680
    2676
    2733
    2642
    2721
    2734
    2648
    2683
    2821
    2727
    2688
    2659
    2590
    2637
    2635
    2585
    2754
    2620
    2595
    2601
    2696
    2671
    2651
    2710
    2713
    2650
    2673
    2645
    2652
    2669
    2622
    2665
    2673
    2658
    2598
    2581
    2630
    2702
    2620
    2654
    2636
    2658
    2549
    2624
    2518
    2587
    2600
    2536
    2589
    2517
    2576
    2523
    2584
    2571
    2522
    2451
    2547
    2558
    2428
    2491
    2523
    2645
    2589
    2545
    2559
    2593
    2569
    2712
    2623
    2599
    2648
    2681
    2625
    2702
    2683
    2671
    2732
    2813
    2816
    2795
    2821
    2861
    2831
    2855
    2860
    2840
    2959
    2965
    2785
    2909
    2951
    2855
    2931
    2836
    2930
    2932
    2852
    2913
    2841
    2777
    2929
    2884
    2849
    2803
    2746
    2894
    2716
    2676
    2768
    2660
    2707
    2764
    2725
    2647
    2598
    2716
    2574
    2534
    2615
    2644
    2524
    2432
    2427
    2420
    2472
    2503
    2425
    2355
    2496
    2420
    2428
    2442
    2324
    2272
    2329
    2455
    2351
    2265
    2314
    2298
    2354
    2380
    2273
    2311
    2348
    2343
    2374
    2309
    2332
    2340
    2298
    2287
    2382
    2297
    2330
    2363
    2289
    2356
    2367
    2348
    2342
    2341
    2334
    2340
    2354
    2265
    2300
    2331
    2324
    2350
    2332
    2263
    2235
    2323
    2437
    2342
    2319
    2410
    2398
    2405
    2364
    2360
    2346
    2368
    2349
    2498
    2335
    2372
    2310
    2422
    2414
    2318
    2286
    2344
    2340
    2349
    2354
    2327
    2390
    2416
    2374
    2334
    2423
    2429
    2218
    2386
    2344
    2353
    2347
    2407
    2419
    2369
    2424
    2375
    2391
    2486
    2373
    2350
    2348
    2419
    2423
    2364
    2328
    2437
    2397
    2536
    2413
    2388
    2423
    2326
    2376
    2408
    2470
    2508
    2413
    2392
    2390
    2453
    2519
    2415
    2479
    2460
    2468
    2439
    2445
    2470
    2479
    2426
    2405
    2404
    2350
    2461
    2431
    2359
    2409
    2337
    2357
    2353
    2401
    2366
    2442
    2371
    2371
    2389
    2378
    2419
    2294
    2325
    2336
    2482
    2361
    2422
    2429
    2391
    2401
    2341
    2365
    2403
    2325
    2330
    2448
    2417
    2362
    2306
    2356
    2400
    2356
    2289
    2265
    2338
    2339
    2394
    2431
    2376
    2329
    2341
    2380
    2362
    2276
    2388
    2278
    2371
    2394
    2355
    2335
    2370
    2268
    2405
    2321
    2319
    2367
    2452
    2398
    2387
    2369
    2350
    2403
    2360
    2453
    2343
    2338
    2443
    2343
    2457
    2464
    2429
    2450
    2379
    2439
    2352
    2451
    2388
    2402
    2383
    2451
    2446
    2426
    2515
    2484
    2436
    2473
    2403
    2457
    2490
    2530
    2486
    2389
    2481
    2442
    2493
    2466
    2458
    2454
    2445
    2508
    2516
    2522
    2429
    2368
    2533
    2473
    2520
    2437
    2489
    2451
    2524
    2532
    2534
    2427
    2519
    2478
    2510
    2534
    2498
    2460
    2546
    2539
    2549
    2547
    2550
    2588
    2555
    2556
    2509
    2472
    2564
    2557
    2532
    2564
    2558
    2570
    2603
    2571
    2553
    2693
    2642
    2629
    2587
    2477
    2546
    2602
    2561
    2602
    2572
    2548
    2655
    2618
    2451
    2623
    2567
    2583
    2678
    2530
    2540
    2605
    2623
    2666
    2603
    2709
    2585
    2606
    2620
    2621
    2656
    2609
    2673
    2630
    2606
    2587
    2698
    2655
    2634
    2623
    2698
    2686
    2689
    2696
    2647
    2740
    2691
    2782
    2728
    2761
    2662
    2632
    2729
    2791
    2872
    2816
    2783
    2790
    2778
    2856
    2803
    2842
    2800
    2781
    2838
    2923
    2762
    2825
    2877
    2881
    2827
    2804
    2845
    2931
    2862
    2960
    3017
    2909
    2885
    2866
    2948
    2858
    3034
    3002
    2892
    2940
    3074
    2944
    3050
    2945
    3055
    2941
    2991
    3122
    3081
    3229
    3125
    3121
    3169
    3166
    3175
    3090
    3199
    3140
    3117
    3112
    3287
    3152
    3262
    3178
    3167
    3282
    3277
    3312
    3330
    3222
    3304
    3338
    3322
    3368
    3462
    3393
    3307
    3512
    3486
    3473
    3491
    3403
    3505
    3538
    3431
    3490
    3504
    3604
    3523
    3583
    3572
    3524
    3851
    3611
    3670
    3710
    3733
    3763
    3880
    3722
    3765
    3897
    3893
    3788
    3936
    4038
    3985
    3961
    4002
    4121
    3983
    3960
    4164
    4153
    4072
    4216
    4255
    4168
    4095
    4232
    4398
    4272
    4232
    4329
    4399
    4433
    4344
    4510
    4489
    4532
    4614
    4633
    4598
    4714
    4785
    4808
    4743
    4759
    4936
    4853
    4888
    4844
    5026
    5007
    5030
    5000
    5068
    4997
    5124
    5057
    5220
    5246
    5264
    5324
    5397
    5280
    5351
    5261
    5504
    5409
    5580
    5527
    5695
    5639
    5714
    5680
    5688
    5673
    5802
    5931
    5821
    6016
    6038
    6002
    6023
    6020
    6102
    6166
    6390
    6162
    6134
    6358
    6231
    6238
    6329
    6385
    6494
    6346
    6582
    6545
    6567
    6622
    6743
    6681
    6639
    6744
    6613
    6695
    6825
    6913
    6904
    6864
    6873
    6914
    6978
    6917
    7080
    6873
    7023
    6994
    6977
    7109
    7007
    7129
    7059
    7101
    7078
    7067
    7078
    7082
    7137
    7200
    7048
    6818
    7148
    7065
    6986
    7084
    7148
    6937
    7055
    7074
    7078
    7023
    7223
    7220
    6992
    7034
    7059
    7041
    7014
    7153
    6933
    7053
    7123
    6930
    7079
    6811
    7098
    6824
    6968
    7087
    7022
    7018
    7020
    7098
    7109
    7035
    7029
    6974
    6988
    7152
    6953
    7133
    6912
    7105
    7145
    7198
    6979
    7061
    6974
    7047
    7000
    7129
    7128
    7146
    7140
    7126
    7218
    7239
    7217
    7364
    7320
    7268
    7122
    7361
    7320
    7536
    7448
    7417
    7406
    7516
    7567
    7589
    7590
    7664
    7649
    7695
    7820
    7825
    7879
    7841
    7832
    7758
    7915
    7982
    8030
    8080
    8101
    8011
    8118
    8350
    8358
    8336
    8288
    8481
    8336
    8481
    8514
    8572
    8708
    8858
    8851
    8744
    8841
    8979
    9020
    8971
    9165
    8982
    9215
    9459
    9467
    9405
    9456
    9502
    9510
    9628
    9736
    9793
   10108
   10087
    9997
    9978
    9869
   10462
   10221
   10386
   10404
   10444
   10535
   10587
   10759
   10620
   10734
   10937
   11142
   11115
   11033
   11293
   11293
   11543
   11761
   11706
   11877
   11916
   11979
   12041
   12008
   12248
   12449
   12440
   12779
   12842
   12737
   12913
   13034
   13186
   13275
   13421
   13376
   13362
   13635
   14056
   13725
   14285
   14141
   14382
   14728
   14522
   14636
   14690
   14923
   15219
   15206
   15317
   15641
   15319
   15782
   16055
   16179
   16077
   16353
   16697
   16734
   16960
   17069
   16947
   17208
   17227
   17460
   17529
   18073
   17875
   18400
   18393
   18579
   18779
   19070
   19167
   19377
   19480
   19706
   19626
   20333
   20335
   20175
   20529
   20621
   20932
   21027
   21533
   21566
   21654
   21974
   22410
   22551
   22739
   22757
   22817
   23467
   23621
   23854
   24027
   24279
   24646
   24701
   24896
   25313
   25553
   25698
   26156
   26315
   26281
   26924
   26834
   27191
   27570
   27662
   27907
   28380
   28271
   29304
   29358
   29783
   29891
   30075
   30778
   30715
   31148
   31670
   31882
   32030
   32477
   32776
   33382
   34016
   34354
   34555
   34933
   35123
   35669
   36179
   36292
   36751
   37277
   37731
   37897
   38652
   39053
   39528
   39833
   40480
   40994
   41864
   42070
   42368
   42835
   43440
   44140
   44283
   45304
   45921
   46043
   47264
   47409
   47777
   48404
   49208
   50234
   50691
   51353
   51792
   52614
   53116
   54024
   54699
   55243
   56319
   57225
   57932
   59037
   59582
   60692
   61577
   62199
   63157
   64266
   65515
   66083
   67283
   68148
   69908
   70149
   71828
   72513
   74023
   75169
   75523
   77436
   79214
   80054
       0
       0
       0
       0
       0
       0
       0
       0
       0
       0
       0
       0
       0
       0
       0
       0
       0
       0
       0
       0
       0
       0
       0
       0
       0
       0
       0
       0
       0
       0
       0
       0
$ROI:
0
$PRESETS:
None
0
0
$ENER_FIT:
-0.169488 0.023446
$MCA_CAL:
3
-1.694878E-001 2.344633E-002 0.000000E+000 keV
$SHAPE_CAL:
3
0.000000E+000 0.000000E+000 0.000000E+000
