$SPEC_ID:
No sample description was entered.
$SPEC_REM:
DET# 4
DETDESC# JLAB-20 MCB 131
AP# Maestro Version 7.01
$DATE_MEA:
10/01/2025 06:26:44
$MEAS_TIM:
149844 153480
$DATA:
0 2047
       0
       0
       0
       0
       0
       0
       0
       0
       0
       0
       0
       0
       0
       0
       0
       0
       0
       0
       0
       0
       0
       0
       0
       0
       0
       0
       0
       0
       0
       0
       0
       0
       0
       0
       0
       0
       0
       0
       0
       0
       0
       0
       0
       0
       0
       0
       0
       0
       0
       0
       0
       1
       2
       0
       1
       1
       0
       1
       0
       0
       0
       0
       0
       1
       0
       1
       1
       1
       1
     582
   16921
   16980
   16098
   15596
   15278
   14688
   14348
   14381
   14098
   14033
   13797
   13726
   13420
   13388
   13219
   13193
   12982
   12675
   12689
   12872
   12554
   12114
   12338
   12156
   12049
   11879
   11886
   11983
   11734
   11770
   11637
   11514
   11380
   11521
   11222
   11003
   10993
   10972
   10935
   10795
   10643
   10681
   10827
   10594
   10446
   10541
   10318
   10333
   10241
   10039
   10102
    9926
    9961
    9912
    9807
    9779
   10023
    9766
    9702
    9493
    9749
    9556
    9230
    9447
    9272
    9345
    9338
    9428
    9138
    9156
    9209
    9033
    8931
    8905
    8905
    8843
    8972
    9049
    8784
    9022
    8776
    8861
    8627
    8733
    8605
    8528
    8472
    8576
    8600
    8439
    8455
    8303
    8375
    8367
    8347
    8293
    8304
    8316
    8213
    8215
    8049
    8144
    8156
    8041
    8161
    8131
    8038
    7995
    8044
    7969
    7869
    7920
    8009
    7882
    7835
    7942
    7832
    7800
    7889
    7801
    7811
    7828
    7697
    7872
    7903
    7695
    7763
    7625
    7741
    7728
    7706
    7687
    7665
    7725
    7528
    7420
    7572
    7582
    7422
    7527
    7559
    7664
    7619
    7486
    7649
    7453
    7521
    7638
    7424
    7509
    7637
    7519
    7542
    7612
    7489
    7402
    7403
    7440
    7547
    7530
    7512
    7450
    7375
    7553
    7504
    7342
    7380
    7436
    7285
    7379
    7339
    7298
    7477
    7267
    7441
    7341
    7345
    7373
    7478
    7395
    7462
    7394
    7451
    7395
    7464
    7488
    7480
    7583
    7525
    7501
    7478
    7299
    7588
    7500
    7592
    7557
    7517
    7662
    7692
    7620
    7547
    7538
    7683
    7624
    7593
    7514
    7710
    7699
    7576
    7712
    7652
    7664
    7794
    7810
    7732
    7657
    7810
    7715
    7762
    7761
    7757
    7689
    7769
    7863
    7764
    7902
    7919
    7979
    8006
    8195
    8250
    8433
    8452
    8731
    8935
    9235
    9634
   10319
   10888
   11793
   12722
   13613
   15202
   16587
   18486
   20668
   23238
   25882
   28930
   32279
   36104
   40135
   43988
   48544
   53897
   58511
   63440
   68140
   72606
   78047
   82817
   87211
   91832
   95943
  100026
  103222
  105688
  109164
  110639
  113148
  114720
  115999
  117820
  118523
  118146
  118469
  118421
  118176
  117808
  116942
  115809
  115175
  113613
  112764
  111055
  109683
  107643
  106041
  103580
  101955
   99692
   97353
   94851
   93073
   89825
   86914
   84416
   82016
   78891
   76142
   73178
   70572
   67757
   64894
   62243
   59240
   56758
   54196
   51638
   49415
   46936
   45187
   42701
   41189
   39424
   38136
   36639
   35384
   33981
   33426
   32262
   30894
   30235
   29034
   28301
   27137
   26433
   25436
   24199
   23499
   22627
   21690
   20887
   19704
   18794
   17771
   17160
   15947
   15258
   14174
   13244
   12619
   11591
   11138
   10275
    9590
    9065
    8577
    8102
    7409
    7113
    6610
    6362
    6227
    6090
    5873
    5510
    5366
    5311
    5211
    5162
    5087
    5200
    5234
    5083
    5080
    4969
    5053
    5027
    5004
    4908
    5101
    5008
    5095
    4974
    5031
    5074
    5131
    4798
    5034
    4975
    5058
    4965
    4833
    4924
    4824
    4887
    4842
    4840
    4875
    4724
    4895
    4899
    4733
    4752
    4832
    4754
    4601
    4649
    4569
    4686
    4719
    4653
    4647
    4575
    4596
    4566
    4548
    4588
    4488
    4556
    4427
    4627
    4576
    4464
    4427
    4462
    4504
    4328
    4445
    4462
    4276
    4347
    4408
    4240
    4286
    4329
    4327
    4309
    4281
    4410
    4369
    4325
    4283
    4332
    4466
    4284
    4247
    4263
    4251
    4290
    4217
    4305
    4360
    4295
    4244
    4385
    4255
    4206
    4189
    4368
    4389
    4352
    4278
    4326
    4271
    4317
    4220
    4268
    4396
    4376
    4282
    4401
    4367
    4250
    4388
    4321
    4277
    4287
    4273
    4317
    4295
    4290
    4171
    4380
    4358
    4220
    4352
    4268
    4211
    4308
    4265
    4200
    4238
    4167
    4066
    4090
    4181
    4169
    4099
    3951
    4061
    4029
    4054
    4002
    4083
    3972
    3879
    3987
    3944
    3971
    3877
    3923
    3926
    3864
    3887
    3996
    3875
    3948
    4032
    3877
    3809
    3835
    3870
    3820
    3786
    3881
    3775
    3765
    3696
    3754
    3731
    3645
    3782
    3763
    3682
    3731
    3644
    3764
    3797
    3768
    3804
    3729
    3709
    3714
    3795
    3671
    3682
    3579
    3662
    3701
    3678
    3675
    3674
    3703
    3691
    3644
    3770
    3804
    3765
    3699
    3797
    3591
    3753
    3682
    3691
    3726
    3701
    3724
    3626
    3631
    3639
    3636
    3816
    3768
    3673
    3705
    3804
    3624
    3698
    3736
    3652
    3607
    3572
    3639
    3658
    3684
    3654
    3700
    3559
    3664
    3617
    3640
    3529
    3598
    3625
    3636
    3520
    3598
    3584
    3573
    3575
    3588
    3567
    3570
    3537
    3542
    3497
    3547
    3565
    3588
    3504
    3592
    3559
    3571
    3527
    3510
    3508
    3510
    3633
    3456
    3460
    3529
    3485
    3569
    3398
    3584
    3430
    3512
    3603
    3426
    3465
    3524
    3543
    3560
    3597
    3473
    3569
    3428
    3553
    3456
    3524
    3547
    3401
    3452
    3412
    3550
    3409
    3480
    3559
    3555
    3509
    3371
    3472
    3432
    3426
    3495
    3493
    3509
    3455
    3481
    3459
    3448
    3472
    3437
    3484
    3377
    3414
    3424
    3301
    3413
    3393
    3292
    3333
    3440
    3352
    3389
    3325
    3357
    3320
    3299
    3372
    3425
    3406
    3498
    3400
    3416
    3410
    3321
    3368
    3340
    3401
    3348
    3433
    3353
    3329
    3341
    3265
    3252
    3283
    3334
    3311
    3380
    3426
    3294
    3280
    3297
    3243
    3276
    3255
    3229
    3278
    3247
    3243
    3247
    3237
    3247
    3268
    3312
    3272
    3248
    3237
    3176
    3249
    3154
    3193
    3205
    3125
    3238
    3190
    3273
    3089
    3279
    3159
    3326
    3201
    3303
    3160
    3268
    3183
    3131
    3127
    3216
    3106
    3179
    3199
    3270
    3213
    3148
    3092
    3172
    3108
    3237
    3217
    3210
    3293
    3162
    3217
    3099
    3196
    3226
    3071
    3162
    3134
    3152
    3109
    3148
    3097
    3026
    3117
    3157
    3113
    3138
    3198
    3115
    3114
    3187
    3111
    3064
    3101
    3036
    3112
    3156
    3163
    3266
    3133
    3173
    3116
    3152
    3098
    3070
    3121
    3076
    3099
    3140
    3018
    3121
    3095
    3152
    3029
    3154
    3042
    3087
    3175
    2956
    3080
    3111
    3083
    3120
    3115
    3085
    3044
    2982
    3112
    3075
    3128
    3126
    3098
    3085
    3062
    3094
    3178
    3041
    3043
    2966
    3059
    3106
    3076
    2990
    3010
    3045
    3020
    3110
    3093
    3090
    2996
    2995
    3016
    3033
    3025
    3020
    2991
    3020
    3024
    3017
    2994
    2947
    3057
    2965
    3064
    2939
    3002
    3042
    3105
    3010
    3052
    3080
    2918
    3007
    2997
    3005
    3125
    3026
    2990
    3024
    3038
    3042
    3085
    3115
    3133
    3151
    3190
    3040
    3067
    3192
    3141
    3094
    3127
    3144
    3060
    3071
    3129
    3105
    3068
    3076
    3054
    3097
    3046
    3039
    3109
    3191
    2995
    3186
    3002
    3098
    3058
    3099
    2993
    3036
    2990
    2961
    2972
    2957
    3060
    3052
    3079
    3020
    3119
    3038
    3029
    3098
    3075
    2936
    2959
    2919
    2927
    2954
    3006
    2944
    2986
    2902
    2953
    2977
    3023
    3037
    2934
    2922
    2942
    2898
    3027
    2976
    2924
    2967
    2904
    2946
    2938
    3020
    3009
    2838
    2934
    2888
    3035
    2974
    2901
    2971
    3007
    3049
    2945
    3069
    3014
    3044
    3087
    3073
    3018
    3178
    3077
    3005
    3119
    3056
    3108
    3077
    3194
    3054
    3058
    3101
    3124
    3097
    3196
    2994
    3051
    3116
    3066
    3146
    3145
    3164
    3090
    3111
    3154
    3070
    3102
    3171
    3056
    3106
    3219
    3156
    3112
    3118
    3032
    3061
    3026
    3026
    3147
    3044
    3000
    2999
    3138
    3040
    3030
    3120
    3143
    3016
    3027
    3040
    3055
    3079
    3012
    3108
    3077
    3070
    2960
    2989
    2992
    3103
    3017
    3039
    2983
    3057
    2950
    3002
    2886
    2987
    2999
    2919
    2982
    2921
    2982
    2877
    2946
    2935
    2937
    2820
    2966
    2946
    2813
    2858
    2905
    3049
    2971
    2939
    2936
    2984
    2953
    3103
    3006
    3021
    3094
    3103
    3038
    3092
    3100
    3120
    3166
    3243
    3254
    3198
    3271
    3277
    3285
    3301
    3286
    3287
    3429
    3407
    3241
    3340
    3412
    3279
    3365
    3287
    3408
    3380
    3307
    3347
    3267
    3222
    3339
    3289
    3261
    3233
    3205
    3302
    3175
    3089
    3194
    3087
    3104
    3194
    3130
    3049
    3029
    3137
    2993
    2897
    3019
    3040
    2907
    2849
    2801
    2790
    2859
    2862
    2785
    2741
    2882
    2812
    2813
    2806
    2676
    2660
    2725
    2802
    2733
    2651
    2703
    2630
    2689
    2759
    2608
    2699
    2700
    2668
    2732
    2653
    2695
    2683
    2663
    2642
    2724
    2663
    2698
    2739
    2673
    2750
    2707
    2696
    2706
    2714
    2672
    2654
    2694
    2643
    2666
    2697
    2690
    2703
    2727
    2636
    2593
    2700
    2778
    2717
    2646
    2731
    2778
    2775
    2723
    2722
    2706
    2692
    2726
    2882
    2688
    2728
    2671
    2786
    2792
    2665
    2624
    2676
    2706
    2746
    2687
    2684
    2720
    2780
    2753
    2693
    2779
    2812
    2584
    2705
    2672
    2759
    2700
    2748
    2790
    2724
    2807
    2743
    2725
    2827
    2727
    2695
    2736
    2763
    2772
    2723
    2718
    2778
    2776
    2937
    2774
    2759
    2795
    2681
    2710
    2782
    2854
    2887
    2766
    2757
    2733
    2825
    2892
    2773
    2869
    2869
    2886
    2820
    2809
    2843
    2849
    2824
    2764
    2762
    2751
    2851
    2802
    2749
    2773
    2691
    2724
    2734
    2802
    2752
    2805
    2731
    2764
    2764
    2746
    2801
    2664
    2675
    2693
    2811
    2727
    2768
    2790
    2769
    2756
    2694
    2748
    2777
    2634
    2677
    2796
    2760
    2723
    2687
    2715
    2755
    2692
    2649
    2606
    2680
    2701
    2730
    2796
    2706
    2661
    2673
    2754
    2688
    2626
    2746
    2633
    2697
    2747
    2725
    2682
    2718
    2638
    2754
    2687
    2711
    2736
    2818
    2777
    2761
    2727
    2753
    2790
    2728
    2816
    2693
    2726
    2801
    2729
    2824
    2831
    2790
    2844
    2730
    2801
    2712
    2803
    2757
    2763
    2744
    2811
    2850
    2811
    2916
    2850
    2845
    2863
    2766
    2818
    2877
    2886
    2841
    2744
    2867
    2820
    2858
    2833
    2818
    2847
    2791
    2903
    2895
    2893
    2811
    2722
    2916
    2822
    2879
    2790
    2881
    2853
    2908
    2928
    2913
    2814
    2878
    2878
    2893
    2962
    2887
    2833
    2919
    2896
    2943
    2941
    2958
    2972
    2932
    2953
    2909
    2889
    2995
    2924
    2882
    2964
    2967
    2988
    3013
    2977
    2951
    3091
    3047
    3041
    2989
    2846
    2945
    2996
    2958
    3000
    2972
    2925
    3035
    2967
    2822
    3006
    2997
    2961
    3087
    2943
    2941
    3040
    3008
    3060
    2998
    3095
    2975
    3004
    3051
    3028
    3097
    3007
    3107
    3052
    3000
    3007
    3114
    3049
    3020
    3040
    3118
    3101
    3118
    3133
    3032
    3169
    3068
    3236
    3147
    3178
    3100
    3083
    3163
    3216
    3301
    3247
    3222
    3237
    3218
    3281
    3193
    3285
    3242
    3202
    3249
    3373
    3159
    3257
    3373
    3318
    3259
    3218
    3293
    3373
    3322
    3346
    3482
    3323
    3338
    3282
    3375
    3284
    3486
    3438
    3331
    3389
    3538
    3384
    3473
    3426
    3537
    3435
    3441
    3575
    3569
    3674
    3563
    3588
    3633
    3664
    3685
    3626
    3679
    3591
    3611
    3628
    3786
    3628
    3711
    3656
    3654
    3748
    3777
    3808
    3844
    3714
    3816
    3845
    3834
    3859
    3980
    3919
    3869
    4049
    4017
    4015
    4004
    3928
    4066
    4068
    3993
    4018
    4046
    4211
    4025
    4116
    4145
    4078
    4415
    4168
    4238
    4255
    4356
    4332
    4452
    4310
    4329
    4457
    4488
    4400
    4555
    4628
    4596
    4603
    4645
    4775
    4569
    4582
    4766
    4790
    4727
    4886
    4893
    4840
    4806
    4834
    5104
    4897
    4928
    5060
    5035
    5134
    5024
    5210
    5165
    5208
    5316
    5353
    5299
    5489
    5515
    5547
    5478
    5460
    5678
    5605
    5624
    5627
    5796
    5777
    5823
    5758
    5814
    5786
    5876
    5878
    6046
    6048
    6075
    6131
    6270
    6116
    6154
    6099
    6353
    6299
    6393
    6377
    6580
    6558
    6565
    6587
    6555
    6563
    6728
    6835
    6758
    6995
    6965
    6962
    6915
    6929
    7040
    7099
    7362
    7129
    7076
    7300
    7186
    7219
    7297
    7379
    7479
    7330
    7631
    7631
    7602
    7635
    7694
    7702
    7644
    7779
    7653
    7698
    7853
    7973
    7912
    7892
    7932
    7958
    8066
    8010
    8133
    7950
    8110
    8071
    8053
    8180
    8035
    8199
    8091
    8160
    8105
    8120
    8176
    8149
    8168
    8316
    8099
    7947
    8221
    8164
    8118
    8147
    8216
    8023
    8075
    8143
    8139
    8121
    8313
    8319
    8073
    8127
    8187
    8105
    8094
    8239
    8029
    8148
    8206
    7982
    8193
    7882
    8170
    7899
    8096
    8212
    8183
    8174
    8080
    8212
    8113
    8092
    8139
    8081
    8063
    8186
    7994
    8181
    7950
    8188
    8295
    8284
    7982
    8181
    8009
    8157
    8106
    8236
    8230
    8267
    8289
    8254
    8370
    8365
    8358
    8476
    8432
    8375
    8278
    8543
    8504
    8672
    8641
    8600
    8514
    8718
    8730
    8769
    8680
    8847
    8821
    8844
    9020
    8980
    9098
    9090
    9064
    9053
    9128
    9220
    9269
    9324
    9302
    9270
    9436
    9661
    9717
    9625
    9571
    9847
    9624
    9762
    9825
    9857
   10090
   10212
   10167
   10092
   10248
   10360
   10425
   10362
   10586
   10393
   10635
   10889
   10893
   10876
   10891
   10977
   11010
   11135
   11260
   11331
   11651
   11578
   11479
   11592
   11445
   12032
   11819
   11980
   12070
   12060
   12150
   12259
   12426
   12244
   12351
   12656
   12845
   12906
   12763
   13006
   13058
   13261
   13585
   13548
   13658
   13845
   13782
   13865
   13917
   14188
   14374
   14270
   14723
   14941
   14755
   14870
   15057
   15193
   15373
   15543
   15489
   15485
   15791
   16212
   15907
   16496
   16347
   16594
   17008
   16677
   16907
   16904
   17244
   17623
   17606
   17755
   18093
   17689
   18127
   18513
   18631
   18565
   18888
   19241
   19366
   19583
   19830
   19673
   19965
   19943
   20153
   20251
   20836
   20583
   21338
   21153
   21482
   21607
   21956
   22121
   22363
   22516
   22783
   22637
   23556
   23597
   23324
   23711
   23798
   24180
   24320
   24908
   24922
   25128
   25479
   25932
   26092
   26268
   26369
   26378
   27043
   27328
   27597
   27832
   28085
   28499
   28540
   28849
   29218
   29474
   29742
   30263
   30409
   30447
   31082
   31048
   31496
   31775
   31922
   32346
   32909
   32588
   33780
   33914
   34360
   34571
   34864
   35441
   35531
   36225
   36511
   36764
   37234
   37552
   37845
   38599
   39328
   39774
   39911
   40277
   40551
   41260
   41872
   42075
   42479
   43119
   43632
   43795
   44711
   45176
   45806
   46064
   46723
   47374
   48478
   48711
   48943
   49578
   50145
   51012
   51185
   52491
   53057
   53150
   54521
   54803
   55330
   56271
   56950
   58155
   58551
   59430
   59922
   60801
   61561
   62436
   63326
   63870
   65201
   66103
   67015
   68441
   68862
   70235
   71053
   72043
   73101
   74193
   75711
   76461
   78050
   78840
   80926
   81118
   83271
   83902
   85519
   86810
   87353
   89517
   91458
   92570
       0
       0
       0
       0
       0
       0
       0
       0
       0
       0
       0
       0
       0
       0
       0
       0
       0
       0
       0
       0
       0
       0
       0
       0
       0
       0
       0
       0
       0
       0
       0
       0
$ROI:
0
$PRESETS:
None
0
0
$ENER_FIT:
-0.169488 0.023446
$MCA_CAL:
3
-1.694878E-001 2.344633E-002 0.000000E+000 keV
$SHAPE_CAL:
3
0.000000E+000 0.000000E+000 0.000000E+000
