$SPEC_ID:
No sample description was entered.
$SPEC_REM:
DET# 4
DETDESC# JLAB-20 MCB 131
AP# Maestro Version 7.01
$DATE_MEA:
10/01/2025 03:06:44
$MEAS_TIM:
138130 141479
$DATA:
0 2047
       0
       0
       0
       0
       0
       0
       0
       0
       0
       0
       0
       0
       0
       0
       0
       0
       0
       0
       0
       0
       0
       0
       0
       0
       0
       0
       0
       0
       0
       0
       0
       0
       0
       0
       0
       0
       0
       0
       0
       0
       0
       0
       0
       0
       0
       0
       0
       0
       0
       0
       0
       1
       2
       0
       1
       1
       0
       1
       0
       0
       0
       0
       0
       1
       0
       1
       1
       1
       1
     530
   15631
   15710
   14887
   14341
   14090
   13553
   13291
   13284
   13019
   12911
   12675
   12608
   12415
   12366
   12169
   12147
   11961
   11697
   11697
   11899
   11572
   11197
   11400
   11196
   11088
   10924
   10970
   11027
   10787
   10852
   10677
   10623
   10486
   10666
   10301
   10117
   10179
   10140
   10065
    9902
    9829
    9858
    9957
    9812
    9606
    9702
    9527
    9500
    9440
    9255
    9331
    9189
    9206
    9162
    9037
    9041
    9241
    8966
    8920
    8708
    8999
    8820
    8511
    8689
    8555
    8639
    8607
    8675
    8413
    8393
    8490
    8353
    8220
    8192
    8199
    8147
    8264
    8352
    8118
    8311
    8085
    8170
    7964
    8087
    7935
    7854
    7818
    7932
    7939
    7819
    7821
    7639
    7734
    7695
    7743
    7598
    7667
    7668
    7579
    7575
    7422
    7477
    7561
    7398
    7554
    7495
    7427
    7392
    7444
    7364
    7276
    7283
    7417
    7306
    7210
    7348
    7175
    7253
    7269
    7220
    7179
    7224
    7079
    7262
    7310
    7122
    7172
    7029
    7133
    7157
    7064
    7111
    7089
    7107
    6918
    6837
    6918
    6945
    6912
    6926
    6944
    7026
    7006
    6901
    7053
    6847
    6935
    7049
    6895
    6938
    7077
    6915
    6965
    7056
    6894
    6828
    6808
    6877
    6940
    6918
    6870
    6814
    6782
    6948
    6913
    6785
    6782
    6890
    6712
    6784
    6793
    6772
    6868
    6686
    6873
    6824
    6790
    6793
    6903
    6798
    6883
    6818
    6849
    6828
    6857
    6909
    6873
    6960
    6916
    6929
    6858
    6730
    6977
    6977
    7014
    6958
    6936
    7089
    7120
    7052
    6948
    6987
    7087
    7071
    7007
    6951
    7105
    7106
    7008
    7049
    7025
    7055
    7189
    7220
    7083
    7034
    7173
    7080
    7169
    7149
    7164
    7088
    7160
    7220
    7173
    7220
    7289
    7373
    7359
    7518
    7570
    7794
    7744
    8034
    8253
    8479
    8813
    9482
   10019
   10859
   11650
   12536
   13952
   15246
   16962
   18953
   21368
   23804
   26499
   29610
   33084
   36850
   40430
   44604
   49520
   53874
   58307
   62720
   66898
   71875
   76252
   80323
   84609
   88329
   92087
   95028
   97417
  100702
  102076
  104256
  105627
  107000
  108568
  109350
  108854
  109323
  109218
  108908
  108624
  107742
  106861
  106101
  104850
  103809
  102510
  101124
   99359
   97692
   95575
   93935
   91984
   89706
   87501
   85795
   82874
   80248
   77866
   75767
   72742
   70309
   67352
   65212
   62709
   59975
   57512
   54739
   52431
   49954
   47650
   45620
   43393
   41680
   39384
   38060
   36401
   35210
   33871
   32664
   31367
   30874
   29765
   28492
   27950
   26873
   26121
   25024
   24389
   23528
   22387
   21659
   20912
   20001
   19307
   18171
   17340
   16320
   15819
   14741
   14081
   13086
   12239
   11664
   10716
   10295
    9498
    8869
    8376
    7917
    7504
    6803
    6586
    6095
    5923
    5767
    5655
    5412
    5107
    4952
    4889
    4813
    4768
    4690
    4777
    4819
    4673
    4687
    4538
    4688
    4682
    4639
    4546
    4704
    4593
    4686
    4585
    4644
    4695
    4718
    4430
    4638
    4598
    4683
    4591
    4470
    4541
    4399
    4499
    4478
    4488
    4509
    4384
    4502
    4465
    4382
    4356
    4426
    4403
    4249
    4275
    4224
    4334
    4329
    4296
    4277
    4244
    4242
    4198
    4180
    4238
    4171
    4194
    4067
    4274
    4201
    4122
    4073
    4117
    4158
    3980
    4123
    4136
    3935
    4015
    4061
    3899
    3951
    4005
    4022
    3972
    3958
    4040
    4040
    4018
    3920
    3973
    4114
    3938
    3918
    3924
    3939
    3961
    3920
    3982
    4030
    3939
    3905
    4064
    3933
    3821
    3869
    4037
    4054
    4008
    3950
    4000
    3951
    3953
    3900
    3951
    4055
    4042
    3933
    4085
    4040
    3936
    4055
    3982
    3951
    3963
    3940
    3986
    3961
    3958
    3822
    4040
    4025
    3881
    3979
    3956
    3890
    3983
    3931
    3900
    3901
    3862
    3792
    3776
    3844
    3845
    3797
    3625
    3728
    3724
    3769
    3687
    3727
    3662
    3600
    3677
    3637
    3668
    3548
    3619
    3616
    3564
    3615
    3703
    3571
    3629
    3697
    3592
    3526
    3553
    3544
    3506
    3495
    3575
    3492
    3452
    3410
    3466
    3439
    3383
    3514
    3451
    3403
    3446
    3365
    3451
    3482
    3450
    3520
    3438
    3461
    3479
    3495
    3385
    3417
    3315
    3369
    3377
    3397
    3399
    3369
    3440
    3413
    3354
    3484
    3492
    3487
    3425
    3492
    3322
    3464
    3393
    3405
    3413
    3404
    3446
    3340
    3372
    3338
    3324
    3501
    3486
    3390
    3398
    3490
    3354
    3419
    3455
    3380
    3325
    3307
    3366
    3383
    3404
    3376
    3408
    3288
    3376
    3323
    3362
    3276
    3282
    3330
    3367
    3250
    3295
    3307
    3273
    3296
    3314
    3289
    3283
    3264
    3242
    3232
    3255
    3282
    3301
    3210
    3314
    3296
    3285
    3252
    3232
    3238
    3248
    3360
    3213
    3179
    3268
    3228
    3321
    3153
    3280
    3157
    3235
    3300
    3192
    3209
    3233
    3273
    3284
    3334
    3204
    3296
    3153
    3262
    3175
    3250
    3267
    3128
    3204
    3113
    3264
    3136
    3201
    3288
    3262
    3225
    3105
    3218
    3134
    3177
    3217
    3229
    3258
    3187
    3221
    3183
    3189
    3219
    3204
    3206
    3098
    3150
    3178
    3044
    3162
    3129
    3050
    3049
    3161
    3095
    3112
    3057
    3089
    3079
    3031
    3117
    3155
    3149
    3236
    3129
    3144
    3177
    3083
    3113
    3060
    3138
    3084
    3151
    3095
    3084
    3073
    3000
    3007
    3055
    3102
    3051
    3124
    3152
    3061
    3040
    3046
    3015
    3040
    3024
    2977
    3017
    3006
    2991
    2999
    3007
    3008
    3021
    3047
    3017
    2981
    2987
    2938
    3001
    2899
    2924
    2959
    2894
    3019
    2956
    3013
    2840
    3064
    2917
    3062
    2941
    3038
    2938
    2995
    2949
    2901
    2889
    2933
    2879
    2929
    2936
    2997
    2933
    2887
    2846
    2914
    2889
    2993
    2971
    2946
    3038
    2883
    2996
    2853
    2934
    2989
    2817
    2908
    2875
    2890
    2856
    2865
    2837
    2804
    2853
    2910
    2878
    2883
    2961
    2875
    2868
    2920
    2883
    2879
    2859
    2809
    2897
    2909
    2914
    2998
    2887
    2914
    2916
    2918
    2859
    2849
    2881
    2842
    2846
    2898
    2774
    2861
    2883
    2921
    2774
    2907
    2820
    2826
    2907
    2742
    2845
    2868
    2826
    2872
    2908
    2846
    2791
    2768
    2866
    2827
    2886
    2882
    2887
    2873
    2832
    2843
    2920
    2802
    2830
    2768
    2827
    2864
    2800
    2762
    2747
    2801
    2775
    2877
    2838
    2881
    2774
    2755
    2783
    2783
    2799
    2770
    2759
    2795
    2835
    2776
    2749
    2751
    2838
    2720
    2824
    2746
    2764
    2818
    2868
    2785
    2802
    2841
    2683
    2772
    2764
    2781
    2898
    2779
    2744
    2748
    2806
    2780
    2852
    2883
    2891
    2918
    2947
    2812
    2840
    2971
    2875
    2845
    2845
    2870
    2823
    2830
    2890
    2868
    2826
    2843
    2801
    2851
    2792
    2820
    2882
    2933
    2741
    2929
    2737
    2868
    2851
    2834
    2748
    2796
    2755
    2760
    2718
    2731
    2807
    2774
    2833
    2785
    2874
    2810
    2775
    2884
    2839
    2689
    2736
    2701
    2695
    2739
    2786
    2737
    2741
    2702
    2733
    2771
    2797
    2814
    2732
    2664
    2735
    2676
    2799
    2738
    2690
    2718
    2682
    2691
    2715
    2780
    2790
    2621
    2706
    2685
    2792
    2748
    2685
    2740
    2778
    2806
    2696
    2816
    2777
    2806
    2821
    2792
    2773
    2925
    2825
    2785
    2866
    2798
    2849
    2837
    2945
    2832
    2844
    2859
    2856
    2848
    2910
    2748
    2803
    2886
    2821
    2881
    2896
    2910
    2853
    2858
    2888
    2822
    2878
    2923
    2824
    2860
    3000
    2905
    2891
    2851
    2799
    2814
    2809
    2773
    2922
    2786
    2751
    2775
    2898
    2819
    2809
    2868
    2872
    2793
    2818
    2803
    2832
    2811
    2790
    2838
    2831
    2825
    2746
    2759
    2762
    2870
    2794
    2825
    2788
    2822
    2715
    2775
    2663
    2751
    2759
    2681
    2750
    2678
    2764
    2678
    2728
    2743
    2695
    2603
    2720
    2749
    2571
    2646
    2682
    2810
    2751
    2698
    2723
    2757
    2712
    2877
    2774
    2767
    2829
    2857
    2790
    2846
    2839
    2852
    2917
    2990
    2995
    2951
    3006
    3053
    3021
    3030
    3034
    3013
    3137
    3154
    2975
    3081
    3134
    3022
    3112
    3012
    3116
    3127
    3020
    3103
    3034
    2942
    3110
    3037
    3023
    2986
    2924
    3055
    2920
    2868
    2942
    2851
    2865
    2930
    2880
    2806
    2782
    2891
    2756
    2682
    2785
    2802
    2678
    2578
    2597
    2567
    2637
    2661
    2574
    2531
    2664
    2585
    2583
    2595
    2482
    2417
    2491
    2602
    2512
    2405
    2476
    2433
    2485
    2534
    2412
    2466
    2483
    2477
    2530
    2456
    2478
    2491
    2456
    2443
    2518
    2443
    2483
    2529
    2464
    2514
    2493
    2481
    2497
    2491
    2480
    2451
    2497
    2404
    2443
    2504
    2494
    2504
    2484
    2407
    2372
    2481
    2578
    2508
    2448
    2555
    2542
    2543
    2519
    2501
    2502
    2493
    2511
    2666
    2478
    2513
    2456
    2586
    2577
    2468
    2441
    2482
    2493
    2511
    2494
    2484
    2523
    2544
    2531
    2474
    2571
    2597
    2365
    2508
    2492
    2535
    2488
    2538
    2567
    2525
    2595
    2523
    2515
    2646
    2517
    2483
    2523
    2562
    2565
    2506
    2497
    2571
    2536
    2712
    2574
    2528
    2568
    2465
    2510
    2575
    2616
    2669
    2557
    2544
    2525
    2613
    2672
    2571
    2639
    2610
    2639
    2583
    2614
    2622
    2640
    2574
    2542
    2550
    2519
    2629
    2580
    2508
    2569
    2462
    2513
    2495
    2561
    2531
    2583
    2515
    2528
    2555
    2551
    2579
    2431
    2461
    2493
    2625
    2509
    2555
    2574
    2570
    2532
    2479
    2502
    2549
    2434
    2480
    2612
    2543
    2517
    2459
    2501
    2567
    2504
    2437
    2395
    2486
    2485
    2529
    2568
    2506
    2454
    2483
    2527
    2499
    2431
    2569
    2425
    2501
    2528
    2510
    2488
    2527
    2420
    2553
    2473
    2477
    2529
    2608
    2559
    2537
    2523
    2513
    2564
    2520
    2590
    2485
    2486
    2590
    2500
    2598
    2609
    2572
    2624
    2535
    2593
    2501
    2587
    2540
    2534
    2546
    2601
    2601
    2598
    2672
    2652
    2608
    2633
    2549
    2600
    2645
    2664
    2632
    2551
    2631
    2596
    2643
    2607
    2599
    2625
    2589
    2674
    2666
    2665
    2600
    2531
    2685
    2601
    2651
    2575
    2669
    2605
    2677
    2691
    2693
    2566
    2670
    2652
    2674
    2706
    2659
    2610
    2713
    2699
    2720
    2707
    2727
    2744
    2711
    2714
    2664
    2654
    2749
    2703
    2694
    2735
    2730
    2732
    2773
    2740
    2709
    2833
    2792
    2806
    2729
    2631
    2711
    2778
    2725
    2782
    2753
    2697
    2816
    2759
    2627
    2799
    2738
    2728
    2839
    2693
    2689
    2775
    2789
    2823
    2762
    2854
    2745
    2776
    2797
    2800
    2845
    2763
    2844
    2801
    2758
    2770
    2877
    2822
    2796
    2801
    2857
    2861
    2858
    2857
    2804
    2905
    2848
    2958
    2903
    2929
    2831
    2824
    2904
    2980
    3066
    3004
    2952
    2972
    2940
    3038
    2971
    3022
    2974
    2973
    3013
    3112
    2935
    3003
    3068
    3045
    2998
    2965
    3036
    3111
    3058
    3113
    3203
    3085
    3069
    3042
    3145
    3026
    3219
    3177
    3075
    3121
    3271
    3133
    3218
    3140
    3271
    3162
    3183
    3292
    3272
    3407
    3291
    3316
    3352
    3368
    3388
    3326
    3397
    3308
    3311
    3336
    3495
    3353
    3430
    3387
    3351
    3458
    3487
    3521
    3547
    3432
    3505
    3544
    3520
    3576
    3690
    3594
    3538
    3720
    3707
    3694
    3716
    3625
    3743
    3738
    3651
    3705
    3721
    3863
    3735
    3799
    3807
    3758
    4083
    3852
    3916
    3922
    3990
    3992
    4117
    3968
    3993
    4122
    4136
    3999
    4198
    4285
    4240
    4241
    4278
    4386
    4215
    4209
    4411
    4430
    4344
    4496
    4529
    4466
    4368
    4487
    4687
    4528
    4533
    4639
    4658
    4703
    4616
    4790
    4767
    4819
    4912
    4916
    4874
    5032
    5098
    5097
    5039
    5040
    5232
    5173
    5176
    5175
    5360
    5332
    5364
    5313
    5367
    5311
    5419
    5413
    5577
    5585
    5602
    5659
    5783
    5596
    5675
    5610
    5839
    5794
    5918
    5899
    6066
    6032
    6043
    6051
    6047
    6037
    6195
    6323
    6234
    6422
    6406
    6389
    6388
    6419
    6498
    6530
    6751
    6580
    6517
    6735
    6610
    6630
    6738
    6800
    6891
    6758
    7010
    7009
    6979
    7052
    7117
    7109
    7031
    7179
    7055
    7104
    7243
    7326
    7322
    7298
    7296
    7326
    7432
    7358
    7513
    7297
    7425
    7438
    7422
    7567
    7430
    7576
    7496
    7560
    7502
    7516
    7545
    7515
    7550
    7635
    7500
    7294
    7593
    7501
    7445
    7510
    7575
    7404
    7487
    7508
    7497
    7481
    7687
    7652
    7447
    7483
    7513
    7450
    7491
    7612
    7384
    7515
    7548
    7387
    7541
    7235
    7551
    7271
    7441
    7559
    7519
    7483
    7449
    7561
    7506
    7444
    7499
    7427
    7436
    7552
    7385
    7559
    7318
    7554
    7625
    7656
    7373
    7527
    7421
    7506
    7432
    7563
    7582
    7586
    7606
    7630
    7692
    7695
    7677
    7818
    7791
    7695
    7609
    7850
    7807
    8029
    7953
    7894
    7867
    7989
    8033
    8061
    8049
    8157
    8122
    8165
    8342
    8308
    8379
    8339
    8307
    8302
    8416
    8497
    8546
    8611
    8619
    8547
    8661
    8872
    8966
    8865
    8806
    9031
    8851
    9013
    9072
    9106
    9306
    9404
    9367
    9285
    9426
    9551
    9614
    9544
    9725
    9579
    9806
   10049
   10056
   10010
   10056
   10100
   10119
   10238
   10372
   10448
   10777
   10673
   10606
   10657
   10503
   11109
   10895
   11069
   11109
   11137
   11183
   11263
   11436
   11275
   11380
   11632
   11820
   11856
   11761
   11977
   12050
   12239
   12476
   12494
   12585
   12699
   12696
   12801
   12778
   13003
   13190
   13172
   13551
   13680
   13513
   13719
   13889
   13991
   14160
   14283
   14261
   14241
   14540
   14928
   14638
   15195
   15022
   15301
   15708
   15393
   15544
   15584
   15854
   16162
   16197
   16367
   16645
   16292
   16741
   17059
   17140
   17067
   17371
   17764
   17820
   18058
   18202
   18058
   18304
   18362
   18547
   18599
   19180
   18965
   19656
   19533
   19769
   19884
   20308
   20382
   20576
   20727
   20977
   20870
   21660
   21701
   21463
   21790
   21916
   22225
   22345
   22920
   22920
   23072
   23414
   23861
   23985
   24201
   24251
   24274
   24948
   25158
   25382
   25576
   25829
   26215
   26285
   26514
   26903
   27166
   27371
   27814
   28027
   27979
   28629
   28574
   28990
   29265
   29406
   29776
   30257
   30051
   31156
   31274
   31645
   31767
   32067
   32648
   32633
   33200
   33640
   33841
   34143
   34545
   34838
   35511
   36193
   36571
   36739
   37055
   37370
   38012
   38473
   38612
   39085
   39625
   40189
   40342
   41120
   41509
   42053
   42381
   43061
   43560
   44597
   44802
   45026
   45548
   46163
   46901
   47112
   48197
   48835
   48922
   50233
   50405
   50849
   51632
   52395
   53449
   53889
   54712
   55097
   55911
   56624
   57439
   58220
   58757
   59969
   60868
   61611
   62744
   63384
   64683
   65398
   66158
   67199
   68238
   69631
   70350
   71642
   72497
   74411
   74692
   76507
   77096
   78714
   79788
   80247
   82310
   84116
   85168
       0
       0
       0
       0
       0
       0
       0
       0
       0
       0
       0
       0
       0
       0
       0
       0
       0
       0
       0
       0
       0
       0
       0
       0
       0
       0
       0
       0
       0
       0
       0
       0
$ROI:
0
$PRESETS:
None
0
0
$ENER_FIT:
-0.169488 0.023446
$MCA_CAL:
3
-1.694878E-001 2.344633E-002 0.000000E+000 keV
$SHAPE_CAL:
3
0.000000E+000 0.000000E+000 0.000000E+000
