$SPEC_ID:
No sample description was entered.
$SPEC_REM:
DET# 4
DETDESC# JLAB-20 MCB 131
AP# Maestro Version 7.01
$DATE_MEA:
10/01/2025 04:26:44
$MEAS_TIM:
142816 146280
$DATA:
0 2047
       0
       0
       0
       0
       0
       0
       0
       0
       0
       0
       0
       0
       0
       0
       0
       0
       0
       0
       0
       0
       0
       0
       0
       0
       0
       0
       0
       0
       0
       0
       0
       0
       0
       0
       0
       0
       0
       0
       0
       0
       0
       0
       0
       0
       0
       0
       0
       0
       0
       0
       0
       1
       2
       0
       1
       1
       0
       1
       0
       0
       0
       0
       0
       1
       0
       1
       1
       1
       1
     553
   16129
   16228
   15345
   14844
   14573
   14036
   13706
   13704
   13452
   13391
   13134
   13039
   12801
   12772
   12579
   12562
   12347
   12090
   12105
   12266
   11956
   11574
   11779
   11608
   11480
   11308
   11338
   11391
   11141
   11222
   11054
   10973
   10830
   10995
   10669
   10467
   10516
   10462
   10438
   10228
   10143
   10178
   10306
   10145
    9928
   10037
    9859
    9828
    9773
    9578
    9651
    9467
    9513
    9465
    9344
    9335
    9539
    9289
    9206
    9014
    9301
    9134
    8798
    8988
    8834
    8922
    8903
    8979
    8698
    8707
    8778
    8635
    8508
    8480
    8476
    8444
    8532
    8624
    8388
    8589
    8360
    8441
    8253
    8355
    8198
    8114
    8110
    8197
    8214
    8055
    8052
    7890
    8005
    7957
    7960
    7902
    7916
    7936
    7844
    7831
    7654
    7761
    7786
    7637
    7814
    7748
    7668
    7630
    7677
    7592
    7510
    7537
    7656
    7547
    7469
    7592
    7438
    7468
    7511
    7448
    7425
    7439
    7316
    7515
    7546
    7366
    7426
    7261
    7375
    7405
    7325
    7328
    7295
    7357
    7150
    7079
    7170
    7195
    7104
    7167
    7192
    7285
    7252
    7147
    7322
    7064
    7177
    7259
    7104
    7169
    7298
    7185
    7201
    7278
    7122
    7075
    7048
    7116
    7190
    7154
    7136
    7080
    7041
    7197
    7138
    7007
    7022
    7091
    6911
    6996
    6981
    6982
    7122
    6926
    7109
    7047
    7019
    7026
    7145
    7026
    7111
    7051
    7090
    7069
    7089
    7133
    7123
    7209
    7174
    7150
    7117
    6960
    7210
    7183
    7244
    7188
    7154
    7309
    7369
    7275
    7210
    7210
    7317
    7310
    7259
    7167
    7337
    7331
    7242
    7307
    7273
    7301
    7449
    7464
    7347
    7293
    7434
    7333
    7407
    7391
    7408
    7341
    7408
    7474
    7442
    7491
    7524
    7603
    7602
    7778
    7840
    8065
    8040
    8307
    8527
    8758
    9138
    9814
   10352
   11235
   12061
   12971
   14431
   15793
   17556
   19650
   22092
   24627
   27444
   30685
   34287
   38185
   41826
   46200
   51280
   55756
   60400
   64877
   69206
   74289
   78827
   83094
   87503
   91333
   95276
   98332
  100733
  104108
  105580
  107780
  109328
  110574
  112275
  113055
  112563
  112950
  112956
  112583
  112355
  111351
  110415
  109739
  108358
  107387
  105944
  104623
  102684
  100907
   98732
   97142
   95051
   92768
   90394
   88743
   85682
   82989
   80534
   78340
   75209
   72652
   69693
   67375
   64752
   61940
   59365
   56555
   54230
   51642
   49303
   47167
   44793
   43116
   40683
   39308
   37572
   36360
   35045
   33747
   32401
   31908
   30787
   29432
   28861
   27787
   26997
   25890
   25266
   24316
   23093
   22367
   21560
   20670
   19925
   18790
   17898
   16909
   16358
   15226
   14545
   13509
   12630
   12077
   11036
   10642
    9814
    9178
    8665
    8185
    7731
    7049
    6806
    6315
    6093
    5964
    5824
    5597
    5270
    5125
    5056
    4968
    4932
    4873
    4946
    4990
    4836
    4848
    4697
    4838
    4821
    4782
    4703
    4855
    4780
    4870
    4750
    4802
    4846
    4874
    4585
    4812
    4740
    4828
    4743
    4607
    4679
    4551
    4652
    4637
    4629
    4641
    4528
    4655
    4642
    4511
    4522
    4601
    4543
    4404
    4428
    4343
    4469
    4488
    4437
    4431
    4376
    4391
    4335
    4334
    4384
    4300
    4342
    4197
    4403
    4365
    4281
    4218
    4240
    4296
    4132
    4253
    4278
    4064
    4147
    4202
    4029
    4077
    4137
    4146
    4110
    4094
    4195
    4164
    4150
    4069
    4116
    4260
    4090
    4036
    4052
    4064
    4090
    4045
    4105
    4165
    4093
    4035
    4195
    4068
    3976
    3997
    4175
    4195
    4142
    4072
    4124
    4076
    4100
    4018
    4072
    4201
    4175
    4074
    4217
    4177
    4068
    4200
    4122
    4091
    4091
    4082
    4104
    4081
    4094
    3968
    4172
    4170
    4023
    4112
    4082
    4016
    4124
    4063
    4010
    4034
    3976
    3900
    3895
    3972
    3973
    3926
    3747
    3861
    3851
    3898
    3811
    3872
    3789
    3706
    3788
    3750
    3792
    3672
    3728
    3750
    3686
    3726
    3812
    3693
    3746
    3830
    3716
    3652
    3656
    3669
    3623
    3614
    3699
    3607
    3573
    3536
    3580
    3553
    3482
    3613
    3583
    3505
    3563
    3487
    3569
    3622
    3570
    3640
    3553
    3563
    3575
    3617
    3500
    3509
    3438
    3484
    3511
    3499
    3515
    3492
    3547
    3522
    3469
    3597
    3611
    3597
    3554
    3605
    3414
    3571
    3507
    3525
    3537
    3514
    3558
    3448
    3465
    3444
    3460
    3621
    3601
    3498
    3526
    3621
    3464
    3525
    3565
    3498
    3429
    3424
    3479
    3504
    3511
    3492
    3530
    3398
    3487
    3428
    3477
    3375
    3413
    3462
    3489
    3352
    3414
    3413
    3397
    3406
    3426
    3400
    3394
    3376
    3371
    3340
    3350
    3393
    3404
    3331
    3429
    3394
    3376
    3349
    3352
    3352
    3356
    3475
    3307
    3299
    3374
    3321
    3405
    3225
    3403
    3261
    3334
    3419
    3291
    3329
    3352
    3382
    3399
    3435
    3322
    3408
    3265
    3385
    3272
    3368
    3383
    3238
    3299
    3238
    3381
    3258
    3304
    3388
    3385
    3340
    3208
    3332
    3264
    3273
    3326
    3337
    3349
    3304
    3332
    3287
    3282
    3327
    3304
    3308
    3202
    3269
    3288
    3136
    3259
    3240
    3145
    3170
    3274
    3200
    3226
    3174
    3187
    3177
    3133
    3225
    3236
    3249
    3348
    3223
    3276
    3267
    3180
    3219
    3171
    3259
    3188
    3256
    3215
    3192
    3189
    3107
    3117
    3161
    3188
    3147
    3224
    3252
    3156
    3143
    3136
    3102
    3146
    3122
    3082
    3111
    3091
    3094
    3086
    3102
    3099
    3121
    3138
    3103
    3077
    3086
    3037
    3102
    2989
    3037
    3047
    2982
    3095
    3066
    3113
    2946
    3135
    3021
    3172
    3039
    3152
    3031
    3115
    3045
    2996
    2980
    3043
    2975
    3029
    3046
    3108
    3061
    3012
    2949
    3012
    2969
    3089
    3056
    3047
    3136
    2995
    3086
    2961
    3042
    3077
    2926
    2991
    2973
    3000
    2961
    2973
    2934
    2889
    2948
    3007
    2967
    2975
    3057
    2970
    2956
    3013
    2989
    2954
    2959
    2906
    2988
    3013
    3010
    3104
    2989
    3011
    2992
    3002
    2948
    2938
    2984
    2935
    2936
    2999
    2864
    2976
    2961
    3014
    2885
    3014
    2887
    2929
    3007
    2832
    2944
    2956
    2936
    2972
    2997
    2949
    2881
    2850
    2962
    2935
    2989
    2979
    2963
    2957
    2929
    2947
    3022
    2888
    2921
    2840
    2925
    2961
    2913
    2867
    2842
    2894
    2871
    2972
    2937
    2974
    2857
    2843
    2879
    2885
    2892
    2876
    2841
    2873
    2902
    2893
    2845
    2834
    2922
    2821
    2920
    2829
    2857
    2898
    2956
    2865
    2891
    2946
    2784
    2856
    2862
    2878
    2998
    2870
    2843
    2853
    2906
    2893
    2944
    2991
    2996
    3001
    3039
    2899
    2944
    3056
    2981
    2945
    2971
    2990
    2902
    2916
    2986
    2959
    2926
    2936
    2892
    2952
    2886
    2915
    2971
    3026
    2851
    3031
    2854
    2947
    2936
    2952
    2837
    2893
    2839
    2833
    2818
    2812
    2911
    2885
    2920
    2880
    2971
    2905
    2871
    2973
    2943
    2798
    2837
    2784
    2792
    2826
    2868
    2820
    2841
    2782
    2815
    2839
    2894
    2896
    2815
    2783
    2818
    2752
    2899
    2828
    2798
    2834
    2774
    2779
    2803
    2881
    2872
    2703
    2785
    2774
    2882
    2840
    2764
    2829
    2866
    2912
    2805
    2920
    2867
    2918
    2930
    2904
    2866
    3026
    2921
    2865
    2984
    2907
    2956
    2925
    3040
    2914
    2928
    2964
    2961
    2946
    3013
    2848
    2900
    2989
    2912
    2981
    2982
    3008
    2961
    2948
    2991
    2926
    2961
    3030
    2923
    2971
    3083
    3001
    2959
    2958
    2885
    2915
    2895
    2883
    3018
    2881
    2854
    2867
    3005
    2910
    2903
    2961
    2983
    2877
    2907
    2905
    2927
    2919
    2877
    2938
    2926
    2924
    2832
    2853
    2852
    2976
    2890
    2920
    2866
    2916
    2811
    2863
    2742
    2842
    2860
    2776
    2849
    2770
    2842
    2757
    2814
    2824
    2795
    2679
    2816
    2829
    2667
    2724
    2779
    2906
    2835
    2804
    2797
    2847
    2796
    2969
    2864
    2868
    2942
    2956
    2891
    2952
    2947
    2969
    3018
    3089
    3095
    3035
    3110
    3150
    3143
    3149
    3136
    3124
    3244
    3250
    3091
    3180
    3241
    3133
    3201
    3118
    3241
    3236
    3126
    3192
    3124
    3058
    3197
    3143
    3116
    3076
    3038
    3157
    3029
    2961
    3030
    2942
    2945
    3052
    2966
    2889
    2873
    2994
    2859
    2768
    2871
    2899
    2769
    2693
    2684
    2660
    2718
    2750
    2662
    2616
    2749
    2669
    2682
    2683
    2563
    2527
    2586
    2674
    2587
    2489
    2565
    2503
    2551
    2633
    2491
    2558
    2572
    2555
    2617
    2532
    2557
    2564
    2540
    2532
    2602
    2527
    2566
    2611
    2546
    2618
    2577
    2571
    2586
    2570
    2571
    2518
    2580
    2495
    2528
    2580
    2567
    2590
    2567
    2498
    2446
    2580
    2663
    2590
    2520
    2628
    2627
    2626
    2597
    2594
    2588
    2580
    2603
    2755
    2563
    2603
    2540
    2655
    2667
    2545
    2502
    2557
    2570
    2600
    2569
    2576
    2606
    2638
    2629
    2561
    2664
    2693
    2459
    2585
    2543
    2631
    2568
    2625
    2653
    2608
    2688
    2623
    2601
    2716
    2600
    2557
    2609
    2651
    2656
    2596
    2598
    2662
    2626
    2803
    2651
    2623
    2658
    2542
    2586
    2662
    2712
    2761
    2630
    2637
    2604
    2701
    2759
    2638
    2731
    2705
    2744
    2675
    2695
    2708
    2725
    2677
    2622
    2638
    2630
    2708
    2665
    2595
    2655
    2555
    2595
    2590
    2655
    2613
    2684
    2593
    2628
    2655
    2619
    2686
    2515
    2539
    2572
    2685
    2601
    2630
    2666
    2650
    2627
    2565
    2603
    2638
    2503
    2559
    2697
    2630
    2591
    2539
    2582
    2642
    2586
    2516
    2472
    2568
    2568
    2609
    2657
    2597
    2537
    2561
    2610
    2563
    2505
    2639
    2512
    2581
    2615
    2601
    2548
    2595
    2502
    2639
    2555
    2567
    2630
    2697
    2662
    2624
    2615
    2617
    2662
    2594
    2687
    2571
    2589
    2678
    2575
    2678
    2701
    2658
    2715
    2612
    2671
    2588
    2676
    2616
    2613
    2625
    2682
    2703
    2678
    2765
    2724
    2701
    2718
    2637
    2697
    2731
    2764
    2707
    2627
    2725
    2682
    2742
    2705
    2689
    2711
    2663
    2775
    2767
    2745
    2674
    2620
    2768
    2694
    2731
    2666
    2746
    2707
    2778
    2794
    2769
    2670
    2757
    2739
    2762
    2807
    2750
    2700
    2799
    2776
    2805
    2804
    2820
    2824
    2791
    2824
    2762
    2749
    2827
    2795
    2772
    2811
    2822
    2842
    2871
    2840
    2797
    2936
    2893
    2900
    2826
    2732
    2807
    2856
    2825
    2870
    2835
    2806
    2928
    2838
    2716
    2883
    2843
    2827
    2927
    2791
    2789
    2882
    2888
    2916
    2849
    2947
    2823
    2869
    2889
    2888
    2938
    2856
    2947
    2901
    2845
    2861
    2965
    2919
    2873
    2901
    2982
    2953
    2973
    2969
    2897
    3025
    2931
    3067
    2987
    3023
    2950
    2934
    3019
    3065
    3170
    3098
    3059
    3075
    3047
    3135
    3052
    3113
    3070
    3066
    3113
    3220
    3033
    3103
    3207
    3158
    3094
    3057
    3146
    3212
    3153
    3215
    3317
    3178
    3181
    3138
    3241
    3131
    3337
    3286
    3185
    3240
    3378
    3245
    3332
    3254
    3383
    3273
    3286
    3410
    3385
    3505
    3405
    3415
    3456
    3483
    3510
    3447
    3519
    3419
    3421
    3452
    3614
    3471
    3543
    3500
    3483
    3574
    3605
    3622
    3663
    3542
    3633
    3664
    3643
    3701
    3793
    3726
    3665
    3848
    3834
    3823
    3828
    3752
    3878
    3868
    3789
    3836
    3848
    4008
    3855
    3916
    3953
    3905
    4219
    3973
    4036
    4051
    4146
    4131
    4243
    4099
    4138
    4263
    4277
    4161
    4336
    4425
    4380
    4380
    4430
    4530
    4356
    4375
    4544
    4580
    4484
    4650
    4657
    4616
    4542
    4629
    4849
    4673
    4684
    4817
    4829
    4867
    4779
    4945
    4929
    4987
    5068
    5086
    5037
    5213
    5281
    5283
    5211
    5195
    5412
    5367
    5361
    5350
    5528
    5504
    5554
    5501
    5542
    5497
    5588
    5618
    5754
    5765
    5790
    5865
    5984
    5816
    5858
    5811
    6031
    5995
    6126
    6087
    6272
    6241
    6252
    6260
    6241
    6245
    6415
    6528
    6439
    6643
    6622
    6607
    6613
    6607
    6715
    6765
    6995
    6805
    6757
    6960
    6860
    6863
    6946
    7026
    7116
    6983
    7263
    7261
    7230
    7296
    7353
    7362
    7281
    7399
    7289
    7346
    7501
    7571
    7560
    7517
    7543
    7578
    7689
    7606
    7772
    7559
    7689
    7704
    7690
    7817
    7682
    7810
    7732
    7795
    7734
    7769
    7794
    7763
    7805
    7891
    7735
    7546
    7852
    7781
    7700
    7780
    7826
    7658
    7723
    7760
    7764
    7744
    7939
    7910
    7692
    7748
    7802
    7722
    7740
    7842
    7634
    7778
    7805
    7639
    7817
    7485
    7801
    7528
    7700
    7830
    7793
    7782
    7707
    7819
    7751
    7696
    7743
    7675
    7696
    7828
    7642
    7806
    7571
    7794
    7888
    7908
    7594
    7813
    7644
    7753
    7700
    7839
    7840
    7865
    7907
    7876
    7977
    7977
    7963
    8075
    8041
    7974
    7873
    8140
    8086
    8302
    8248
    8197
    8125
    8279
    8335
    8348
    8317
    8452
    8398
    8447
    8616
    8593
    8660
    8637
    8632
    8580
    8699
    8770
    8847
    8891
    8884
    8826
    8957
    9195
    9282
    9167
    9094
    9353
    9163
    9318
    9377
    9409
    9647
    9736
    9676
    9600
    9763
    9892
    9918
    9885
   10052
    9905
   10120
   10384
   10396
   10380
   10375
   10457
   10475
   10602
   10736
   10802
   11117
   11016
   10950
   11050
   10876
   11481
   11292
   11452
   11527
   11490
   11567
   11690
   11845
   11676
   11776
   12029
   12223
   12275
   12154
   12393
   12473
   12626
   12925
   12901
   12997
   13156
   13106
   13246
   13211
   13482
   13680
   13591
   14025
   14168
   14001
   14195
   14384
   14465
   14675
   14806
   14743
   14733
   15070
   15429
   15106
   15712
   15573
   15827
   16248
   15937
   16085
   16111
   16387
   16748
   16743
   16921
   17206
   16844
   17302
   17623
   17761
   17665
   17989
   18338
   18439
   18666
   18849
   18713
   18973
   18998
   19200
   19254
   19817
   19617
   20302
   20191
   20464
   20569
   20964
   21084
   21311
   21447
   21727
   21608
   22430
   22474
   22200
   22546
   22651
   23000
   23151
   23714
   23707
   23882
   24255
   24677
   24819
   24996
   25069
   25063
   25743
   26016
   26284
   26496
   26714
   27153
   27165
   27419
   27821
   28112
   28292
   28811
   28967
   28928
   29585
   29541
   29927
   30235
   30445
   30813
   31264
   31091
   32194
   32373
   32736
   32902
   33151
   33766
   33791
   34439
   34799
   35001
   35408
   35760
   36071
   36766
   37464
   37870
   38045
   38367
   38585
   39318
   39824
   39991
   40445
   41004
   41596
   41736
   42599
   42950
   43596
   43865
   44532
   45100
   46173
   46339
   46646
   47135
   47698
   48548
   48801
   49968
   50567
   50571
   51981
   52137
   52620
   53497
   54163
   55331
   55713
   56643
   57020
   57826
   58561
   59498
   60332
   60764
   62056
   62987
   63749
   64914
   65598
   66887
   67678
   68467
   69549
   70628
   72066
   72758
   74214
   75031
   76969
   77353
   79136
   79785
   81418
   82585
   83135
   85194
   87125
   88150
       0
       0
       0
       0
       0
       0
       0
       0
       0
       0
       0
       0
       0
       0
       0
       0
       0
       0
       0
       0
       0
       0
       0
       0
       0
       0
       0
       0
       0
       0
       0
       0
$ROI:
0
$PRESETS:
None
0
0
$ENER_FIT:
-0.169488 0.023446
$MCA_CAL:
3
-1.694878E-001 2.344633E-002 0.000000E+000 keV
$SHAPE_CAL:
3
0.000000E+000 0.000000E+000 0.000000E+000
