$SPEC_ID:
No sample description was entered.
$SPEC_REM:
DET# 4
DETDESC# JLAB-20 MCB 131
AP# Maestro Version 7.01
$DATE_MEA:
09/29/2025 18:16:44
$MEAS_TIM:
22723 23278
$DATA:
0 2047
       0
       0
       0
       0
       0
       0
       0
       0
       0
       0
       0
       0
       0
       0
       0
       0
       0
       0
       0
       0
       0
       0
       0
       0
       0
       0
       0
       0
       0
       0
       0
       0
       0
       0
       0
       0
       0
       0
       0
       0
       0
       0
       0
       0
       0
       0
       0
       0
       0
       0
       0
       0
       0
       0
       0
       0
       0
       0
       0
       0
       0
       0
       0
       0
       0
       0
       0
       0
       0
      56
    2487
    2550
    2495
    2266
    2384
    2256
    2190
    2061
    2135
    2110
    2017
    2152
    2015
    1976
    1977
    1982
    1961
    1961
    1976
    1936
    1906
    1838
    1825
    1781
    1739
    1792
    1747
    1792
    1764
    1795
    1735
    1737
    1698
    1744
    1659
    1676
    1691
    1660
    1626
    1565
    1591
    1614
    1646
    1591
    1535
    1587
    1555
    1535
    1495
    1528
    1472
    1457
    1507
    1513
    1512
    1526
    1501
    1509
    1455
    1459
    1411
    1471
    1454
    1449
    1347
    1471
    1436
    1451
    1431
    1372
    1382
    1335
    1361
    1387
    1359
    1324
    1383
    1407
    1361
    1381
    1313
    1342
    1329
    1310
    1285
    1279
    1257
    1348
    1303
    1246
    1326
    1251
    1256
    1247
    1273
    1216
    1272
    1300
    1277
    1296
    1248
    1227
    1269
    1179
    1250
    1215
    1273
    1202
    1230
    1287
    1183
    1196
    1235
    1182
    1197
    1199
    1166
    1205
    1167
    1195
    1189
    1187
    1126
    1223
    1204
    1191
    1144
    1162
    1143
    1180
    1120
    1227
    1190
    1186
    1082
    1142
    1138
    1149
    1130
    1144
    1132
    1141
    1111
    1102
    1133
    1120
    1102
    1143
    1129
    1140
    1143
    1124
    1131
    1128
    1125
    1192
    1142
    1145
    1121
    1110
    1139
    1104
    1123
    1199
    1126
    1120
    1115
    1116
    1074
    1103
    1146
    1106
    1135
    1076
    1109
    1111
    1061
    1090
    1099
    1065
    1137
    1083
    1098
    1141
    1120
    1101
    1140
    1185
    1140
    1138
    1116
    1111
    1215
    1169
    1148
    1137
    1147
    1186
    1143
    1110
    1163
    1125
    1136
    1174
    1215
    1137
    1179
    1136
    1118
    1183
    1132
    1188
    1196
    1188
    1141
    1107
    1211
    1200
    1168
    1147
    1214
    1159
    1257
    1238
    1207
    1241
    1191
    1131
    1215
    1296
    1231
    1251
    1330
    1290
    1395
    1386
    1420
    1512
    1639
    1765
    1926
    2040
    2302
    2494
    2717
    3126
    3492
    3770
    4344
    4806
    5321
    6006
    6527
    7242
    8099
    8623
    9478
   10332
   10776
   11808
   12566
   13267
   13913
   14423
   15085
   15829
   15955
   16333
   16745
   17316
   17380
   17721
   18056
   17893
   17874
   18024
   18227
   18036
   17984
   17831
   17539
   17502
   17368
   16966
   16913
   16539
   16273
   16164
   15678
   15433
   15087
   14837
   14361
   13994
   13841
   13186
   12830
   12387
   11998
   11528
   10916
   10608
   10282
    9808
    9401
    9162
    8542
    8268
    7775
    7496
    7292
    6891
    6375
    6371
    6048
    5858
    5713
    5352
    5074
    5090
    4931
    4611
    4576
    4428
    4431
    3973
    4106
    3893
    3707
    3587
    3449
    3223
    3215
    2969
    2799
    2688
    2560
    2453
    2380
    2172
    2004
    1953
    1732
    1746
    1578
    1470
    1399
    1290
    1263
    1095
    1077
     996
     988
     941
     922
     905
     788
     818
     822
     822
     836
     802
     759
     799
     746
     770
     699
     778
     753
     764
     720
     736
     797
     760
     741
     787
     748
     800
     702
     760
     694
     747
     736
     763
     747
     719
     751
     739
     761
     752
     750
     687
     741
     716
     662
     714
     763
     685
     681
     678
     701
     702
     727
     721
     678
     747
     694
     632
     713
     650
     674
     701
     723
     681
     669
     705
     689
     706
     640
     684
     649
     665
     644
     653
     625
     631
     626
     685
     655
     674
     688
     636
     681
     688
     670
     706
     692
     603
     633
     666
     644
     627
     674
     639
     643
     643
     681
     652
     618
     618
     677
     712
     649
     628
     634
     643
     653
     591
     642
     667
     635
     642
     650
     687
     677
     722
     638
     666
     650
     656
     685
     656
     610
     656
     678
     688
     607
     675
     696
     641
     656
     601
     684
     637
     638
     644
     613
     649
     614
     640
     609
     622
     645
     645
     583
     598
     577
     592
     619
     594
     609
     587
     621
     594
     584
     559
     593
     600
     584
     558
     598
     624
     587
     578
     592
     592
     584
     593
     552
     558
     575
     566
     559
     519
     561
     541
     539
     554
     581
     560
     533
     546
     564
     592
     596
     572
     560
     559
     521
     497
     555
     570
     569
     578
     601
     542
     529
     609
     560
     618
     559
     530
     556
     560
     581
     527
     539
     545
     567
     532
     555
     547
     596
     556
     588
     577
     546
     573
     555
     593
     578
     540
     529
     558
     573
     583
     573
     573
     567
     568
     562
     511
     547
     545
     562
     570
     562
     579
     535
     532
     522
     540
     565
     565
     544
     545
     513
     487
     538
     545
     544
     514
     508
     533
     522
     555
     541
     535
     566
     528
     540
     508
     512
     512
     521
     536
     539
     531
     504
     551
     525
     555
     539
     516
     536
     539
     516
     503
     497
     541
     508
     557
     559
     540
     563
     520
     538
     522
     512
     508
     536
     505
     521
     510
     533
     506
     481
     520
     539
     519
     549
     513
     535
     524
     531
     527
     506
     542
     524
     518
     518
     509
     484
     509
     531
     512
     554
     537
     501
     467
     539
     500
     502
     503
     528
     505
     517
     530
     494
     488
     511
     557
     503
     518
     506
     503
     530
     494
     539
     532
     497
     512
     513
     536
     491
     506
     462
     524
     521
     506
     522
     501
     485
     528
     488
     472
     462
     498
     495
     481
     500
     467
     434
     477
     492
     453
     490
     474
     486
     504
     469
     506
     526
     494
     499
     513
     520
     438
     517
     497
     510
     484
     489
     484
     502
     481
     507
     508
     450
     453
     483
     482
     487
     504
     490
     500
     496
     485
     445
     488
     483
     463
     450
     484
     455
     449
     510
     460
     457
     489
     457
     461
     485
     508
     505
     499
     449
     499
     512
     450
     425
     466
     479
     458
     499
     443
     540
     483
     462
     468
     501
     493
     498
     472
     456
     452
     486
     498
     489
     431
     483
     461
     507
     504
     467
     477
     485
     465
     454
     472
     450
     445
     489
     482
     477
     464
     475
     440
     465
     431
     475
     453
     464
     471
     495
     460
     454
     456
     445
     458
     444
     484
     487
     449
     458
     467
     468
     450
     454
     455
     470
     461
     458
     440
     441
     445
     457
     450
     441
     441
     487
     441
     481
     471
     457
     451
     513
     437
     449
     456
     423
     465
     487
     449
     442
     468
     480
     467
     455
     493
     527
     487
     482
     477
     486
     451
     465
     472
     464
     503
     486
     470
     461
     521
     474
     425
     452
     491
     449
     484
     519
     428
     478
     442
     496
     458
     467
     471
     445
     486
     475
     439
     432
     443
     526
     490
     459
     461
     435
     440
     474
     475
     442
     490
     458
     453
     465
     484
     469
     459
     420
     456
     417
     468
     466
     413
     425
     437
     466
     477
     460
     462
     439
     452
     432
     478
     464
     467
     453
     433
     422
     457
     456
     435
     451
     422
     481
     445
     459
     474
     469
     484
     474
     457
     487
     467
     461
     473
     467
     464
     433
     454
     470
     466
     432
     478
     455
     481
     453
     441
     472
     449
     470
     477
     503
     448
     436
     502
     466
     462
     474
     451
     466
     478
     477
     485
     456
     450
     467
     467
     455
     471
     467
     453
     464
     442
     519
     482
     463
     470
     488
     474
     486
     458
     471
     498
     475
     478
     474
     440
     463
     423
     466
     483
     478
     435
     464
     458
     464
     459
     441
     409
     447
     481
     462
     446
     429
     458
     442
     438
     413
     465
     420
     417
     488
     447
     487
     475
     461
     451
     436
     471
     467
     438
     418
     480
     526
     440
     483
     515
     467
     467
     471
     465
     473
     459
     468
     489
     486
     512
     502
     505
     562
     463
     525
     520
     455
     477
     456
     484
     453
     499
     508
     468
     489
     504
     520
     483
     504
     463
     529
     488
     466
     471
     487
     479
     487
     476
     438
     463
     504
     434
     449
     490
     465
     440
     406
     430
     437
     469
     459
     466
     414
     440
     431
     427
     467
     408
     406
     433
     461
     429
     350
     395
     392
     430
     421
     369
     402
     401
     393
     443
     396
     400
     392
     416
     372
     440
     382
     406
     424
     377
     430
     410
     413
     394
     422
     381
     406
     415
     377
     384
     433
     368
     416
     431
     397
     387
     398
     408
     422
     407
     399
     441
     406
     395
     398
     410
     429
     419
     470
     391
     432
     427
     430
     413
     397
     382
     399
     398
     368
     390
     420
     411
     448
     390
     424
     413
     404
     391
     431
     375
     396
     417
     409
     435
     407
     400
     428
     452
     450
     414
     404
     387
     423
     417
     465
     398
     431
     426
     445
     390
     460
     428
     389
     423
     409
     416
     454
     451
     405
     447
     416
     467
     397
     412
     400
     454
     427
     455
     425
     419
     428
     428
     391
     404
     421
     425
     406
     414
     416
     388
     431
     385
     395
     465
     374
     392
     413
     395
     383
     382
     429
     403
     432
     444
     394
     447
     450
     415
     426
     415
     444
     415
     398
     442
     416
     433
     413
     405
     385
     405
     390
     397
     397
     406
     397
     411
     395
     397
     377
     438
     432
     394
     403
     410
     441
     438
     404
     404
     412
     402
     417
     406
     443
     422
     450
     395
     447
     411
     406
     437
     403
     420
     375
     411
     434
     435
     422
     413
     429
     441
     451
     446
     423
     410
     404
     413
     416
     445
     412
     387
     460
     424
     426
     446
     417
     416
     455
     444
     426
     406
     440
     468
     431
     434
     439
     431
     451
     425
     466
     422
     415
     450
     434
     433
     440
     451
     426
     438
     429
     446
     439
     418
     435
     471
     381
     459
     450
     407
     430
     454
     442
     413
     441
     470
     432
     447
     451
     452
     461
     474
     436
     430
     450
     447
     456
     466
     453
     473
     461
     468
     436
     465
     430
     421
     420
     443
     458
     493
     474
     473
     422
     470
     462
     441
     455
     442
     430
     436
     477
     486
     464
     490
     456
     431
     435
     445
     482
     443
     468
     469
     480
     440
     479
     480
     447
     449
     470
     496
     463
     516
     469
     449
     486
     492
     496
     480
     480
     495
     464
     504
     534
     521
     512
     506
     511
     459
     478
     504
     521
     464
     494
     531
     486
     467
     502
     503
     487
     494
     505
     511
     525
     493
     513
     513
     480
     477
     541
     503
     539
     517
     497
     557
     569
     491
     525
     472
     499
     523
     513
     542
     525
     568
     531
     534
     572
     543
     531
     531
     539
     534
     534
     543
     583
     552
     550
     541
     565
     589
     552
     592
     623
     550
     559
     584
     626
     574
     623
     591
     560
     609
     633
     610
     582
     620
     604
     630
     619
     632
     635
     679
     622
     642
     590
     601
     688
     630
     676
     653
     656
     663
     673
     656
     696
     645
     682
     671
     765
     723
     680
     697
     726
     709
     663
     690
     707
     720
     708
     730
     756
     710
     747
     735
     793
     739
     716
     750
     743
     771
     766
     783
     776
     821
     828
     803
     796
     886
     877
     871
     854
     826
     834
     807
     852
     851
     889
     848
     886
     878
     907
     852
     956
     860
     979
     923
     899
     935
     962
     884
     957
     887
     978
     980
     960
     915
    1028
     972
    1063
    1028
     996
     987
    1025
    1041
    1020
    1081
    1060
    1078
    1068
    1038
    1020
    1073
    1161
    1115
    1066
    1092
    1055
    1054
    1128
    1101
    1072
    1099
    1168
    1209
    1133
    1208
    1151
    1192
    1217
    1186
    1140
    1220
    1200
    1202
    1254
    1209
    1178
    1179
    1235
    1200
    1237
    1205
    1228
    1215
    1256
    1227
    1218
    1248
    1280
    1233
    1230
    1267
    1214
    1218
    1271
    1236
    1270
    1167
    1269
    1299
    1237
    1202
    1253
    1190
    1291
    1239
    1276
    1273
    1269
    1245
    1260
    1236
    1244
    1291
    1241
    1293
    1262
    1264
    1204
    1160
    1182
    1139
    1177
    1225
    1196
    1216
    1260
    1179
    1225
    1290
    1224
    1213
    1251
    1175
    1169
    1225
    1282
    1245
    1238
    1262
    1258
    1256
    1231
    1172
    1200
    1213
    1273
    1187
    1200
    1245
    1232
    1249
    1274
    1266
    1263
    1257
    1307
    1268
    1262
    1252
    1253
    1304
    1314
    1368
    1315
    1337
    1313
    1426
    1297
    1403
    1349
    1353
    1374
    1391
    1331
    1406
    1361
    1308
    1322
    1439
    1425
    1332
    1386
    1429
    1400
    1451
    1422
    1415
    1461
    1484
    1462
    1469
    1452
    1506
    1513
    1616
    1521
    1541
    1565
    1607
    1598
    1563
    1578
    1501
    1612
    1632
    1595
    1678
    1607
    1671
    1645
    1717
    1659
    1671
    1779
    1789
    1740
    1808
    1741
    1783
    1803
    1838
    1776
    1870
    1852
    1795
    1862
    1887
    1897
    1964
    1979
    1943
    1877
    1979
    1952
    1947
    2067
    2028
    1990
    2092
    2045
    2122
    2077
    2130
    2212
    2197
    2228
    2207
    2269
    2247
    2219
    2314
    2350
    2329
    2354
    2236
    2386
    2490
    2376
    2489
    2533
    2539
    2610
    2532
    2537
    2549
    2576
    2692
    2611
    2772
    2722
    2607
    2684
    2803
    2778
    2868
    2874
    2900
    2907
    2987
    2994
    2882
    3047
    2936
    2998
    3138
    3207
    3070
    3132
    3257
    3138
    3247
    3373
    3305
    3353
    3459
    3458
    3470
    3483
    3631
    3470
    3581
    3645
    3633
    3667
    3696
    3778
    3787
    3917
    3926
    3957
    3971
    4056
    4013
    4080
    4042
    4241
    4158
    4310
    4315
    4285
    4291
    4416
    4478
    4481
    4465
    4667
    4692
    4582
    4767
    4908
    4789
    4874
    4992
    5104
    4908
    5107
    5161
    5227
    5321
    5199
    5368
    5355
    5468
    5458
    5580
    5651
    5549
    5809
    5760
    5893
    5933
    6152
    6035
    6168
    6203
    6313
    6189
    6477
    6523
    6465
    6594
    6555
    6716
    6905
    6962
    7049
    7011
    7392
    7395
    7452
    7557
    7497
    7898
    7704
    7940
    8158
    8124
    8348
    8301
    8401
    8493
    8651
    8605
    8777
    8960
    9058
    9265
    9266
    9516
    9681
    9663
    9897
    9948
   10049
   10267
   10244
   10670
   10952
   10832
   10858
   11389
   11425
   11600
   11779
   12219
   12254
   12219
   12660
   12639
   12949
   13135
   13217
   13385
   13904
   14017
       0
       0
       0
       0
       0
       0
       0
       0
       0
       0
       0
       0
       0
       0
       0
       0
       0
       0
       0
       0
       0
       0
       0
       0
       0
       0
       0
       0
       0
       0
       0
       0
$ROI:
0
$PRESETS:
None
0
0
$ENER_FIT:
-0.169488 0.023446
$MCA_CAL:
3
-1.694878E-001 2.344633E-002 0.000000E+000 keV
$SHAPE_CAL:
3
0.000000E+000 0.000000E+000 0.000000E+000
