$SPEC_ID:
No sample description was entered.
$SPEC_REM:
DET# 4
DETDESC# JLAB-20 MCB 131
AP# Maestro Version 7.01
$DATE_MEA:
10/01/2025 05:16:44
$MEAS_TIM:
145744 149280
$DATA:
0 2047
       0
       0
       0
       0
       0
       0
       0
       0
       0
       0
       0
       0
       0
       0
       0
       0
       0
       0
       0
       0
       0
       0
       0
       0
       0
       0
       0
       0
       0
       0
       0
       0
       0
       0
       0
       0
       0
       0
       0
       0
       0
       0
       0
       0
       0
       0
       0
       0
       0
       0
       0
       1
       2
       0
       1
       1
       0
       1
       0
       0
       0
       0
       0
       1
       0
       1
       1
       1
       1
     562
   16440
   16541
   15673
   15184
   14841
   14298
   13967
   13997
   13719
   13631
   13406
   13280
   13072
   13018
   12850
   12832
   12595
   12312
   12335
   12513
   12196
   11793
   12011
   11845
   11719
   11545
   11570
   11649
   11385
   11453
   11283
   11202
   11054
   11187
   10911
   10694
   10707
   10655
   10665
   10485
   10339
   10374
   10517
   10328
   10152
   10252
   10047
   10051
    9960
    9763
    9846
    9668
    9701
    9654
    9532
    9521
    9743
    9469
    9411
    9220
    9482
    9301
    8983
    9181
    9018
    9089
    9085
    9148
    8867
    8898
    8943
    8784
    8668
    8676
    8657
    8626
    8717
    8805
    8549
    8768
    8540
    8606
    8419
    8520
    8366
    8282
    8264
    8342
    8386
    8225
    8222
    8055
    8174
    8128
    8114
    8080
    8075
    8087
    7994
    7987
    7813
    7934
    7947
    7812
    7958
    7929
    7830
    7803
    7842
    7744
    7668
    7692
    7796
    7690
    7619
    7729
    7603
    7606
    7680
    7584
    7592
    7592
    7477
    7659
    7684
    7502
    7563
    7398
    7550
    7536
    7491
    7486
    7451
    7503
    7304
    7207
    7346
    7339
    7236
    7312
    7332
    7438
    7400
    7296
    7455
    7208
    7308
    7402
    7234
    7320
    7437
    7335
    7346
    7419
    7272
    7202
    7196
    7253
    7340
    7325
    7288
    7216
    7204
    7337
    7281
    7141
    7171
    7242
    7067
    7168
    7121
    7104
    7275
    7065
    7249
    7173
    7156
    7190
    7275
    7192
    7260
    7178
    7258
    7207
    7249
    7287
    7269
    7371
    7309
    7299
    7277
    7090
    7379
    7318
    7391
    7328
    7292
    7454
    7510
    7413
    7353
    7344
    7475
    7441
    7403
    7317
    7500
    7501
    7398
    7474
    7441
    7445
    7594
    7608
    7502
    7433
    7599
    7490
    7555
    7546
    7562
    7493
    7557
    7633
    7586
    7661
    7695
    7752
    7756
    7965
    8002
    8214
    8199
    8494
    8686
    8940
    9374
   10032
   10584
   11464
   12320
   13230
   14751
   16128
   17977
   20059
   22546
   25118
   28041
   31337
   35065
   38974
   42729
   47183
   52374
   56924
   61717
   66238
   70576
   75793
   80448
   84800
   89279
   93264
   97265
  100346
  102792
  106187
  107702
  110066
  111582
  112901
  114597
  115356
  114865
  115216
  115247
  114900
  114685
  113649
  112696
  111978
  110625
  109695
  108091
  106767
  104759
  103048
  100766
   99164
   96993
   94674
   92267
   90501
   87372
   84584
   82184
   79841
   76701
   74153
   71103
   68720
   65996
   63208
   60557
   57638
   55326
   52730
   50280
   48086
   45698
   43963
   41537
   40111
   38373
   37105
   35710
   34426
   33059
   32531
   31417
   30052
   29384
   28275
   27514
   26412
   25760
   24774
   23562
   22855
   21983
   21106
   20344
   19195
   18301
   17299
   16678
   15542
   14852
   13803
   12922
   12301
   11266
   10831
   10003
    9357
    8834
    8341
    7885
    7192
    6948
    6436
    6201
    6081
    5942
    5715
    5370
    5217
    5164
    5073
    5045
    4966
    5057
    5110
    4946
    4944
    4800
    4936
    4909
    4872
    4795
    4963
    4880
    4973
    4853
    4888
    4936
    4985
    4668
    4909
    4845
    4928
    4839
    4696
    4782
    4661
    4744
    4723
    4708
    4744
    4599
    4748
    4741
    4606
    4620
    4701
    4625
    4494
    4522
    4425
    4544
    4590
    4527
    4524
    4470
    4474
    4432
    4431
    4474
    4387
    4424
    4284
    4499
    4458
    4361
    4298
    4324
    4389
    4213
    4346
    4351
    4160
    4230
    4285
    4107
    4168
    4219
    4220
    4194
    4165
    4278
    4254
    4229
    4148
    4206
    4342
    4170
    4122
    4144
    4142
    4166
    4116
    4182
    4253
    4173
    4116
    4273
    4140
    4074
    4067
    4261
    4276
    4234
    4163
    4196
    4158
    4172
    4100
    4160
    4284
    4250
    4166
    4301
    4259
    4144
    4276
    4201
    4165
    4169
    4165
    4178
    4186
    4178
    4049
    4264
    4254
    4114
    4220
    4158
    4104
    4195
    4147
    4091
    4121
    4059
    3971
    3980
    4060
    4048
    3991
    3829
    3932
    3921
    3973
    3889
    3950
    3871
    3772
    3866
    3828
    3872
    3753
    3803
    3834
    3764
    3796
    3888
    3765
    3839
    3918
    3783
    3722
    3727
    3752
    3712
    3684
    3783
    3676
    3648
    3606
    3655
    3613
    3543
    3684
    3658
    3580
    3624
    3547
    3658
    3687
    3652
    3698
    3613
    3620
    3630
    3690
    3579
    3588
    3497
    3555
    3597
    3565
    3588
    3573
    3620
    3587
    3554
    3672
    3689
    3683
    3619
    3683
    3488
    3643
    3576
    3592
    3624
    3598
    3623
    3518
    3531
    3526
    3527
    3690
    3673
    3580
    3611
    3691
    3535
    3615
    3637
    3578
    3499
    3478
    3549
    3563
    3576
    3554
    3598
    3458
    3564
    3514
    3539
    3441
    3484
    3517
    3550
    3423
    3485
    3493
    3476
    3466
    3492
    3472
    3472
    3448
    3438
    3413
    3424
    3465
    3490
    3408
    3500
    3463
    3461
    3430
    3426
    3410
    3431
    3546
    3378
    3358
    3435
    3388
    3474
    3289
    3468
    3329
    3411
    3491
    3341
    3387
    3418
    3450
    3461
    3507
    3373
    3480
    3333
    3455
    3345
    3429
    3450
    3299
    3363
    3305
    3451
    3325
    3374
    3466
    3463
    3398
    3290
    3390
    3337
    3340
    3393
    3401
    3416
    3368
    3388
    3363
    3334
    3386
    3354
    3383
    3274
    3324
    3343
    3201
    3312
    3297
    3209
    3248
    3328
    3263
    3296
    3230
    3259
    3234
    3197
    3300
    3316
    3311
    3404
    3294
    3335
    3331
    3243
    3277
    3242
    3323
    3249
    3337
    3281
    3255
    3261
    3173
    3181
    3209
    3256
    3204
    3294
    3331
    3212
    3197
    3205
    3165
    3203
    3170
    3135
    3188
    3161
    3159
    3161
    3149
    3166
    3185
    3210
    3182
    3153
    3146
    3097
    3172
    3062
    3096
    3111
    3041
    3166
    3121
    3180
    2999
    3203
    3069
    3235
    3106
    3220
    3083
    3176
    3108
    3052
    3039
    3104
    3020
    3092
    3116
    3182
    3119
    3063
    3007
    3082
    3031
    3147
    3122
    3119
    3198
    3070
    3133
    3022
    3110
    3131
    2986
    3060
    3036
    3064
    3021
    3049
    3008
    2948
    3027
    3074
    3035
    3039
    3118
    3029
    3016
    3094
    3046
    3003
    3017
    2956
    3034
    3065
    3072
    3186
    3059
    3069
    3045
    3064
    3018
    2991
    3053
    2997
    2998
    3055
    2924
    3031
    3019
    3069
    2949
    3078
    2958
    2997
    3072
    2889
    2995
    3011
    3000
    3024
    3058
    2995
    2948
    2911
    3017
    2992
    3046
    3041
    3008
    3013
    2988
    3003
    3091
    2947
    2975
    2905
    2976
    3021
    2980
    2919
    2916
    2954
    2930
    3041
    2996
    3022
    2920
    2912
    2940
    2944
    2944
    2931
    2918
    2932
    2963
    2941
    2910
    2885
    2988
    2873
    2981
    2881
    2916
    2952
    3017
    2929
    2958
    2995
    2839
    2920
    2917
    2924
    3064
    2939
    2906
    2930
    2964
    2954
    3003
    3040
    3060
    3066
    3100
    2965
    2995
    3116
    3044
    3004
    3038
    3051
    2965
    2981
    3040
    3014
    2987
    2990
    2964
    3005
    2950
    2969
    3029
    3082
    2902
    3100
    2926
    3004
    2986
    3010
    2913
    2957
    2898
    2883
    2882
    2886
    2974
    2958
    2993
    2938
    3039
    2969
    2933
    3039
    3007
    2850
    2886
    2845
    2839
    2875
    2917
    2877
    2901
    2823
    2877
    2892
    2947
    2958
    2867
    2835
    2871
    2809
    2957
    2888
    2860
    2892
    2821
    2852
    2859
    2930
    2938
    2768
    2846
    2827
    2939
    2894
    2819
    2889
    2918
    2970
    2851
    2989
    2927
    2968
    2997
    2977
    2926
    3087
    2991
    2912
    3035
    2971
    3020
    2977
    3103
    2964
    2980
    3021
    3035
    3007
    3090
    2894
    2951
    3051
    2975
    3060
    3051
    3060
    3019
    3012
    3060
    2998
    3013
    3091
    2973
    3030
    3144
    3065
    3019
    3014
    2948
    2984
    2943
    2952
    3074
    2947
    2914
    2923
    3062
    2964
    2955
    3023
    3064
    2926
    2969
    2957
    2987
    2988
    2936
    3003
    2993
    2985
    2889
    2898
    2916
    3023
    2935
    2976
    2909
    2988
    2869
    2928
    2793
    2895
    2920
    2853
    2911
    2839
    2903
    2802
    2870
    2865
    2855
    2739
    2880
    2874
    2724
    2773
    2825
    2963
    2895
    2855
    2863
    2912
    2862
    3021
    2921
    2927
    2994
    3012
    2962
    3010
    3005
    3030
    3081
    3145
    3152
    3096
    3189
    3206
    3210
    3211
    3190
    3200
    3324
    3295
    3152
    3239
    3315
    3191
    3268
    3180
    3309
    3303
    3209
    3274
    3187
    3130
    3249
    3205
    3171
    3145
    3103
    3214
    3089
    3018
    3110
    3012
    3010
    3122
    3032
    2960
    2936
    3060
    2915
    2824
    2924
    2954
    2821
    2757
    2728
    2721
    2781
    2796
    2711
    2670
    2811
    2725
    2728
    2728
    2622
    2580
    2644
    2731
    2656
    2560
    2626
    2558
    2614
    2682
    2544
    2607
    2632
    2616
    2657
    2589
    2610
    2621
    2596
    2572
    2649
    2583
    2623
    2666
    2600
    2679
    2628
    2623
    2629
    2626
    2620
    2573
    2628
    2550
    2582
    2635
    2617
    2635
    2629
    2564
    2513
    2633
    2711
    2647
    2579
    2669
    2699
    2691
    2652
    2654
    2643
    2625
    2651
    2815
    2621
    2650
    2596
    2707
    2731
    2602
    2553
    2596
    2628
    2669
    2616
    2616
    2656
    2694
    2678
    2621
    2717
    2749
    2518
    2629
    2600
    2683
    2621
    2674
    2716
    2650
    2735
    2670
    2645
    2759
    2661
    2613
    2656
    2701
    2711
    2646
    2634
    2713
    2688
    2850
    2705
    2688
    2709
    2602
    2640
    2709
    2770
    2813
    2689
    2678
    2669
    2746
    2813
    2690
    2786
    2779
    2801
    2736
    2745
    2764
    2772
    2737
    2677
    2695
    2674
    2763
    2724
    2669
    2703
    2606
    2648
    2652
    2713
    2676
    2741
    2656
    2674
    2698
    2671
    2731
    2585
    2596
    2617
    2743
    2651
    2691
    2711
    2701
    2685
    2609
    2658
    2703
    2552
    2608
    2734
    2682
    2632
    2601
    2645
    2686
    2637
    2575
    2527
    2613
    2635
    2653
    2721
    2638
    2584
    2603
    2673
    2617
    2548
    2684
    2559
    2631
    2672
    2641
    2610
    2644
    2558
    2680
    2610
    2628
    2669
    2751
    2704
    2675
    2668
    2673
    2708
    2643
    2731
    2611
    2652
    2726
    2637
    2744
    2750
    2711
    2768
    2658
    2735
    2644
    2720
    2676
    2675
    2677
    2734
    2761
    2737
    2838
    2768
    2755
    2781
    2685
    2745
    2782
    2808
    2756
    2673
    2779
    2730
    2788
    2758
    2746
    2773
    2708
    2823
    2826
    2793
    2730
    2656
    2836
    2743
    2790
    2716
    2801
    2773
    2822
    2854
    2828
    2731
    2807
    2800
    2816
    2881
    2805
    2759
    2853
    2825
    2863
    2860
    2867
    2892
    2845
    2877
    2829
    2811
    2887
    2846
    2811
    2878
    2885
    2900
    2937
    2903
    2871
    2992
    2942
    2963
    2902
    2779
    2867
    2917
    2881
    2923
    2890
    2855
    2972
    2897
    2763
    2937
    2911
    2873
    2993
    2844
    2854
    2944
    2937
    2982
    2914
    3013
    2893
    2924
    2960
    2945
    3004
    2916
    3017
    2958
    2913
    2917
    3034
    2978
    2938
    2961
    3044
    3009
    3032
    3043
    2961
    3084
    2990
    3136
    3055
    3088
    3009
    2992
    3075
    3130
    3227
    3157
    3131
    3149
    3125
    3190
    3122
    3177
    3150
    3115
    3171
    3285
    3087
    3167
    3277
    3226
    3148
    3121
    3213
    3268
    3229
    3272
    3385
    3245
    3255
    3197
    3296
    3200
    3398
    3354
    3259
    3297
    3453
    3307
    3390
    3331
    3445
    3336
    3350
    3479
    3462
    3576
    3474
    3480
    3538
    3559
    3586
    3525
    3582
    3496
    3504
    3526
    3683
    3533
    3605
    3558
    3560
    3643
    3680
    3696
    3734
    3618
    3720
    3750
    3725
    3771
    3866
    3810
    3747
    3916
    3914
    3909
    3900
    3826
    3967
    3943
    3881
    3920
    3941
    4084
    3925
    4000
    4044
    3970
    4304
    4058
    4110
    4132
    4235
    4206
    4317
    4179
    4213
    4344
    4365
    4256
    4436
    4514
    4486
    4468
    4526
    4634
    4448
    4456
    4639
    4661
    4582
    4748
    4745
    4703
    4654
    4708
    4952
    4768
    4786
    4915
    4922
    4982
    4882
    5064
    5024
    5091
    5166
    5192
    5148
    5340
    5373
    5386
    5325
    5312
    5518
    5459
    5461
    5456
    5650
    5618
    5669
    5608
    5656
    5624
    5707
    5736
    5874
    5884
    5900
    5962
    6105
    5938
    5990
    5935
    6156
    6117
    6231
    6206
    6398
    6390
    6365
    6416
    6370
    6382
    6555
    6651
    6571
    6781
    6779
    6758
    6739
    6768
    6855
    6915
    7147
    6935
    6886
    7088
    6988
    6994
    7091
    7171
    7282
    7133
    7416
    7412
    7371
    7419
    7495
    7515
    7427
    7557
    7433
    7488
    7644
    7722
    7701
    7659
    7704
    7737
    7845
    7754
    7916
    7714
    7864
    7863
    7845
    7973
    7822
    7965
    7902
    7952
    7894
    7908
    7978
    7940
    7947
    8076
    7880
    7721
    8016
    7947
    7870
    7929
    7995
    7805
    7875
    7920
    7908
    7881
    8116
    8100
    7855
    7903
    7975
    7885
    7906
    7991
    7796
    7918
    7990
    7795
    7981
    7644
    7959
    7685
    7876
    8012
    7951
    7941
    7863
    7977
    7886
    7864
    7906
    7833
    7853
    7978
    7783
    7951
    7722
    7955
    8063
    8074
    7744
    7969
    7780
    7932
    7863
    8011
    7999
    8039
    8080
    8024
    8159
    8131
    8132
    8233
    8207
    8143
    8035
    8313
    8253
    8449
    8401
    8356
    8297
    8458
    8508
    8526
    8458
    8611
    8575
    8625
    8789
    8753
    8842
    8836
    8793
    8792
    8879
    8937
    9024
    9090
    9055
    9007
    9141
    9384
    9480
    9342
    9286
    9559
    9353
    9507
    9566
    9612
    9832
    9916
    9861
    9806
    9958
   10079
   10123
   10080
   10297
   10097
   10330
   10592
   10610
   10575
   10591
   10653
   10706
   10823
   10944
   11033
   11326
   11254
   11160
   11264
   11103
   11701
   11525
   11674
   11761
   11725
   11827
   11926
   12099
   11916
   12013
   12270
   12478
   12550
   12410
   12632
   12718
   12865
   13178
   13165
   13253
   13435
   13402
   13520
   13501
   13786
   13965
   13880
   14319
   14490
   14310
   14491
   14652
   14753
   14991
   15095
   15061
   15061
   15373
   15766
   15453
   16050
   15891
   16135
   16557
   16242
   16437
   16433
   16734
   17110
   17106
   17270
   17564
   17182
   17644
   17998
   18133
   18044
   18364
   18713
   18816
   19067
   19272
   19124
   19381
   19403
   19562
   19675
   20247
   20028
   20722
   20604
   20888
   20976
   21367
   21472
   21715
   21886
   22178
   22060
   22889
   22946
   22684
   23023
   23140
   23487
   23636
   24191
   24181
   24384
   24780
   25216
   25336
   25534
   25600
   25598
   26288
   26594
   26794
   27047
   27314
   27725
   27726
   28001
   28404
   28683
   28870
   29430
   29531
   29552
   30203
   30190
   30582
   30898
   31089
   31455
   31945
   31721
   32871
   33003
   33426
   33596
   33881
   34475
   34495
   35188
   35491
   35734
   36158
   36485
   36785
   37500
   38221
   38659
   38810
   39140
   39390
   40120
   40673
   40856
   41299
   41878
   42470
   42646
   43458
   43819
   44532
   44801
   45445
   46019
   47143
   47329
   47605
   48194
   48778
   49545
   49791
   51042
   51593
   51633
   53071
   53223
   53757
   54704
   55361
   56520
   56893
   57838
   58272
   59099
   59780
   60689
   61621
   62015
   63312
   64327
   65041
   66400
   66941
   68273
   69055
   69934
   71032
   72126
   73577
   74291
   75824
   76611
   78649
   78884
   80867
   81455
   83160
   84321
   84906
   86974
   88873
   89923
       0
       0
       0
       0
       0
       0
       0
       0
       0
       0
       0
       0
       0
       0
       0
       0
       0
       0
       0
       0
       0
       0
       0
       0
       0
       0
       0
       0
       0
       0
       0
       0
$ROI:
0
$PRESETS:
None
0
0
$ENER_FIT:
-0.169488 0.023446
$MCA_CAL:
3
-1.694878E-001 2.344633E-002 0.000000E+000 keV
$SHAPE_CAL:
3
0.000000E+000 0.000000E+000 0.000000E+000
