$SPEC_ID:
No sample description was entered.
$SPEC_REM:
DET# 4
DETDESC# JLAB-20 MCB 131
AP# Maestro Version 7.01
$DATE_MEA:
09/30/2025 12:46:44
$MEAS_TIM:
87744 89879
$DATA:
0 2047
       0
       0
       0
       0
       0
       0
       0
       0
       0
       0
       0
       0
       0
       0
       0
       0
       0
       0
       0
       0
       0
       0
       0
       0
       0
       0
       0
       0
       0
       0
       0
       0
       0
       0
       0
       0
       0
       0
       0
       0
       0
       0
       0
       0
       0
       0
       0
       0
       0
       0
       0
       0
       1
       0
       1
       0
       0
       0
       0
       0
       0
       0
       0
       1
       0
       1
       1
       1
       0
     330
    9953
   10078
    9514
    9086
    9099
    8618
    8542
    8427
    8297
    8160
    8027
    8199
    7852
    7852
    7749
    7757
    7606
    7406
    7381
    7617
    7386
    7050
    7236
    7063
    7024
    6914
    6939
    7051
    6903
    6848
    6771
    6743
    6678
    6768
    6569
    6405
    6531
    6414
    6462
    6307
    6262
    6266
    6243
    6162
    6091
    6170
    6029
    6012
    5891
    5822
    5932
    5913
    5788
    5820
    5798
    5783
    5926
    5746
    5661
    5572
    5729
    5612
    5404
    5459
    5348
    5450
    5426
    5516
    5364
    5293
    5367
    5348
    5198
    5220
    5227
    5223
    5276
    5330
    5230
    5315
    5043
    5258
    4956
    5120
    4975
    4988
    5011
    5049
    5066
    4897
    4994
    4892
    4895
    4847
    4954
    4834
    4865
    4924
    4840
    4888
    4748
    4727
    4805
    4691
    4843
    4779
    4763
    4683
    4728
    4765
    4607
    4631
    4764
    4642
    4569
    4702
    4602
    4595
    4618
    4547
    4543
    4533
    4448
    4618
    4705
    4504
    4620
    4496
    4498
    4604
    4466
    4493
    4516
    4549
    4421
    4404
    4399
    4399
    4407
    4361
    4425
    4461
    4397
    4244
    4432
    4396
    4404
    4410
    4360
    4402
    4478
    4404
    4392
    4500
    4391
    4429
    4316
    4340
    4412
    4379
    4361
    4330
    4278
    4414
    4460
    4337
    4289
    4406
    4294
    4292
    4362
    4321
    4336
    4187
    4355
    4333
    4280
    4307
    4398
    4266
    4356
    4316
    4339
    4351
    4354
    4373
    4343
    4406
    4430
    4404
    4364
    4261
    4486
    4458
    4432
    4416
    4380
    4514
    4554
    4502
    4415
    4397
    4442
    4511
    4583
    4452
    4526
    4502
    4437
    4505
    4480
    4457
    4532
    4557
    4502
    4432
    4565
    4496
    4533
    4556
    4568
    4466
    4581
    4597
    4546
    4645
    4622
    4648
    4668
    4800
    4737
    4916
    4997
    5079
    5348
    5394
    5550
    6013
    6350
    6871
    7323
    7996
    8913
    9665
   10731
   11988
   13554
   15107
   16781
   18703
   20847
   23268
   25638
   28263
   31393
   34064
   36845
   39736
   42428
   45584
   48409
   51310
   53804
   56051
   58341
   60693
   61716
   64076
   64916
   66237
   67207
   67853
   68834
   69330
   69196
   69614
   69571
   69519
   69152
   68540
   68011
   67461
   66752
   65740
   64962
   64309
   62864
   61877
   60646
   59641
   58506
   56889
   55512
   54239
   52711
   50956
   49259
   48135
   46231
   44381
   42691
   41151
   39802
   38043
   36666
   35060
   33311
   31860
   30269
   28963
   27700
   26558
   25149
   24225
   23109
   22404
   21703
   20698
   19940
   19597
   18896
   18093
   17719
   17066
   16728
   15813
   15464
   14887
   14126
   13710
   13252
   12729
   12317
   11528
   10909
   10317
    9917
    9378
    8968
    8274
    7791
    7444
    6790
    6612
    6026
    5659
    5277
    5008
    4735
    4287
    4178
    3843
    3759
    3628
    3561
    3406
    3233
    3115
    3072
    3013
    3010
    3029
    2969
    3030
    2957
    2914
    2860
    2997
    2970
    2900
    2900
    2992
    2955
    3072
    2908
    2956
    2978
    3013
    2755
    2928
    2894
    2916
    2944
    2865
    2889
    2816
    2849
    2809
    2907
    2929
    2763
    2834
    2806
    2756
    2720
    2771
    2806
    2712
    2709
    2750
    2699
    2724
    2756
    2724
    2667
    2678
    2633
    2663
    2692
    2639
    2641
    2594
    2675
    2605
    2613
    2599
    2653
    2686
    2549
    2602
    2578
    2504
    2552
    2573
    2459
    2543
    2492
    2552
    2520
    2480
    2551
    2519
    2547
    2534
    2532
    2663
    2494
    2479
    2497
    2457
    2489
    2468
    2573
    2509
    2545
    2552
    2526
    2534
    2425
    2452
    2553
    2579
    2513
    2451
    2546
    2544
    2542
    2495
    2514
    2563
    2560
    2520
    2596
    2609
    2512
    2597
    2533
    2523
    2531
    2508
    2575
    2540
    2503
    2440
    2556
    2533
    2467
    2538
    2503
    2500
    2516
    2528
    2516
    2450
    2450
    2404
    2374
    2485
    2437
    2426
    2310
    2378
    2383
    2359
    2355
    2352
    2346
    2285
    2337
    2374
    2356
    2274
    2348
    2304
    2289
    2279
    2359
    2329
    2296
    2324
    2304
    2251
    2277
    2300
    2225
    2227
    2263
    2224
    2147
    2142
    2236
    2204
    2149
    2220
    2223
    2167
    2206
    2127
    2162
    2186
    2200
    2192
    2189
    2187
    2247
    2230
    2154
    2187
    2085
    2121
    2127
    2174
    2139
    2108
    2187
    2153
    2112
    2238
    2211
    2205
    2176
    2199
    2129
    2172
    2201
    2153
    2167
    2130
    2193
    2121
    2150
    2104
    2132
    2214
    2211
    2166
    2154
    2216
    2102
    2205
    2192
    2124
    2099
    2091
    2138
    2158
    2214
    2173
    2213
    2093
    2162
    2140
    2157
    2052
    2118
    2106
    2133
    2091
    2111
    2107
    2086
    2133
    2152
    2112
    2071
    2067
    2059
    2023
    2116
    2104
    2095
    2039
    2088
    2094
    2107
    2082
    2036
    2075
    2097
    2137
    2084
    2006
    2084
    2031
    2066
    1973
    2116
    1999
    2028
    2132
    2016
    2016
    2023
    2069
    2038
    2091
    2079
    2058
    2023
    2075
    1997
    2053
    2091
    2011
    2093
    2000
    2049
    1997
    2063
    2077
    2078
    2070
    2000
    2009
    1949
    2033
    2013
    2101
    2110
    2000
    2045
    2031
    2002
    2002
    2057
    2028
    1993
    2028
    2006
    1942
    1998
    1948
    1945
    1901
    2041
    1957
    1963
    1971
    2017
    1968
    1927
    1947
    1980
    2004
    2037
    1941
    2016
    2022
    1966
    1960
    1931
    1980
    1943
    2037
    1949
    1936
    1974
    1896
    1955
    1939
    1993
    1904
    1996
    2029
    1932
    1924
    1906
    1895
    1889
    1937
    1873
    1933
    1893
    1950
    1915
    1930
    1874
    1932
    1935
    1921
    1907
    1870
    1851
    1902
    1871
    1849
    1879
    1871
    1921
    1882
    1947
    1832
    1912
    1894
    1993
    1920
    1953
    1832
    1927
    1902
    1859
    1834
    1905
    1877
    1896
    1916
    1934
    1862
    1838
    1788
    1827
    1813
    1908
    1882
    1917
    1900
    1831
    1894
    1845
    1808
    1917
    1776
    1835
    1834
    1819
    1823
    1879
    1809
    1796
    1853
    1877
    1815
    1827
    1866
    1843
    1835
    1870
    1830
    1820
    1794
    1717
    1800
    1835
    1797
    1900
    1796
    1896
    1870
    1836
    1804
    1840
    1836
    1824
    1808
    1808
    1726
    1821
    1881
    1906
    1737
    1849
    1802
    1814
    1842
    1743
    1737
    1853
    1768
    1811
    1863
    1822
    1739
    1747
    1812
    1818
    1795
    1820
    1817
    1811
    1818
    1803
    1887
    1761
    1807
    1811
    1828
    1835
    1793
    1771
    1731
    1758
    1716
    1820
    1826
    1822
    1778
    1764
    1780
    1760
    1768
    1781
    1772
    1737
    1790
    1747
    1715
    1771
    1824
    1727
    1790
    1753
    1764
    1832
    1839
    1740
    1803
    1846
    1737
    1758
    1747
    1755
    1820
    1779
    1756
    1731
    1741
    1784
    1778
    1833
    1838
    1898
    1884
    1807
    1795
    1879
    1803
    1778
    1800
    1862
    1778
    1830
    1841
    1821
    1822
    1789
    1797
    1812
    1793
    1801
    1804
    1847
    1733
    1840
    1776
    1844
    1811
    1774
    1735
    1732
    1738
    1774
    1699
    1733
    1797
    1802
    1786
    1764
    1848
    1816
    1754
    1853
    1817
    1707
    1746
    1743
    1736
    1762
    1790
    1741
    1710
    1704
    1748
    1727
    1770
    1799
    1680
    1680
    1736
    1721
    1803
    1751
    1719
    1744
    1753
    1676
    1779
    1782
    1823
    1682
    1677
    1723
    1782
    1701
    1673
    1788
    1716
    1821
    1700
    1746
    1757
    1806
    1819
    1785
    1763
    1849
    1786
    1795
    1832
    1785
    1804
    1767
    1892
    1791
    1817
    1830
    1840
    1790
    1838
    1772
    1803
    1838
    1764
    1823
    1793
    1859
    1783
    1798
    1859
    1814
    1809
    1818
    1806
    1811
    1870
    1845
    1817
    1806
    1732
    1783
    1779
    1786
    1895
    1783
    1733
    1796
    1826
    1830
    1780
    1836
    1862
    1798
    1829
    1785
    1819
    1833
    1806
    1757
    1832
    1783
    1750
    1720
    1734
    1797
    1780
    1827
    1750
    1778
    1724
    1846
    1732
    1716
    1719
    1698
    1768
    1705
    1770
    1694
    1728
    1752
    1696
    1639
    1712
    1704
    1652
    1702
    1706
    1809
    1777
    1715
    1746
    1728
    1720
    1790
    1782
    1722
    1794
    1840
    1769
    1824
    1924
    1819
    1835
    1872
    1878
    1892
    1898
    1919
    1897
    1940
    1960
    1919
    1992
    1998
    1844
    1994
    2023
    1908
    1941
    1865
    1996
    1954
    1924
    1987
    1841
    1904
    1998
    1996
    1931
    1887
    1859
    1982
    1862
    1762
    1862
    1821
    1836
    1850
    1786
    1771
    1769
    1830
    1694
    1755
    1762
    1788
    1718
    1628
    1674
    1645
    1702
    1704
    1665
    1567
    1645
    1607
    1656
    1655
    1561
    1550
    1632
    1666
    1627
    1537
    1546
    1535
    1598
    1596
    1556
    1577
    1561
    1560
    1650
    1589
    1577
    1608
    1550
    1532
    1641
    1553
    1550
    1650
    1565
    1604
    1574
    1579
    1595
    1600
    1564
    1594
    1592
    1515
    1530
    1582
    1524
    1580
    1578
    1526
    1520
    1594
    1608
    1552
    1572
    1622
    1608
    1635
    1618
    1599
    1617
    1631
    1634
    1728
    1566
    1600
    1594
    1621
    1589
    1562
    1512
    1582
    1556
    1562
    1546
    1570
    1634
    1662
    1612
    1582
    1626
    1650
    1500
    1609
    1559
    1574
    1619
    1599
    1619
    1571
    1629
    1630
    1634
    1664
    1616
    1575
    1587
    1639
    1662
    1615
    1568
    1662
    1631
    1756
    1623
    1642
    1597
    1566
    1618
    1616
    1645
    1679
    1597
    1594
    1628
    1662
    1667
    1627
    1658
    1654
    1684
    1631
    1680
    1665
    1625
    1650
    1644
    1646
    1571
    1635
    1637
    1577
    1611
    1573
    1604
    1595
    1574
    1607
    1671
    1551
    1588
    1612
    1597
    1593
    1525
    1552
    1566
    1669
    1606
    1648
    1658
    1622
    1615
    1605
    1598
    1619
    1558
    1578
    1644
    1649
    1637
    1538
    1605
    1636
    1580
    1539
    1555
    1518
    1591
    1644
    1678
    1587
    1562
    1542
    1635
    1595
    1545
    1609
    1567
    1600
    1627
    1578
    1562
    1542
    1566
    1620
    1605
    1621
    1613
    1684
    1633
    1621
    1592
    1571
    1645
    1575
    1600
    1570
    1626
    1627
    1571
    1651
    1662
    1680
    1654
    1591
    1672
    1591
    1661
    1608
    1599
    1608
    1703
    1645
    1632
    1734
    1713
    1630
    1724
    1634
    1702
    1687
    1700
    1682
    1578
    1700
    1685
    1682
    1670
    1677
    1620
    1676
    1718
    1712
    1724
    1619
    1599
    1719
    1649
    1707
    1613
    1698
    1676
    1705
    1709
    1711
    1619
    1696
    1668
    1688
    1681
    1675
    1652
    1747
    1738
    1752
    1689
    1727
    1779
    1727
    1745
    1696
    1670
    1739
    1749
    1704
    1743
    1722
    1776
    1752
    1783
    1739
    1822
    1816
    1755
    1743
    1708
    1652
    1763
    1690
    1772
    1761
    1744
    1796
    1798
    1621
    1782
    1722
    1791
    1802
    1728
    1718
    1694
    1789
    1850
    1783
    1842
    1749
    1760
    1754
    1774
    1805
    1772
    1794
    1762
    1756
    1759
    1834
    1769
    1759
    1787
    1802
    1785
    1834
    1824
    1794
    1807
    1830
    1920
    1857
    1833
    1836
    1786
    1867
    1901
    1944
    1904
    1875
    1845
    1892
    1886
    1890
    1985
    1952
    1922
    1945
    1978
    1846
    1874
    1937
    1955
    1896
    1873
    1936
    1954
    1945
    2010
    2083
    1975
    1901
    1866
    2012
    1978
    2052
    2035
    1956
    1952
    2064
    1956
    2064
    2035
    2056
    1965
    2037
    2107
    2118
    2183
    2128
    2121
    2130
    2114
    2099
    2078
    2133
    2090
    2084
    2112
    2220
    2142
    2182
    2153
    2182
    2220
    2165
    2228
    2254
    2127
    2207
    2279
    2282
    2267
    2324
    2256
    2205
    2375
    2373
    2348
    2349
    2319
    2396
    2378
    2298
    2340
    2372
    2447
    2394
    2419
    2339
    2356
    2594
    2463
    2422
    2507
    2548
    2569
    2541
    2506
    2510
    2593
    2642
    2551
    2718
    2773
    2681
    2732
    2721
    2796
    2707
    2666
    2816
    2770
    2757
    2839
    2915
    2799
    2801
    2860
    2988
    2875
    2889
    2936
    2929
    2926
    2945
    3059
    3008
    3114
    3129
    3122
    3115
    3194
    3280
    3239
    3232
    3183
    3303
    3306
    3251
    3284
    3391
    3368
    3366
    3411
    3471
    3365
    3494
    3426
    3544
    3538
    3495
    3611
    3648
    3524
    3644
    3554
    3681
    3660
    3752
    3678
    3803
    3809
    3900
    3883
    3835
    3810
    3920
    4081
    3923
    4159
    4050
    4078
    4146
    4050
    4103
    4159
    4348
    4179
    4114
    4283
    4120
    4242
    4228
    4274
    4411
    4304
    4465
    4410
    4393
    4516
    4595
    4578
    4497
    4487
    4476
    4554
    4648
    4659
    4672
    4649
    4639
    4719
    4783
    4675
    4815
    4675
    4761
    4749
    4686
    4791
    4761
    4836
    4781
    4796
    4786
    4807
    4782
    4775
    4864
    4844
    4737
    4565
    4813
    4785
    4705
    4732
    4814
    4704
    4801
    4841
    4793
    4727
    4868
    4813
    4793
    4747
    4754
    4840
    4743
    4890
    4719
    4784
    4802
    4669
    4782
    4647
    4783
    4566
    4654
    4827
    4728
    4695
    4758
    4755
    4733
    4714
    4758
    4792
    4669
    4891
    4645
    4810
    4673
    4763
    4868
    4877
    4703
    4797
    4685
    4708
    4822
    4808
    4733
    4811
    4716
    4843
    4824
    4850
    4853
    4980
    4928
    4919
    4801
    5011
    4932
    5046
    5059
    5080
    5010
    5106
    5104
    5199
    5167
    5209
    5171
    5193
    5314
    5223
    5365
    5274
    5299
    5223
    5335
    5462
    5345
    5440
    5415
    5467
    5469
    5608
    5574
    5614
    5677
    5657
    5569
    5764
    5716
    5809
    5869
    6052
    6037
    5912
    5967
    6101
    6153
    6007
    6264
    6051
    6228
    6309
    6390
    6338
    6274
    6498
    6418
    6492
    6548
    6615
    6878
    6876
    6707
    6667
    6656
    7026
    6940
    7034
    6988
    7103
    7146
    7139
    7290
    7204
    7282
    7413
    7576
    7577
    7449
    7676
    7660
    7800
    7897
    7912
    8002
    8006
    8060
    8189
    8087
    8331
    8443
    8362
    8674
    8594
    8614
    8769
    8769
    8898
    8977
    8976
    9014
    8946
    9199
    9492
    9305
    9591
    9501
    9769
    9973
    9883
    9752
    9985
   10111
   10256
   10268
   10338
   10507
   10248
   10616
   10867
   10956
   10776
   10976
   11347
   11329
   11446
   11546
   11544
   11682
   11582
   11791
   11909
   12177
   12071
   12393
   12420
   12477
   12581
   12805
   12988
   13070
   13148
   13329
   13248
   13624
   13763
   13692
   13887
   13892
   14144
   14274
   14545
   14575
   14654
   14999
   15191
   15307
   15366
   15461
   15368
   15779
   15966
   16102
   16346
   16423
   16741
   16732
   16724
   17123
   17349
   17300
   17574
   17894
   17674
   18218
   18195
   18459
   18707
   18641
   19005
   19200
   19156
   19917
   19809
   20251
   20206
   20373
   20776
   20839
   21103
   21281
   21514
   21814
   22030
   22155
   22557
   22900
   23219
   23354
   23617
   23780
   24125
   24342
   24584
   24831
   25208
   25628
   25654
   25984
   26432
   26760
   26818
   27343
   27631
   28212
   28585
   28558
   29120
   29272
   29947
   29989
   30452
   30947
   31061
   32134
   32041
   32448
   32875
   33478
   33966
   34149
   34662
   35111
   35690
   35953
   36618
   36997
   37573
   38175
   38686
   39072
   39912
   40145
   41017
   41648
   41898
   42782
   43472
   44131
   44682
   45620
   46258
   47367
   47530
   48605
   48991
   49917
   50623
   51125
   52218
   53561
   54124
       0
       0
       0
       0
       0
       0
       0
       0
       0
       0
       0
       0
       0
       0
       0
       0
       0
       0
       0
       0
       0
       0
       0
       0
       0
       0
       0
       0
       0
       0
       0
       0
$ROI:
0
$PRESETS:
None
0
0
$ENER_FIT:
-0.169488 0.023446
$MCA_CAL:
3
-1.694878E-001 2.344633E-002 0.000000E+000 keV
$SHAPE_CAL:
3
0.000000E+000 0.000000E+000 0.000000E+000
