$SPEC_ID:
No sample description was entered.
$SPEC_REM:
DET# 4
DETDESC# JLAB-20 MCB 131
AP# Maestro Version 7.01
$DATE_MEA:
09/30/2025 16:46:44
$MEAS_TIM:
101808 104279
$DATA:
0 2047
       0
       0
       0
       0
       0
       0
       0
       0
       0
       0
       0
       0
       0
       0
       0
       0
       0
       0
       0
       0
       0
       0
       0
       0
       0
       0
       0
       0
       0
       0
       0
       0
       0
       0
       0
       0
       0
       0
       0
       0
       0
       0
       0
       0
       0
       0
       0
       0
       0
       0
       0
       0
       1
       0
       1
       0
       0
       0
       0
       0
       0
       0
       0
       1
       0
       1
       1
       1
       0
     384
   11549
   11693
   11021
   10580
   10490
   10026
    9905
    9831
    9570
    9501
    9339
    9451
    9190
    9123
    9061
    8983
    8801
    8611
    8569
    8817
    8591
    8220
    8385
    8198
    8169
    8052
    8073
    8136
    7982
    7957
    7896
    7861
    7741
    7817
    7638
    7460
    7562
    7440
    7471
    7344
    7253
    7288
    7274
    7205
    7098
    7137
    6972
    7023
    6897
    6723
    6863
    6789
    6745
    6789
    6717
    6703
    6811
    6671
    6594
    6418
    6635
    6526
    6252
    6384
    6210
    6345
    6288
    6397
    6190
    6129
    6205
    6170
    6068
    6027
    6047
    6055
    6127
    6183
    6037
    6157
    5878
    6066
    5796
    5926
    5837
    5759
    5839
    5848
    5829
    5745
    5796
    5619
    5743
    5610
    5712
    5631
    5661
    5684
    5601
    5636
    5528
    5496
    5549
    5441
    5600
    5567
    5521
    5440
    5512
    5505
    5355
    5400
    5513
    5407
    5292
    5437
    5324
    5348
    5397
    5289
    5262
    5289
    5192
    5368
    5444
    5193
    5352
    5184
    5234
    5284
    5152
    5197
    5225
    5297
    5116
    5065
    5112
    5129
    5090
    5088
    5160
    5163
    5110
    4994
    5182
    5105
    5073
    5132
    5099
    5145
    5228
    5120
    5090
    5219
    5100
    5129
    5047
    5024
    5098
    5055
    5045
    5021
    4996
    5099
    5173
    5044
    5006
    5066
    4955
    4996
    4989
    5012
    5031
    4893
    5108
    5044
    4963
    5005
    5117
    4965
    5073
    5002
    5052
    5050
    5061
    5069
    5049
    5132
    5122
    5082
    5048
    4925
    5215
    5144
    5188
    5123
    5047
    5212
    5314
    5258
    5146
    5111
    5152
    5236
    5292
    5147
    5284
    5235
    5175
    5187
    5171
    5182
    5295
    5277
    5240
    5163
    5295
    5229
    5292
    5280
    5334
    5223
    5263
    5321
    5252
    5384
    5361
    5364
    5409
    5531
    5548
    5739
    5794
    5879
    6150
    6310
    6464
    6975
    7351
    7959
    8502
    9249
   10302
   11225
   12462
   13866
   15706
   17576
   19475
   21600
   24203
   27053
   29788
   32770
   36404
   39646
   42770
   46143
   49082
   52991
   56188
   59376
   62462
   65156
   67645
   70393
   71792
   74363
   75368
   77009
   77863
   78828
   80008
   80624
   80361
   80613
   80767
   80583
   80166
   79715
   78851
   78306
   77374
   76398
   75393
   74492
   73068
   72073
   70320
   69096
   67762
   66020
   64424
   63007
   61028
   59230
   57098
   55927
   53597
   51553
   49469
   47876
   46230
   44175
   42570
   40528
   38628
   36716
   35099
   33742
   32009
   30780
   29112
   28134
   26740
   25940
   25070
   23963
   23178
   22786
   21931
   21102
   20590
   19780
   19320
   18403
   17905
   17276
   16470
   15952
   15414
   14780
   14236
   13342
   12659
   12024
   11599
   10866
   10418
    9559
    9086
    8572
    7881
    7644
    6956
    6563
    6173
    5817
    5556
    4969
    4836
    4474
    4377
    4208
    4154
    3964
    3747
    3632
    3567
    3493
    3484
    3487
    3465
    3519
    3452
    3465
    3326
    3492
    3423
    3372
    3334
    3462
    3390
    3538
    3391
    3436
    3461
    3526
    3227
    3387
    3345
    3400
    3405
    3304
    3343
    3272
    3319
    3286
    3351
    3364
    3168
    3327
    3273
    3235
    3160
    3245
    3239
    3150
    3147
    3184
    3135
    3168
    3180
    3144
    3094
    3115
    3025
    3080
    3118
    3026
    3067
    2959
    3100
    3088
    3046
    3017
    3053
    3122
    2975
    3054
    3029
    2880
    2954
    3009
    2855
    2931
    2924
    2976
    2919
    2888
    2964
    2973
    2961
    2937
    2937
    3046
    2913
    2876
    2879
    2879
    2879
    2913
    2987
    2913
    2947
    2936
    2948
    2908
    2829
    2833
    2968
    2969
    2940
    2849
    2989
    2965
    2957
    2869
    2925
    2950
    2945
    2895
    3015
    3039
    2919
    3003
    2937
    2938
    2934
    2902
    2947
    2949
    2926
    2815
    2969
    2946
    2833
    2939
    2908
    2896
    2907
    2946
    2912
    2850
    2869
    2780
    2757
    2854
    2830
    2812
    2692
    2777
    2741
    2774
    2743
    2738
    2710
    2649
    2700
    2744
    2732
    2629
    2690
    2683
    2663
    2643
    2723
    2671
    2667
    2686
    2637
    2633
    2652
    2633
    2568
    2585
    2616
    2549
    2509
    2502
    2589
    2538
    2535
    2599
    2537
    2500
    2559
    2468
    2561
    2542
    2537
    2561
    2542
    2542
    2586
    2566
    2483
    2520
    2440
    2449
    2466
    2495
    2467
    2431
    2540
    2490
    2452
    2580
    2572
    2568
    2515
    2558
    2461
    2531
    2551
    2518
    2511
    2508
    2548
    2477
    2493
    2460
    2452
    2535
    2536
    2498
    2537
    2589
    2470
    2537
    2526
    2474
    2453
    2415
    2499
    2503
    2518
    2503
    2574
    2431
    2515
    2482
    2501
    2384
    2434
    2462
    2482
    2416
    2443
    2418
    2385
    2505
    2479
    2457
    2435
    2390
    2397
    2370
    2441
    2405
    2427
    2377
    2431
    2436
    2467
    2412
    2357
    2379
    2436
    2490
    2376
    2341
    2409
    2347
    2416
    2320
    2452
    2306
    2370
    2462
    2330
    2350
    2379
    2408
    2400
    2403
    2397
    2387
    2329
    2398
    2333
    2405
    2425
    2313
    2403
    2333
    2401
    2320
    2383
    2431
    2414
    2399
    2288
    2332
    2279
    2359
    2328
    2406
    2433
    2330
    2379
    2331
    2329
    2345
    2374
    2365
    2294
    2331
    2341
    2279
    2323
    2297
    2235
    2239
    2344
    2283
    2278
    2268
    2327
    2292
    2257
    2251
    2301
    2333
    2389
    2304
    2343
    2368
    2251
    2269
    2247
    2311
    2281
    2340
    2252
    2254
    2292
    2213
    2251
    2236
    2329
    2223
    2329
    2341
    2236
    2229
    2207
    2228
    2227
    2245
    2190
    2254
    2220
    2247
    2197
    2230
    2164
    2236
    2231
    2215
    2227
    2185
    2149
    2207
    2169
    2152
    2180
    2148
    2225
    2184
    2261
    2123
    2237
    2142
    2303
    2192
    2253
    2123
    2235
    2206
    2193
    2129
    2192
    2147
    2185
    2200
    2233
    2152
    2124
    2113
    2142
    2098
    2227
    2190
    2183
    2223
    2125
    2192
    2131
    2111
    2208
    2073
    2140
    2119
    2130
    2127
    2147
    2108
    2076
    2164
    2199
    2118
    2122
    2165
    2129
    2116
    2152
    2122
    2101
    2070
    2029
    2095
    2131
    2106
    2183
    2076
    2195
    2164
    2145
    2087
    2118
    2112
    2115
    2091
    2136
    2007
    2091
    2143
    2172
    2019
    2143
    2086
    2102
    2133
    2016
    2030
    2122
    2055
    2141
    2152
    2119
    2016
    2047
    2111
    2099
    2101
    2101
    2112
    2127
    2106
    2072
    2184
    2056
    2087
    2085
    2102
    2141
    2102
    2053
    1988
    2072
    1994
    2142
    2112
    2114
    2046
    2059
    2062
    2015
    2064
    2044
    2023
    2038
    2063
    2037
    1993
    2057
    2103
    2019
    2075
    2038
    2053
    2104
    2144
    2019
    2100
    2116
    2023
    2052
    2043
    2029
    2137
    2047
    2033
    2019
    2027
    2070
    2060
    2129
    2143
    2186
    2178
    2109
    2101
    2212
    2082
    2078
    2090
    2181
    2072
    2112
    2113
    2114
    2105
    2079
    2092
    2104
    2069
    2107
    2122
    2171
    2001
    2134
    2081
    2122
    2080
    2089
    2014
    2051
    2020
    2055
    1988
    2001
    2073
    2065
    2072
    2035
    2134
    2106
    2036
    2140
    2104
    1982
    2003
    2035
    2009
    2036
    2088
    2025
    1988
    1983
    2018
    2022
    2032
    2090
    1946
    1955
    2012
    1990
    2077
    2020
    1986
    2007
    2006
    1951
    2037
    2073
    2095
    1947
    1975
    1983
    2051
    1991
    1954
    2068
    2013
    2104
    1981
    2038
    2057
    2093
    2093
    2079
    2036
    2109
    2067
    2067
    2107
    2052
    2071
    2068
    2181
    2079
    2104
    2130
    2111
    2082
    2146
    2066
    2061
    2105
    2059
    2117
    2101
    2152
    2097
    2084
    2168
    2092
    2136
    2103
    2107
    2113
    2204
    2132
    2110
    2087
    2028
    2081
    2068
    2053
    2183
    2039
    2036
    2054
    2128
    2100
    2084
    2114
    2158
    2098
    2130
    2072
    2079
    2111
    2077
    2057
    2109
    2066
    2012
    2021
    2039
    2102
    2072
    2117
    2044
    2072
    2002
    2090
    2015
    1999
    2008
    1989
    2076
    2015
    2030
    1980
    2018
    2030
    1984
    1901
    1959
    2006
    1893
    1987
    1972
    2053
    2047
    1993
    2046
    2012
    2024
    2086
    2066
    2037
    2085
    2104
    2038
    2111
    2165
    2106
    2136
    2214
    2186
    2203
    2208
    2241
    2220
    2262
    2254
    2234
    2292
    2324
    2173
    2312
    2338
    2225
    2280
    2191
    2322
    2303
    2222
    2277
    2170
    2187
    2299
    2295
    2207
    2187
    2144
    2315
    2148
    2062
    2185
    2124
    2146
    2131
    2105
    2043
    2048
    2108
    2001
    2013
    2021
    2064
    1969
    1876
    1914
    1890
    1964
    1997
    1925
    1838
    1917
    1894
    1908
    1905
    1808
    1776
    1857
    1922
    1871
    1768
    1807
    1791
    1847
    1897
    1786
    1820
    1834
    1809
    1872
    1815
    1818
    1868
    1793
    1765
    1888
    1801
    1806
    1877
    1814
    1872
    1835
    1838
    1850
    1857
    1814
    1846
    1847
    1778
    1776
    1856
    1797
    1830
    1820
    1787
    1739
    1835
    1861
    1832
    1818
    1887
    1855
    1888
    1875
    1844
    1863
    1846
    1859
    1992
    1818
    1865
    1821
    1871
    1862
    1804
    1770
    1856
    1815
    1836
    1821
    1819
    1875
    1912
    1883
    1828
    1906
    1915
    1748
    1870
    1834
    1837
    1847
    1871
    1886
    1806
    1908
    1863
    1891
    1936
    1851
    1840
    1845
    1886
    1919
    1861
    1811
    1925
    1878
    2021
    1883
    1896
    1888
    1828
    1883
    1877
    1910
    1960
    1862
    1863
    1866
    1943
    1980
    1866
    1929
    1911
    1935
    1899
    1918
    1928
    1903
    1919
    1897
    1884
    1833
    1915
    1913
    1848
    1884
    1860
    1866
    1856
    1861
    1862
    1919
    1823
    1840
    1863
    1869
    1869
    1755
    1793
    1842
    1965
    1826
    1912
    1917
    1882
    1893
    1870
    1844
    1883
    1815
    1829
    1890
    1896
    1878
    1783
    1833
    1862
    1847
    1786
    1778
    1765
    1821
    1880
    1924
    1864
    1808
    1818
    1888
    1863
    1786
    1866
    1815
    1858
    1856
    1841
    1821
    1818
    1826
    1890
    1822
    1862
    1871
    1943
    1868
    1857
    1869
    1831
    1877
    1841
    1871
    1822
    1873
    1921
    1835
    1896
    1933
    1933
    1932
    1860
    1927
    1841
    1925
    1861
    1862
    1863
    1948
    1908
    1889
    1993
    1972
    1871
    1965
    1870
    1964
    1947
    1957
    1950
    1845
    1951
    1963
    1954
    1940
    1936
    1886
    1920
    1970
    1984
    1963
    1895
    1865
    2003
    1933
    1997
    1906
    1951
    1938
    1984
    1987
    1981
    1913
    1981
    1918
    1955
    1968
    1948
    1936
    1998
    2012
    2036
    1990
    2020
    2079
    1996
    2019
    1970
    1935
    2040
    2037
    1984
    2027
    1976
    2034
    2046
    2049
    2018
    2129
    2072
    2035
    2007
    1980
    1943
    2047
    1958
    2068
    2032
    2005
    2105
    2080
    1902
    2079
    2017
    2070
    2084
    1978
    1998
    1996
    2072
    2111
    2030
    2160
    2017
    2027
    2045
    2070
    2104
    2042
    2089
    2032
    2044
    2030
    2140
    2086
    2052
    2090
    2098
    2070
    2115
    2126
    2100
    2135
    2115
    2202
    2190
    2143
    2093
    2051
    2140
    2214
    2276
    2187
    2182
    2143
    2169
    2215
    2178
    2288
    2221
    2221
    2234
    2266
    2149
    2186
    2251
    2255
    2210
    2190
    2239
    2283
    2246
    2336
    2408
    2283
    2204
    2196
    2323
    2275
    2372
    2358
    2261
    2267
    2423
    2308
    2384
    2341
    2380
    2305
    2350
    2435
    2451
    2523
    2460
    2445
    2460
    2450
    2440
    2403
    2461
    2436
    2421
    2421
    2559
    2472
    2548
    2474
    2517
    2555
    2505
    2610
    2606
    2495
    2588
    2656
    2638
    2646
    2693
    2637
    2560
    2773
    2747
    2722
    2713
    2665
    2777
    2772
    2667
    2739
    2738
    2817
    2756
    2806
    2754
    2761
    3010
    2855
    2843
    2892
    2960
    2987
    2964
    2918
    2923
    3002
    3031
    2969
    3120
    3168
    3114
    3144
    3154
    3240
    3120
    3096
    3267
    3215
    3198
    3293
    3345
    3248
    3222
    3300
    3433
    3343
    3363
    3391
    3397
    3411
    3414
    3565
    3474
    3615
    3625
    3608
    3615
    3723
    3781
    3772
    3727
    3726
    3886
    3838
    3796
    3825
    3952
    3925
    3903
    3918
    4031
    3891
    4050
    3981
    4088
    4114
    4058
    4181
    4225
    4095
    4208
    4130
    4289
    4248
    4377
    4283
    4432
    4441
    4524
    4461
    4439
    4396
    4528
    4712
    4548
    4786
    4704
    4752
    4771
    4688
    4758
    4829
    5057
    4846
    4792
    4983
    4816
    4888
    4910
    4984
    5110
    4997
    5160
    5144
    5131
    5266
    5296
    5276
    5228
    5210
    5187
    5290
    5379
    5430
    5406
    5398
    5399
    5502
    5524
    5438
    5600
    5406
    5499
    5477
    5469
    5582
    5467
    5640
    5563
    5601
    5568
    5566
    5548
    5525
    5619
    5639
    5514
    5319
    5555
    5555
    5479
    5501
    5571
    5418
    5591
    5555
    5562
    5492
    5610
    5608
    5542
    5519
    5546
    5588
    5486
    5640
    5471
    5514
    5593
    5409
    5533
    5346
    5533
    5317
    5437
    5584
    5497
    5447
    5479
    5541
    5542
    5499
    5561
    5499
    5421
    5631
    5407
    5542
    5399
    5548
    5643
    5637
    5450
    5513
    5397
    5484
    5568
    5571
    5515
    5552
    5551
    5593
    5603
    5663
    5613
    5750
    5717
    5732
    5564
    5796
    5720
    5853
    5873
    5835
    5841
    5886
    5946
    5981
    5979
    6050
    5989
    5987
    6155
    6091
    6238
    6147
    6178
    6089
    6218
    6310
    6182
    6333
    6355
    6315
    6362
    6540
    6467
    6499
    6526
    6592
    6530
    6685
    6640
    6716
    6839
    6980
    6968
    6898
    6947
    7079
    7103
    6998
    7231
    7029
    7273
    7342
    7405
    7396
    7337
    7522
    7470
    7500
    7576
    7720
    7965
    7961
    7832
    7750
    7767
    8162
    8031
    8136
    8117
    8242
    8305
    8297
    8429
    8355
    8424
    8574
    8737
    8745
    8617
    8881
    8878
    9062
    9114
    9185
    9282
    9294
    9383
    9503
    9391
    9673
    9821
    9765
   10147
   10054
    9974
   10100
   10259
   10356
   10453
   10477
   10420
   10431
   10662
   11037
   10809
   11138
   11078
   11326
   11513
   11421
   11383
   11546
   11725
   11904
   11916
   12039
   12210
   11880
   12299
   12601
   12676
   12589
   12812
   13145
   13094
   13245
   13416
   13367
   13550
   13511
   13668
   13778
   14125
   13965
   14434
   14372
   14507
   14568
   14848
   15045
   15183
   15313
   15494
   15373
   15894
   15999
   15871
   16082
   16134
   16397
   16550
   16859
   16958
   16970
   17337
   17647
   17754
   17779
   17951
   17874
   18370
   18480
   18669
   18888
   19023
   19374
   19452
   19489
   19887
   20134
   20095
   20482
   20720
   20535
   21178
   21065
   21447
   21627
   21596
   22001
   22216
   22218
   22939
   22982
   23506
   23356
   23645
   24044
   24120
   24431
   24795
   24988
   25221
   25484
   25672
   26159
   26636
   27000
   27024
   27401
   27600
   27929
   28275
   28388
   28836
   29176
   29787
   29691
   30175
   30705
   31039
   31139
   31740
   32044
   32850
   33091
   33203
   33695
   33982
   34724
   34826
   35445
   35885
   36085
   37162
   37088
   37520
   38060
   38722
   39335
   39691
   40133
   40740
   41373
   41730
   42366
   42999
   43511
   44176
   44815
   45325
   46199
   46616
   47739
   48272
   48685
   49640
   50439
   51220
   51884
   52931
   53600
   54784
   54995
   56307
   56804
   57882
   58874
   59361
   60656
   61992
   62817
       0
       0
       0
       0
       0
       0
       0
       0
       0
       0
       0
       0
       0
       0
       0
       0
       0
       0
       0
       0
       0
       0
       0
       0
       0
       0
       0
       0
       0
       0
       0
       0
$ROI:
0
$PRESETS:
None
0
0
$ENER_FIT:
-0.169488 0.023446
$MCA_CAL:
3
-1.694878E-001 2.344633E-002 0.000000E+000 keV
$SHAPE_CAL:
3
0.000000E+000 0.000000E+000 0.000000E+000
