$SPEC_ID:
No sample description was entered.
$SPEC_REM:
DET# 4
DETDESC# JLAB-20 MCB 131
AP# Maestro Version 7.01
$DATE_MEA:
09/29/2025 15:16:44
$MEAS_TIM:
12176 12477
$DATA:
0 2047
       0
       0
       0
       0
       0
       0
       0
       0
       0
       0
       0
       0
       0
       0
       0
       0
       0
       0
       0
       0
       0
       0
       0
       0
       0
       0
       0
       0
       0
       0
       0
       0
       0
       0
       0
       0
       0
       0
       0
       0
       0
       0
       0
       0
       0
       0
       0
       0
       0
       0
       0
       0
       0
       0
       0
       0
       0
       0
       0
       0
       0
       0
       0
       0
       0
       0
       0
       0
       0
      32
    1314
    1444
    1358
    1199
    1288
    1218
    1196
    1091
    1125
    1140
    1080
    1179
    1100
    1069
    1094
    1087
    1032
    1062
    1063
    1023
    1032
     996
     966
     921
     932
     944
     931
     960
     996
     983
     955
     945
     924
     940
     894
     914
     890
     876
     884
     828
     839
     832
     887
     815
     836
     858
     825
     788
     819
     847
     798
     778
     817
     819
     824
     813
     808
     806
     805
     793
     743
     805
     781
     795
     700
     796
     772
     757
     742
     739
     720
     706
     731
     799
     713
     706
     715
     752
     741
     756
     734
     705
     741
     714
     687
     693
     692
     706
     691
     642
     687
     672
     649
     667
     695
     667
     693
     695
     693
     683
     695
     646
     695
     619
     652
     629
     718
     674
     639
     691
     632
     631
     677
     622
     600
     620
     645
     649
     635
     630
     649
     618
     612
     667
     649
     638
     608
     644
     602
     622
     617
     675
     625
     649
     581
     601
     595
     646
     643
     601
     616
     590
     581
     594
     614
     592
     597
     641
     632
     614
     615
     645
     595
     623
     616
     635
     600
     646
     581
     587
     611
     568
     616
     647
     621
     636
     606
     583
     564
     562
     628
     579
     587
     587
     580
     623
     579
     569
     565
     549
     584
     605
     591
     602
     596
     602
     637
     640
     631
     620
     613
     608
     676
     637
     604
     599
     642
     615
     603
     636
     620
     610
     641
     634
     662
     615
     656
     627
     592
     635
     617
     633
     659
     633
     565
     601
     675
     656
     611
     604
     652
     586
     681
     651
     621
     679
     630
     586
     644
     708
     689
     673
     685
     685
     747
     740
     759
     804
     880
     960
    1027
    1123
    1234
    1340
    1472
    1627
    1889
    1990
    2296
    2561
    2866
    3151
    3485
    3857
    4252
    4629
    4873
    5490
    5762
    6196
    6768
    7061
    7407
    7517
    8075
    8457
    8429
    8705
    8979
    9334
    9311
    9486
    9551
    9686
    9509
    9708
    9756
    9632
    9768
    9524
    9419
    9340
    9321
    9161
    9091
    8844
    8676
    8657
    8452
    8313
    8114
    7923
    7649
    7522
    7364
    7015
    6916
    6680
    6517
    6176
    5913
    5687
    5402
    5302
    5108
    4953
    4602
    4411
    4195
    4021
    3853
    3762
    3422
    3431
    3325
    3190
    3148
    2886
    2717
    2718
    2705
    2443
    2490
    2398
    2380
    2143
    2213
    2123
    1940
    1980
    1822
    1719
    1733
    1560
    1504
    1473
    1387
    1335
    1298
    1147
    1056
    1080
     982
     972
     846
     820
     769
     722
     696
     575
     602
     530
     541
     516
     497
     485
     437
     429
     432
     437
     457
     426
     415
     451
     387
     429
     356
     416
     404
     409
     391
     397
     421
     411
     387
     416
     421
     440
     357
     411
     374
     395
     378
     423
     407
     386
     426
     376
     422
     416
     392
     372
     397
     376
     356
     391
     399
     373
     383
     375
     376
     381
     386
     397
     365
     384
     368
     323
     395
     339
     360
     373
     390
     361
     350
     360
     379
     390
     328
     362
     354
     351
     340
     343
     323
     325
     345
     376
     335
     357
     374
     347
     356
     367
     377
     395
     344
     322
     333
     354
     348
     330
     366
     345
     342
     340
     383
     353
     345
     328
     360
     390
     356
     345
     337
     338
     346
     317
     348
     363
     348
     301
     351
     362
     379
     385
     322
     352
     347
     361
     368
     342
     342
     355
     372
     361
     337
     372
     378
     340
     329
     306
     349
     307
     327
     349
     319
     359
     334
     352
     323
     303
     355
     333
     309
     324
     313
     315
     352
     314
     319
     342
     331
     328
     318
     323
     319
     328
     289
     299
     328
     310
     314
     314
     308
     323
     323
     316
     310
     298
     298
     292
     314
     257
     300
     282
     300
     282
     312
     293
     291
     282
     310
     323
     331
     308
     311
     311
     275
     276
     297
     309
     306
     288
     320
     283
     286
     320
     306
     315
     288
     268
     303
     294
     302
     271
     296
     292
     303
     292
     331
     281
     326
     298
     299
     310
     313
     297
     304
     293
     323
     282
     276
     314
     294
     317
     295
     308
     314
     317
     290
     264
     293
     295
     312
     328
     304
     294
     263
     288
     288
     289
     314
     294
     274
     305
     293
     270
     286
     297
     295
     275
     267
     304
     280
     282
     277
     274
     304
     260
     312
     267
     278
     270
     280
     285
     283
     300
     258
     304
     276
     313
     297
     297
     280
     285
     297
     264
     268
     287
     285
     300
     289
     282
     305
     270
     282
     295
     282
     260
     280
     255
     283
     298
     292
     277
     268
     287
     282
     279
     304
     279
     280
     274
     262
     290
     267
     279
     289
     276
     258
     264
     257
     290
     275
     253
     307
     300
     258
     254
     294
     256
     269
     261
     286
     280
     265
     279
     266
     274
     281
     295
     264
     284
     260
     291
     286
     285
     286
     298
     257
     248
     276
     286
     250
     271
     253
     254
     276
     284
     278
     285
     276
     262
     288
     245
     263
     282
     267
     277
     278
     247
     247
     243
     257
     238
     249
     245
     276
     292
     262
     273
     282
     268
     259
     284
     271
     237
     263
     257
     284
     248
     267
     259
     269
     254
     274
     273
     253
     241
     273
     254
     246
     280
     252
     258
     268
     276
     237
     265
     249
     275
     249
     271
     253
     240
     278
     232
     227
     252
     247
     244
     243
     284
     264
     252
     230
     244
     256
     246
     219
     248
     246
     242
     278
     231
     302
     262
     253
     263
     260
     267
     266
     260
     257
     240
     240
     278
     275
     233
     258
     241
     261
     253
     237
     252
     260
     231
     242
     265
     242
     251
     273
     258
     236
     243
     257
     231
     249
     235
     270
     248
     261
     255
     284
     249
     239
     242
     254
     263
     254
     269
     269
     256
     247
     241
     238
     237
     231
     233
     264
     241
     257
     219
     228
     254
     251
     232
     228
     245
     267
     241
     270
     262
     241
     241
     272
     226
     225
     225
     227
     230
     236
     261
     251
     247
     252
     244
     246
     252
     280
     265
     256
     241
     277
     260
     248
     256
     243
     266
     243
     241
     256
     272
     251
     225
     239
     237
     247
     259
     278
     231
     267
     246
     254
     255
     260
     255
     233
     269
     264
     246
     240
     243
     273
     262
     240
     246
     233
     248
     266
     264
     256
     256
     247
     225
     234
     254
     247
     247
     230
     237
     226
     249
     251
     216
     232
     233
     254
     240
     250
     243
     236
     262
     218
     264
     239
     235
     243
     227
     228
     269
     244
     235
     232
     232
     247
     239
     241
     241
     235
     244
     234
     239
     258
     257
     257
     267
     272
     259
     218
     242
     261
     249
     229
     246
     255
     249
     249
     209
     251
     246
     253
     248
     274
     239
     221
     276
     256
     233
     236
     235
     246
     259
     245
     256
     238
     224
     263
     238
     245
     266
     237
     262
     252
     234
     278
     251
     245
     255
     277
     252
     280
     237
     254
     263
     280
     281
     246
     223
     264
     229
     263
     259
     256
     230
     240
     230
     240
     251
     239
     246
     252
     248
     235
     233
     232
     253
     219
     230
     200
     251
     219
     224
     269
     229
     268
     257
     255
     247
     252
     253
     250
     223
     214
     265
     265
     245
     278
     260
     245
     230
     249
     254
     252
     240
     247
     241
     256
     267
     295
     274
     287
     255
     285
     294
     264
     257
     234
     244
     236
     258
     265
     255
     277
     296
     270
     240
     268
     251
     284
     246
     251
     272
     268
     260
     261
     273
     228
     249
     268
     255
     239
     251
     264
     249
     215
     222
     242
     241
     249
     248
     226
     254
     241
     225
     254
     229
     209
     229
     239
     237
     177
     205
     210
     214
     217
     207
     205
     212
     205
     233
     221
     215
     187
     227
     201
     221
     217
     205
     240
     211
     222
     216
     235
     200
     212
     217
     224
     219
     202
     209
     230
     196
     230
     230
     224
     222
     219
     215
     229
     212
     218
     239
     210
     217
     201
     216
     237
     210
     257
     224
     215
     228
     217
     208
     203
     201
     215
     197
     198
     201
     224
     215
     254
     206
     237
     221
     205
     198
     243
     185
     217
     242
     216
     231
     220
     212
     232
     238
     229
     231
     232
     204
     215
     231
     247
     221
     238
     226
     240
     230
     264
     227
     207
     219
     216
     232
     248
     265
     218
     253
     223
     261
     201
     215
     212
     242
     215
     258
     226
     201
     222
     231
     214
     221
     233
     204
     219
     232
     216
     220
     229
     208
     223
     239
     195
     207
     219
     206
     195
     202
     220
     204
     226
     233
     198
     238
     237
     222
     231
     219
     236
     209
     189
     244
     229
     241
     235
     206
     192
     225
     214
     207
     213
     208
     223
     239
     218
     206
     220
     237
     228
     225
     217
     201
     254
     218
     210
     235
     212
     219
     221
     223
     243
     225
     236
     201
     246
     229
     217
     239
     221
     237
     197
     214
     232
     255
     223
     221
     232
     226
     261
     234
     214
     231
     215
     220
     231
     245
     196
     212
     232
     227
     241
     236
     223
     239
     221
     235
     236
     217
     250
     254
     224
     231
     236
     242
     244
     234
     258
     236
     214
     253
     241
     228
     257
     236
     233
     242
     222
     223
     230
     229
     225
     253
     208
     256
     261
     225
     222
     256
     248
     216
     226
     266
     237
     257
     251
     239
     249
     266
     221
     227
     240
     245
     246
     253
     236
     238
     276
     259
     218
     234
     231
     228
     237
     235
     233
     271
     261
     272
     224
     256
     240
     250
     224
     258
     239
     245
     259
     257
     242
     265
     229
     244
     232
     258
     264
     238
     243
     254
     274
     216
     256
     259
     240
     252
     247
     270
     255
     285
     252
     242
     251
     248
     272
     266
     268
     259
     236
     273
     279
     284
     276
     266
     288
     236
     249
     270
     296
     266
     252
     283
     272
     248
     262
     260
     265
     264
     297
     282
     290
     253
     272
     282
     269
     270
     302
     269
     284
     260
     269
     291
     289
     261
     301
     243
     264
     270
     265
     316
     259
     292
     282
     274
     295
     279
     292
     271
     300
     288
     279
     311
     324
     297
     294
     286
     286
     306
     289
     313
     331
     261
     314
     314
     350
     319
     351
     315
     285
     336
     357
     318
     307
     314
     313
     344
     324
     336
     350
     362
     332
     356
     301
     329
     374
     333
     335
     356
     357
     352
     364
     351
     345
     320
     357
     369
     443
     383
     350
     381
     373
     393
     343
     354
     360
     400
     365
     412
     408
     368
     385
     402
     426
     399
     389
     407
     365
     403
     398
     406
     406
     458
     450
     430
     433
     477
     453
     480
     472
     448
     452
     439
     455
     439
     486
     464
     483
     499
     500
     474
     501
     460
     541
     477
     466
     514
     493
     448
     511
     481
     508
     524
     498
     493
     543
     523
     563
     551
     509
     536
     534
     570
     529
     587
     553
     570
     568
     538
     524
     549
     613
     577
     579
     599
     553
     563
     624
     581
     571
     582
     605
     647
     599
     623
     628
     639
     636
     646
     620
     658
     639
     638
     633
     616
     597
     614
     666
     644
     642
     633
     675
     648
     677
     696
     647
     644
     658
     671
     654
     661
     676
     651
     719
     705
     647
     657
     682
     723
     653
     631
     683
     631
     683
     681
     668
     685
     715
     677
     673
     669
     673
     678
     668
     711
     656
     683
     662
     617
     639
     623
     647
     671
     667
     659
     666
     623
     634
     683
     649
     683
     665
     611
     602
     674
     690
     662
     676
     661
     657
     673
     649
     632
     661
     662
     692
     650
     647
     671
     659
     662
     684
     660
     672
     682
     705
     662
     697
     693
     678
     722
     706
     696
     718
     710
     723
     771
     701
     766
     718
     731
     724
     761
     725
     763
     732
     716
     694
     772
     780
     700
     748
     745
     737
     709
     750
     755
     758
     771
     796
     789
     786
     819
     791
     855
     782
     833
     839
     836
     859
     850
     863
     848
     865
     861
     863
     866
     872
     899
     858
     924
     923
     885
     924
     956
     931
     945
     927
     947
     969
     958
     965
    1023
    1006
     958
     970
    1055
    1021
    1040
    1063
    1033
    1040
    1066
    1018
    1059
    1101
    1080
    1080
    1120
    1108
    1121
    1141
    1133
    1190
    1153
    1160
    1169
    1195
    1222
    1225
    1252
    1235
    1204
    1285
    1198
    1217
    1366
    1256
    1315
    1342
    1366
    1445
    1387
    1361
    1355
    1373
    1460
    1410
    1465
    1498
    1399
    1456
    1492
    1471
    1542
    1518
    1544
    1574
    1589
    1613
    1483
    1620
    1610
    1597
    1647
    1682
    1630
    1701
    1732
    1671
    1752
    1795
    1726
    1821
    1841
    1855
    1870
    1825
    1910
    1855
    1914
    1893
    1952
    1928
    1993
    2007
    2057
    2107
    2064
    2145
    2106
    2147
    2191
    2203
    2088
    2274
    2253
    2241
    2298
    2227
    2272
    2318
    2395
    2426
    2400
    2527
    2473
    2445
    2537
    2661
    2564
    2535
    2713
    2760
    2546
    2777
    2774
    2804
    2832
    2720
    2878
    2818
    2866
    2943
    2930
    3056
    2925
    3129
    3022
    3153
    3131
    3265
    3174
    3252
    3282
    3348
    3308
    3481
    3496
    3385
    3530
    3467
    3622
    3690
    3679
    3812
    3683
    3888
    3926
    3959
    3995
    3937
    4190
    4031
    4241
    4258
    4316
    4461
    4465
    4497
    4431
    4586
    4558
    4645
    4787
    4871
    4939
    4833
    5129
    5137
    5093
    5233
    5267
    5353
    5363
    5470
    5694
    5774
    5700
    5739
    6092
    5965
    6209
    6216
    6448
    6516
    6490
    6697
    6684
    6891
    6911
    6971
    7179
    7351
    7464
       0
       0
       0
       0
       0
       0
       0
       0
       0
       0
       0
       0
       0
       0
       0
       0
       0
       0
       0
       0
       0
       0
       0
       0
       0
       0
       0
       0
       0
       0
       0
       0
$ROI:
0
$PRESETS:
None
0
0
$ENER_FIT:
-0.169488 0.023446
$MCA_CAL:
3
-1.694878E-001 2.344633E-002 0.000000E+000 keV
$SHAPE_CAL:
3
0.000000E+000 0.000000E+000 0.000000E+000
