$SPEC_ID:
No sample description was entered.
$SPEC_REM:
DET# 4
DETDESC# JLAB-20 MCB 131
AP# Maestro Version 7.01
$DATE_MEA:
10/01/2025 05:26:44
$MEAS_TIM:
146330 149880
$DATA:
0 2047
       0
       0
       0
       0
       0
       0
       0
       0
       0
       0
       0
       0
       0
       0
       0
       0
       0
       0
       0
       0
       0
       0
       0
       0
       0
       0
       0
       0
       0
       0
       0
       0
       0
       0
       0
       0
       0
       0
       0
       0
       0
       0
       0
       0
       0
       0
       0
       0
       0
       0
       0
       1
       2
       0
       1
       1
       0
       1
       0
       0
       0
       0
       0
       1
       0
       1
       1
       1
       1
     563
   16509
   16613
   15740
   15261
   14900
   14364
   14023
   14055
   13789
   13688
   13461
   13341
   13126
   13068
   12898
   12882
   12656
   12366
   12390
   12574
   12251
   11835
   12060
   11883
   11759
   11590
   11615
   11691
   11425
   11501
   11338
   11261
   11097
   11237
   10951
   10742
   10751
   10701
   10703
   10527
   10394
   10421
   10565
   10366
   10195
   10296
   10080
   10087
    9994
    9801
    9886
    9698
    9741
    9690
    9569
    9559
    9775
    9513
    9442
    9253
    9529
    9345
    9019
    9224
    9053
    9134
    9126
    9193
    8905
    8936
    8974
    8817
    8704
    8708
    8696
    8654
    8757
    8840
    8583
    8801
    8580
    8655
    8441
    8545
    8398
    8319
    8292
    8376
    8423
    8250
    8257
    8097
    8202
    8168
    8150
    8104
    8104
    8127
    8015
    8020
    7843
    7958
    7979
    7846
    7986
    7949
    7865
    7825
    7868
    7781
    7693
    7728
    7816
    7718
    7651
    7754
    7632
    7638
    7722
    7618
    7627
    7621
    7505
    7690
    7715
    7530
    7594
    7432
    7578
    7571
    7528
    7508
    7478
    7527
    7339
    7228
    7380
    7374
    7261
    7347
    7366
    7469
    7425
    7325
    7487
    7247
    7338
    7436
    7259
    7341
    7471
    7368
    7372
    7452
    7295
    7220
    7233
    7279
    7368
    7348
    7318
    7253
    7228
    7370
    7307
    7176
    7195
    7272
    7101
    7195
    7166
    7127
    7297
    7093
    7275
    7205
    7175
    7219
    7301
    7218
    7303
    7212
    7287
    7232
    7280
    7313
    7301
    7402
    7338
    7323
    7300
    7127
    7407
    7345
    7416
    7358
    7322
    7478
    7536
    7449
    7378
    7382
    7504
    7469
    7427
    7355
    7532
    7535
    7423
    7506
    7467
    7483
    7620
    7635
    7535
    7463
    7626
    7527
    7587
    7574
    7586
    7521
    7587
    7662
    7609
    7697
    7742
    7777
    7805
    7996
    8037
    8244
    8230
    8523
    8718
    8981
    9411
   10085
   10644
   11517
   12383
   13292
   14824
   16192
   18052
   20151
   22627
   25220
   28181
   31482
   35209
   39139
   42913
   47394
   52599
   57139
   61967
   66538
   70890
   76111
   80757
   85145
   89643
   93620
   97655
  100768
  103187
  106626
  108116
  110495
  112040
  113342
  115041
  115800
  115356
  115674
  115676
  115367
  115115
  114130
  113143
  112456
  111014
  110136
  108483
  107192
  105173
  103457
  101155
   99548
   97364
   95042
   92655
   90870
   87721
   84914
   82516
   80159
   77000
   74375
   71383
   68995
   66271
   63469
   60793
   57868
   55499
   52948
   50500
   48284
   45902
   44118
   41721
   40281
   38540
   37257
   35828
   34573
   33190
   32655
   31535
   30170
   29506
   28370
   27630
   26509
   25845
   24855
   23649
   22960
   22072
   21184
   20423
   19270
   18357
   17379
   16744
   15606
   14911
   13859
   12972
   12348
   11312
   10876
   10044
    9392
    8870
    8375
    7913
    7223
    6972
    6459
    6228
    6099
    5959
    5742
    5383
    5236
    5180
    5095
    5061
    4989
    5083
    5128
    4968
    4961
    4823
    4952
    4922
    4889
    4811
    4982
    4895
    4991
    4874
    4901
    4957
    5007
    4691
    4928
    4863
    4948
    4854
    4712
    4802
    4684
    4756
    4742
    4724
    4768
    4609
    4768
    4763
    4626
    4638
    4719
    4648
    4506
    4544
    4446
    4567
    4612
    4545
    4544
    4488
    4493
    4447
    4449
    4490
    4403
    4442
    4303
    4517
    4474
    4375
    4320
    4342
    4412
    4229
    4360
    4366
    4175
    4246
    4303
    4131
    4180
    4229
    4239
    4214
    4178
    4295
    4274
    4240
    4161
    4228
    4356
    4178
    4140
    4162
    4157
    4182
    4133
    4197
    4270
    4193
    4135
    4288
    4157
    4096
    4086
    4270
    4296
    4247
    4178
    4215
    4174
    4187
    4110
    4176
    4297
    4267
    4181
    4317
    4281
    4161
    4292
    4216
    4184
    4183
    4180
    4196
    4204
    4196
    4068
    4279
    4270
    4127
    4236
    4179
    4120
    4208
    4163
    4102
    4145
    4066
    3992
    3993
    4082
    4064
    4001
    3846
    3952
    3939
    3990
    3905
    3971
    3882
    3786
    3888
    3841
    3878
    3782
    3813
    3848
    3775
    3810
    3903
    3779
    3853
    3933
    3798
    3732
    3751
    3766
    3728
    3699
    3796
    3693
    3659
    3613
    3666
    3630
    3564
    3695
    3666
    3593
    3642
    3565
    3671
    3700
    3669
    3717
    3631
    3630
    3639
    3706
    3588
    3606
    3514
    3570
    3616
    3584
    3601
    3593
    3632
    3600
    3566
    3687
    3701
    3689
    3630
    3696
    3498
    3660
    3591
    3606
    3636
    3611
    3638
    3534
    3542
    3540
    3546
    3706
    3686
    3593
    3629
    3708
    3547
    3629
    3659
    3586
    3510
    3484
    3555
    3578
    3591
    3565
    3615
    3472
    3583
    3525
    3553
    3455
    3496
    3531
    3560
    3440
    3500
    3508
    3483
    3488
    3507
    3483
    3481
    3464
    3453
    3422
    3440
    3482
    3500
    3418
    3520
    3475
    3475
    3445
    3436
    3430
    3443
    3564
    3397
    3372
    3452
    3407
    3487
    3306
    3479
    3345
    3427
    3516
    3355
    3398
    3429
    3462
    3475
    3519
    3385
    3492
    3343
    3469
    3363
    3444
    3461
    3314
    3370
    3315
    3469
    3333
    3384
    3481
    3474
    3419
    3306
    3404
    3348
    3356
    3413
    3416
    3426
    3384
    3401
    3379
    3347
    3399
    3364
    3400
    3291
    3336
    3352
    3209
    3327
    3313
    3215
    3258
    3336
    3275
    3315
    3239
    3273
    3245
    3215
    3310
    3334
    3320
    3422
    3308
    3345
    3338
    3255
    3294
    3250
    3337
    3262
    3350
    3299
    3268
    3275
    3188
    3192
    3224
    3271
    3225
    3311
    3343
    3225
    3210
    3218
    3180
    3215
    3183
    3152
    3200
    3173
    3165
    3179
    3157
    3176
    3199
    3228
    3193
    3173
    3166
    3108
    3185
    3076
    3109
    3124
    3051
    3174
    3133
    3195
    3010
    3211
    3079
    3244
    3111
    3233
    3097
    3188
    3121
    3064
    3056
    3117
    3032
    3105
    3125
    3195
    3134
    3074
    3022
    3095
    3039
    3160
    3136
    3124
    3211
    3084
    3148
    3034
    3123
    3149
    3002
    3070
    3054
    3080
    3038
    3063
    3021
    2958
    3039
    3092
    3043
    3050
    3133
    3043
    3033
    3102
    3055
    3012
    3030
    2970
    3048
    3078
    3085
    3193
    3075
    3083
    3056
    3079
    3029
    3010
    3063
    3010
    3015
    3063
    2938
    3046
    3029
    3084
    2958
    3087
    2969
    3013
    3095
    2898
    3007
    3027
    3009
    3045
    3067
    3006
    2962
    2922
    3036
    3005
    3059
    3049
    3025
    3022
    3005
    3015
    3102
    2964
    2988
    2911
    2987
    3029
    2990
    2927
    2924
    2965
    2946
    3050
    3005
    3025
    2929
    2924
    2952
    2958
    2958
    2943
    2928
    2945
    2975
    2952
    2923
    2893
    2993
    2882
    2990
    2887
    2927
    2969
    3024
    2935
    2965
    3007
    2844
    2932
    2928
    2938
    3072
    2951
    2917
    2940
    2979
    2971
    3010
    3054
    3069
    3081
    3118
    2972
    3005
    3127
    3060
    3018
    3054
    3065
    2976
    2992
    3052
    3023
    3001
    2998
    2976
    3013
    2963
    2975
    3039
    3095
    2919
    3108
    2939
    3019
    2995
    3024
    2919
    2969
    2911
    2891
    2894
    2896
    2986
    2972
    3006
    2949
    3049
    2981
    2948
    3052
    3021
    2859
    2896
    2853
    2853
    2890
    2928
    2884
    2916
    2834
    2887
    2905
    2953
    2966
    2880
    2846
    2879
    2821
    2974
    2896
    2869
    2908
    2839
    2860
    2872
    2945
    2952
    2779
    2858
    2834
    2955
    2908
    2830
    2912
    2933
    2978
    2865
    2996
    2935
    2981
    3009
    2991
    2936
    3103
    3004
    2927
    3047
    2979
    3031
    2985
    3109
    2979
    2989
    3034
    3046
    3017
    3109
    2907
    2965
    3060
    2987
    3070
    3064
    3075
    3037
    3023
    3075
    3011
    3026
    3101
    2988
    3039
    3159
    3081
    3034
    3030
    2957
    2992
    2958
    2957
    3083
    2959
    2919
    2930
    3077
    2973
    2965
    3032
    3074
    2936
    2976
    2973
    2999
    3004
    2941
    3024
    3010
    3000
    2905
    2908
    2927
    3037
    2943
    2987
    2923
    2997
    2878
    2937
    2807
    2907
    2931
    2862
    2922
    2849
    2911
    2817
    2880
    2878
    2869
    2752
    2892
    2886
    2734
    2786
    2833
    2983
    2901
    2865
    2876
    2916
    2871
    3032
    2937
    2938
    3008
    3026
    2978
    3028
    3017
    3038
    3094
    3154
    3161
    3113
    3207
    3221
    3225
    3227
    3208
    3211
    3342
    3311
    3164
    3256
    3331
    3197
    3279
    3194
    3322
    3310
    3232
    3285
    3203
    3137
    3262
    3210
    3178
    3160
    3116
    3233
    3101
    3029
    3127
    3020
    3025
    3133
    3050
    2972
    2951
    3071
    2925
    2836
    2937
    2969
    2835
    2775
    2736
    2729
    2789
    2809
    2724
    2681
    2820
    2740
    2739
    2739
    2631
    2591
    2663
    2739
    2667
    2570
    2638
    2567
    2623
    2697
    2551
    2618
    2648
    2625
    2670
    2596
    2618
    2630
    2606
    2581
    2656
    2597
    2642
    2676
    2609
    2687
    2643
    2638
    2643
    2634
    2629
    2581
    2637
    2563
    2594
    2647
    2626
    2644
    2645
    2575
    2529
    2644
    2722
    2659
    2582
    2681
    2711
    2712
    2663
    2662
    2650
    2639
    2663
    2822
    2633
    2660
    2608
    2718
    2737
    2609
    2565
    2612
    2640
    2680
    2621
    2623
    2665
    2705
    2686
    2630
    2720
    2759
    2526
    2639
    2607
    2695
    2629
    2687
    2728
    2660
    2741
    2676
    2653
    2770
    2673
    2630
    2671
    2712
    2715
    2659
    2646
    2719
    2700
    2860
    2717
    2703
    2720
    2611
    2648
    2720
    2781
    2827
    2695
    2691
    2678
    2754
    2826
    2705
    2799
    2796
    2813
    2748
    2756
    2775
    2783
    2750
    2683
    2705
    2686
    2775
    2735
    2680
    2716
    2614
    2668
    2669
    2724
    2684
    2748
    2665
    2685
    2703
    2683
    2740
    2595
    2604
    2625
    2754
    2664
    2702
    2719
    2706
    2696
    2616
    2677
    2713
    2565
    2615
    2740
    2691
    2639
    2613
    2652
    2696
    2642
    2583
    2536
    2622
    2642
    2658
    2731
    2648
    2594
    2616
    2684
    2626
    2559
    2690
    2571
    2639
    2679
    2658
    2619
    2654
    2565
    2688
    2617
    2638
    2678
    2761
    2711
    2684
    2678
    2681
    2715
    2653
    2748
    2628
    2661
    2745
    2653
    2757
    2760
    2723
    2780
    2667
    2746
    2656
    2729
    2687
    2688
    2688
    2740
    2780
    2746
    2852
    2781
    2765
    2792
    2697
    2754
    2797
    2819
    2767
    2680
    2791
    2744
    2799
    2767
    2758
    2784
    2723
    2831
    2837
    2806
    2747
    2669
    2852
    2755
    2804
    2726
    2808
    2783
    2837
    2862
    2836
    2744
    2816
    2815
    2832
    2891
    2817
    2770
    2858
    2837
    2871
    2872
    2884
    2901
    2858
    2887
    2838
    2823
    2900
    2855
    2819
    2894
    2901
    2911
    2948
    2920
    2881
    3002
    2960
    2973
    2912
    2792
    2886
    2926
    2898
    2932
    2894
    2864
    2985
    2909
    2771
    2944
    2928
    2887
    3008
    2859
    2861
    2959
    2944
    2991
    2926
    3019
    2897
    2936
    2974
    2955
    3014
    2930
    3037
    2964
    2921
    2933
    3040
    2984
    2950
    2969
    3056
    3024
    3042
    3051
    2975
    3097
    2999
    3151
    3071
    3101
    3024
    3000
    3086
    3143
    3239
    3171
    3144
    3170
    3133
    3207
    3131
    3189
    3160
    3130
    3184
    3297
    3099
    3178
    3290
    3242
    3170
    3129
    3225
    3284
    3238
    3279
    3400
    3254
    3262
    3211
    3308
    3206
    3412
    3365
    3267
    3310
    3459
    3316
    3401
    3345
    3456
    3351
    3366
    3493
    3476
    3589
    3484
    3492
    3552
    3578
    3603
    3538
    3594
    3509
    3520
    3539
    3703
    3550
    3625
    3575
    3575
    3658
    3697
    3710
    3751
    3629
    3732
    3761
    3736
    3783
    3884
    3826
    3768
    3934
    3925
    3926
    3914
    3838
    3987
    3959
    3894
    3938
    3959
    4098
    3939
    4014
    4060
    3979
    4321
    4077
    4123
    4149
    4255
    4221
    4335
    4193
    4232
    4358
    4385
    4277
    4447
    4528
    4501
    4484
    4546
    4661
    4467
    4474
    4655
    4686
    4601
    4772
    4769
    4723
    4672
    4732
    4970
    4790
    4799
    4928
    4938
    5008
    4902
    5078
    5052
    5109
    5184
    5211
    5175
    5362
    5401
    5404
    5343
    5341
    5539
    5480
    5485
    5487
    5675
    5637
    5693
    5634
    5674
    5649
    5731
    5762
    5906
    5907
    5919
    5980
    6135
    5962
    6007
    5958
    6180
    6139
    6255
    6233
    6432
    6414
    6394
    6448
    6394
    6403
    6578
    6681
    6601
    6814
    6812
    6783
    6756
    6787
    6885
    6940
    7181
    6959
    6929
    7107
    7024
    7017
    7117
    7202
    7308
    7159
    7444
    7449
    7395
    7456
    7523
    7545
    7458
    7591
    7455
    7515
    7666
    7752
    7726
    7683
    7730
    7763
    7872
    7790
    7948
    7748
    7902
    7899
    7879
    7999
    7849
    7996
    7931
    7982
    7923
    7938
    8014
    7963
    7976
    8109
    7912
    7752
    8044
    7985
    7902
    7960
    8024
    7832
    7900
    7947
    7944
    7921
    8142
    8132
    7889
    7939
    8006
    7916
    7935
    8013
    7832
    7953
    8021
    7817
    8006
    7677
    7993
    7710
    7910
    8047
    7989
    7976
    7883
    8022
    7917
    7895
    7936
    7873
    7886
    8006
    7807
    7987
    7759
    7991
    8103
    8097
    7783
    8005
    7814
    7976
    7904
    8041
    8025
    8076
    8112
    8054
    8187
    8165
    8169
    8267
    8236
    8171
    8071
    8352
    8289
    8480
    8437
    8390
    8334
    8498
    8535
    8549
    8490
    8648
    8610
    8664
    8815
    8782
    8869
    8870
    8815
    8823
    8925
    8982
    9055
    9126
    9095
    9034
    9194
    9436
    9509
    9376
    9318
    9603
    9396
    9542
    9609
    9646
    9872
    9957
    9898
    9850
    9996
   10106
   10175
   10120
   10343
   10133
   10376
   10643
   10649
   10615
   10638
   10696
   10739
   10865
   10996
   11076
   11381
   11314
   11206
   11308
   11146
   11749
   11565
   11722
   11822
   11776
   11881
   11980
   12141
   11955
   12069
   12325
   12535
   12597
   12461
   12680
   12768
   12923
   13239
   13219
   13301
   13497
   13448
   13581
   13552
   13841
   14024
   13937
   14382
   14568
   14377
   14537
   14716
   14807
   15041
   15161
   15122
   15128
   15430
   15835
   15511
   16123
   15971
   16212
   16615
   16299
   16490
   16499
   16801
   17171
   17177
   17342
   17636
   17252
   17713
   18059
   18207
   18107
   18429
   18788
   18897
   19139
   19368
   19195
   19474
   19471
   19647
   19758
   20333
   20108
   20802
   20685
   20979
   21054
   21440
   21570
   21790
   21978
   22267
   22143
   22972
   23036
   22780
   23128
   23229
   23585
   23735
   24294
   24292
   24481
   24890
   25314
   25461
   25655
   25705
   25714
   26382
   26695
   26907
   27160
   27418
   27862
   27838
   28121
   28509
   28795
   28979
   29555
   29653
   29678
   30347
   30321
   30708
   31022
   31202
   31575
   32081
   31846
   32995
   33143
   33550
   33730
   34008
   34604
   34655
   35324
   35658
   35891
   36294
   36664
   36930
   37661
   38383
   38818
   38963
   39306
   39551
   40274
   40862
   41037
   41468
   42045
   42641
   42808
   43628
   43991
   44724
   44980
   45606
   46216
   47334
   47534
   47786
   48390
   48972
   49746
   49989
   51248
   51807
   51845
   53302
   53474
   53976
   54934
   55586
   56766
   57119
   58085
   58494
   59385
   60039
   60953
   61869
   62267
   63541
   64575
   65328
   66692
   67220
   68541
   69335
   70211
   71312
   72423
   73891
   74605
   76138
   76942
   78945
   79212
   81209
   81770
   83504
   84646
   85260
   87330
   89230
   90298
       0
       0
       0
       0
       0
       0
       0
       0
       0
       0
       0
       0
       0
       0
       0
       0
       0
       0
       0
       0
       0
       0
       0
       0
       0
       0
       0
       0
       0
       0
       0
       0
$ROI:
0
$PRESETS:
None
0
0
$ENER_FIT:
-0.169488 0.023446
$MCA_CAL:
3
-1.694878E-001 2.344633E-002 0.000000E+000 keV
$SHAPE_CAL:
3
0.000000E+000 0.000000E+000 0.000000E+000
