$SPEC_ID:
No sample description was entered.
$SPEC_REM:
DET# 4
DETDESC# JLAB-20 MCB 131
AP# Maestro Version 7.01
$DATE_MEA:
09/30/2025 23:56:44
$MEAS_TIM:
127006 130080
$DATA:
0 2047
       0
       0
       0
       0
       0
       0
       0
       0
       0
       0
       0
       0
       0
       0
       0
       0
       0
       0
       0
       0
       0
       0
       0
       0
       0
       0
       0
       0
       0
       0
       0
       0
       0
       0
       0
       0
       0
       0
       0
       0
       0
       0
       0
       0
       0
       0
       0
       0
       0
       0
       0
       1
       2
       0
       1
       1
       0
       1
       0
       0
       0
       0
       0
       1
       0
       1
       1
       1
       1
     491
   14320
   14488
   13648
   13239
   12995
   12457
   12211
   12194
   11984
   11836
   11664
   11584
   11445
   11425
   11260
   11155
   10959
   10750
   10721
   10910
   10709
   10323
   10460
   10277
   10186
    9993
   10058
   10133
    9913
    9955
    9806
    9772
    9631
    9799
    9460
    9331
    9362
    9321
    9265
    9129
    9058
    9063
    9136
    9029
    8803
    8912
    8756
    8744
    8683
    8478
    8570
    8471
    8489
    8408
    8316
    8317
    8459
    8260
    8174
    8004
    8227
    8101
    7817
    7964
    7873
    7955
    7894
    7947
    7728
    7707
    7786
    7704
    7588
    7568
    7564
    7502
    7573
    7741
    7487
    7655
    7405
    7555
    7296
    7440
    7258
    7212
    7263
    7295
    7272
    7199
    7201
    7013
    7106
    7068
    7158
    6974
    7057
    7059
    6946
    6992
    6868
    6851
    6929
    6792
    6958
    6901
    6817
    6853
    6822
    6782
    6694
    6715
    6799
    6719
    6641
    6730
    6615
    6667
    6686
    6621
    6567
    6602
    6494
    6669
    6726
    6533
    6635
    6459
    6514
    6609
    6466
    6522
    6518
    6537
    6373
    6286
    6346
    6396
    6326
    6353
    6356
    6430
    6455
    6335
    6487
    6313
    6336
    6448
    6348
    6395
    6511
    6378
    6390
    6504
    6346
    6303
    6272
    6314
    6367
    6330
    6308
    6279
    6249
    6382
    6366
    6243
    6235
    6334
    6180
    6241
    6255
    6220
    6320
    6137
    6326
    6287
    6210
    6248
    6351
    6235
    6310
    6245
    6290
    6303
    6275
    6324
    6332
    6417
    6359
    6383
    6316
    6224
    6407
    6412
    6448
    6413
    6355
    6523
    6544
    6485
    6402
    6383
    6513
    6500
    6479
    6392
    6534
    6539
    6425
    6474
    6452
    6501
    6636
    6666
    6512
    6448
    6591
    6530
    6560
    6584
    6600
    6501
    6594
    6634
    6574
    6687
    6671
    6719
    6771
    6877
    6971
    7143
    7164
    7388
    7601
    7816
    8070
    8753
    9187
    9909
   10654
   11488
   12819
   14011
   15527
   17306
   19566
   21881
   24347
   27111
   30340
   33828
   37082
   40915
   45566
   49469
   53598
   57687
   61411
   65943
   69997
   73868
   77878
   81116
   84541
   87614
   89569
   92708
   93841
   95895
   96997
   98381
   99602
  100576
  100087
  100627
  100545
  100199
   99954
   99118
   98245
   97560
   96546
   95477
   94308
   93048
   91165
   89921
   87909
   86282
   84577
   82512
   80442
   78823
   76075
   73641
   71563
   69711
   66883
   64547
   61961
   59900
   57672
   55183
   52951
   50422
   48140
   45869
   43822
   41974
   39884
   38383
   36241
   34993
   33400
   32390
   31190
   30008
   28862
   28420
   27431
   26261
   25688
   24719
   23958
   23020
   22406
   21589
   20605
   19873
   19286
   18348
   17736
   16687
   15918
   15033
   14501
   13565
   12933
   12018
   11257
   10726
    9874
    9424
    8726
    8119
    7695
    7279
    6910
    6262
    6066
    5620
    5444
    5248
    5191
    4984
    4680
    4501
    4501
    4424
    4377
    4312
    4380
    4430
    4285
    4322
    4191
    4342
    4283
    4258
    4148
    4310
    4235
    4333
    4192
    4269
    4315
    4353
    4054
    4276
    4242
    4313
    4241
    4096
    4166
    4062
    4132
    4119
    4171
    4187
    4001
    4106
    4105
    4016
    3992
    4047
    4040
    3917
    3916
    3903
    3977
    3968
    3972
    3911
    3912
    3888
    3828
    3845
    3925
    3806
    3828
    3734
    3923
    3848
    3772
    3731
    3774
    3834
    3657
    3815
    3797
    3629
    3716
    3742
    3579
    3659
    3658
    3717
    3690
    3602
    3707
    3719
    3694
    3603
    3665
    3805
    3630
    3599
    3561
    3602
    3641
    3576
    3699
    3693
    3650
    3641
    3709
    3630
    3531
    3534
    3704
    3723
    3703
    3620
    3665
    3652
    3655
    3620
    3629
    3699
    3711
    3627
    3777
    3710
    3632
    3715
    3683
    3652
    3648
    3608
    3663
    3652
    3649
    3535
    3693
    3669
    3562
    3667
    3635
    3594
    3669
    3631
    3621
    3586
    3567
    3503
    3487
    3528
    3548
    3471
    3347
    3469
    3411
    3455
    3362
    3409
    3361
    3293
    3378
    3353
    3388
    3259
    3350
    3338
    3282
    3312
    3391
    3313
    3345
    3376
    3328
    3255
    3287
    3252
    3209
    3201
    3268
    3214
    3148
    3110
    3186
    3162
    3127
    3260
    3170
    3108
    3163
    3070
    3170
    3164
    3186
    3212
    3164
    3198
    3220
    3205
    3088
    3153
    3062
    3102
    3119
    3122
    3102
    3086
    3160
    3131
    3089
    3210
    3210
    3183
    3147
    3188
    3059
    3185
    3129
    3143
    3159
    3129
    3177
    3088
    3088
    3069
    3076
    3225
    3203
    3103
    3120
    3230
    3104
    3152
    3158
    3118
    3062
    3036
    3116
    3110
    3139
    3088
    3149
    3009
    3136
    3076
    3082
    3003
    3021
    3062
    3084
    2994
    3035
    3027
    2995
    3053
    3036
    3050
    3024
    2991
    3005
    2965
    2997
    3004
    3037
    2949
    3046
    3044
    3025
    2994
    2948
    2953
    2972
    3130
    2952
    2902
    3008
    2959
    3036
    2901
    3031
    2876
    2963
    3027
    2926
    2928
    2948
    3015
    3015
    3062
    2956
    3018
    2884
    2982
    2902
    3001
    3000
    2879
    2941
    2857
    2989
    2870
    2945
    3019
    3014
    2979
    2871
    2940
    2881
    2934
    2973
    2960
    3001
    2926
    2967
    2919
    2944
    2956
    2968
    2948
    2832
    2942
    2932
    2813
    2893
    2865
    2806
    2787
    2928
    2833
    2847
    2805
    2858
    2846
    2780
    2846
    2904
    2887
    2958
    2880
    2873
    2926
    2829
    2840
    2795
    2883
    2834
    2912
    2853
    2837
    2841
    2763
    2785
    2785
    2860
    2790
    2887
    2906
    2824
    2772
    2788
    2764
    2790
    2804
    2724
    2798
    2781
    2779
    2758
    2753
    2745
    2799
    2818
    2787
    2759
    2752
    2677
    2749
    2666
    2645
    2741
    2666
    2767
    2717
    2766
    2610
    2808
    2664
    2832
    2711
    2814
    2686
    2760
    2725
    2679
    2671
    2690
    2660
    2704
    2713
    2761
    2692
    2655
    2622
    2676
    2638
    2732
    2748
    2696
    2810
    2635
    2743
    2613
    2675
    2741
    2598
    2653
    2650
    2644
    2610
    2641
    2641
    2583
    2655
    2688
    2654
    2634
    2713
    2667
    2640
    2695
    2666
    2635
    2609
    2582
    2653
    2678
    2678
    2760
    2645
    2686
    2696
    2696
    2637
    2634
    2633
    2619
    2598
    2651
    2528
    2629
    2650
    2696
    2535
    2659
    2610
    2609
    2651
    2496
    2595
    2646
    2603
    2628
    2690
    2636
    2543
    2557
    2643
    2618
    2653
    2619
    2662
    2638
    2620
    2591
    2703
    2562
    2610
    2570
    2612
    2640
    2579
    2574
    2513
    2563
    2557
    2657
    2625
    2618
    2558
    2528
    2575
    2563
    2569
    2542
    2542
    2561
    2584
    2555
    2524
    2535
    2615
    2498
    2585
    2502
    2484
    2608
    2620
    2583
    2569
    2594
    2483
    2546
    2575
    2533
    2677
    2553
    2509
    2510
    2557
    2568
    2607
    2644
    2646
    2715
    2695
    2607
    2618
    2730
    2644
    2608
    2616
    2646
    2602
    2605
    2651
    2623
    2579
    2602
    2580
    2637
    2586
    2617
    2637
    2696
    2523
    2693
    2554
    2632
    2604
    2591
    2517
    2577
    2532
    2549
    2486
    2526
    2573
    2570
    2602
    2541
    2652
    2578
    2534
    2649
    2600
    2467
    2481
    2507
    2467
    2530
    2568
    2513
    2505
    2491
    2539
    2547
    2573
    2615
    2503
    2429
    2503
    2485
    2611
    2508
    2485
    2485
    2462
    2461
    2497
    2545
    2560
    2409
    2466
    2482
    2568
    2533
    2460
    2537
    2536
    2593
    2468
    2566
    2551
    2587
    2607
    2571
    2544
    2712
    2580
    2560
    2634
    2545
    2569
    2598
    2708
    2591
    2620
    2628
    2608
    2602
    2680
    2540
    2565
    2664
    2595
    2654
    2653
    2673
    2611
    2601
    2679
    2587
    2653
    2668
    2595
    2620
    2764
    2669
    2637
    2604
    2527
    2584
    2576
    2544
    2702
    2564
    2531
    2546
    2638
    2615
    2578
    2654
    2663
    2592
    2609
    2595
    2590
    2608
    2554
    2613
    2616
    2595
    2545
    2518
    2567
    2639
    2560
    2603
    2587
    2593
    2496
    2566
    2472
    2516
    2541
    2485
    2533
    2464
    2522
    2455
    2534
    2523
    2475
    2384
    2488
    2510
    2380
    2436
    2476
    2587
    2528
    2485
    2503
    2543
    2522
    2639
    2567
    2529
    2579
    2618
    2564
    2646
    2633
    2601
    2672
    2753
    2753
    2731
    2764
    2784
    2757
    2778
    2811
    2773
    2895
    2896
    2713
    2847
    2886
    2778
    2866
    2764
    2885
    2861
    2792
    2846
    2779
    2711
    2869
    2828
    2781
    2730
    2694
    2818
    2650
    2617
    2711
    2592
    2649
    2705
    2671
    2583
    2544
    2632
    2510
    2483
    2549
    2578
    2474
    2378
    2372
    2353
    2425
    2449
    2369
    2297
    2434
    2376
    2375
    2396
    2275
    2222
    2290
    2401
    2295
    2218
    2261
    2253
    2305
    2322
    2221
    2254
    2301
    2280
    2321
    2256
    2271
    2295
    2246
    2237
    2333
    2242
    2267
    2319
    2228
    2309
    2311
    2300
    2289
    2286
    2274
    2280
    2301
    2223
    2246
    2270
    2276
    2282
    2265
    2207
    2181
    2263
    2383
    2300
    2268
    2356
    2350
    2353
    2323
    2298
    2301
    2301
    2304
    2455
    2264
    2316
    2252
    2351
    2363
    2265
    2235
    2286
    2292
    2295
    2289
    2281
    2336
    2373
    2337
    2283
    2377
    2374
    2165
    2331
    2293
    2288
    2301
    2354
    2375
    2314
    2348
    2329
    2349
    2437
    2332
    2298
    2298
    2367
    2365
    2322
    2274
    2364
    2342
    2469
    2360
    2336
    2366
    2272
    2335
    2355
    2424
    2444
    2355
    2337
    2342
    2387
    2458
    2356
    2425
    2405
    2416
    2386
    2380
    2425
    2417
    2367
    2328
    2358
    2300
    2405
    2380
    2306
    2373
    2284
    2317
    2301
    2338
    2305
    2395
    2313
    2309
    2347
    2316
    2362
    2243
    2279
    2291
    2428
    2311
    2371
    2384
    2343
    2342
    2300
    2321
    2350
    2266
    2278
    2391
    2358
    2303
    2254
    2306
    2343
    2300
    2250
    2214
    2276
    2290
    2343
    2379
    2330
    2270
    2291
    2330
    2308
    2224
    2318
    2226
    2302
    2345
    2291
    2286
    2308
    2218
    2346
    2269
    2268
    2317
    2402
    2340
    2348
    2309
    2280
    2345
    2302
    2391
    2276
    2276
    2385
    2280
    2401
    2413
    2365
    2382
    2326
    2392
    2297
    2396
    2330
    2356
    2329
    2398
    2397
    2369
    2466
    2430
    2376
    2421
    2357
    2409
    2436
    2478
    2418
    2330
    2418
    2391
    2419
    2413
    2387
    2392
    2367
    2446
    2463
    2465
    2365
    2306
    2474
    2413
    2479
    2378
    2435
    2402
    2456
    2481
    2471
    2380
    2463
    2425
    2454
    2469
    2437
    2411
    2493
    2484
    2495
    2491
    2484
    2535
    2500
    2506
    2457
    2411
    2513
    2503
    2465
    2497
    2499
    2504
    2555
    2518
    2506
    2624
    2579
    2576
    2542
    2435
    2492
    2536
    2502
    2548
    2526
    2502
    2603
    2555
    2391
    2556
    2513
    2529
    2624
    2482
    2487
    2542
    2550
    2611
    2547
    2650
    2535
    2541
    2555
    2563
    2594
    2544
    2612
    2578
    2561
    2535
    2637
    2590
    2587
    2562
    2650
    2613
    2633
    2639
    2593
    2679
    2636
    2730
    2672
    2693
    2585
    2573
    2662
    2731
    2808
    2755
    2725
    2724
    2706
    2774
    2748
    2792
    2744
    2726
    2780
    2857
    2700
    2753
    2817
    2812
    2761
    2743
    2789
    2857
    2802
    2884
    2944
    2851
    2809
    2792
    2876
    2805
    2959
    2927
    2828
    2876
    3007
    2884
    2993
    2894
    2997
    2866
    2926
    3062
    3006
    3158
    3053
    3055
    3110
    3094
    3099
    3015
    3124
    3044
    3043
    3034
    3207
    3088
    3183
    3089
    3077
    3197
    3190
    3232
    3244
    3145
    3219
    3267
    3261
    3300
    3386
    3313
    3240
    3436
    3412
    3394
    3412
    3329
    3423
    3451
    3349
    3427
    3418
    3509
    3440
    3498
    3490
    3451
    3783
    3519
    3578
    3628
    3648
    3692
    3791
    3643
    3679
    3802
    3787
    3726
    3860
    3963
    3886
    3874
    3912
    4022
    3891
    3859
    4071
    4047
    3980
    4125
    4173
    4070
    3999
    4136
    4306
    4187
    4136
    4243
    4289
    4334
    4237
    4384
    4386
    4441
    4511
    4516
    4497
    4602
    4679
    4692
    4625
    4669
    4809
    4747
    4761
    4742
    4925
    4903
    4900
    4878
    4956
    4887
    5023
    4950
    5104
    5123
    5119
    5203
    5271
    5138
    5213
    5157
    5391
    5286
    5459
    5392
    5566
    5520
    5578
    5522
    5562
    5537
    5654
    5782
    5708
    5883
    5869
    5870
    5883
    5893
    5960
    6046
    6261
    6045
    6005
    6214
    6085
    6091
    6192
    6249
    6327
    6210
    6393
    6394
    6424
    6490
    6571
    6537
    6483
    6578
    6457
    6544
    6663
    6750
    6761
    6698
    6704
    6762
    6832
    6742
    6921
    6714
    6853
    6828
    6832
    6957
    6828
    6953
    6905
    6952
    6917
    6899
    6919
    6911
    6982
    7037
    6891
    6682
    6969
    6918
    6819
    6919
    6988
    6772
    6915
    6920
    6935
    6861
    7058
    7053
    6843
    6880
    6886
    6892
    6855
    6999
    6772
    6868
    6979
    6770
    6914
    6675
    6934
    6665
    6849
    6935
    6881
    6856
    6858
    6955
    6956
    6874
    6876
    6812
    6814
    6980
    6776
    6977
    6758
    6939
    6991
    7033
    6814
    6910
    6813
    6866
    6818
    6950
    6938
    6993
    6968
    6978
    7046
    7083
    7055
    7212
    7142
    7113
    6953
    7200
    7163
    7346
    7258
    7228
    7242
    7351
    7389
    7436
    7414
    7501
    7475
    7549
    7661
    7653
    7691
    7655
    7666
    7586
    7748
    7795
    7865
    7900
    7922
    7825
    7931
    8160
    8175
    8136
    8087
    8272
    8140
    8310
    8334
    8389
    8514
    8686
    8665
    8556
    8641
    8791
    8810
    8767
    8960
    8780
    9007
    9247
    9274
    9183
    9215
    9298
    9325
    9405
    9521
    9572
    9872
    9896
    9768
    9743
    9649
   10208
    9998
   10141
   10165
   10240
   10316
   10309
   10505
   10387
   10487
   10698
   10915
   10865
   10773
   11037
   11057
   11301
   11494
   11463
   11608
   11632
   11709
   11767
   11758
   11981
   12157
   12158
   12504
   12553
   12452
   12604
   12716
   12920
   12965
   13122
   13052
   13073
   13312
   13725
   13407
   13946
   13850
   14035
   14419
   14186
   14281
   14372
   14565
   14870
   14839
   14960
   15266
   14976
   15428
   15690
   15793
   15720
   15981
   16297
   16362
   16607
   16676
   16578
   16813
   16831
   17052
   17153
   17646
   17485
   17947
   17953
   18146
   18325
   18650
   18732
   18956
   19064
   19290
   19182
   19876
   19852
   19681
   20075
   20169
   20435
   20575
   21038
   21073
   21176
   21502
   21920
   22060
   22247
   22255
   22281
   22964
   23090
   23298
   23496
   23764
   24104
   24157
   24333
   24734
   25005
   25106
   25594
   25744
   25664
   26311
   26211
   26596
   26950
   27048
   27312
   27717
   27623
   28624
   28704
   29110
   29246
   29401
   30062
   30046
   30443
   30962
   31169
   31339
   31758
   32045
   32618
   33271
   33617
   33786
   34132
   34313
   34899
   35350
   35445
   35890
   36385
   36917
   37026
   37764
   38219
   38674
   38926
   39609
   40062
   40893
   41145
   41442
   41881
   42448
   43116
   43272
   44269
   44860
   45070
   46216
   46357
   46711
   47408
   48083
   49139
   49507
   50215
   50678
   51402
   51901
   52860
   53500
   54043
   55036
   55934
   56584
   57671
   58229
   59371
   60213
   60848
   61715
   62844
   63924
   64554
   65833
   66639
   68412
   68555
   70171
   70791
   72373
   73467
   73835
   75735
   77399
   78231
       0
       0
       0
       0
       0
       0
       0
       0
       0
       0
       0
       0
       0
       0
       0
       0
       0
       0
       0
       0
       0
       0
       0
       0
       0
       0
       0
       0
       0
       0
       0
       0
$ROI:
0
$PRESETS:
None
0
0
$ENER_FIT:
-0.169488 0.023446
$MCA_CAL:
3
-1.694878E-001 2.344633E-002 0.000000E+000 keV
$SHAPE_CAL:
3
0.000000E+000 0.000000E+000 0.000000E+000
