$SPEC_ID:
No sample description was entered.
$SPEC_REM:
DET# 4
DETDESC# JLAB-20 MCB 131
AP# Maestro Version 7.01
$DATE_MEA:
09/30/2025 15:56:44
$MEAS_TIM:
98878 101279
$DATA:
0 2047
       0
       0
       0
       0
       0
       0
       0
       0
       0
       0
       0
       0
       0
       0
       0
       0
       0
       0
       0
       0
       0
       0
       0
       0
       0
       0
       0
       0
       0
       0
       0
       0
       0
       0
       0
       0
       0
       0
       0
       0
       0
       0
       0
       0
       0
       0
       0
       0
       0
       0
       0
       0
       1
       0
       1
       0
       0
       0
       0
       0
       0
       0
       0
       1
       0
       1
       1
       1
       0
     370
   11252
   11375
   10730
   10275
   10183
    9760
    9630
    9554
    9312
    9221
    9058
    9179
    8878
    8865
    8764
    8704
    8582
    8360
    8289
    8562
    8360
    7982
    8132
    7960
    7908
    7815
    7830
    7927
    7750
    7722
    7652
    7623
    7514
    7584
    7431
    7262
    7361
    7231
    7235
    7122
    7042
    7072
    7062
    6990
    6868
    6923
    6766
    6807
    6696
    6532
    6677
    6598
    6550
    6602
    6539
    6493
    6631
    6480
    6401
    6242
    6450
    6327
    6065
    6210
    6060
    6183
    6124
    6215
    6002
    5974
    6016
    5999
    5887
    5872
    5885
    5872
    5960
    5999
    5866
    5985
    5709
    5892
    5619
    5754
    5655
    5585
    5687
    5680
    5669
    5590
    5634
    5462
    5590
    5459
    5566
    5477
    5482
    5527
    5438
    5482
    5366
    5330
    5416
    5288
    5451
    5381
    5365
    5290
    5339
    5361
    5215
    5249
    5348
    5239
    5137
    5251
    5187
    5186
    5240
    5127
    5097
    5133
    5032
    5207
    5289
    5037
    5198
    5053
    5071
    5143
    5010
    5056
    5078
    5128
    4969
    4915
    4960
    4989
    4951
    4921
    5017
    5029
    4966
    4838
    5016
    4957
    4941
    4983
    4928
    4999
    5078
    4985
    4953
    5076
    4944
    4980
    4908
    4878
    4957
    4901
    4911
    4888
    4835
    4963
    5032
    4896
    4847
    4920
    4795
    4837
    4865
    4866
    4895
    4734
    4937
    4889
    4795
    4846
    4957
    4832
    4933
    4852
    4900
    4899
    4922
    4923
    4908
    4993
    4952
    4951
    4915
    4803
    5048
    5007
    5006
    4973
    4913
    5081
    5147
    5118
    5007
    4966
    5008
    5089
    5151
    5011
    5116
    5096
    5022
    5054
    5038
    5031
    5126
    5101
    5095
    5001
    5144
    5070
    5136
    5130
    5173
    5057
    5089
    5179
    5117
    5234
    5217
    5218
    5250
    5357
    5396
    5547
    5617
    5709
    5981
    6129
    6269
    6758
    7149
    7737
    8274
    8990
    9993
   10926
   12079
   13444
   15240
   17074
   18941
   21015
   23510
   26254
   28965
   31808
   35383
   38528
   41531
   44801
   47630
   51486
   54592
   57686
   60684
   63211
   65757
   68256
   69663
   72275
   73124
   74838
   75666
   76513
   77675
   78221
   77995
   78334
   78492
   78262
   77933
   77430
   76579
   75989
   75197
   74161
   73174
   72378
   70863
   69949
   68339
   67123
   65856
   64136
   62513
   61152
   59226
   57455
   55378
   54290
   52051
   50037
   48083
   46479
   44835
   42922
   41294
   39390
   37470
   35718
   34084
   32755
   31108
   29909
   28247
   27346
   25994
   25202
   24388
   23295
   22500
   22126
   21223
   20464
   20002
   19244
   18776
   17887
   17380
   16751
   15980
   15516
   14974
   14320
   13810
   12949
   12286
   11649
   11235
   10559
   10114
    9278
    8809
    8350
    7665
    7422
    6773
    6378
    5986
    5644
    5392
    4819
    4709
    4347
    4250
    4078
    4040
    3833
    3650
    3529
    3455
    3387
    3379
    3393
    3385
    3421
    3352
    3352
    3212
    3381
    3305
    3275
    3249
    3359
    3295
    3448
    3298
    3342
    3371
    3422
    3135
    3288
    3244
    3309
    3317
    3213
    3252
    3180
    3197
    3191
    3264
    3281
    3096
    3208
    3173
    3144
    3076
    3140
    3141
    3056
    3056
    3089
    3050
    3078
    3083
    3056
    2992
    3021
    2943
    2993
    3027
    2947
    2985
    2887
    3016
    2976
    2962
    2934
    2979
    3032
    2892
    2960
    2945
    2810
    2878
    2908
    2781
    2850
    2828
    2885
    2838
    2811
    2869
    2871
    2876
    2848
    2863
    2962
    2843
    2797
    2796
    2776
    2785
    2819
    2881
    2842
    2869
    2846
    2863
    2824
    2753
    2764
    2877
    2885
    2854
    2774
    2904
    2869
    2882
    2791
    2849
    2874
    2869
    2808
    2915
    2941
    2842
    2910
    2852
    2846
    2843
    2819
    2861
    2851
    2856
    2749
    2871
    2861
    2768
    2859
    2835
    2810
    2804
    2867
    2825
    2763
    2772
    2722
    2681
    2799
    2748
    2740
    2598
    2682
    2664
    2692
    2660
    2657
    2651
    2579
    2611
    2672
    2668
    2553
    2625
    2611
    2587
    2574
    2653
    2592
    2591
    2623
    2575
    2561
    2582
    2557
    2496
    2508
    2529
    2478
    2434
    2413
    2512
    2471
    2442
    2524
    2483
    2432
    2478
    2403
    2476
    2468
    2472
    2478
    2469
    2472
    2514
    2501
    2410
    2445
    2368
    2391
    2401
    2431
    2401
    2352
    2471
    2429
    2384
    2507
    2488
    2487
    2444
    2487
    2398
    2469
    2482
    2445
    2441
    2417
    2473
    2406
    2427
    2385
    2378
    2472
    2470
    2429
    2469
    2511
    2398
    2477
    2450
    2400
    2366
    2338
    2417
    2435
    2460
    2438
    2505
    2372
    2449
    2412
    2437
    2319
    2372
    2384
    2401
    2358
    2382
    2349
    2323
    2427
    2411
    2382
    2358
    2325
    2335
    2296
    2378
    2333
    2353
    2300
    2362
    2370
    2385
    2341
    2289
    2317
    2376
    2415
    2313
    2264
    2359
    2292
    2348
    2254
    2380
    2237
    2306
    2400
    2259
    2279
    2314
    2345
    2339
    2334
    2325
    2308
    2261
    2333
    2260
    2336
    2350
    2251
    2343
    2262
    2319
    2257
    2309
    2359
    2349
    2324
    2229
    2264
    2202
    2300
    2264
    2327
    2373
    2257
    2311
    2274
    2272
    2273
    2308
    2304
    2226
    2264
    2269
    2218
    2251
    2234
    2179
    2173
    2280
    2220
    2221
    2206
    2265
    2233
    2191
    2193
    2219
    2259
    2319
    2235
    2280
    2307
    2187
    2193
    2183
    2237
    2209
    2276
    2192
    2189
    2204
    2144
    2200
    2170
    2259
    2154
    2259
    2283
    2186
    2161
    2151
    2150
    2138
    2181
    2122
    2179
    2159
    2174
    2130
    2175
    2098
    2151
    2173
    2154
    2165
    2124
    2082
    2146
    2122
    2090
    2122
    2096
    2150
    2124
    2198
    2063
    2168
    2092
    2247
    2139
    2200
    2068
    2177
    2142
    2125
    2060
    2128
    2088
    2119
    2149
    2164
    2094
    2068
    2037
    2071
    2034
    2163
    2123
    2130
    2159
    2043
    2131
    2066
    2035
    2156
    2012
    2084
    2057
    2056
    2066
    2093
    2042
    2012
    2090
    2128
    2051
    2062
    2102
    2075
    2052
    2103
    2056
    2036
    2017
    1964
    2018
    2067
    2044
    2132
    2021
    2141
    2101
    2082
    2022
    2055
    2057
    2058
    2033
    2061
    1950
    2032
    2093
    2120
    1968
    2092
    2038
    2051
    2064
    1952
    1977
    2067
    1987
    2076
    2080
    2064
    1953
    1996
    2050
    2051
    2036
    2046
    2051
    2060
    2048
    2014
    2120
    2001
    2033
    2025
    2051
    2085
    2029
    1999
    1934
    2010
    1943
    2085
    2033
    2064
    1999
    2002
    1999
    1953
    2013
    1992
    1956
    1978
    2006
    1977
    1928
    2002
    2049
    1970
    2002
    1983
    1993
    2048
    2084
    1962
    2047
    2065
    1969
    1991
    1983
    1974
    2064
    1997
    1968
    1964
    1973
    1997
    1999
    2065
    2079
    2118
    2125
    2040
    2045
    2154
    2013
    2004
    2026
    2117
    2016
    2050
    2046
    2065
    2043
    2013
    2035
    2036
    2024
    2042
    2056
    2096
    1943
    2071
    2016
    2056
    2027
    2011
    1957
    1983
    1970
    2000
    1923
    1938
    2007
    2013
    2025
    1976
    2079
    2063
    1975
    2083
    2043
    1928
    1943
    1984
    1955
    1980
    2019
    1968
    1943
    1917
    1965
    1948
    1982
    2030
    1883
    1905
    1945
    1938
    2017
    1958
    1928
    1953
    1953
    1901
    1987
    2005
    2042
    1897
    1920
    1924
    1987
    1930
    1895
    2007
    1957
    2047
    1935
    1969
    1984
    2029
    2051
    2022
    1982
    2059
    2005
    2010
    2046
    1983
    2014
    2009
    2126
    2017
    2047
    2062
    2052
    2021
    2085
    2002
    1999
    2052
    2012
    2054
    2035
    2089
    2038
    2008
    2088
    2029
    2072
    2041
    2058
    2039
    2128
    2055
    2049
    2021
    1978
    2017
    2018
    1990
    2126
    1989
    1968
    2006
    2079
    2035
    2024
    2050
    2094
    2018
    2061
    2018
    2036
    2049
    2023
    1994
    2048
    2000
    1954
    1963
    1975
    2034
    2007
    2043
    1990
    2016
    1953
    2041
    1947
    1939
    1964
    1931
    2011
    1944
    1982
    1918
    1954
    1962
    1925
    1849
    1912
    1939
    1842
    1925
    1920
    1999
    1981
    1937
    1973
    1945
    1959
    2015
    2000
    1978
    2026
    2056
    1987
    2054
    2106
    2050
    2073
    2145
    2123
    2148
    2153
    2176
    2145
    2209
    2204
    2170
    2231
    2246
    2096
    2246
    2261
    2168
    2218
    2125
    2247
    2232
    2155
    2226
    2097
    2131
    2239
    2231
    2151
    2128
    2074
    2235
    2077
    1996
    2128
    2062
    2081
    2085
    2046
    1992
    1999
    2041
    1937
    1967
    1958
    2012
    1912
    1815
    1868
    1837
    1912
    1926
    1876
    1784
    1868
    1822
    1860
    1867
    1761
    1742
    1805
    1870
    1811
    1713
    1756
    1731
    1795
    1839
    1730
    1759
    1775
    1748
    1829
    1769
    1771
    1817
    1747
    1714
    1835
    1747
    1757
    1828
    1757
    1818
    1778
    1786
    1800
    1797
    1765
    1779
    1792
    1731
    1728
    1804
    1739
    1784
    1772
    1740
    1692
    1788
    1801
    1774
    1760
    1841
    1801
    1849
    1830
    1786
    1801
    1816
    1818
    1931
    1763
    1804
    1774
    1814
    1811
    1755
    1707
    1802
    1757
    1775
    1761
    1756
    1830
    1849
    1830
    1777
    1847
    1855
    1690
    1819
    1774
    1789
    1809
    1815
    1832
    1764
    1864
    1811
    1844
    1881
    1800
    1778
    1797
    1837
    1863
    1809
    1757
    1870
    1821
    1969
    1832
    1841
    1825
    1784
    1816
    1818
    1846
    1907
    1803
    1801
    1815
    1877
    1924
    1799
    1868
    1850
    1879
    1842
    1858
    1871
    1833
    1873
    1842
    1845
    1779
    1849
    1862
    1803
    1825
    1802
    1820
    1800
    1797
    1807
    1866
    1778
    1789
    1818
    1818
    1819
    1705
    1734
    1772
    1902
    1774
    1852
    1866
    1826
    1837
    1802
    1792
    1818
    1763
    1772
    1850
    1840
    1829
    1732
    1791
    1816
    1782
    1733
    1731
    1719
    1753
    1828
    1866
    1807
    1759
    1759
    1845
    1808
    1737
    1819
    1773
    1810
    1811
    1789
    1764
    1758
    1772
    1837
    1775
    1809
    1820
    1894
    1819
    1812
    1813
    1778
    1840
    1794
    1815
    1787
    1827
    1851
    1787
    1847
    1882
    1887
    1867
    1817
    1868
    1779
    1877
    1810
    1805
    1818
    1900
    1848
    1842
    1931
    1913
    1814
    1914
    1811
    1910
    1896
    1901
    1895
    1789
    1882
    1910
    1901
    1880
    1881
    1847
    1866
    1912
    1930
    1911
    1844
    1798
    1948
    1875
    1933
    1848
    1893
    1878
    1910
    1934
    1921
    1843
    1922
    1869
    1902
    1901
    1891
    1888
    1948
    1960
    1980
    1930
    1967
    2018
    1944
    1953
    1913
    1883
    1962
    1985
    1925
    1974
    1934
    1982
    1996
    1986
    1959
    2062
    2016
    1975
    1949
    1914
    1885
    2007
    1898
    2005
    1970
    1948
    2041
    2022
    1842
    2021
    1951
    2003
    2021
    1926
    1948
    1942
    2018
    2064
    1977
    2100
    1955
    1976
    1988
    2002
    2044
    1982
    2032
    1976
    1981
    1962
    2077
    2022
    1994
    2025
    2031
    2004
    2056
    2069
    2034
    2060
    2056
    2143
    2126
    2074
    2034
    2001
    2093
    2144
    2209
    2120
    2112
    2069
    2108
    2151
    2105
    2222
    2170
    2154
    2181
    2215
    2083
    2130
    2190
    2189
    2132
    2111
    2169
    2215
    2189
    2291
    2354
    2213
    2139
    2133
    2252
    2201
    2296
    2287
    2190
    2207
    2350
    2242
    2306
    2287
    2318
    2238
    2281
    2372
    2382
    2451
    2386
    2377
    2408
    2380
    2363
    2334
    2412
    2369
    2354
    2360
    2494
    2400
    2475
    2392
    2452
    2481
    2437
    2539
    2532
    2411
    2516
    2578
    2557
    2563
    2625
    2557
    2471
    2702
    2669
    2626
    2649
    2593
    2712
    2692
    2606
    2659
    2655
    2742
    2677
    2715
    2673
    2682
    2926
    2757
    2755
    2814
    2873
    2896
    2885
    2808
    2838
    2922
    2955
    2889
    3040
    3087
    3027
    3064
    3064
    3144
    3021
    2996
    3168
    3124
    3114
    3189
    3260
    3150
    3133
    3209
    3325
    3242
    3266
    3303
    3307
    3299
    3311
    3464
    3374
    3509
    3517
    3511
    3519
    3604
    3680
    3656
    3618
    3612
    3776
    3732
    3672
    3709
    3845
    3812
    3791
    3800
    3912
    3788
    3934
    3865
    3988
    4004
    3921
    4056
    4109
    3971
    4096
    4021
    4170
    4131
    4245
    4163
    4289
    4310
    4388
    4344
    4315
    4275
    4414
    4593
    4398
    4656
    4588
    4623
    4649
    4538
    4633
    4692
    4917
    4712
    4645
    4824
    4682
    4773
    4768
    4824
    4966
    4840
    5025
    4986
    4971
    5113
    5157
    5135
    5077
    5063
    5036
    5107
    5251
    5269
    5256
    5231
    5225
    5343
    5359
    5295
    5453
    5245
    5354
    5341
    5303
    5414
    5325
    5464
    5393
    5419
    5414
    5391
    5386
    5368
    5450
    5456
    5363
    5167
    5397
    5380
    5310
    5345
    5424
    5261
    5425
    5411
    5408
    5336
    5452
    5434
    5390
    5341
    5374
    5414
    5332
    5487
    5318
    5372
    5422
    5261
    5386
    5204
    5364
    5163
    5268
    5425
    5323
    5303
    5350
    5354
    5372
    5346
    5388
    5322
    5255
    5475
    5252
    5375
    5264
    5372
    5481
    5459
    5285
    5361
    5251
    5313
    5395
    5418
    5354
    5380
    5367
    5431
    5443
    5483
    5464
    5596
    5562
    5556
    5438
    5643
    5547
    5680
    5707
    5672
    5652
    5726
    5766
    5820
    5813
    5852
    5816
    5823
    5976
    5904
    6052
    5958
    5997
    5900
    6036
    6148
    6007
    6150
    6168
    6139
    6159
    6349
    6284
    6314
    6348
    6400
    6329
    6496
    6449
    6534
    6641
    6777
    6772
    6689
    6735
    6906
    6911
    6796
    7038
    6831
    7043
    7132
    7195
    7144
    7102
    7314
    7252
    7309
    7359
    7490
    7744
    7716
    7579
    7534
    7511
    7923
    7809
    7903
    7917
    8009
    8084
    8052
    8211
    8106
    8198
    8324
    8517
    8494
    8356
    8621
    8624
    8833
    8848
    8919
    9001
    9052
    9083
    9236
    9119
    9392
    9531
    9472
    9830
    9757
    9686
    9804
    9935
   10066
   10142
   10158
   10114
   10124
   10358
   10720
   10522
   10836
   10752
   10998
   11187
   11086
   11036
   11208
   11396
   11542
   11559
   11713
   11853
   11566
   11963
   12253
   12284
   12226
   12442
   12777
   12732
   12885
   13004
   12993
   13177
   13107
   13271
   13397
   13751
   13598
   13978
   13968
   14100
   14123
   14420
   14609
   14760
   14870
   15052
   14929
   15421
   15529
   15442
   15619
   15673
   15917
   16086
   16371
   16469
   16530
   16819
   17128
   17244
   17265
   17423
   17334
   17822
   17961
   18116
   18380
   18471
   18817
   18887
   18917
   19304
   19581
   19485
   19859
   20128
   19941
   20601
   20481
   20826
   21009
   20983
   21402
   21578
   21598
   22289
   22311
   22818
   22728
   22962
   23335
   23391
   23748
   24039
   24265
   24494
   24778
   24972
   25413
   25833
   26258
   26284
   26601
   26802
   27158
   27463
   27627
   28005
   28327
   28946
   28863
   29332
   29825
   30134
   30273
   30872
   31098
   31921
   32152
   32244
   32743
   33040
   33707
   33837
   34433
   34891
   35067
   36118
   35982
   36437
   36990
   37630
   38229
   38549
   38937
   39502
   40129
   40540
   41131
   41681
   42268
   42905
   43591
   44013
   44910
   45241
   46301
   46901
   47250
   48210
   49048
   49689
   50318
   51382
   52070
   53210
   53440
   54671
   55212
   56193
   57163
   57646
   58920
   60292
   60966
       0
       0
       0
       0
       0
       0
       0
       0
       0
       0
       0
       0
       0
       0
       0
       0
       0
       0
       0
       0
       0
       0
       0
       0
       0
       0
       0
       0
       0
       0
       0
       0
$ROI:
0
$PRESETS:
None
0
0
$ENER_FIT:
-0.169488 0.023446
$MCA_CAL:
3
-1.694878E-001 2.344633E-002 0.000000E+000 keV
$SHAPE_CAL:
3
0.000000E+000 0.000000E+000 0.000000E+000
