$SPEC_ID:
No sample description was entered.
$SPEC_REM:
DET# 4
DETDESC# JLAB-20 MCB 131
AP# Maestro Version 7.01
$DATE_MEA:
09/30/2025 19:16:44
$MEAS_TIM:
110599 113279
$DATA:
0 2047
       0
       0
       0
       0
       0
       0
       0
       0
       0
       0
       0
       0
       0
       0
       0
       0
       0
       0
       0
       0
       0
       0
       0
       0
       0
       0
       0
       0
       0
       0
       0
       0
       0
       0
       0
       0
       0
       0
       0
       0
       0
       0
       0
       0
       0
       0
       0
       0
       0
       0
       0
       1
       2
       0
       1
       1
       0
       1
       0
       0
       0
       0
       0
       1
       0
       1
       1
       1
       0
     417
   12510
   12655
   11971
   11494
   11391
   10889
   10759
   10639
   10406
   10375
   10143
   10175
   10025
    9911
    9874
    9761
    9568
    9363
    9325
    9536
    9336
    8946
    9085
    8912
    8897
    8760
    8735
    8819
    8635
    8661
    8582
    8556
    8415
    8480
    8277
    8132
    8169
    8098
    8065
    7947
    7868
    7875
    7950
    7828
    7674
    7775
    7581
    7591
    7556
    7321
    7434
    7355
    7325
    7353
    7277
    7248
    7401
    7245
    7161
    6968
    7186
    7090
    6781
    6936
    6785
    6918
    6837
    6949
    6736
    6680
    6739
    6673
    6601
    6560
    6548
    6581
    6587
    6731
    6533
    6669
    6383
    6597
    6336
    6462
    6350
    6249
    6358
    6352
    6347
    6252
    6316
    6125
    6207
    6094
    6194
    6080
    6171
    6174
    6080
    6125
    5997
    5954
    6021
    5905
    6088
    6019
    5962
    5937
    5968
    5926
    5834
    5867
    5982
    5837
    5790
    5900
    5775
    5803
    5831
    5754
    5718
    5750
    5628
    5826
    5892
    5631
    5800
    5644
    5686
    5771
    5629
    5657
    5694
    5721
    5547
    5511
    5531
    5579
    5519
    5528
    5583
    5596
    5572
    5483
    5644
    5538
    5518
    5585
    5553
    5563
    5659
    5537
    5510
    5659
    5535
    5513
    5488
    5447
    5543
    5490
    5462
    5463
    5430
    5523
    5547
    5482
    5406
    5517
    5384
    5431
    5425
    5427
    5457
    5326
    5529
    5482
    5363
    5433
    5558
    5421
    5506
    5439
    5479
    5483
    5487
    5474
    5487
    5591
    5548
    5510
    5467
    5364
    5604
    5597
    5650
    5566
    5519
    5678
    5732
    5692
    5580
    5585
    5647
    5662
    5698
    5572
    5708
    5636
    5614
    5626
    5610
    5603
    5763
    5754
    5716
    5637
    5730
    5675
    5760
    5708
    5789
    5678
    5711
    5822
    5709
    5820
    5827
    5791
    5893
    6013
    6058
    6229
    6273
    6377
    6670
    6818
    7026
    7601
    7984
    8662
    9285
   10049
   11105
   12218
   13509
   14990
   17069
   19068
   21155
   23549
   26364
   29435
   32302
   35623
   39627
   43074
   46591
   50199
   53384
   57562
   60901
   64407
   67734
   70803
   73610
   76384
   77895
   80688
   81920
   83595
   84494
   85646
   86914
   87415
   87247
   87591
   87624
   87559
   87087
   86521
   85606
   85156
   84034
   83039
   81941
   81009
   79374
   78220
   76415
   74972
   73614
   71771
   70038
   68487
   66248
   64228
   62137
   60745
   58197
   56070
   53795
   52111
   50231
   48032
   46183
   43960
   41963
   39875
   38187
   36486
   34735
   33499
   31526
   30530
   29025
   28170
   27206
   26075
   25110
   24736
   23774
   22898
   22374
   21464
   20909
   19979
   19474
   18790
   17974
   17380
   16744
   16085
   15480
   14470
   13786
   13041
   12594
   11808
   11322
   10419
    9870
    9286
    8567
    8267
    7565
    7115
    6744
    6326
    6038
    5444
    5286
    4887
    4729
    4569
    4537
    4343
    4084
    3943
    3879
    3814
    3814
    3778
    3765
    3790
    3751
    3764
    3638
    3818
    3712
    3673
    3613
    3767
    3699
    3816
    3670
    3733
    3765
    3827
    3489
    3701
    3650
    3752
    3692
    3580
    3643
    3530
    3613
    3574
    3626
    3623
    3441
    3603
    3556
    3514
    3437
    3530
    3551
    3447
    3418
    3418
    3407
    3468
    3456
    3406
    3381
    3361
    3303
    3346
    3392
    3306
    3322
    3243
    3378
    3356
    3314
    3283
    3299
    3380
    3205
    3321
    3297
    3151
    3210
    3261
    3106
    3173
    3169
    3234
    3181
    3145
    3230
    3229
    3224
    3179
    3202
    3293
    3164
    3126
    3128
    3118
    3156
    3137
    3231
    3186
    3197
    3180
    3189
    3149
    3064
    3081
    3208
    3230
    3223
    3126
    3220
    3209
    3186
    3137
    3152
    3205
    3204
    3150
    3295
    3270
    3150
    3265
    3205
    3210
    3183
    3162
    3216
    3196
    3172
    3076
    3194
    3202
    3105
    3171
    3136
    3149
    3163
    3198
    3150
    3128
    3107
    3029
    3013
    3095
    3062
    3053
    2903
    3037
    2970
    3031
    2939
    2973
    2918
    2882
    2962
    2962
    2945
    2850
    2906
    2908
    2876
    2887
    2985
    2897
    2912
    2947
    2911
    2854
    2866
    2853
    2787
    2804
    2856
    2781
    2768
    2702
    2814
    2763
    2739
    2850
    2751
    2720
    2763
    2658
    2768
    2770
    2770
    2787
    2734
    2775
    2795
    2793
    2712
    2727
    2638
    2664
    2697
    2737
    2697
    2670
    2759
    2732
    2644
    2783
    2796
    2780
    2737
    2772
    2671
    2756
    2776
    2733
    2730
    2714
    2767
    2729
    2712
    2661
    2661
    2785
    2766
    2696
    2728
    2828
    2670
    2734
    2785
    2703
    2684
    2635
    2721
    2708
    2754
    2731
    2766
    2621
    2729
    2690
    2690
    2597
    2654
    2674
    2689
    2625
    2647
    2634
    2596
    2686
    2677
    2678
    2619
    2592
    2628
    2567
    2643
    2635
    2645
    2584
    2640
    2650
    2658
    2630
    2566
    2565
    2619
    2722
    2576
    2525
    2626
    2574
    2624
    2508
    2635
    2500
    2577
    2662
    2537
    2530
    2575
    2600
    2625
    2652
    2578
    2589
    2532
    2589
    2516
    2604
    2612
    2519
    2580
    2508
    2606
    2524
    2579
    2638
    2619
    2608
    2499
    2525
    2484
    2562
    2555
    2597
    2637
    2558
    2586
    2540
    2556
    2554
    2573
    2561
    2472
    2553
    2555
    2458
    2530
    2502
    2424
    2433
    2540
    2476
    2474
    2445
    2516
    2494
    2435
    2449
    2521
    2530
    2593
    2502
    2517
    2561
    2454
    2464
    2428
    2516
    2463
    2547
    2464
    2473
    2487
    2396
    2433
    2424
    2503
    2394
    2514
    2535
    2466
    2384
    2421
    2414
    2410
    2436
    2366
    2439
    2427
    2420
    2395
    2405
    2348
    2445
    2445
    2413
    2396
    2357
    2331
    2396
    2331
    2321
    2366
    2324
    2430
    2366
    2436
    2293
    2427
    2315
    2480
    2369
    2435
    2317
    2428
    2396
    2358
    2302
    2344
    2328
    2353
    2382
    2426
    2348
    2311
    2301
    2328
    2285
    2424
    2389
    2378
    2418
    2296
    2390
    2303
    2311
    2383
    2262
    2314
    2311
    2325
    2300
    2317
    2300
    2257
    2312
    2367
    2316
    2317
    2354
    2324
    2291
    2354
    2297
    2298
    2251
    2224
    2269
    2326
    2325
    2397
    2254
    2354
    2326
    2338
    2287
    2293
    2295
    2277
    2286
    2306
    2183
    2262
    2323
    2359
    2214
    2319
    2287
    2280
    2309
    2185
    2225
    2298
    2238
    2303
    2341
    2287
    2219
    2206
    2317
    2281
    2286
    2293
    2325
    2319
    2277
    2246
    2353
    2243
    2251
    2268
    2288
    2300
    2252
    2228
    2163
    2241
    2188
    2306
    2283
    2275
    2216
    2230
    2261
    2203
    2232
    2225
    2197
    2220
    2268
    2223
    2165
    2217
    2284
    2194
    2265
    2176
    2188
    2266
    2311
    2216
    2266
    2275
    2193
    2226
    2223
    2209
    2317
    2220
    2200
    2190
    2229
    2242
    2250
    2346
    2327
    2363
    2347
    2285
    2279
    2390
    2285
    2261
    2266
    2338
    2242
    2303
    2307
    2275
    2276
    2261
    2269
    2297
    2241
    2269
    2299
    2374
    2174
    2346
    2236
    2304
    2252
    2259
    2178
    2221
    2191
    2241
    2149
    2164
    2254
    2248
    2237
    2210
    2304
    2266
    2195
    2324
    2271
    2151
    2155
    2188
    2172
    2203
    2238
    2196
    2161
    2154
    2214
    2189
    2218
    2268
    2127
    2115
    2184
    2163
    2248
    2175
    2148
    2181
    2172
    2119
    2204
    2236
    2251
    2106
    2147
    2174
    2233
    2192
    2137
    2220
    2171
    2269
    2146
    2246
    2237
    2271
    2272
    2237
    2225
    2313
    2258
    2248
    2299
    2244
    2255
    2246
    2357
    2255
    2272
    2297
    2297
    2255
    2334
    2232
    2243
    2309
    2253
    2284
    2318
    2328
    2256
    2264
    2338
    2265
    2325
    2323
    2275
    2306
    2406
    2320
    2300
    2270
    2191
    2243
    2237
    2238
    2372
    2201
    2220
    2227
    2304
    2267
    2248
    2281
    2343
    2254
    2314
    2245
    2255
    2290
    2252
    2231
    2299
    2265
    2201
    2193
    2224
    2284
    2245
    2289
    2228
    2263
    2178
    2249
    2170
    2177
    2173
    2175
    2229
    2174
    2207
    2152
    2199
    2213
    2144
    2054
    2142
    2163
    2062
    2139
    2138
    2229
    2207
    2168
    2234
    2201
    2193
    2270
    2250
    2204
    2257
    2294
    2203
    2294
    2331
    2296
    2320
    2395
    2364
    2404
    2387
    2426
    2409
    2461
    2457
    2423
    2496
    2540
    2371
    2502
    2536
    2413
    2489
    2384
    2524
    2497
    2437
    2482
    2377
    2380
    2492
    2461
    2407
    2384
    2323
    2492
    2330
    2239
    2381
    2287
    2307
    2330
    2304
    2232
    2204
    2282
    2177
    2183
    2225
    2239
    2150
    2047
    2091
    2066
    2122
    2167
    2078
    1997
    2112
    2044
    2066
    2089
    1971
    1942
    1996
    2086
    2001
    1921
    1958
    1933
    2018
    2033
    1938
    1974
    1984
    1970
    2037
    1960
    1978
    2012
    1940
    1928
    2033
    1963
    1972
    2036
    1976
    2038
    1993
    2006
    2002
    2002
    1970
    1996
    2010
    1924
    1941
    2004
    1957
    1999
    1980
    1927
    1901
    2001
    2043
    2005
    1996
    2048
    2026
    2054
    2026
    2013
    2021
    2006
    2044
    2157
    1972
    2028
    1983
    2037
    2040
    1960
    1923
    2002
    1974
    1983
    1973
    1991
    2047
    2050
    2036
    1978
    2055
    2071
    1896
    2028
    1983
    2004
    2000
    2045
    2057
    1980
    2061
    2039
    2049
    2098
    2022
    2012
    1999
    2053
    2081
    2033
    1968
    2064
    2058
    2180
    2069
    2045
    2060
    1977
    2030
    2032
    2080
    2124
    2029
    2020
    2026
    2093
    2147
    2024
    2086
    2094
    2088
    2079
    2075
    2100
    2076
    2069
    2065
    2037
    1994
    2107
    2089
    2005
    2053
    1991
    2015
    1997
    2034
    2028
    2099
    1992
    2006
    2043
    2019
    2048
    1915
    1970
    2001
    2131
    1990
    2069
    2084
    2045
    2053
    2007
    2010
    2049
    1959
    2004
    2079
    2062
    2021
    1942
    2009
    2022
    2010
    1930
    1927
    1932
    1989
    2028
    2072
    2022
    1972
    1980
    2053
    2014
    1936
    2029
    1964
    2011
    2028
    1982
    1976
    1997
    1963
    2037
    1976
    1996
    2035
    2108
    2031
    2006
    2026
    1996
    2052
    2018
    2057
    1995
    2006
    2074
    1993
    2081
    2106
    2096
    2092
    2027
    2087
    1986
    2097
    2027
    2028
    2033
    2098
    2068
    2059
    2156
    2125
    2041
    2118
    2051
    2108
    2124
    2121
    2116
    2009
    2113
    2105
    2114
    2102
    2093
    2062
    2069
    2143
    2149
    2148
    2058
    2001
    2163
    2090
    2157
    2086
    2130
    2111
    2141
    2162
    2143
    2082
    2140
    2075
    2120
    2130
    2114
    2109
    2172
    2198
    2193
    2153
    2179
    2252
    2197
    2206
    2144
    2111
    2210
    2220
    2177
    2207
    2166
    2175
    2230
    2204
    2169
    2300
    2262
    2222
    2209
    2143
    2137
    2228
    2161
    2237
    2201
    2173
    2260
    2248
    2076
    2238
    2196
    2223
    2271
    2154
    2177
    2192
    2246
    2286
    2202
    2333
    2208
    2202
    2203
    2244
    2268
    2241
    2248
    2224
    2220
    2200
    2315
    2265
    2240
    2237
    2299
    2258
    2299
    2298
    2273
    2323
    2287
    2397
    2372
    2340
    2257
    2237
    2338
    2381
    2440
    2392
    2358
    2321
    2348
    2416
    2374
    2462
    2403
    2389
    2409
    2478
    2338
    2384
    2454
    2453
    2404
    2390
    2429
    2471
    2415
    2525
    2584
    2473
    2428
    2416
    2506
    2477
    2574
    2557
    2457
    2487
    2653
    2512
    2611
    2536
    2604
    2516
    2533
    2648
    2642
    2747
    2658
    2676
    2716
    2680
    2678
    2617
    2680
    2642
    2621
    2633
    2770
    2682
    2768
    2684
    2703
    2785
    2754
    2815
    2835
    2733
    2810
    2860
    2886
    2859
    2917
    2887
    2799
    3005
    2970
    2957
    2953
    2883
    2998
    3016
    2915
    2981
    2970
    3064
    3001
    3045
    3000
    3002
    3283
    3099
    3102
    3157
    3201
    3243
    3246
    3180
    3187
    3299
    3278
    3223
    3364
    3446
    3381
    3394
    3425
    3540
    3390
    3368
    3553
    3493
    3466
    3568
    3626
    3515
    3511
    3596
    3744
    3633
    3646
    3707
    3689
    3731
    3702
    3864
    3793
    3902
    3929
    3925
    3928
    4029
    4092
    4099
    4045
    4044
    4190
    4156
    4145
    4165
    4304
    4269
    4233
    4246
    4362
    4229
    4380
    4313
    4409
    4467
    4419
    4525
    4579
    4472
    4552
    4486
    4685
    4607
    4771
    4675
    4816
    4808
    4880
    4823
    4849
    4817
    4901
    5119
    4966
    5144
    5106
    5133
    5154
    5081
    5178
    5272
    5482
    5292
    5193
    5407
    5228
    5313
    5400
    5441
    5564
    5420
    5596
    5588
    5599
    5714
    5744
    5771
    5697
    5682
    5646
    5734
    5830
    5882
    5898
    5861
    5878
    5941
    5955
    5901
    6080
    5872
    5963
    5958
    5919
    6030
    5950
    6103
    6039
    6058
    6026
    6015
    6051
    5998
    6127
    6101
    5982
    5798
    6038
    6041
    5966
    5991
    6069
    5909
    6022
    6013
    6016
    5973
    6098
    6087
    6011
    6018
    6008
    6055
    5986
    6123
    5927
    6005
    6089
    5908
    6036
    5810
    6017
    5767
    5927
    6045
    5976
    5922
    5943
    6048
    6049
    5999
    6033
    5965
    5903
    6116
    5876
    6013
    5879
    6048
    6109
    6153
    5908
    6013
    5895
    5977
    5993
    6060
    6023
    5996
    6066
    6062
    6102
    6162
    6116
    6252
    6216
    6207
    6100
    6325
    6216
    6389
    6389
    6298
    6338
    6396
    6455
    6470
    6501
    6549
    6511
    6538
    6679
    6643
    6736
    6635
    6683
    6616
    6758
    6840
    6782
    6865
    6911
    6815
    6908
    7118
    7059
    7053
    7053
    7192
    7100
    7273
    7252
    7291
    7454
    7561
    7578
    7461
    7513
    7654
    7667
    7628
    7836
    7640
    7866
    7975
    8058
    7963
    8019
    8145
    8115
    8153
    8248
    8386
    8649
    8644
    8510
    8421
    8435
    8868
    8710
    8854
    8809
    8908
    9007
    8998
    9164
    9079
    9164
    9304
    9500
    9505
    9351
    9636
    9671
    9858
    9960
    9958
   10099
   10101
   10203
   10277
   10197
   10455
   10693
   10589
   11002
   10910
   10839
   10950
   11096
   11244
   11326
   11386
   11318
   11355
   11552
   11973
   11722
   12141
   12050
   12242
   12516
   12396
   12399
   12567
   12763
   12917
   12922
   13070
   13308
   12965
   13431
   13704
   13808
   13657
   13922
   14208
   14167
   14439
   14550
   14501
   14658
   14614
   14840
   14952
   15373
   15158
   15634
   15615
   15779
   15840
   16175
   16374
   16503
   16636
   16813
   16713
   17283
   17365
   17243
   17462
   17475
   17825
   17962
   18349
   18395
   18450
   18848
   19172
   19229
   19387
   19469
   19426
   19958
   20089
   20315
   20509
   20650
   21064
   21028
   21229
   21590
   21858
   21868
   22275
   22436
   22258
   23031
   22781
   23231
   23490
   23514
   23856
   24108
   24079
   24962
   24963
   25427
   25404
   25607
   26125
   26266
   26523
   26937
   27168
   27374
   27647
   27953
   28451
   28990
   29373
   29415
   29703
   29923
   30321
   30715
   30873
   31335
   31674
   32311
   32239
   32843
   33281
   33689
   33918
   34481
   34826
   35682
   35871
   36079
   36534
   36910
   37681
   37825
   38513
   38976
   39215
   40359
   40327
   40748
   41375
   42015
   42745
   43116
   43633
   44216
   44912
   45298
   46090
   46569
   47117
   47969
   48733
   49275
   50239
   50632
   51807
   52441
   52923
   53799
   54800
   55673
   56295
   57505
   58201
   59506
   59782
   61162
   61694
   62910
   64032
   64323
   65925
   67336
   68146
       0
       0
       0
       0
       0
       0
       0
       0
       0
       0
       0
       0
       0
       0
       0
       0
       0
       0
       0
       0
       0
       0
       0
       0
       0
       0
       0
       0
       0
       0
       0
       0
$ROI:
0
$PRESETS:
None
0
0
$ENER_FIT:
-0.169488 0.023446
$MCA_CAL:
3
-1.694878E-001 2.344633E-002 0.000000E+000 keV
$SHAPE_CAL:
3
0.000000E+000 0.000000E+000 0.000000E+000
