$SPEC_ID:
No sample description was entered.
$SPEC_REM:
DET# 4
DETDESC# JLAB-20 MCB 131
AP# Maestro Version 7.01
$DATE_MEA:
09/30/2025 10:46:44
$MEAS_TIM:
80713 82679
$DATA:
0 2047
       0
       0
       0
       0
       0
       0
       0
       0
       0
       0
       0
       0
       0
       0
       0
       0
       0
       0
       0
       0
       0
       0
       0
       0
       0
       0
       0
       0
       0
       0
       0
       0
       0
       0
       0
       0
       0
       0
       0
       0
       0
       0
       0
       0
       0
       0
       0
       0
       0
       0
       0
       0
       1
       0
       1
       0
       0
       0
       0
       0
       0
       0
       0
       1
       0
       1
       0
       0
       0
     298
    9034
    9192
    8667
    8320
    8360
    7888
    7822
    7758
    7640
    7499
    7382
    7551
    7220
    7287
    7150
    7189
    7019
    6854
    6787
    7015
    6769
    6470
    6656
    6487
    6473
    6374
    6391
    6493
    6357
    6342
    6235
    6198
    6129
    6253
    6049
    5917
    6040
    5914
    5962
    5821
    5774
    5748
    5754
    5691
    5582
    5631
    5546
    5528
    5427
    5372
    5461
    5419
    5349
    5362
    5329
    5297
    5430
    5263
    5176
    5134
    5272
    5134
    4976
    5045
    4916
    5029
    5015
    5050
    4961
    4864
    4938
    4945
    4812
    4813
    4827
    4809
    4838
    4912
    4819
    4879
    4647
    4841
    4555
    4704
    4563
    4592
    4611
    4637
    4618
    4496
    4607
    4497
    4502
    4466
    4526
    4472
    4491
    4554
    4486
    4473
    4363
    4335
    4410
    4285
    4435
    4393
    4402
    4292
    4372
    4358
    4277
    4279
    4358
    4270
    4210
    4323
    4220
    4204
    4236
    4194
    4157
    4176
    4075
    4230
    4322
    4151
    4269
    4117
    4133
    4259
    4143
    4140
    4156
    4212
    4066
    4041
    4068
    4055
    4125
    4037
    4095
    4121
    4040
    3899
    4112
    4073
    4004
    4053
    4018
    4073
    4110
    4057
    4040
    4155
    4051
    4079
    3972
    4005
    4069
    3993
    3997
    3997
    3910
    4033
    4078
    4020
    3940
    4079
    3914
    3961
    4004
    3985
    3993
    3809
    4031
    3974
    3934
    3975
    4042
    3941
    3980
    3962
    3989
    4034
    4016
    3988
    3981
    4070
    4105
    4049
    3988
    3935
    4138
    4110
    4091
    4070
    3985
    4149
    4176
    4141
    4068
    4035
    4069
    4137
    4236
    4112
    4136
    4145
    4106
    4114
    4148
    4117
    4199
    4224
    4141
    4049
    4212
    4144
    4153
    4193
    4202
    4088
    4225
    4242
    4173
    4292
    4267
    4266
    4314
    4416
    4364
    4504
    4633
    4672
    4925
    4975
    5118
    5513
    5844
    6350
    6743
    7362
    8211
    8880
    9869
   11065
   12494
   13829
   15484
   17235
   19111
   21363
   23589
   26056
   28873
   31326
   33959
   36540
   38980
   42025
   44675
   47221
   49567
   51529
   53672
   55878
   56867
   58956
   59649
   61074
   61780
   62500
   63403
   63803
   63600
   63896
   63925
   63907
   63603
   63157
   62529
   62064
   61458
   60434
   59783
   59251
   57785
   56974
   55781
   54861
   53843
   52291
   51079
   49991
   48451
   46883
   45279
   44224
   42538
   40817
   39215
   37765
   36543
   34937
   33657
   32328
   30707
   29335
   27848
   26527
   25456
   24479
   23112
   22215
   21255
   20572
   20030
   18981
   18413
   18034
   17400
   16596
   16361
   15661
   15411
   14538
   14217
   13641
   12970
   12604
   12170
   11652
   11395
   10630
   10023
    9485
    9143
    8608
    8249
    7614
    7155
    6842
    6218
    6118
    5549
    5193
    4867
    4562
    4383
    3960
    3828
    3549
    3448
    3344
    3264
    3142
    2954
    2875
    2825
    2784
    2783
    2771
    2693
    2790
    2705
    2668
    2620
    2747
    2740
    2689
    2654
    2758
    2729
    2826
    2673
    2721
    2731
    2774
    2556
    2710
    2640
    2705
    2696
    2614
    2692
    2598
    2614
    2598
    2696
    2703
    2551
    2604
    2581
    2562
    2486
    2560
    2597
    2507
    2503
    2543
    2498
    2509
    2567
    2519
    2466
    2442
    2418
    2416
    2497
    2419
    2425
    2368
    2470
    2393
    2424
    2405
    2437
    2488
    2335
    2410
    2376
    2318
    2351
    2377
    2243
    2336
    2273
    2377
    2326
    2268
    2333
    2292
    2371
    2328
    2348
    2443
    2305
    2255
    2327
    2272
    2297
    2246
    2380
    2301
    2367
    2348
    2332
    2338
    2211
    2251
    2328
    2376
    2306
    2266
    2356
    2345
    2346
    2272
    2312
    2354
    2369
    2296
    2406
    2402
    2311
    2393
    2345
    2315
    2310
    2328
    2368
    2326
    2295
    2262
    2365
    2361
    2281
    2351
    2313
    2305
    2293
    2319
    2301
    2230
    2262
    2208
    2189
    2286
    2259
    2258
    2136
    2185
    2215
    2168
    2131
    2137
    2159
    2128
    2130
    2166
    2165
    2095
    2162
    2093
    2106
    2082
    2161
    2146
    2104
    2127
    2144
    2070
    2084
    2118
    2059
    2055
    2094
    2044
    2004
    1958
    2067
    2008
    1979
    2011
    2051
    1985
    2031
    1970
    1983
    1983
    2018
    2008
    2006
    2001
    2063
    2025
    1988
    2016
    1918
    1965
    1959
    2013
    1960
    1959
    2002
    1981
    1937
    2062
    2047
    2048
    1997
    2009
    1943
    2015
    2009
    1980
    2012
    1949
    2002
    1923
    1986
    1954
    1972
    2044
    2030
    2005
    1969
    2029
    1945
    2015
    2006
    1971
    1929
    1945
    1950
    1974
    2018
    2010
    2040
    1920
    1991
    1936
    1970
    1891
    1939
    1954
    1964
    1933
    1952
    1918
    1919
    1979
    1950
    1969
    1896
    1911
    1908
    1838
    1937
    1936
    1939
    1868
    1891
    1919
    1944
    1921
    1891
    1926
    1925
    1968
    1915
    1837
    1936
    1874
    1906
    1842
    1949
    1841
    1844
    1955
    1863
    1872
    1846
    1915
    1852
    1920
    1914
    1902
    1872
    1893
    1827
    1900
    1911
    1851
    1936
    1834
    1900
    1849
    1900
    1889
    1925
    1888
    1839
    1866
    1781
    1863
    1859
    1931
    1956
    1843
    1881
    1828
    1854
    1844
    1900
    1858
    1843
    1856
    1861
    1789
    1857
    1791
    1789
    1756
    1884
    1800
    1827
    1812
    1869
    1812
    1772
    1776
    1823
    1849
    1886
    1790
    1865
    1848
    1808
    1818
    1782
    1811
    1792
    1864
    1775
    1763
    1802
    1760
    1809
    1799
    1828
    1738
    1837
    1867
    1775
    1760
    1765
    1755
    1749
    1770
    1720
    1763
    1737
    1809
    1755
    1770
    1728
    1764
    1799
    1766
    1755
    1715
    1713
    1760
    1728
    1704
    1712
    1710
    1780
    1731
    1794
    1702
    1768
    1740
    1837
    1781
    1810
    1675
    1780
    1773
    1714
    1682
    1766
    1719
    1739
    1761
    1784
    1718
    1661
    1652
    1657
    1665
    1764
    1714
    1769
    1761
    1689
    1727
    1694
    1672
    1762
    1637
    1682
    1686
    1666
    1669
    1733
    1668
    1655
    1692
    1719
    1663
    1684
    1721
    1713
    1672
    1706
    1712
    1693
    1654
    1569
    1664
    1687
    1680
    1766
    1657
    1768
    1708
    1701
    1663
    1685
    1687
    1679
    1667
    1669
    1584
    1684
    1731
    1736
    1601
    1720
    1665
    1666
    1684
    1616
    1589
    1703
    1636
    1660
    1723
    1678
    1597
    1622
    1664
    1671
    1654
    1693
    1668
    1670
    1677
    1657
    1726
    1614
    1677
    1675
    1701
    1676
    1645
    1627
    1599
    1598
    1597
    1678
    1692
    1688
    1624
    1630
    1626
    1627
    1624
    1632
    1627
    1602
    1638
    1610
    1580
    1633
    1657
    1568
    1634
    1608
    1618
    1690
    1678
    1614
    1644
    1682
    1592
    1610
    1568
    1612
    1670
    1661
    1617
    1589
    1612
    1656
    1627
    1670
    1699
    1760
    1741
    1659
    1666
    1732
    1652
    1625
    1676
    1704
    1645
    1672
    1711
    1673
    1678
    1634
    1655
    1658
    1660
    1652
    1648
    1716
    1588
    1685
    1623
    1703
    1680
    1643
    1597
    1606
    1618
    1649
    1566
    1598
    1640
    1660
    1651
    1629
    1712
    1667
    1623
    1711
    1689
    1586
    1607
    1609
    1626
    1626
    1648
    1592
    1579
    1546
    1599
    1584
    1626
    1654
    1538
    1549
    1596
    1564
    1640
    1614
    1583
    1600
    1614
    1523
    1646
    1648
    1671
    1529
    1521
    1583
    1657
    1570
    1543
    1628
    1588
    1681
    1564
    1605
    1607
    1652
    1685
    1644
    1629
    1705
    1641
    1644
    1685
    1653
    1635
    1616
    1737
    1659
    1696
    1684
    1676
    1641
    1705
    1645
    1662
    1692
    1602
    1704
    1658
    1701
    1644
    1661
    1705
    1659
    1659
    1679
    1660
    1672
    1709
    1688
    1691
    1672
    1615
    1644
    1639
    1653
    1735
    1646
    1602
    1666
    1662
    1712
    1636
    1707
    1715
    1683
    1674
    1645
    1673
    1675
    1658
    1637
    1693
    1631
    1622
    1587
    1574
    1659
    1636
    1681
    1607
    1622
    1586
    1680
    1588
    1554
    1567
    1561
    1625
    1563
    1619
    1546
    1605
    1600
    1559
    1509
    1591
    1570
    1518
    1564
    1585
    1661
    1630
    1581
    1605
    1594
    1568
    1625
    1648
    1587
    1649
    1684
    1602
    1659
    1753
    1694
    1687
    1738
    1736
    1739
    1736
    1770
    1741
    1773
    1808
    1785
    1846
    1844
    1676
    1847
    1870
    1764
    1766
    1721
    1827
    1774
    1788
    1845
    1679
    1749
    1839
    1845
    1775
    1732
    1717
    1821
    1698
    1592
    1716
    1684
    1679
    1693
    1627
    1615
    1642
    1699
    1569
    1626
    1617
    1656
    1609
    1480
    1532
    1520
    1564
    1564
    1523
    1459
    1532
    1483
    1527
    1518
    1439
    1422
    1495
    1538
    1494
    1418
    1423
    1396
    1473
    1464
    1441
    1453
    1434
    1446
    1529
    1482
    1456
    1485
    1415
    1409
    1523
    1421
    1420
    1512
    1429
    1480
    1447
    1454
    1460
    1457
    1452
    1478
    1469
    1402
    1404
    1475
    1427
    1448
    1452
    1415
    1398
    1461
    1492
    1433
    1456
    1484
    1481
    1495
    1471
    1471
    1484
    1489
    1501
    1598
    1435
    1462
    1454
    1494
    1454
    1446
    1381
    1455
    1434
    1417
    1421
    1432
    1504
    1527
    1490
    1460
    1504
    1513
    1375
    1484
    1443
    1450
    1496
    1461
    1496
    1416
    1495
    1478
    1522
    1542
    1472
    1437
    1458
    1509
    1542
    1502
    1445
    1509
    1492
    1603
    1472
    1524
    1483
    1445
    1498
    1492
    1527
    1535
    1464
    1454
    1514
    1518
    1541
    1504
    1514
    1503
    1540
    1497
    1546
    1533
    1501
    1512
    1525
    1520
    1467
    1502
    1477
    1448
    1484
    1449
    1480
    1459
    1458
    1468
    1546
    1421
    1486
    1475
    1471
    1441
    1404
    1438
    1441
    1522
    1478
    1500
    1509
    1498
    1460
    1485
    1466
    1494
    1423
    1440
    1525
    1511
    1500
    1405
    1481
    1501
    1448
    1414
    1426
    1386
    1471
    1507
    1555
    1455
    1436
    1423
    1514
    1464
    1418
    1482
    1444
    1474
    1496
    1467
    1433
    1409
    1438
    1467
    1482
    1501
    1480
    1544
    1497
    1516
    1471
    1441
    1493
    1443
    1458
    1422
    1502
    1498
    1446
    1527
    1513
    1557
    1526
    1457
    1550
    1473
    1535
    1471
    1487
    1491
    1550
    1513
    1476
    1605
    1564
    1501
    1577
    1500
    1561
    1549
    1578
    1538
    1447
    1565
    1543
    1556
    1528
    1540
    1518
    1549
    1588
    1576
    1566
    1502
    1475
    1579
    1519
    1559
    1502
    1550
    1554
    1559
    1579
    1571
    1490
    1544
    1536
    1542
    1534
    1544
    1536
    1599
    1589
    1592
    1556
    1578
    1653
    1587
    1608
    1572
    1545
    1613
    1621
    1563
    1589
    1571
    1644
    1593
    1623
    1583
    1673
    1674
    1611
    1597
    1578
    1529
    1616
    1572
    1620
    1636
    1620
    1644
    1651
    1488
    1661
    1591
    1659
    1658
    1588
    1569
    1544
    1649
    1699
    1627
    1703
    1595
    1607
    1605
    1635
    1681
    1622
    1657
    1616
    1616
    1632
    1682
    1634
    1619
    1651
    1661
    1640
    1695
    1697
    1655
    1660
    1687
    1765
    1705
    1675
    1692
    1630
    1721
    1739
    1784
    1756
    1718
    1710
    1736
    1728
    1745
    1817
    1784
    1792
    1782
    1825
    1699
    1726
    1790
    1789
    1751
    1724
    1797
    1811
    1787
    1857
    1932
    1823
    1734
    1712
    1833
    1823
    1871
    1868
    1812
    1809
    1896
    1767
    1917
    1883
    1901
    1814
    1878
    1926
    1940
    2006
    1968
    1940
    1963
    1932
    1930
    1906
    1944
    1924
    1905
    1946
    2030
    1942
    2001
    1984
    1999
    2051
    1987
    2048
    2088
    1967
    2038
    2104
    2098
    2079
    2123
    2069
    2033
    2190
    2172
    2144
    2144
    2138
    2188
    2196
    2115
    2152
    2172
    2265
    2211
    2233
    2141
    2156
    2343
    2273
    2232
    2294
    2355
    2363
    2343
    2302
    2312
    2390
    2438
    2348
    2490
    2569
    2479
    2516
    2505
    2573
    2468
    2454
    2589
    2531
    2550
    2613
    2666
    2587
    2615
    2630
    2759
    2641
    2643
    2703
    2701
    2677
    2715
    2811
    2771
    2868
    2909
    2837
    2889
    2968
    3027
    3003
    2931
    2936
    3032
    3035
    2956
    2990
    3113
    3108
    3118
    3152
    3192
    3109
    3249
    3146
    3238
    3281
    3213
    3328
    3337
    3232
    3351
    3276
    3372
    3358
    3442
    3405
    3496
    3464
    3622
    3569
    3510
    3521
    3608
    3764
    3599
    3832
    3736
    3757
    3826
    3719
    3782
    3813
    4012
    3874
    3760
    3913
    3772
    3886
    3912
    3929
    4038
    3984
    4139
    4084
    4023
    4164
    4190
    4189
    4133
    4129
    4128
    4205
    4284
    4313
    4293
    4290
    4308
    4380
    4372
    4286
    4423
    4287
    4376
    4356
    4342
    4377
    4387
    4465
    4419
    4387
    4412
    4454
    4382
    4386
    4480
    4453
    4355
    4221
    4447
    4384
    4338
    4353
    4445
    4345
    4423
    4441
    4400
    4355
    4490
    4429
    4378
    4375
    4378
    4466
    4371
    4496
    4359
    4406
    4413
    4319
    4395
    4269
    4409
    4219
    4299
    4446
    4340
    4310
    4372
    4356
    4347
    4363
    4338
    4396
    4296
    4504
    4301
    4431
    4329
    4390
    4460
    4474
    4339
    4365
    4294
    4313
    4460
    4421
    4333
    4402
    4350
    4442
    4425
    4431
    4475
    4573
    4563
    4534
    4430
    4588
    4530
    4638
    4694
    4683
    4623
    4626
    4703
    4782
    4753
    4793
    4766
    4792
    4899
    4842
    4883
    4833
    4886
    4816
    4908
    5046
    4946
    4982
    4966
    5049
    5015
    5153
    5084
    5168
    5216
    5199
    5122
    5279
    5231
    5340
    5412
    5570
    5544
    5463
    5471
    5629
    5678
    5489
    5743
    5557
    5721
    5797
    5880
    5871
    5814
    5947
    5913
    5987
    6014
    6067
    6299
    6337
    6165
    6151
    6111
    6476
    6373
    6430
    6431
    6558
    6594
    6528
    6682
    6586
    6689
    6852
    6987
    6973
    6833
    7044
    7078
    7196
    7294
    7248
    7311
    7387
    7441
    7548
    7447
    7661
    7757
    7652
    7980
    7903
    7936
    8105
    8106
    8186
    8203
    8325
    8319
    8209
    8467
    8741
    8525
    8815
    8759
    9019
    9178
    9055
    8937
    9136
    9340
    9417
    9410
    9564
    9678
    9424
    9773
   10005
   10073
    9879
   10135
   10429
   10424
   10509
   10574
   10632
   10731
   10672
   10835
   10945
   11173
   11107
   11388
   11429
   11449
   11567
   11744
   11967
   12009
   12089
   12286
   12218
   12586
   12649
   12560
   12754
   12754
   12968
   13146
   13438
   13457
   13438
   13790
   13944
   14084
   14155
   14250
   14116
   14472
   14654
   14895
   15014
   15078
   15416
   15350
   15374
   15796
   15901
   15934
   16153
   16501
   16247
   16760
   16734
   17017
   17254
   17200
   17446
   17708
   17690
   18345
   18209
   18604
   18583
   18717
   19135
   19218
   19467
   19543
   19770
   20118
   20284
   20444
   20686
   21101
   21268
   21509
   21730
   21903
   22118
   22387
   22636
   22805
   23164
   23465
   23603
   23879
   24330
   24693
   24607
   25204
   25364
   25984
   26281
   26279
   26769
   26951
   27536
   27650
   27979
   28558
   28597
   29641
   29439
   29844
   30197
   30846
   31165
   31407
   31898
   32363
   32850
   33135
   33624
   33980
   34383
   35133
   35580
   35970
   36718
   37093
   37773
   38383
   38583
   39429
   40002
   40706
   41301
   41885
   42419
   43594
   43675
   44744
   45080
   45907
   46536
   46985
   48025
   49198
   49787
       0
       0
       0
       0
       0
       0
       0
       0
       0
       0
       0
       0
       0
       0
       0
       0
       0
       0
       0
       0
       0
       0
       0
       0
       0
       0
       0
       0
       0
       0
       0
       0
$ROI:
0
$PRESETS:
None
0
0
$ENER_FIT:
-0.169488 0.023446
$MCA_CAL:
3
-1.694878E-001 2.344633E-002 0.000000E+000 keV
$SHAPE_CAL:
3
0.000000E+000 0.000000E+000 0.000000E+000
