$SPEC_ID:
No sample description was entered.
$SPEC_REM:
DET# 4
DETDESC# JLAB-20 MCB 131
AP# Maestro Version 7.01
$DATE_MEA:
10/01/2025 00:36:44
$MEAS_TIM:
129348 132480
$DATA:
0 2047
       0
       0
       0
       0
       0
       0
       0
       0
       0
       0
       0
       0
       0
       0
       0
       0
       0
       0
       0
       0
       0
       0
       0
       0
       0
       0
       0
       0
       0
       0
       0
       0
       0
       0
       0
       0
       0
       0
       0
       0
       0
       0
       0
       0
       0
       0
       0
       0
       0
       0
       0
       1
       2
       0
       1
       1
       0
       1
       0
       0
       0
       0
       0
       1
       0
       1
       1
       1
       1
     495
   14603
   14753
   13883
   13453
   13213
   12688
   12448
   12413
   12211
   12043
   11872
   11786
   11649
   11612
   11427
   11359
   11181
   10952
   10934
   11129
   10889
   10507
   10648
   10485
   10366
   10182
   10256
   10333
   10101
   10152
    9976
    9958
    9824
    9969
    9616
    9495
    9552
    9486
    9453
    9271
    9216
    9225
    9288
    9196
    8978
    9084
    8907
    8913
    8834
    8625
    8717
    8634
    8631
    8570
    8445
    8475
    8634
    8390
    8316
    8146
    8395
    8268
    7937
    8111
    8027
    8104
    8018
    8105
    7863
    7852
    7932
    7853
    7737
    7690
    7711
    7630
    7718
    7866
    7628
    7777
    7553
    7670
    7446
    7597
    7405
    7342
    7373
    7425
    7416
    7334
    7332
    7140
    7233
    7228
    7286
    7097
    7175
    7189
    7069
    7107
    6998
    6981
    7075
    6936
    7079
    7040
    6941
    6972
    6955
    6917
    6823
    6833
    6919
    6836
    6749
    6862
    6741
    6790
    6816
    6743
    6694
    6735
    6629
    6804
    6856
    6650
    6745
    6554
    6646
    6713
    6583
    6647
    6627
    6663
    6486
    6404
    6467
    6511
    6453
    6482
    6499
    6544
    6569
    6461
    6596
    6435
    6481
    6572
    6444
    6505
    6643
    6484
    6519
    6613
    6464
    6415
    6390
    6425
    6501
    6462
    6425
    6398
    6376
    6500
    6475
    6355
    6368
    6453
    6283
    6349
    6370
    6343
    6432
    6253
    6433
    6404
    6332
    6370
    6484
    6353
    6436
    6379
    6405
    6415
    6388
    6437
    6443
    6534
    6483
    6492
    6413
    6321
    6535
    6550
    6552
    6537
    6471
    6648
    6668
    6600
    6499
    6506
    6624
    6640
    6592
    6510
    6656
    6670
    6544
    6610
    6560
    6641
    6749
    6754
    6619
    6582
    6728
    6653
    6680
    6707
    6727
    6623
    6719
    6754
    6702
    6794
    6801
    6840
    6906
    7002
    7093
    7273
    7290
    7532
    7746
    7968
    8236
    8903
    9355
   10094
   10867
   11722
   13070
   14261
   15819
   17672
   19928
   22283
   24844
   27602
   30930
   34490
   37757
   41703
   46417
   50373
   54572
   58725
   62531
   67134
   71298
   75195
   79307
   82601
   86158
   89117
   91238
   94419
   95575
   97691
   98829
  100181
  101473
  102474
  101920
  102520
  102370
  102069
  101807
  100972
  100103
   99384
   98277
   97267
   96100
   94777
   92936
   91539
   89475
   87930
   86118
   83990
   81956
   80312
   77502
   74951
   72847
   71021
   68159
   65768
   63157
   61010
   58731
   56183
   53867
   51363
   49068
   46736
   44621
   42747
   40637
   39119
   36846
   35647
   34032
   33011
   31764
   30592
   29422
   28928
   27945
   26751
   26140
   25165
   24400
   23430
   22810
   22007
   20955
   20257
   19651
   18695
   18071
   16999
   16220
   15296
   14795
   13816
   13188
   12221
   11462
   10930
   10052
    9614
    8893
    8300
    7856
    7426
    7037
    6366
    6168
    5725
    5544
    5369
    5285
    5085
    4756
    4592
    4598
    4506
    4469
    4395
    4466
    4509
    4373
    4391
    4260
    4407
    4375
    4328
    4238
    4387
    4310
    4409
    4282
    4348
    4401
    4431
    4138
    4348
    4310
    4375
    4322
    4167
    4244
    4129
    4204
    4211
    4236
    4243
    4084
    4179
    4191
    4103
    4070
    4120
    4123
    3990
    3986
    3965
    4044
    4050
    4037
    3981
    3990
    3954
    3916
    3903
    3994
    3887
    3907
    3811
    3996
    3915
    3851
    3796
    3846
    3908
    3724
    3873
    3870
    3695
    3800
    3807
    3650
    3720
    3743
    3790
    3741
    3673
    3783
    3785
    3764
    3658
    3730
    3868
    3700
    3669
    3629
    3684
    3717
    3646
    3750
    3778
    3706
    3705
    3789
    3700
    3594
    3602
    3766
    3804
    3770
    3677
    3730
    3722
    3724
    3684
    3702
    3785
    3774
    3703
    3838
    3785
    3699
    3789
    3760
    3723
    3712
    3676
    3716
    3713
    3713
    3594
    3755
    3752
    3625
    3726
    3706
    3662
    3736
    3701
    3675
    3649
    3644
    3563
    3551
    3589
    3615
    3540
    3409
    3529
    3474
    3526
    3440
    3494
    3433
    3359
    3452
    3393
    3436
    3320
    3394
    3400
    3351
    3372
    3458
    3362
    3404
    3452
    3376
    3299
    3349
    3309
    3270
    3259
    3343
    3264
    3207
    3186
    3237
    3209
    3191
    3314
    3246
    3174
    3223
    3129
    3235
    3234
    3240
    3270
    3229
    3252
    3265
    3280
    3158
    3213
    3125
    3153
    3166
    3178
    3155
    3155
    3212
    3198
    3145
    3269
    3268
    3249
    3203
    3240
    3120
    3243
    3187
    3194
    3206
    3186
    3239
    3148
    3146
    3115
    3124
    3290
    3264
    3171
    3172
    3294
    3140
    3201
    3216
    3159
    3126
    3090
    3168
    3154
    3210
    3151
    3201
    3068
    3194
    3123
    3145
    3059
    3073
    3114
    3145
    3035
    3094
    3077
    3055
    3103
    3091
    3095
    3090
    3050
    3045
    3033
    3055
    3062
    3104
    3014
    3114
    3095
    3073
    3056
    3014
    3006
    3025
    3174
    3008
    2970
    3067
    3010
    3088
    2966
    3089
    2943
    3018
    3093
    2994
    2996
    3003
    3067
    3082
    3112
    3003
    3081
    2935
    3038
    2961
    3057
    3055
    2934
    2992
    2905
    3049
    2930
    2997
    3084
    3060
    3030
    2913
    3003
    2930
    2980
    3027
    3005
    3068
    2974
    3014
    2980
    2994
    3003
    3018
    3003
    2883
    2989
    2984
    2850
    2944
    2927
    2863
    2846
    2964
    2886
    2916
    2854
    2898
    2897
    2837
    2896
    2961
    2952
    3015
    2929
    2926
    2974
    2893
    2894
    2855
    2933
    2884
    2971
    2898
    2886
    2884
    2809
    2830
    2832
    2914
    2834
    2928
    2949
    2877
    2838
    2840
    2823
    2847
    2858
    2791
    2839
    2834
    2816
    2814
    2811
    2809
    2846
    2872
    2841
    2806
    2809
    2730
    2808
    2712
    2694
    2785
    2722
    2822
    2786
    2810
    2653
    2867
    2709
    2892
    2757
    2862
    2744
    2807
    2776
    2725
    2718
    2745
    2721
    2760
    2764
    2815
    2737
    2700
    2676
    2719
    2685
    2783
    2796
    2748
    2838
    2678
    2799
    2663
    2712
    2792
    2647
    2701
    2696
    2699
    2654
    2684
    2680
    2621
    2694
    2728
    2690
    2689
    2774
    2721
    2692
    2748
    2701
    2694
    2665
    2637
    2712
    2722
    2721
    2820
    2710
    2736
    2751
    2735
    2678
    2687
    2685
    2665
    2657
    2709
    2574
    2673
    2689
    2735
    2586
    2720
    2655
    2650
    2710
    2546
    2645
    2689
    2646
    2686
    2732
    2682
    2604
    2600
    2688
    2658
    2711
    2688
    2698
    2681
    2661
    2634
    2757
    2609
    2662
    2609
    2660
    2693
    2629
    2617
    2564
    2621
    2599
    2702
    2659
    2673
    2607
    2585
    2612
    2609
    2625
    2592
    2576
    2615
    2633
    2605
    2576
    2585
    2676
    2561
    2628
    2562
    2558
    2648
    2684
    2626
    2618
    2647
    2522
    2595
    2618
    2573
    2725
    2599
    2555
    2567
    2610
    2596
    2663
    2693
    2688
    2755
    2744
    2644
    2659
    2779
    2685
    2669
    2668
    2697
    2649
    2649
    2703
    2680
    2641
    2650
    2634
    2698
    2625
    2663
    2694
    2745
    2582
    2743
    2600
    2681
    2646
    2645
    2565
    2626
    2580
    2595
    2540
    2570
    2621
    2602
    2648
    2596
    2695
    2630
    2589
    2693
    2642
    2510
    2532
    2552
    2517
    2578
    2613
    2560
    2559
    2533
    2581
    2595
    2626
    2654
    2555
    2479
    2555
    2521
    2650
    2558
    2522
    2526
    2515
    2494
    2537
    2597
    2607
    2460
    2519
    2524
    2609
    2591
    2516
    2579
    2599
    2637
    2515
    2618
    2609
    2620
    2646
    2626
    2593
    2753
    2640
    2607
    2682
    2598
    2623
    2652
    2756
    2647
    2665
    2667
    2656
    2654
    2716
    2596
    2618
    2706
    2641
    2703
    2692
    2733
    2663
    2666
    2719
    2629
    2708
    2718
    2641
    2672
    2807
    2718
    2674
    2645
    2576
    2623
    2622
    2577
    2739
    2602
    2583
    2591
    2684
    2664
    2640
    2701
    2705
    2641
    2660
    2636
    2641
    2650
    2611
    2656
    2664
    2648
    2589
    2566
    2620
    2694
    2605
    2646
    2627
    2644
    2538
    2613
    2513
    2578
    2589
    2528
    2584
    2506
    2568
    2513
    2573
    2558
    2511
    2439
    2533
    2550
    2420
    2478
    2513
    2636
    2576
    2536
    2551
    2581
    2557
    2699
    2613
    2582
    2641
    2663
    2611
    2691
    2675
    2659
    2715
    2804
    2805
    2782
    2803
    2846
    2821
    2837
    2848
    2830
    2949
    2951
    2769
    2892
    2932
    2841
    2910
    2829
    2922
    2925
    2839
    2899
    2832
    2770
    2915
    2874
    2833
    2787
    2738
    2874
    2709
    2669
    2759
    2646
    2698
    2747
    2715
    2631
    2589
    2688
    2562
    2523
    2604
    2636
    2510
    2415
    2416
    2407
    2465
    2489
    2407
    2347
    2486
    2411
    2416
    2432
    2313
    2260
    2320
    2444
    2341
    2254
    2303
    2288
    2346
    2366
    2266
    2301
    2340
    2334
    2355
    2298
    2324
    2332
    2282
    2279
    2372
    2282
    2321
    2353
    2273
    2349
    2357
    2340
    2333
    2329
    2322
    2325
    2344
    2256
    2292
    2321
    2314
    2332
    2319
    2248
    2224
    2313
    2432
    2337
    2309
    2402
    2387
    2400
    2357
    2344
    2339
    2349
    2337
    2488
    2322
    2355
    2302
    2407
    2397
    2306
    2276
    2339
    2330
    2340
    2341
    2319
    2384
    2405
    2369
    2326
    2415
    2418
    2205
    2378
    2338
    2339
    2340
    2396
    2410
    2356
    2415
    2357
    2383
    2478
    2365
    2343
    2334
    2411
    2415
    2355
    2315
    2422
    2381
    2522
    2399
    2383
    2414
    2315
    2368
    2400
    2462
    2489
    2400
    2378
    2381
    2437
    2510
    2405
    2469
    2455
    2455
    2429
    2429
    2464
    2464
    2419
    2387
    2395
    2341
    2451
    2423
    2343
    2401
    2325
    2349
    2343
    2386
    2352
    2437
    2357
    2357
    2383
    2365
    2412
    2286
    2312
    2324
    2469
    2353
    2414
    2422
    2378
    2390
    2330
    2358
    2396
    2310
    2322
    2437
    2393
    2352
    2297
    2345
    2388
    2341
    2285
    2255
    2330
    2332
    2387
    2423
    2367
    2315
    2336
    2372
    2351
    2265
    2372
    2265
    2352
    2383
    2345
    2322
    2356
    2260
    2395
    2314
    2305
    2356
    2442
    2386
    2380
    2363
    2335
    2392
    2353
    2448
    2332
    2325
    2435
    2332
    2443
    2452
    2417
    2436
    2366
    2434
    2341
    2445
    2379
    2394
    2372
    2438
    2434
    2416
    2504
    2475
    2419
    2459
    2392
    2454
    2480
    2521
    2474
    2376
    2472
    2435
    2478
    2451
    2446
    2446
    2426
    2496
    2501
    2513
    2418
    2352
    2518
    2454
    2512
    2418
    2481
    2444
    2515
    2522
    2520
    2419
    2505
    2468
    2502
    2521
    2487
    2455
    2534
    2526
    2538
    2533
    2538
    2581
    2541
    2547
    2497
    2464
    2556
    2549
    2516
    2551
    2548
    2557
    2593
    2567
    2544
    2679
    2639
    2619
    2575
    2470
    2536
    2587
    2557
    2594
    2561
    2536
    2647
    2606
    2438
    2613
    2554
    2572
    2664
    2522
    2527
    2587
    2611
    2658
    2592
    2698
    2579
    2597
    2605
    2611
    2647
    2596
    2653
    2616
    2597
    2580
    2683
    2643
    2627
    2611
    2691
    2674
    2677
    2684
    2636
    2723
    2684
    2771
    2718
    2751
    2645
    2623
    2725
    2779
    2862
    2804
    2771
    2778
    2768
    2842
    2796
    2833
    2791
    2766
    2829
    2911
    2745
    2817
    2865
    2864
    2818
    2796
    2835
    2920
    2849
    2947
    3003
    2898
    2870
    2846
    2936
    2849
    3012
    2988
    2880
    2929
    3056
    2935
    3039
    2935
    3048
    2924
    2983
    3106
    3066
    3216
    3113
    3108
    3156
    3153
    3159
    3077
    3181
    3121
    3099
    3099
    3270
    3142
    3250
    3155
    3150
    3267
    3260
    3294
    3311
    3206
    3286
    3325
    3313
    3355
    3450
    3374
    3297
    3495
    3478
    3454
    3475
    3396
    3485
    3517
    3416
    3483
    3490
    3578
    3509
    3566
    3556
    3511
    3839
    3594
    3653
    3698
    3716
    3749
    3869
    3699
    3744
    3875
    3868
    3775
    3920
    4023
    3959
    3949
    3990
    4108
    3959
    3942
    4147
    4134
    4052
    4205
    4245
    4144
    4067
    4215
    4378
    4261
    4212
    4310
    4375
    4417
    4317
    4486
    4471
    4519
    4599
    4607
    4579
    4688
    4758
    4792
    4723
    4738
    4910
    4830
    4855
    4830
    5005
    4983
    5002
    4967
    5051
    4978
    5103
    5039
    5182
    5219
    5232
    5299
    5370
    5238
    5320
    5242
    5473
    5383
    5556
    5502
    5665
    5612
    5694
    5651
    5670
    5651
    5772
    5909
    5802
    5995
    6007
    5978
    5998
    5999
    6084
    6140
    6365
    6138
    6107
    6335
    6203
    6206
    6298
    6355
    6455
    6322
    6544
    6519
    6546
    6596
    6707
    6659
    6603
    6712
    6585
    6666
    6793
    6884
    6877
    6833
    6842
    6874
    6953
    6880
    7053
    6843
    6989
    6966
    6948
    7075
    6970
    7093
    7034
    7070
    7050
    7037
    7041
    7048
    7105
    7173
    7020
    6794
    7115
    7044
    6961
    7045
    7109
    6906
    7028
    7040
    7051
    6993
    7196
    7200
    6966
    7000
    7021
    7007
    6988
    7120
    6896
    7020
    7099
    6886
    7045
    6777
    7064
    6784
    6944
    7055
    6993
    6978
    6980
    7070
    7088
    6999
    6998
    6952
    6951
    7114
    6916
    7099
    6884
    7070
    7120
    7163
    6949
    7026
    6943
    7012
    6965
    7087
    7091
    7115
    7103
    7096
    7178
    7209
    7189
    7341
    7287
    7238
    7085
    7326
    7283
    7505
    7412
    7383
    7376
    7479
    7535
    7556
    7556
    7634
    7618
    7661
    7793
    7790
    7852
    7809
    7795
    7723
    7888
    7944
    7999
    8045
    8066
    7964
    8082
    8316
    8313
    8293
    8242
    8446
    8300
    8446
    8475
    8544
    8663
    8830
    8811
    8706
    8793
    8945
    8970
    8928
    9123
    8938
    9176
    9418
    9424
    9350
    9410
    9460
    9482
    9581
    9694
    9759
   10053
   10049
    9957
    9938
    9827
   10398
   10180
   10340
   10359
   10402
   10486
   10524
   10704
   10573
   10676
   10893
   11091
   11073
   10981
   11250
   11248
   11497
   11707
   11651
   11815
   11869
   11925
   11985
   11971
   12199
   12386
   12388
   12732
   12786
   12694
   12853
   12970
   13134
   13214
   13362
   13311
   13290
   13574
   13989
   13667
   14203
   14084
   14311
   14682
   14447
   14555
   14622
   14844
   15139
   15140
   15239
   15560
   15253
   15704
   15983
   16113
   15991
   16278
   16618
   16652
   16896
   17002
   16886
   17138
   17137
   17371
   17450
   17992
   17808
   18310
   18298
   18497
   18695
   18997
   19073
   19290
   19401
   19622
   19543
   20232
   20250
   20082
   20445
   20549
   20838
   20928
   21428
   21459
   21560
   21878
   22315
   22466
   22640
   22630
   22705
   23350
   23509
   23756
   23924
   24174
   24551
   24594
   24780
   25204
   25440
   25599
   26039
   26193
   26166
   26813
   26697
   27069
   27442
   27552
   27778
   28259
   28147
   29163
   29218
   29651
   29761
   29950
   30625
   30568
   31013
   31537
   31736
   31896
   32332
   32626
   33240
   33872
   34189
   34418
   34776
   34975
   35515
   35985
   36123
   36588
   37094
   37574
   37742
   38486
   38893
   39374
   39639
   40299
   40805
   41666
   41876
   42180
   42646
   43239
   43929
   44083
   45131
   45709
   45841
   47039
   47188
   47573
   48215
   48990
   50034
   50454
   51147
   51554
   52390
   52865
   53775
   54464
   54995
   56054
   56933
   57677
   58775
   59305
   60453
   61317
   61927
   62863
   63981
   65208
   65791
   67000
   67858
   69618
   69819
   71521
   72174
   73704
   74846
   75158
   77067
   78851
   79648
       0
       0
       0
       0
       0
       0
       0
       0
       0
       0
       0
       0
       0
       0
       0
       0
       0
       0
       0
       0
       0
       0
       0
       0
       0
       0
       0
       0
       0
       0
       0
       0
$ROI:
0
$PRESETS:
None
0
0
$ENER_FIT:
-0.169488 0.023446
$MCA_CAL:
3
-1.694878E-001 2.344633E-002 0.000000E+000 keV
$SHAPE_CAL:
3
0.000000E+000 0.000000E+000 0.000000E+000
