$SPEC_ID:
No sample description was entered.
$SPEC_REM:
DET# 4
DETDESC# JLAB-20 MCB 131
AP# Maestro Version 7.01
$DATE_MEA:
09/29/2025 18:26:44
$MEAS_TIM:
23309 23878
$DATA:
0 2047
       0
       0
       0
       0
       0
       0
       0
       0
       0
       0
       0
       0
       0
       0
       0
       0
       0
       0
       0
       0
       0
       0
       0
       0
       0
       0
       0
       0
       0
       0
       0
       0
       0
       0
       0
       0
       0
       0
       0
       0
       0
       0
       0
       0
       0
       0
       0
       0
       0
       0
       0
       0
       0
       0
       0
       0
       0
       0
       0
       0
       0
       0
       0
       0
       0
       0
       0
       0
       0
      56
    2552
    2617
    2560
    2334
    2444
    2312
    2233
    2115
    2195
    2155
    2069
    2212
    2066
    2025
    2031
    2029
    2019
    2019
    2018
    1988
    1946
    1893
    1875
    1839
    1793
    1835
    1785
    1835
    1803
    1850
    1782
    1790
    1746
    1787
    1703
    1723
    1736
    1699
    1679
    1621
    1636
    1664
    1692
    1639
    1590
    1619
    1592
    1587
    1530
    1565
    1512
    1495
    1543
    1556
    1549
    1569
    1546
    1550
    1491
    1495
    1456
    1507
    1483
    1483
    1381
    1518
    1480
    1484
    1470
    1409
    1420
    1366
    1401
    1417
    1390
    1356
    1422
    1441
    1397
    1421
    1336
    1379
    1365
    1345
    1321
    1309
    1288
    1377
    1343
    1278
    1357
    1280
    1294
    1285
    1305
    1249
    1299
    1329
    1304
    1338
    1269
    1252
    1308
    1214
    1283
    1246
    1303
    1231
    1263
    1316
    1207
    1227
    1267
    1212
    1234
    1234
    1196
    1240
    1194
    1231
    1229
    1208
    1149
    1258
    1236
    1209
    1173
    1191
    1165
    1207
    1150
    1252
    1215
    1206
    1117
    1174
    1162
    1182
    1167
    1179
    1160
    1174
    1146
    1129
    1157
    1144
    1127
    1165
    1155
    1175
    1175
    1155
    1155
    1153
    1151
    1223
    1164
    1172
    1142
    1147
    1164
    1125
    1149
    1230
    1157
    1150
    1132
    1145
    1099
    1131
    1179
    1142
    1172
    1107
    1154
    1145
    1104
    1118
    1115
    1097
    1168
    1102
    1126
    1176
    1142
    1127
    1164
    1216
    1178
    1165
    1144
    1153
    1249
    1194
    1174
    1160
    1167
    1222
    1172
    1143
    1189
    1160
    1162
    1197
    1248
    1166
    1204
    1167
    1158
    1213
    1173
    1218
    1243
    1217
    1165
    1135
    1251
    1233
    1203
    1178
    1242
    1195
    1289
    1268
    1229
    1277
    1212
    1173
    1248
    1331
    1256
    1281
    1358
    1326
    1430
    1420
    1456
    1546
    1688
    1813
    1988
    2086
    2368
    2561
    2797
    3203
    3573
    3875
    4449
    4926
    5458
    6187
    6687
    7435
    8302
    8860
    9727
   10576
   11087
   12072
   12908
   13635
   14289
   14814
   15456
   16228
   16365
   16730
   17179
   17766
   17852
   18189
   18536
   18379
   18326
   18474
   18694
   18477
   18499
   18294
   17964
   17970
   17778
   17434
   17338
   16967
   16692
   16586
   16081
   15829
   15472
   15212
   14727
   14363
   14205
   13510
   13154
   12724
   12289
   11862
   11188
   10906
   10533
   10079
    9656
    9398
    8784
    8485
    7984
    7705
    7475
    7072
    6544
    6524
    6212
    5998
    5843
    5483
    5192
    5207
    5031
    4741
    4682
    4540
    4542
    4094
    4198
    3982
    3800
    3687
    3532
    3300
    3282
    3043
    2859
    2771
    2624
    2507
    2440
    2234
    2052
    2005
    1772
    1787
    1616
    1503
    1433
    1315
    1291
    1118
    1102
    1019
    1014
     972
     946
     936
     807
     839
     839
     843
     847
     829
     779
     824
     770
     785
     720
     790
     771
     786
     747
     760
     814
     785
     756
     808
     771
     821
     717
     776
     712
     769
     758
     781
     764
     733
     768
     764
     778
     776
     771
     706
     757
     739
     682
     734
     784
     705
     700
     695
     715
     725
     747
     730
     703
     765
     704
     647
     737
     663
     696
     713
     750
     693
     689
     730
     708
     727
     655
     706
     669
     679
     658
     672
     640
     640
     639
     706
     669
     690
     706
     655
     696
     706
     687
     727
     712
     622
     647
     682
     662
     648
     691
     652
     657
     654
     695
     666
     636
     642
     689
     724
     670
     645
     649
     659
     669
     602
     657
     685
     646
     662
     669
     702
     693
     743
     658
     681
     660
     673
     697
     679
     639
     680
     692
     704
     624
     693
     718
     651
     679
     619
     698
     659
     651
     658
     629
     658
     625
     656
     624
     648
     655
     662
     599
     616
     587
     602
     643
     616
     625
     595
     635
     604
     600
     572
     611
     611
     605
     572
     613
     638
     599
     601
     611
     607
     600
     608
     569
     571
     587
     576
     572
     533
     577
     551
     554
     565
     600
     574
     547
     560
     577
     605
     611
     590
     570
     573
     539
     514
     562
     584
     586
     593
     606
     553
     540
     623
     574
     629
     570
     543
     570
     574
     595
     542
     559
     559
     580
     540
     569
     560
     608
     569
     599
     588
     558
     587
     566
     608
     589
     552
     540
     577
     586
     594
     594
     582
     580
     578
     573
     527
     564
     565
     575
     584
     576
     591
     552
     544
     535
     557
     578
     577
     560
     558
     525
     498
     550
     559
     557
     521
     525
     550
     533
     568
     557
     551
     582
     546
     555
     523
     527
     524
     541
     547
     557
     543
     517
     563
     537
     566
     550
     526
     552
     552
     532
     521
     508
     549
     518
     577
     579
     553
     577
     534
     549
     538
     530
     524
     550
     516
     537
     519
     544
     517
     496
     534
     552
     534
     568
     529
     543
     544
     542
     547
     521
     557
     539
     527
     527
     519
     505
     516
     538
     526
     571
     544
     519
     486
     545
     512
     523
     519
     537
     520
     528
     548
     505
     503
     522
     566
     514
     532
     516
     518
     544
     505
     556
     549
     510
     520
     526
     555
     501
     514
     478
     534
     534
     517
     542
     513
     500
     543
     498
     486
     475
     513
     511
     497
     513
     473
     444
     494
     504
     467
     505
     494
     498
     514
     484
     518
     536
     504
     516
     527
     532
     449
     529
     508
     528
     499
     498
     497
     510
     501
     519
     518
     462
     471
     500
     495
     497
     518
     503
     509
     510
     499
     459
     498
     495
     473
     473
     494
     466
     457
     529
     475
     472
     505
     468
     478
     498
     518
     517
     514
     465
     516
     523
     467
     436
     481
     492
     470
     514
     452
     551
     493
     473
     480
     521
     500
     508
     484
     471
     460
     496
     514
     499
     444
     494
     478
     520
     520
     481
     486
     501
     481
     469
     483
     462
     460
     502
     494
     487
     480
     491
     453
     475
     438
     487
     463
     477
     484
     510
     475
     462
     468
     456
     464
     460
     496
     501
     464
     467
     485
     477
     465
     468
     467
     480
     472
     466
     452
     450
     453
     463
     459
     453
     453
     506
     453
     497
     482
     467
     466
     524
     448
     462
     464
     434
     478
     507
     459
     453
     488
     493
     475
     465
     502
     540
     500
     497
     485
     498
     462
     471
     480
     474
     513
     501
     479
     477
     538
     481
     436
     463
     500
     462
     495
     528
     441
     488
     455
     508
     470
     482
     474
     451
     499
     494
     449
     445
     454
     540
     500
     473
     480
     450
     450
     479
     492
     457
     497
     471
     467
     477
     498
     482
     471
     432
     467
     426
     477
     474
     419
     440
     442
     480
     487
     471
     473
     447
     463
     445
     486
     482
     485
     467
     436
     430
     468
     468
     445
     464
     428
     492
     458
     471
     485
     478
     491
     484
     468
     503
     476
     467
     489
     481
     473
     445
     465
     482
     483
     440
     487
     464
     488
     463
     450
     486
     459
     484
     487
     520
     468
     445
     516
     477
     475
     486
     465
     478
     491
     490
     499
     467
     466
     479
     475
     467
     482
     480
     464
     473
     462
     527
     495
     480
     484
     503
     486
     500
     479
     478
     509
     484
     485
     484
     451
     475
     434
     474
     492
     491
     443
     475
     465
     477
     467
     455
     418
     460
     496
     473
     462
     443
     466
     454
     448
     422
     475
     436
     428
     494
     461
     499
     488
     472
     462
     452
     482
     476
     453
     425
     493
     532
     460
     488
     521
     485
     479
     482
     475
     487
     477
     474
     500
     501
     524
     518
     516
     576
     473
     537
     539
     476
     495
     465
     499
     467
     511
     517
     480
     498
     526
     533
     491
     516
     478
     538
     501
     481
     482
     497
     490
     501
     487
     453
     482
     518
     445
     454
     498
     473
     453
     412
     440
     444
     478
     466
     479
     423
     456
     446
     438
     476
     420
     417
     444
     473
     442
     366
     409
     402
     442
     427
     379
     408
     414
     403
     456
     406
     408
     405
     425
     386
     456
     390
     412
     436
     389
     439
     422
     420
     402
     432
     390
     415
     423
     388
     398
     445
     372
     430
     440
     409
     392
     408
     416
     437
     418
     411
     450
     415
     406
     406
     416
     440
     433
     484
     404
     436
     439
     441
     422
     401
     390
     408
     406
     383
     399
     433
     422
     454
     402
     431
     422
     419
     400
     442
     389
     407
     429
     420
     446
     416
     410
     433
     469
     457
     425
     411
     404
     432
     427
     477
     407
     438
     433
     455
     395
     467
     434
     399
     437
     421
     430
     465
     462
     413
     455
     429
     474
     409
     422
     406
     465
     441
     471
     436
     432
     442
     443
     399
     413
     430
     441
     423
     429
     430
     399
     442
     398
     406
     477
     387
     402
     426
     409
     402
     392
     447
     413
     449
     454
     411
     460
     464
     419
     440
     423
     458
     427
     407
     452
     427
     445
     423
     413
     400
     411
     402
     410
     410
     415
     409
     431
     400
     407
     390
     449
     445
     411
     413
     422
     444
     445
     418
     418
     423
     413
     431
     419
     457
     436
     466
     405
     459
     423
     413
     444
     414
     433
     389
     422
     445
     443
     429
     426
     441
     457
     460
     459
     435
     423
     418
     422
     433
     452
     425
     395
     464
     439
     441
     454
     427
     428
     466
     457
     439
     416
     450
     476
     441
     447
     451
     442
     462
     431
     475
     434
     422
     460
     442
     447
     445
     458
     440
     444
     440
     459
     446
     428
     448
     480
     391
     465
     460
     417
     447
     463
     454
     423
     451
     488
     445
     462
     455
     466
     469
     487
     451
     449
     465
     463
     471
     478
     467
     487
     477
     475
     454
     474
     442
     434
     425
     453
     469
     504
     485
     478
     425
     485
     471
     447
     461
     455
     443
     448
     487
     498
     480
     501
     463
     448
     445
     458
     494
     451
     477
     482
     488
     453
     494
     489
     457
     462
     482
     514
     474
     528
     476
     462
     493
     508
     502
     495
     494
     505
     475
     518
     547
     536
     526
     522
     531
     467
     490
     517
     537
     486
     504
     541
     493
     479
     518
     526
     498
     510
     516
     520
     534
     504
     533
     527
     491
     488
     553
     516
     548
     533
     507
     569
     581
     499
     538
     483
     513
     533
     532
     548
     543
     583
     542
     542
     583
     551
     557
     550
     557
     549
     551
     555
     604
     567
     568
     552
     577
     609
     560
     606
     633
     566
     573
     592
     637
     588
     637
     608
     571
     631
     643
     618
     599
     635
     619
     643
     634
     647
     649
     689
     632
     652
     607
     614
     702
     648
     695
     663
     670
     681
     688
     671
     715
     666
     695
     685
     780
     742
     696
     713
     746
     731
     679
     709
     725
     738
     716
     747
     767
     723
     760
     756
     815
     757
     738
     768
     765
     794
     785
     802
     792
     846
     856
     825
     816
     908
     906
     888
     871
     849
     856
     838
     863
     869
     919
     868
     914
     904
     932
     870
     983
     877
    1000
     937
     921
     964
     987
     907
     986
     905
    1002
     998
     985
     932
    1057
     998
    1085
    1066
    1024
    1018
    1049
    1073
    1053
    1104
    1084
    1107
    1100
    1067
    1040
    1091
    1199
    1144
    1097
    1122
    1083
    1079
    1151
    1135
    1097
    1126
    1212
    1241
    1159
    1239
    1181
    1224
    1241
    1216
    1175
    1267
    1234
    1240
    1286
    1234
    1204
    1213
    1264
    1224
    1264
    1232
    1258
    1242
    1290
    1257
    1246
    1284
    1304
    1275
    1262
    1307
    1241
    1248
    1306
    1275
    1302
    1207
    1317
    1321
    1260
    1228
    1287
    1221
    1328
    1264
    1302
    1309
    1290
    1282
    1299
    1275
    1279
    1325
    1278
    1334
    1304
    1306
    1238
    1197
    1209
    1171
    1221
    1255
    1234
    1244
    1296
    1204
    1261
    1328
    1257
    1250
    1282
    1212
    1196
    1253
    1315
    1280
    1282
    1293
    1287
    1293
    1266
    1214
    1231
    1246
    1304
    1213
    1244
    1276
    1270
    1270
    1308
    1302
    1298
    1280
    1342
    1301
    1295
    1291
    1291
    1343
    1346
    1401
    1346
    1367
    1350
    1469
    1333
    1438
    1383
    1386
    1417
    1427
    1366
    1447
    1395
    1340
    1358
    1471
    1464
    1373
    1417
    1472
    1449
    1488
    1464
    1447
    1497
    1524
    1496
    1512
    1488
    1547
    1550
    1649
    1559
    1584
    1613
    1653
    1635
    1605
    1623
    1546
    1652
    1664
    1639
    1722
    1648
    1720
    1686
    1757
    1695
    1716
    1820
    1838
    1777
    1848
    1788
    1839
    1848
    1896
    1824
    1915
    1908
    1847
    1914
    1931
    1948
    2016
    2025
    1992
    1938
    2027
    2003
    2011
    2110
    2065
    2037
    2145
    2109
    2188
    2129
    2191
    2266
    2241
    2297
    2267
    2340
    2311
    2289
    2370
    2424
    2384
    2409
    2294
    2440
    2563
    2455
    2565
    2580
    2608
    2673
    2602
    2599
    2623
    2637
    2768
    2701
    2833
    2800
    2683
    2759
    2872
    2859
    2943
    2957
    2971
    2977
    3062
    3065
    2956
    3111
    3011
    3097
    3212
    3300
    3152
    3214
    3351
    3230
    3328
    3447
    3395
    3430
    3546
    3545
    3560
    3579
    3712
    3563
    3663
    3745
    3720
    3760
    3789
    3904
    3874
    4022
    4007
    4056
    4077
    4158
    4115
    4200
    4142
    4357
    4274
    4412
    4428
    4399
    4408
    4528
    4610
    4597
    4577
    4792
    4795
    4720
    4895
    5037
    4920
    5008
    5107
    5228
    5030
    5239
    5309
    5379
    5439
    5326
    5517
    5481
    5624
    5597
    5719
    5808
    5709
    5962
    5932
    6051
    6098
    6283
    6200
    6331
    6357
    6464
    6341
    6644
    6705
    6652
    6773
    6740
    6893
    7073
    7141
    7264
    7193
    7595
    7572
    7644
    7752
    7700
    8074
    7918
    8140
    8345
    8327
    8564
    8555
    8589
    8716
    8879
    8820
    9012
    9190
    9305
    9528
    9505
    9769
    9925
    9926
   10155
   10217
   10311
   10542
   10515
   10924
   11215
   11105
   11170
   11691
   11720
   11910
   12106
   12514
   12581
   12543
   12979
   12962
   13282
   13499
   13549
   13753
   14289
   14391
       0
       0
       0
       0
       0
       0
       0
       0
       0
       0
       0
       0
       0
       0
       0
       0
       0
       0
       0
       0
       0
       0
       0
       0
       0
       0
       0
       0
       0
       0
       0
       0
$ROI:
0
$PRESETS:
None
0
0
$ENER_FIT:
-0.169488 0.023446
$MCA_CAL:
3
-1.694878E-001 2.344633E-002 0.000000E+000 keV
$SHAPE_CAL:
3
0.000000E+000 0.000000E+000 0.000000E+000
