$SPEC_ID:
No sample description was entered.
$SPEC_REM:
DET# 4
DETDESC# JLAB-20 MCB 131
AP# Maestro Version 7.01
$DATE_MEA:
09/30/2025 05:56:44
$MEAS_TIM:
63729 65279
$DATA:
0 2047
       0
       0
       0
       0
       0
       0
       0
       0
       0
       0
       0
       0
       0
       0
       0
       0
       0
       0
       0
       0
       0
       0
       0
       0
       0
       0
       0
       0
       0
       0
       0
       0
       0
       0
       0
       0
       0
       0
       0
       0
       0
       0
       0
       0
       0
       0
       0
       0
       0
       0
       0
       0
       0
       0
       1
       0
       0
       0
       0
       0
       0
       0
       0
       1
       0
       1
       0
       0
       0
     225
    7139
    7251
    6863
    6527
    6623
    6302
    6144
    6134
    6045
    5874
    5784
    6009
    5718
    5736
    5652
    5691
    5597
    5414
    5368
    5531
    5340
    5076
    5247
    5127
    5090
    5025
    5048
    5143
    5015
    5075
    4999
    4927
    4867
    4946
    4764
    4675
    4734
    4648
    4748
    4613
    4568
    4479
    4556
    4481
    4383
    4434
    4446
    4358
    4239
    4227
    4255
    4233
    4186
    4238
    4246
    4201
    4273
    4135
    4085
    4046
    4146
    4069
    3919
    3995
    3880
    3990
    3987
    4016
    3971
    3880
    3897
    3934
    3861
    3833
    3845
    3810
    3802
    3876
    3843
    3880
    3660
    3803
    3573
    3713
    3616
    3635
    3663
    3660
    3680
    3566
    3615
    3525
    3518
    3564
    3582
    3548
    3559
    3526
    3528
    3538
    3475
    3458
    3495
    3396
    3554
    3492
    3554
    3375
    3440
    3479
    3349
    3374
    3457
    3365
    3336
    3384
    3315
    3339
    3345
    3315
    3311
    3286
    3237
    3333
    3385
    3291
    3344
    3248
    3292
    3369
    3255
    3292
    3276
    3281
    3138
    3221
    3183
    3190
    3237
    3208
    3231
    3253
    3139
    3059
    3302
    3228
    3177
    3149
    3153
    3257
    3210
    3202
    3172
    3270
    3220
    3259
    3113
    3155
    3208
    3123
    3147
    3167
    3118
    3189
    3205
    3175
    3087
    3202
    3090
    3169
    3132
    3166
    3165
    3038
    3193
    3162
    3142
    3112
    3169
    3134
    3148
    3107
    3175
    3222
    3161
    3131
    3108
    3224
    3221
    3228
    3154
    3065
    3265
    3268
    3182
    3184
    3168
    3248
    3299
    3276
    3161
    3182
    3197
    3290
    3329
    3219
    3259
    3242
    3251
    3291
    3232
    3244
    3299
    3309
    3289
    3225
    3349
    3242
    3266
    3323
    3302
    3202
    3375
    3314
    3305
    3384
    3338
    3379
    3396
    3499
    3433
    3560
    3667
    3693
    3946
    3913
    4058
    4332
    4621
    5024
    5345
    5813
    6549
    7048
    7787
    8719
    9782
   10891
   12176
   13664
   15137
   16937
   18612
   20598
   22801
   24734
   26917
   28891
   30743
   33274
   35341
   37363
   39106
   40689
   42406
   44248
   44925
   46553
   47111
   48185
   48849
   49391
   50122
   50464
   50176
   50426
   50604
   50509
   50380
   49943
   49285
   48847
   48375
   47694
   47290
   46660
   45714
   44976
   44199
   43319
   42452
   41401
   40253
   39425
   38244
   37001
   36040
   34889
   33519
   32271
   30795
   29741
   28835
   27649
   26594
   25611
   24154
   23141
   21870
   21034
   20130
   19236
   18164
   17462
   16815
   16262
   15862
   15033
   14504
   14113
   13664
   13210
   12937
   12366
   12235
   11417
   11228
   10822
   10331
    9975
    9619
    9086
    9027
    8362
    7943
    7485
    7171
    6842
    6477
    6012
    5598
    5458
    4859
    4809
    4317
    4111
    3853
    3594
    3451
    3104
    2971
    2793
    2741
    2653
    2551
    2515
    2279
    2282
    2288
    2224
    2231
    2188
    2152
    2224
    2138
    2126
    2076
    2183
    2167
    2150
    2093
    2209
    2155
    2210
    2110
    2143
    2194
    2179
    2030
    2119
    2092
    2130
    2129
    2079
    2112
    2061
    2102
    2069
    2141
    2103
    2038
    2030
    2033
    2011
    1970
    1999
    2058
    1965
    1942
    1989
    1990
    2011
    2016
    1978
    1968
    1943
    1898
    1928
    1978
    1906
    1897
    1866
    1957
    1915
    1896
    1899
    1924
    1993
    1828
    1909
    1883
    1855
    1822
    1895
    1781
    1818
    1809
    1912
    1852
    1799
    1833
    1827
    1848
    1861
    1862
    1933
    1819
    1764
    1855
    1792
    1790
    1775
    1858
    1800
    1876
    1821
    1860
    1850
    1752
    1780
    1870
    1859
    1793
    1750
    1878
    1866
    1832
    1783
    1838
    1882
    1857
    1780
    1886
    1928
    1825
    1904
    1837
    1862
    1831
    1842
    1888
    1869
    1815
    1788
    1897
    1898
    1823
    1878
    1853
    1790
    1769
    1773
    1813
    1758
    1807
    1754
    1737
    1796
    1772
    1794
    1692
    1753
    1771
    1720
    1659
    1698
    1663
    1706
    1727
    1707
    1717
    1663
    1708
    1662
    1641
    1646
    1718
    1692
    1650
    1683
    1721
    1634
    1643
    1694
    1617
    1650
    1688
    1639
    1593
    1550
    1626
    1589
    1574
    1570
    1635
    1570
    1634
    1544
    1543
    1560
    1616
    1609
    1601
    1594
    1606
    1590
    1565
    1606
    1521
    1513
    1565
    1580
    1578
    1546
    1567
    1551
    1519
    1653
    1621
    1617
    1568
    1563
    1528
    1602
    1583
    1545
    1614
    1548
    1590
    1522
    1598
    1544
    1577
    1599
    1604
    1614
    1558
    1621
    1510
    1600
    1597
    1548
    1518
    1512
    1577
    1586
    1601
    1603
    1592
    1525
    1571
    1501
    1549
    1498
    1509
    1528
    1547
    1522
    1545
    1525
    1515
    1559
    1570
    1540
    1537
    1499
    1484
    1447
    1501
    1537
    1527
    1475
    1480
    1536
    1526
    1506
    1519
    1526
    1524
    1561
    1528
    1460
    1532
    1491
    1468
    1459
    1560
    1484
    1465
    1558
    1471
    1505
    1459
    1544
    1443
    1527
    1524
    1503
    1482
    1479
    1428
    1489
    1529
    1445
    1520
    1450
    1504
    1460
    1459
    1498
    1543
    1471
    1468
    1472
    1398
    1466
    1481
    1504
    1540
    1457
    1481
    1432
    1450
    1490
    1471
    1481
    1465
    1479
    1471
    1408
    1459
    1432
    1420
    1375
    1496
    1412
    1421
    1445
    1460
    1439
    1428
    1427
    1438
    1480
    1478
    1420
    1468
    1459
    1428
    1428
    1403
    1450
    1419
    1484
    1393
    1394
    1422
    1372
    1447
    1432
    1424
    1417
    1439
    1491
    1428
    1407
    1368
    1382
    1386
    1407
    1380
    1379
    1387
    1461
    1376
    1397
    1343
    1392
    1435
    1385
    1387
    1347
    1340
    1404
    1378
    1358
    1361
    1341
    1380
    1382
    1400
    1321
    1421
    1367
    1450
    1392
    1429
    1305
    1397
    1399
    1349
    1341
    1389
    1357
    1360
    1373
    1393
    1358
    1309
    1306
    1343
    1290
    1376
    1360
    1413
    1346
    1343
    1360
    1338
    1335
    1376
    1296
    1355
    1327
    1281
    1328
    1380
    1336
    1316
    1312
    1358
    1318
    1334
    1370
    1384
    1321
    1324
    1349
    1336
    1281
    1232
    1326
    1326
    1328
    1385
    1295
    1409
    1346
    1360
    1313
    1348
    1334
    1314
    1327
    1294
    1285
    1341
    1386
    1350
    1280
    1360
    1306
    1334
    1333
    1293
    1240
    1362
    1323
    1288
    1360
    1324
    1294
    1323
    1311
    1316
    1305
    1358
    1316
    1303
    1279
    1297
    1331
    1245
    1295
    1326
    1372
    1314
    1301
    1299
    1246
    1248
    1245
    1327
    1324
    1326
    1308
    1282
    1288
    1286
    1280
    1271
    1265
    1264
    1308
    1269
    1247
    1302
    1292
    1240
    1320
    1291
    1267
    1332
    1301
    1265
    1296
    1347
    1283
    1269
    1245
    1272
    1338
    1330
    1272
    1254
    1266
    1305
    1304
    1318
    1340
    1381
    1362
    1305
    1330
    1392
    1340
    1285
    1314
    1351
    1295
    1330
    1360
    1326
    1328
    1306
    1269
    1316
    1333
    1297
    1294
    1358
    1251
    1314
    1275
    1369
    1322
    1309
    1276
    1284
    1311
    1311
    1253
    1277
    1303
    1333
    1306
    1312
    1340
    1289
    1275
    1370
    1302
    1260
    1322
    1301
    1282
    1287
    1323
    1264
    1234
    1219
    1266
    1239
    1282
    1345
    1218
    1231
    1268
    1249
    1283
    1280
    1294
    1281
    1307
    1203
    1312
    1302
    1308
    1221
    1224
    1244
    1303
    1251
    1219
    1303
    1254
    1295
    1254
    1271
    1258
    1326
    1335
    1295
    1284
    1355
    1283
    1295
    1341
    1312
    1308
    1291
    1406
    1291
    1333
    1339
    1313
    1283
    1345
    1317
    1305
    1325
    1254
    1335
    1324
    1324
    1306
    1283
    1368
    1300
    1309
    1342
    1307
    1329
    1356
    1326
    1358
    1321
    1282
    1293
    1305
    1304
    1361
    1321
    1240
    1336
    1336
    1366
    1301
    1363
    1348
    1355
    1331
    1280
    1338
    1362
    1342
    1291
    1321
    1277
    1278
    1263
    1220
    1275
    1298
    1350
    1290
    1275
    1257
    1340
    1263
    1230
    1228
    1254
    1274
    1230
    1275
    1205
    1286
    1261
    1247
    1180
    1270
    1235
    1194
    1238
    1252
    1305
    1289
    1287
    1255
    1236
    1229
    1301
    1280
    1259
    1313
    1337
    1283
    1312
    1360
    1344
    1333
    1402
    1359
    1380
    1352
    1394
    1389
    1384
    1410
    1397
    1445
    1468
    1320
    1459
    1467
    1356
    1405
    1355
    1432
    1377
    1395
    1475
    1324
    1374
    1454
    1415
    1355
    1388
    1364
    1428
    1347
    1252
    1360
    1329
    1334
    1353
    1300
    1263
    1294
    1337
    1269
    1271
    1283
    1312
    1265
    1165
    1194
    1194
    1246
    1247
    1214
    1164
    1204
    1198
    1204
    1189
    1133
    1113
    1155
    1220
    1190
    1094
    1134
    1087
    1165
    1162
    1113
    1160
    1137
    1178
    1221
    1179
    1131
    1181
    1131
    1081
    1192
    1101
    1115
    1202
    1111
    1170
    1157
    1171
    1173
    1160
    1143
    1152
    1170
    1117
    1128
    1190
    1075
    1141
    1139
    1111
    1118
    1155
    1173
    1151
    1146
    1155
    1177
    1171
    1145
    1128
    1194
    1167
    1192
    1255
    1117
    1158
    1135
    1143
    1162
    1125
    1095
    1145
    1125
    1110
    1122
    1127
    1192
    1208
    1175
    1156
    1168
    1177
    1114
    1175
    1108
    1136
    1164
    1134
    1174
    1109
    1168
    1193
    1201
    1229
    1185
    1149
    1141
    1185
    1222
    1196
    1149
    1190
    1172
    1300
    1179
    1219
    1170
    1136
    1197
    1166
    1211
    1228
    1149
    1176
    1182
    1202
    1230
    1182
    1191
    1198
    1227
    1173
    1223
    1216
    1181
    1195
    1214
    1202
    1150
    1191
    1192
    1163
    1178
    1161
    1158
    1169
    1150
    1150
    1237
    1126
    1151
    1139
    1167
    1129
    1113
    1168
    1136
    1211
    1193
    1195
    1200
    1183
    1164
    1194
    1153
    1178
    1136
    1153
    1218
    1202
    1199
    1138
    1162
    1179
    1168
    1124
    1142
    1104
    1184
    1178
    1245
    1134
    1139
    1144
    1238
    1164
    1116
    1163
    1158
    1185
    1185
    1162
    1120
    1124
    1154
    1157
    1168
    1191
    1172
    1233
    1161
    1203
    1166
    1127
    1194
    1136
    1170
    1110
    1185
    1214
    1154
    1188
    1217
    1224
    1190
    1171
    1247
    1166
    1171
    1140
    1180
    1176
    1204
    1214
    1172
    1263
    1233
    1194
    1246
    1183
    1221
    1216
    1245
    1234
    1123
    1238
    1218
    1233
    1190
    1222
    1193
    1230
    1268
    1291
    1219
    1172
    1168
    1253
    1199
    1240
    1174
    1235
    1201
    1244
    1246
    1235
    1193
    1210
    1231
    1211
    1233
    1243
    1218
    1262
    1241
    1265
    1222
    1227
    1309
    1244
    1260
    1238
    1191
    1268
    1317
    1198
    1217
    1242
    1301
    1281
    1328
    1235
    1321
    1324
    1258
    1272
    1240
    1216
    1250
    1210
    1261
    1313
    1295
    1291
    1309
    1185
    1307
    1244
    1314
    1296
    1264
    1233
    1210
    1297
    1327
    1308
    1336
    1259
    1267
    1261
    1314
    1318
    1266
    1316
    1278
    1266
    1256
    1341
    1313
    1277
    1306
    1301
    1331
    1309
    1318
    1324
    1316
    1326
    1428
    1356
    1335
    1335
    1286
    1351
    1376
    1417
    1383
    1370
    1350
    1411
    1336
    1329
    1425
    1398
    1434
    1363
    1458
    1318
    1358
    1421
    1416
    1374
    1394
    1407
    1426
    1419
    1453
    1520
    1430
    1354
    1375
    1467
    1440
    1480
    1491
    1422
    1416
    1491
    1401
    1491
    1470
    1475
    1439
    1464
    1535
    1516
    1587
    1532
    1493
    1576
    1540
    1540
    1511
    1559
    1534
    1498
    1514
    1609
    1517
    1587
    1578
    1557
    1604
    1575
    1603
    1646
    1563
    1633
    1677
    1652
    1644
    1654
    1609
    1607
    1705
    1742
    1700
    1707
    1669
    1749
    1743
    1727
    1706
    1705
    1782
    1719
    1731
    1705
    1711
    1854
    1764
    1796
    1837
    1847
    1834
    1849
    1855
    1836
    1838
    1927
    1863
    1978
    2018
    1908
    1975
    1986
    2055
    1938
    1955
    2008
    1979
    1993
    2070
    2077
    2065
    2044
    2098
    2197
    2107
    2129
    2110
    2137
    2089
    2134
    2191
    2180
    2276
    2296
    2247
    2228
    2388
    2343
    2377
    2326
    2311
    2432
    2417
    2304
    2360
    2473
    2427
    2457
    2507
    2519
    2463
    2571
    2507
    2597
    2590
    2573
    2648
    2647
    2521
    2662
    2590
    2654
    2642
    2735
    2668
    2774
    2767
    2863
    2858
    2782
    2772
    2843
    2955
    2847
    3003
    2972
    2950
    3039
    2959
    2926
    2989
    3174
    3095
    2968
    3095
    2940
    3059
    3057
    3116
    3173
    3175
    3213
    3274
    3174
    3295
    3285
    3322
    3250
    3252
    3259
    3353
    3407
    3389
    3454
    3390
    3398
    3463
    3462
    3387
    3442
    3386
    3475
    3414
    3456
    3474
    3428
    3546
    3469
    3418
    3492
    3523
    3440
    3473
    3489
    3506
    3437
    3312
    3534
    3482
    3389
    3422
    3503
    3413
    3539
    3501
    3484
    3475
    3553
    3515
    3492
    3425
    3450
    3510
    3468
    3529
    3471
    3609
    3438
    3373
    3451
    3378
    3460
    3396
    3356
    3489
    3468
    3377
    3475
    3445
    3409
    3412
    3398
    3458
    3341
    3555
    3443
    3531
    3414
    3494
    3529
    3545
    3367
    3446
    3371
    3420
    3512
    3430
    3419
    3486
    3462
    3458
    3542
    3473
    3515
    3606
    3613
    3612
    3526
    3612
    3554
    3702
    3674
    3700
    3633
    3670
    3726
    3783
    3733
    3786
    3769
    3752
    3907
    3811
    3848
    3855
    3880
    3797
    3839
    4046
    3871
    3929
    3903
    3979
    3946
    4049
    3982
    4067
    4150
    4117
    4072
    4195
    4157
    4234
    4228
    4410
    4392
    4313
    4284
    4432
    4501
    4342
    4553
    4360
    4529
    4592
    4645
    4634
    4613
    4668
    4667
    4716
    4741
    4793
    4971
    5011
    4855
    4921
    4835
    5115
    5036
    5087
    5139
    5178
    5199
    5169
    5275
    5200
    5298
    5446
    5512
    5527
    5427
    5573
    5593
    5608
    5752
    5695
    5795
    5797
    5868
    5966
    5937
    6021
    6127
    6070
    6344
    6220
    6284
    6339
    6415
    6502
    6471
    6555
    6621
    6489
    6728
    6938
    6752
    6967
    6932
    7059
    7280
    7152
    7067
    7241
    7399
    7434
    7384
    7615
    7634
    7435
    7648
    7926
    7933
    7820
    8027
    8148
    8190
    8259
    8348
    8312
    8539
    8459
    8549
    8644
    8833
    8827
    8967
    9133
    8968
    9125
    9364
    9442
    9501
    9634
    9780
    9719
    9933
   10076
    9813
   10064
   10108
   10240
   10389
   10564
   10688
   10689
   10921
   10980
   11124
   11142
   11261
   11108
   11496
   11644
   11840
   11811
   11970
   12181
   12110
   12122
   12503
   12532
   12684
   12812
   12988
   12906
   13301
   13228
   13407
   13567
   13670
   13844
   13949
   13984
   14491
   14397
   14667
   14748
   14688
   15105
   15169
   15419
   15429
   15683
   15855
   16111
   16205
   16397
   16717
   16871
   17041
   17129
   17253
   17416
   17732
   17814
   18119
   18268
   18560
   18677
   18874
   19301
   19597
   19376
   19876
   19975
   20568
   20780
   20893
   21220
   21204
   21773
   21769
   22077
   22648
   22621
   23436
   23336
   23758
   23755
   24481
   24572
   24883
   25219
   25580
   25937
   26131
   26785
   26955
   27223
   27725
   28106
   28517
   28876
   29262
   29904
   30493
   30553
   31047
   31639
   32171
   32626
   33157
   33558
   34441
   34496
   35565
   35556
   36360
   36823
   37142
   37967
   38852
   39478
       0
       0
       0
       0
       0
       0
       0
       0
       0
       0
       0
       0
       0
       0
       0
       0
       0
       0
       0
       0
       0
       0
       0
       0
       0
       0
       0
       0
       0
       0
       0
       0
$ROI:
0
$PRESETS:
None
0
0
$ENER_FIT:
-0.169488 0.023446
$MCA_CAL:
3
-1.694878E-001 2.344633E-002 0.000000E+000 keV
$SHAPE_CAL:
3
0.000000E+000 0.000000E+000 0.000000E+000
