$SPEC_ID:
No sample description was entered.
$SPEC_REM:
DET# 4
DETDESC# JLAB-20 MCB 131
AP# Maestro Version 7.01
$DATE_MEA:
09/29/2025 22:36:44
$MEAS_TIM:
37954 38878
$DATA:
0 2047
       0
       0
       0
       0
       0
       0
       0
       0
       0
       0
       0
       0
       0
       0
       0
       0
       0
       0
       0
       0
       0
       0
       0
       0
       0
       0
       0
       0
       0
       0
       0
       0
       0
       0
       0
       0
       0
       0
       0
       0
       0
       0
       0
       0
       0
       0
       0
       0
       0
       0
       0
       0
       0
       0
       0
       0
       0
       0
       0
       0
       0
       0
       0
       0
       0
       0
       0
       0
       0
      99
    4204
    4262
    4115
    3802
    3966
    3761
    3570
    3565
    3549
    3498
    3384
    3663
    3360
    3354
    3338
    3367
    3318
    3226
    3232
    3242
    3196
    2998
    3107
    3060
    2968
    3016
    3009
    3033
    2958
    2990
    2881
    2936
    2848
    2957
    2797
    2792
    2807
    2782
    2822
    2676
    2705
    2709
    2703
    2647
    2612
    2695
    2596
    2584
    2481
    2560
    2527
    2480
    2499
    2511
    2562
    2525
    2504
    2495
    2416
    2405
    2401
    2420
    2368
    2366
    2287
    2378
    2371
    2435
    2375
    2301
    2350
    2271
    2269
    2344
    2268
    2242
    2293
    2316
    2273
    2279
    2147
    2251
    2138
    2155
    2133
    2149
    2155
    2161
    2214
    2149
    2152
    2112
    2123
    2089
    2120
    2042
    2084
    2158
    2075
    2127
    2096
    2073
    2114
    2010
    2082
    2061
    2112
    2018
    2047
    2067
    1978
    1963
    2019
    2014
    1987
    2024
    1979
    2002
    1990
    2007
    2018
    1979
    1901
    2035
    2007
    1969
    1959
    1889
    1925
    1980
    1920
    2004
    1969
    1968
    1850
    1894
    1887
    1920
    1922
    1893
    1889
    1948
    1907
    1843
    1914
    1922
    1883
    1881
    1883
    1889
    1913
    1885
    1873
    1931
    1889
    1931
    1873
    1903
    1880
    1850
    1896
    1821
    1870
    1958
    1875
    1878
    1860
    1882
    1842
    1838
    1895
    1869
    1913
    1828
    1877
    1851
    1796
    1830
    1843
    1840
    1871
    1863
    1866
    1899
    1880
    1844
    1828
    1948
    1926
    1916
    1903
    1828
    1994
    1917
    1898
    1848
    1876
    1949
    1923
    1913
    1909
    1856
    1908
    1949
    2007
    1900
    1925
    1907
    1950
    1931
    1917
    1932
    1991
    2019
    1989
    1901
    2000
    1945
    1995
    1924
    1965
    1948
    2038
    1972
    1991
    2084
    1995
    1971
    2009
    2088
    2054
    2142
    2223
    2191
    2335
    2285
    2380
    2550
    2765
    2986
    3196
    3423
    3904
    4257
    4613
    5235
    5812
    6403
    7140
    8142
    8951
   10138
   10926
   12278
   13445
   14680
   15981
   17242
   18277
   19832
   21025
   22289
   23394
   24268
   25114
   26460
   26861
   27527
   28020
   28819
   28910
   29651
   29888
   30141
   29902
   29982
   30352
   30163
   30114
   29826
   29364
   29075
   28842
   28270
   28080
   27763
   27079
   26838
   26196
   25748
   25189
   24643
   24047
   23364
   22866
   22098
   21428
   20745
   19958
   19293
   18356
   17725
   17103
   16476
   15718
   15230
   14363
   13692
   13001
   12580
   12079
   11517
   10722
   10462
   10084
    9650
    9490
    8931
    8545
    8447
    8158
    7754
    7616
    7286
    7326
    6687
    6733
    6500
    6114
    5942
    5709
    5376
    5401
    4903
    4588
    4491
    4259
    4080
    3846
    3585
    3347
    3254
    2861
    2882
    2606
    2414
    2324
    2156
    2080
    1829
    1766
    1646
    1621
    1558
    1544
    1510
    1358
    1376
    1337
    1326
    1369
    1308
    1295
    1355
    1246
    1278
    1214
    1315
    1271
    1280
    1227
    1309
    1298
    1313
    1256
    1253
    1249
    1317
    1213
    1256
    1211
    1258
    1220
    1276
    1249
    1213
    1230
    1260
    1297
    1258
    1218
    1190
    1203
    1218
    1136
    1182
    1246
    1177
    1134
    1144
    1198
    1187
    1222
    1167
    1170
    1192
    1150
    1129
    1200
    1133
    1125
    1105
    1195
    1155
    1154
    1180
    1167
    1201
    1082
    1140
    1106
    1113
    1072
    1129
    1056
    1068
    1066
    1120
    1122
    1124
    1110
    1068
    1143
    1127
    1092
    1162
    1130
    1058
    1081
    1081
    1074
    1072
    1098
    1085
    1093
    1096
    1136
    1080
    1036
    1104
    1119
    1140
    1090
    1058
    1091
    1091
    1102
    1027
    1090
    1119
    1087
    1082
    1104
    1139
    1117
    1177
    1069
    1129
    1069
    1092
    1134
    1120
    1059
    1078
    1123
    1168
    1051
    1120
    1109
    1055
    1049
    1023
    1106
    1063
    1074
    1057
    1026
    1075
    1036
    1069
    1011
    1064
    1066
    1057
     962
    1016
     975
    1035
    1024
    1009
    1001
     975
    1021
    1022
     990
     964
     996
    1013
     964
     983
    1009
    1010
     995
    1012
     972
     983
     991
     964
     920
     949
    1002
     942
     915
     916
     946
     913
     956
     922
     926
     957
     945
     960
     984
     940
     976
     940
     934
     948
     905
     896
     921
     955
     927
     965
     959
     910
     913
    1008
     926
     980
     926
     906
     939
     930
     971
     884
     940
     893
     940
     883
     923
     892
     943
     935
     976
     944
     954
     970
     890
     988
     944
     941
     906
     890
     960
     955
     965
     956
     940
     928
     948
     916
     909
     904
     918
     905
     917
     942
     880
     905
     883
     883
     952
     933
     913
     897
     859
     858
     894
     895
     922
     881
     861
     906
     891
     896
     931
     903
     881
     922
     923
     874
     897
     867
     874
     873
     896
     870
     854
     940
     898
     888
     890
     891
     865
     898
     908
     887
     867
     859
     833
     916
     915
     888
     915
     874
     906
     882
     865
     876
     915
     843
     889
     868
     846
     860
     884
     903
     903
     881
     911
     853
     859
     880
     852
     871
     847
     878
     871
     857
     842
     842
     824
     840
     910
     842
     883
     866
     866
     829
     878
     834
     828
     841
     854
     837
     846
     881
     821
     847
     849
     882
     852
     885
     796
     841
     868
     824
     861
     846
     830
     836
     858
     911
     831
     849
     770
     833
     842
     853
     866
     824
     825
     897
     812
     832
     788
     843
     849
     816
     851
     789
     752
     814
     822
     796
     813
     802
     805
     833
     785
     815
     843
     814
     867
     862
     862
     760
     863
     843
     830
     801
     819
     838
     793
     794
     829
     796
     779
     771
     817
     774
     840
     829
     834
     820
     812
     810
     784
     806
     811
     750
     809
     789
     770
     764
     847
     783
     786
     802
     786
     763
     771
     840
     814
     816
     766
     805
     830
     765
     709
     796
     803
     769
     811
     774
     861
     796
     789
     768
     839
     800
     791
     775
     769
     751
     779
     830
     789
     760
     812
     804
     823
     799
     778
     756
     834
     768
     778
     798
     785
     745
     773
     785
     773
     760
     809
     787
     767
     740
     758
     781
     721
     783
     804
     818
     779
     757
     744
     758
     748
     756
     807
     768
     791
     770
     796
     754
     760
     769
     769
     754
     763
     764
     742
     731
     761
     754
     736
     788
     789
     740
     817
     770
     741
     775
     843
     750
     752
     752
     717
     797
     801
     739
     737
     750
     800
     799
     780
     830
     832
     808
     773
     788
     838
     792
     747
     792
     773
     789
     792
     818
     794
     814
     794
     737
     767
     768
     761
     784
     829
     711
     794
     745
     826
     784
     792
     765
     744
     793
     787
     721
     743
     755
     829
     794
     776
     756
     745
     728
     817
     753
     756
     798
     780
     764
     793
     815
     768
     759
     698
     767
     710
     763
     820
     704
     708
     760
     764
     774
     774
     758
     729
     772
     714
     792
     774
     792
     704
     741
     728
     771
     760
     712
     750
     742
     795
     749
     778
     745
     788
     801
     766
     770
     813
     753
     764
     801
     776
     772
     734
     833
     769
     814
     768
     774
     761
     805
     783
     769
     801
     759
     790
     807
     812
     777
     740
     815
     795
     790
     787
     786
     788
     787
     803
     814
     783
     738
     762
     761
     743
     799
     769
     746
     777
     787
     824
     785
     824
     795
     833
     810
     781
     791
     790
     827
     777
     799
     770
     776
     750
     714
     768
     780
     792
     756
     766
     757
     781
     743
     743
     710
     752
     784
     744
     766
     711
     732
     746
     733
     718
     758
     723
     694
     753
     728
     773
     773
     775
     756
     754
     772
     763
     733
     713
     786
     839
     763
     752
     801
     807
     800
     803
     783
     828
     792
     795
     807
     848
     834
     834
     857
     915
     785
     874
     881
     815
     803
     776
     854
     808
     805
     866
     780
     797
     848
     870
     805
     856
     797
     842
     817
     766
     787
     816
     773
     819
     788
     748
     789
     821
     759
     780
     789
     758
     740
     684
     693
     699
     757
     746
     741
     707
     728
     745
     716
     733
     666
     688
     701
     751
     703
     629
     688
     655
     713
     690
     646
     687
     667
     674
     749
     700
     680
     689
     671
     635
     724
     656
     668
     709
     671
     682
     674
     693
     689
     703
     658
     669
     687
     651
     666
     702
     624
     710
     708
     687
     653
     668
     658
     677
     683
     652
     698
     703
     653
     652
     702
     691
     701
     763
     671
     692
     702
     706
     694
     660
     632
     684
     662
     668
     654
     696
     708
     719
     661
     700
     689
     712
     669
     722
     650
     671
     694
     671
     709
     656
     699
     708
     728
     737
     688
     683
     647
     698
     698
     735
     669
     712
     716
     754
     660
     726
     705
     681
     718
     689
     717
     741
     701
     670
     722
     700
     742
     679
     714
     683
     732
     737
     732
     721
     704
     725
     749
     715
     691
     707
     718
     664
     692
     697
     663
     701
     666
     660
     734
     669
     677
     692
     715
     676
     645
     719
     678
     739
     712
     708
     724
     719
     679
     713
     692
     733
     674
     682
     711
     706
     728
     668
     667
     684
     672
     672
     662
     679
     708
     679
     723
     663
     653
     669
     721
     707
     667
     699
     714
     704
     694
     681
     662
     674
     677
     715
     667
     703
     708
     751
     672
     749
     688
     666
     696
     659
     697
     655
     695
     726
     706
     706
     688
     717
     742
     716
     733
     695
     701
     684
     686
     712
     702
     714
     702
     735
     742
     737
     759
     709
     685
     716
     732
     739
     677
     736
     746
     726
     716
     737
     741
     722
     730
     767
     743
     705
     721
     749
     712
     753
     723
     729
     741
     744
     765
     725
     734
     720
     755
     689
     753
     746
     695
     730
     761
     737
     694
     713
     792
     756
     728
     718
     728
     772
     779
     707
     741
     744
     762
     763
     764
     733
     790
     789
     762
     729
     736
     712
     734
     684
     777
     780
     793
     759
     803
     699
     792
     739
     771
     752
     769
     718
     721
     801
     784
     792
     823
     766
     749
     745
     764
     811
     737
     772
     753
     761
     738
     788
     796
     746
     766
     772
     812
     750
     849
     785
     785
     803
     842
     825
     793
     777
     778
     790
     816
     853
     841
     839
     815
     829
     813
     771
     848
     858
     822
     791
     896
     791
     798
     866
     866
     830
     834
     828
     885
     888
     845
     894
     840
     798
     791
     875
     843
     884
     872
     843
     862
     911
     822
     874
     843
     871
     856
     857
     919
     902
     948
     896
     885
     949
     910
     913
     930
     906
     908
     890
     919
     954
     927
     944
     911
     899
     963
     930
     956
     985
     963
     963
     997
    1018
     969
    1000
     978
     971
    1007
    1045
    1013
    1015
     975
    1035
    1022
    1019
    1042
    1021
    1090
    1032
    1057
    1017
     996
    1125
    1067
    1091
    1118
    1072
    1129
    1098
    1093
    1141
    1097
    1128
    1116
    1178
    1217
    1148
    1144
    1197
    1210
    1139
    1175
    1172
    1194
    1166
    1259
    1229
    1250
    1229
    1246
    1324
    1235
    1261
    1249
    1279
    1283
    1284
    1319
    1311
    1350
    1370
    1325
    1322
    1425
    1429
    1442
    1385
    1365
    1463
    1388
    1364
    1372
    1510
    1382
    1499
    1525
    1516
    1458
    1540
    1469
    1613
    1543
    1517
    1612
    1595
    1451
    1607
    1524
    1585
    1573
    1629
    1561
    1727
    1651
    1729
    1739
    1637
    1628
    1721
    1760
    1660
    1800
    1790
    1778
    1770
    1731
    1710
    1798
    1952
    1823
    1771
    1859
    1775
    1811
    1847
    1858
    1820
    1860
    1944
    1976
    1894
    1994
    1957
    1986
    1956
    1994
    1948
    2074
    2027
    2051
    2118
    2012
    1960
    2027
    2042
    2028
    2015
    2036
    2059
    2034
    2053
    2063
    2043
    2075
    2102
    1999
    2058
    2106
    2042
    2033
    2092
    2072
    2102
    1966
    2115
    2130
    2039
    2059
    2074
    1999
    2147
    2086
    2074
    2097
    2148
    2061
    2115
    2058
    2031
    2126
    2031
    2136
    2080
    2165
    2040
    1996
    2038
    1981
    2048
    2023
    1967
    2055
    2123
    2018
    2057
    2074
    2025
    2037
    2006
    2006
    1992
    2097
    2113
    2059
    2049
    2073
    2083
    2123
    2010
    2027
    2041
    2003
    2092
    2010
    2041
    2118
    2055
    2058
    2099
    2079
    2152
    2149
    2176
    2143
    2056
    2135
    2101
    2195
    2148
    2269
    2167
    2217
    2180
    2350
    2223
    2316
    2226
    2229
    2317
    2303
    2259
    2319
    2292
    2200
    2228
    2399
    2351
    2308
    2364
    2416
    2332
    2411
    2367
    2383
    2453
    2437
    2406
    2495
    2498
    2528
    2511
    2668
    2630
    2597
    2563
    2664
    2660
    2602
    2693
    2565
    2723
    2775
    2758
    2770
    2768
    2780
    2774
    2846
    2820
    2829
    2982
    3018
    2894
    2991
    2916
    3026
    2997
    3057
    3048
    3082
    3106
    3046
    3137
    3095
    3141
    3255
    3286
    3296
    3183
    3341
    3277
    3306
    3517
    3403
    3404
    3462
    3431
    3561
    3533
    3578
    3683
    3682
    3752
    3732
    3790
    3819
    3791
    3851
    3896
    3914
    3964
    3774
    4042
    4157
    4034
    4236
    4225
    4240
    4388
    4336
    4243
    4301
    4392
    4519
    4369
    4554
    4542
    4328
    4503
    4715
    4679
    4691
    4816
    4825
    4935
    4905
    4934
    4969
    5098
    4964
    5119
    5216
    5330
    5205
    5319
    5417
    5279
    5470
    5590
    5547
    5625
    5811
    5815
    5807
    5907
    6041
    5868
    6007
    6069
    6092
    6214
    6214
    6370
    6347
    6525
    6520
    6582
    6650
    6705
    6700
    6810
    6806
    7042
    7073
    7179
    7219
    7183
    7226
    7426
    7519
    7569
    7534
    7724
    7734
    7785
    7937
    7993
    8085
    8075
    8313
    8443
    8313
    8630
    8600
    8741
    8850
    8858
    9017
    9020
    9125
    9135
    9364
    9476
    9521
    9739
    9684
    9951
   10045
   10174
   10124
   10340
   10412
   10577
   10577
   10925
   10954
   10989
   11121
   11152
   11521
   11666
   11471
   11931
   11818
   12334
   12262
   12501
   12637
   12674
   13067
   13028
   13360
   13505
   13449
   13911
   13876
   14125
   14242
   14665
   14390
   14752
   15173
   15185
   15424
   15569
   15958
   16136
   16106
   16495
   16687
   17008
   17262
   17393
   17808
   18276
   18187
   18417
   19050
   19151
   19428
   19799
   20245
   20459
   20697
   21157
   21153
   21614
   21971
   22253
   22627
   23296
   23650
       0
       0
       0
       0
       0
       0
       0
       0
       0
       0
       0
       0
       0
       0
       0
       0
       0
       0
       0
       0
       0
       0
       0
       0
       0
       0
       0
       0
       0
       0
       0
       0
$ROI:
0
$PRESETS:
None
0
0
$ENER_FIT:
-0.169488 0.023446
$MCA_CAL:
3
-1.694878E-001 2.344633E-002 0.000000E+000 keV
$SHAPE_CAL:
3
0.000000E+000 0.000000E+000 0.000000E+000
