$SPEC_ID:
No sample description was entered.
$SPEC_REM:
DET# 4
DETDESC# JLAB-20 MCB 131
AP# Maestro Version 7.01
$DATE_MEA:
09/30/2025 10:16:44
$MEAS_TIM:
78956 80878
$DATA:
0 2047
       0
       0
       0
       0
       0
       0
       0
       0
       0
       0
       0
       0
       0
       0
       0
       0
       0
       0
       0
       0
       0
       0
       0
       0
       0
       0
       0
       0
       0
       0
       0
       0
       0
       0
       0
       0
       0
       0
       0
       0
       0
       0
       0
       0
       0
       0
       0
       0
       0
       0
       0
       0
       1
       0
       1
       0
       0
       0
       0
       0
       0
       0
       0
       1
       0
       1
       0
       0
       0
     292
    8846
    9003
    8502
    8137
    8187
    7712
    7646
    7599
    7451
    7334
    7213
    7387
    7076
    7130
    6995
    7037
    6892
    6685
    6642
    6835
    6627
    6320
    6527
    6359
    6315
    6217
    6277
    6369
    6225
    6201
    6096
    6061
    5994
    6115
    5904
    5786
    5927
    5778
    5834
    5705
    5639
    5632
    5623
    5592
    5453
    5509
    5440
    5406
    5298
    5248
    5355
    5300
    5231
    5256
    5227
    5186
    5320
    5150
    5065
    5033
    5138
    5008
    4874
    4934
    4794
    4918
    4908
    4952
    4858
    4756
    4830
    4832
    4723
    4722
    4728
    4714
    4728
    4800
    4714
    4780
    4551
    4715
    4450
    4615
    4477
    4500
    4523
    4542
    4527
    4418
    4511
    4391
    4388
    4374
    4435
    4395
    4398
    4460
    4391
    4379
    4273
    4246
    4296
    4199
    4342
    4298
    4326
    4180
    4288
    4259
    4183
    4181
    4259
    4162
    4126
    4232
    4129
    4116
    4148
    4102
    4078
    4095
    3988
    4123
    4203
    4044
    4163
    4030
    4054
    4162
    4040
    4052
    4064
    4119
    3976
    3966
    3970
    3960
    4047
    3957
    4004
    4038
    3928
    3816
    4023
    3979
    3921
    3963
    3937
    3994
    4015
    3977
    3947
    4053
    3963
    4006
    3882
    3911
    3976
    3899
    3917
    3914
    3818
    3940
    3990
    3928
    3855
    3984
    3846
    3881
    3912
    3906
    3904
    3728
    3932
    3895
    3852
    3892
    3953
    3860
    3900
    3888
    3901
    3947
    3909
    3903
    3887
    3994
    4027
    3966
    3906
    3847
    4046
    4024
    4007
    3972
    3913
    4056
    4095
    4048
    3968
    3949
    3975
    4053
    4125
    4017
    4035
    4045
    4020
    4029
    4051
    4031
    4118
    4124
    4050
    3965
    4129
    4065
    4046
    4088
    4109
    4008
    4123
    4154
    4081
    4202
    4188
    4181
    4220
    4314
    4269
    4389
    4531
    4570
    4830
    4861
    5014
    5365
    5719
    6223
    6591
    7222
    8043
    8686
    9624
   10812
   12215
   13544
   15164
   16873
   18683
   20904
   23057
   25478
   28236
   30620
   33252
   35714
   38120
   41114
   43712
   46222
   48457
   50433
   52526
   54651
   55624
   57706
   58445
   59736
   60412
   61120
   62099
   62399
   62226
   62500
   62555
   62506
   62249
   61762
   61087
   60722
   60133
   59192
   58500
   57930
   56553
   55747
   54558
   53665
   52678
   51133
   49955
   48921
   47402
   45925
   44354
   43258
   41615
   39997
   38332
   36915
   35762
   34174
   32880
   31616
   30040
   28701
   27244
   25945
   24904
   23914
   22577
   21729
   20809
   20087
   19574
   18644
   17972
   17638
   17039
   16266
   16011
   15299
   15102
   14230
   13918
   13363
   12677
   12320
   11887
   11374
   11135
   10369
    9781
    9259
    8945
    8431
    8069
    7460
    7000
    6686
    6078
    5970
    5427
    5074
    4758
    4485
    4298
    3880
    3735
    3474
    3366
    3286
    3187
    3076
    2885
    2812
    2766
    2730
    2726
    2717
    2639
    2723
    2649
    2598
    2569
    2687
    2690
    2632
    2599
    2703
    2682
    2750
    2606
    2653
    2670
    2716
    2504
    2657
    2582
    2653
    2641
    2559
    2635
    2543
    2562
    2540
    2644
    2647
    2497
    2543
    2529
    2510
    2437
    2506
    2542
    2447
    2453
    2489
    2448
    2453
    2509
    2460
    2417
    2388
    2371
    2366
    2434
    2354
    2370
    2307
    2407
    2344
    2365
    2357
    2387
    2444
    2275
    2349
    2330
    2257
    2303
    2328
    2178
    2299
    2221
    2342
    2268
    2205
    2279
    2251
    2327
    2288
    2298
    2388
    2248
    2197
    2282
    2208
    2245
    2205
    2309
    2255
    2308
    2286
    2277
    2296
    2155
    2200
    2277
    2341
    2255
    2212
    2308
    2297
    2286
    2215
    2267
    2305
    2311
    2254
    2352
    2356
    2264
    2337
    2303
    2269
    2252
    2277
    2316
    2285
    2248
    2213
    2314
    2316
    2236
    2312
    2267
    2253
    2231
    2262
    2256
    2196
    2220
    2157
    2149
    2247
    2205
    2219
    2098
    2137
    2159
    2118
    2082
    2090
    2105
    2083
    2086
    2129
    2120
    2048
    2112
    2050
    2063
    2040
    2113
    2103
    2062
    2082
    2100
    2032
    2031
    2064
    2016
    2010
    2034
    1999
    1970
    1911
    2019
    1967
    1934
    1969
    2013
    1949
    1988
    1925
    1939
    1945
    1972
    1966
    1968
    1958
    2020
    1980
    1951
    1980
    1878
    1907
    1935
    1965
    1926
    1930
    1972
    1933
    1888
    2010
    2006
    2008
    1951
    1961
    1902
    1970
    1974
    1937
    1973
    1901
    1956
    1875
    1945
    1912
    1922
    2003
    1974
    1961
    1931
    1985
    1897
    1973
    1967
    1931
    1886
    1903
    1915
    1928
    1988
    1978
    1995
    1865
    1947
    1890
    1923
    1839
    1904
    1913
    1917
    1898
    1907
    1885
    1881
    1925
    1910
    1933
    1859
    1861
    1873
    1803
    1892
    1898
    1895
    1836
    1850
    1873
    1903
    1869
    1852
    1887
    1875
    1931
    1886
    1801
    1886
    1840
    1856
    1801
    1909
    1804
    1796
    1915
    1821
    1830
    1807
    1884
    1808
    1887
    1880
    1864
    1832
    1852
    1784
    1857
    1883
    1810
    1897
    1787
    1849
    1808
    1846
    1851
    1890
    1831
    1800
    1817
    1734
    1829
    1818
    1890
    1900
    1815
    1835
    1787
    1813
    1809
    1861
    1822
    1807
    1821
    1827
    1749
    1815
    1760
    1753
    1715
    1844
    1763
    1787
    1768
    1827
    1773
    1732
    1741
    1784
    1806
    1846
    1751
    1823
    1802
    1767
    1779
    1735
    1776
    1764
    1823
    1738
    1725
    1756
    1718
    1775
    1768
    1786
    1706
    1795
    1820
    1740
    1724
    1730
    1729
    1717
    1735
    1683
    1727
    1703
    1781
    1727
    1731
    1684
    1728
    1763
    1733
    1723
    1672
    1666
    1724
    1698
    1674
    1684
    1670
    1732
    1684
    1752
    1660
    1737
    1693
    1801
    1738
    1756
    1644
    1738
    1736
    1690
    1642
    1727
    1688
    1703
    1717
    1747
    1688
    1630
    1626
    1635
    1622
    1715
    1680
    1733
    1710
    1665
    1681
    1656
    1635
    1711
    1612
    1647
    1645
    1631
    1631
    1694
    1632
    1616
    1648
    1682
    1620
    1651
    1692
    1677
    1635
    1665
    1674
    1657
    1609
    1532
    1632
    1656
    1642
    1724
    1624
    1727
    1668
    1672
    1615
    1656
    1651
    1648
    1639
    1639
    1553
    1653
    1689
    1692
    1568
    1685
    1629
    1630
    1642
    1580
    1551
    1669
    1602
    1624
    1685
    1636
    1567
    1592
    1627
    1631
    1615
    1650
    1636
    1633
    1641
    1621
    1682
    1575
    1627
    1630
    1663
    1645
    1611
    1590
    1568
    1567
    1560
    1640
    1652
    1653
    1589
    1583
    1583
    1598
    1598
    1582
    1576
    1560
    1608
    1567
    1551
    1591
    1617
    1521
    1597
    1578
    1580
    1664
    1644
    1577
    1614
    1654
    1555
    1577
    1539
    1579
    1635
    1628
    1567
    1541
    1572
    1607
    1590
    1633
    1662
    1721
    1710
    1620
    1628
    1708
    1623
    1597
    1644
    1668
    1611
    1633
    1690
    1642
    1644
    1601
    1624
    1620
    1630
    1610
    1616
    1676
    1562
    1652
    1586
    1674
    1654
    1618
    1564
    1574
    1590
    1616
    1538
    1561
    1611
    1633
    1619
    1595
    1673
    1628
    1587
    1677
    1645
    1546
    1580
    1578
    1592
    1589
    1617
    1562
    1542
    1518
    1558
    1544
    1590
    1624
    1504
    1526
    1554
    1539
    1612
    1589
    1548
    1556
    1586
    1484
    1617
    1612
    1635
    1500
    1495
    1554
    1618
    1536
    1510
    1600
    1552
    1631
    1529
    1570
    1567
    1624
    1658
    1611
    1585
    1663
    1593
    1609
    1647
    1622
    1592
    1581
    1701
    1618
    1663
    1656
    1639
    1605
    1664
    1610
    1621
    1649
    1556
    1659
    1621
    1663
    1606
    1629
    1666
    1626
    1615
    1645
    1631
    1644
    1678
    1635
    1654
    1632
    1579
    1599
    1602
    1613
    1703
    1609
    1561
    1637
    1626
    1679
    1591
    1667
    1683
    1643
    1634
    1610
    1643
    1644
    1627
    1609
    1654
    1591
    1583
    1551
    1551
    1621
    1608
    1646
    1574
    1584
    1558
    1648
    1556
    1521
    1536
    1531
    1598
    1532
    1579
    1511
    1568
    1558
    1523
    1482
    1563
    1534
    1477
    1532
    1555
    1629
    1597
    1554
    1581
    1549
    1524
    1598
    1615
    1555
    1614
    1634
    1560
    1624
    1713
    1666
    1659
    1700
    1704
    1713
    1697
    1725
    1704
    1737
    1777
    1745
    1807
    1796
    1643
    1807
    1838
    1715
    1732
    1685
    1777
    1734
    1743
    1813
    1644
    1713
    1807
    1799
    1731
    1708
    1674
    1780
    1664
    1554
    1680
    1638
    1643
    1658
    1596
    1571
    1612
    1655
    1535
    1586
    1570
    1628
    1582
    1440
    1506
    1481
    1524
    1529
    1484
    1433
    1507
    1453
    1484
    1490
    1414
    1385
    1471
    1515
    1460
    1393
    1398
    1360
    1438
    1430
    1407
    1424
    1406
    1424
    1505
    1453
    1424
    1454
    1393
    1380
    1482
    1392
    1394
    1480
    1400
    1454
    1417
    1432
    1423
    1427
    1417
    1447
    1435
    1372
    1375
    1444
    1387
    1412
    1428
    1383
    1367
    1419
    1456
    1402
    1419
    1451
    1444
    1461
    1447
    1439
    1460
    1459
    1469
    1561
    1404
    1434
    1414
    1461
    1419
    1414
    1350
    1421
    1399
    1376
    1391
    1398
    1465
    1493
    1465
    1434
    1466
    1479
    1343
    1458
    1404
    1422
    1464
    1427
    1462
    1389
    1457
    1448
    1493
    1500
    1445
    1406
    1425
    1489
    1507
    1463
    1409
    1475
    1462
    1584
    1439
    1493
    1454
    1408
    1468
    1451
    1500
    1509
    1439
    1420
    1486
    1489
    1512
    1473
    1477
    1462
    1513
    1474
    1511
    1492
    1468
    1481
    1496
    1481
    1442
    1464
    1441
    1419
    1455
    1416
    1439
    1429
    1427
    1429
    1503
    1389
    1450
    1439
    1434
    1411
    1379
    1423
    1412
    1490
    1451
    1470
    1478
    1467
    1441
    1460
    1424
    1457
    1394
    1415
    1494
    1470
    1467
    1382
    1437
    1472
    1419
    1375
    1402
    1364
    1445
    1472
    1514
    1421
    1414
    1399
    1482
    1429
    1382
    1443
    1409
    1450
    1471
    1434
    1388
    1387
    1406
    1434
    1444
    1469
    1449
    1514
    1473
    1477
    1451
    1411
    1464
    1410
    1429
    1385
    1471
    1465
    1425
    1498
    1480
    1519
    1499
    1425
    1523
    1445
    1497
    1443
    1454
    1457
    1517
    1482
    1444
    1580
    1536
    1461
    1546
    1475
    1525
    1521
    1554
    1508
    1414
    1532
    1510
    1520
    1497
    1513
    1497
    1513
    1556
    1547
    1528
    1465
    1443
    1546
    1487
    1526
    1464
    1504
    1518
    1528
    1538
    1539
    1459
    1509
    1512
    1513
    1501
    1517
    1507
    1570
    1558
    1557
    1521
    1540
    1623
    1553
    1579
    1541
    1506
    1579
    1582
    1527
    1545
    1534
    1617
    1565
    1596
    1561
    1641
    1634
    1573
    1567
    1537
    1496
    1583
    1534
    1589
    1612
    1582
    1602
    1619
    1458
    1625
    1557
    1623
    1628
    1558
    1534
    1509
    1609
    1658
    1593
    1659
    1569
    1578
    1564
    1601
    1640
    1588
    1621
    1582
    1577
    1593
    1657
    1604
    1586
    1611
    1620
    1611
    1658
    1660
    1625
    1632
    1650
    1730
    1679
    1637
    1667
    1602
    1680
    1708
    1742
    1710
    1686
    1677
    1706
    1692
    1706
    1781
    1750
    1759
    1742
    1786
    1643
    1689
    1753
    1753
    1721
    1682
    1754
    1775
    1744
    1809
    1892
    1781
    1703
    1681
    1798
    1780
    1819
    1833
    1771
    1760
    1857
    1730
    1876
    1834
    1850
    1780
    1831
    1871
    1893
    1969
    1918
    1896
    1922
    1895
    1899
    1863
    1900
    1875
    1864
    1899
    1982
    1896
    1940
    1949
    1967
    2013
    1949
    2004
    2041
    1924
    1999
    2058
    2058
    2042
    2081
    2026
    1995
    2131
    2139
    2090
    2112
    2096
    2140
    2147
    2081
    2107
    2115
    2222
    2151
    2185
    2092
    2100
    2293
    2221
    2188
    2241
    2306
    2321
    2290
    2264
    2264
    2321
    2397
    2298
    2417
    2510
    2424
    2457
    2464
    2503
    2418
    2395
    2537
    2479
    2501
    2560
    2593
    2528
    2555
    2571
    2693
    2594
    2595
    2647
    2628
    2627
    2657
    2756
    2700
    2813
    2843
    2761
    2827
    2905
    2965
    2928
    2851
    2871
    2979
    2969
    2897
    2931
    3052
    3040
    3053
    3098
    3127
    3046
    3173
    3079
    3180
    3207
    3148
    3247
    3272
    3160
    3284
    3211
    3293
    3272
    3367
    3326
    3415
    3390
    3542
    3502
    3441
    3431
    3533
    3678
    3529
    3746
    3656
    3673
    3741
    3645
    3693
    3729
    3917
    3792
    3686
    3856
    3683
    3812
    3839
    3844
    3947
    3903
    4054
    3995
    3934
    4071
    4087
    4074
    4031
    4044
    4037
    4120
    4194
    4206
    4186
    4188
    4216
    4290
    4280
    4210
    4313
    4203
    4283
    4257
    4253
    4283
    4277
    4378
    4325
    4301
    4310
    4360
    4267
    4292
    4371
    4350
    4272
    4126
    4347
    4283
    4235
    4277
    4338
    4242
    4333
    4364
    4298
    4264
    4363
    4315
    4283
    4278
    4269
    4369
    4255
    4385
    4271
    4297
    4307
    4214
    4302
    4170
    4314
    4142
    4203
    4357
    4240
    4215
    4285
    4273
    4260
    4280
    4245
    4292
    4186
    4408
    4212
    4338
    4230
    4304
    4372
    4355
    4241
    4271
    4202
    4224
    4357
    4326
    4245
    4304
    4260
    4342
    4345
    4331
    4367
    4464
    4475
    4437
    4347
    4484
    4431
    4533
    4596
    4590
    4518
    4522
    4591
    4666
    4640
    4686
    4658
    4695
    4793
    4746
    4786
    4716
    4784
    4719
    4777
    4950
    4839
    4856
    4850
    4943
    4907
    5055
    4956
    5032
    5107
    5090
    5007
    5160
    5118
    5227
    5299
    5445
    5420
    5328
    5340
    5518
    5546
    5371
    5619
    5429
    5602
    5686
    5748
    5724
    5695
    5813
    5769
    5847
    5875
    5939
    6171
    6203
    6023
    6028
    5991
    6326
    6237
    6285
    6300
    6405
    6454
    6375
    6529
    6424
    6515
    6718
    6824
    6830
    6683
    6882
    6907
    7016
    7136
    7074
    7168
    7212
    7268
    7390
    7254
    7482
    7587
    7498
    7832
    7732
    7747
    7933
    7940
    8013
    8022
    8153
    8148
    8037
    8283
    8555
    8337
    8638
    8575
    8841
    8994
    8844
    8724
    8938
    9116
    9225
    9201
    9369
    9457
    9226
    9572
    9792
    9867
    9667
    9911
   10201
   10219
   10271
   10323
   10372
   10503
   10456
   10592
   10695
   10968
   10855
   11104
   11179
   11198
   11304
   11496
   11757
   11750
   11832
   12042
   11964
   12331
   12383
   12276
   12449
   12478
   12721
   12875
   13160
   13155
   13139
   13504
   13637
   13788
   13847
   13950
   13845
   14176
   14351
   14577
   14659
   14783
   15066
   15039
   15038
   15440
   15551
   15563
   15806
   16149
   15915
   16416
   16351
   16608
   16859
   16837
   17086
   17318
   17273
   17944
   17806
   18202
   18185
   18334
   18695
   18790
   19075
   19103
   19351
   19693
   19811
   20026
   20240
   20669
   20813
   21049
   21253
   21394
   21643
   21894
   22119
   22359
   22663
   22973
   23068
   23342
   23784
   24148
   24044
   24692
   24773
   25447
   25692
   25697
   26189
   26366
   26968
   27061
   27369
   27993
   28014
   28961
   28805
   29185
   29540
   30190
   30504
   30734
   31214
   31688
   32148
   32407
   32894
   33249
   33657
   34390
   34808
   35211
   35845
   36284
   36970
   37609
   37723
   38543
   39155
   39818
   40401
   40983
   41432
   42679
   42724
   43779
   44105
   44918
   45490
   45909
   46971
   48130
   48729
       0
       0
       0
       0
       0
       0
       0
       0
       0
       0
       0
       0
       0
       0
       0
       0
       0
       0
       0
       0
       0
       0
       0
       0
       0
       0
       0
       0
       0
       0
       0
       0
$ROI:
0
$PRESETS:
None
0
0
$ENER_FIT:
-0.169488 0.023446
$MCA_CAL:
3
-1.694878E-001 2.344633E-002 0.000000E+000 keV
$SHAPE_CAL:
3
0.000000E+000 0.000000E+000 0.000000E+000
