$SPEC_ID:
No sample description was entered.
$SPEC_REM:
DET# 4
DETDESC# JLAB-20 MCB 131
AP# Maestro Version 7.01
$DATE_MEA:
09/30/2025 10:36:44
$MEAS_TIM:
80127 82079
$DATA:
0 2047
       0
       0
       0
       0
       0
       0
       0
       0
       0
       0
       0
       0
       0
       0
       0
       0
       0
       0
       0
       0
       0
       0
       0
       0
       0
       0
       0
       0
       0
       0
       0
       0
       0
       0
       0
       0
       0
       0
       0
       0
       0
       0
       0
       0
       0
       0
       0
       0
       0
       0
       0
       0
       1
       0
       1
       0
       0
       0
       0
       0
       0
       0
       0
       1
       0
       1
       0
       0
       0
     293
    8965
    9112
    8613
    8253
    8299
    7826
    7760
    7690
    7586
    7439
    7318
    7496
    7174
    7242
    7104
    7138
    6986
    6799
    6743
    6951
    6724
    6422
    6613
    6450
    6428
    6311
    6346
    6456
    6314
    6298
    6196
    6149
    6087
    6209
    6002
    5869
    6004
    5870
    5921
    5790
    5724
    5709
    5713
    5658
    5545
    5587
    5511
    5483
    5388
    5326
    5424
    5377
    5309
    5336
    5289
    5256
    5392
    5228
    5138
    5105
    5233
    5092
    4947
    5006
    4876
    4999
    4981
    5018
    4923
    4829
    4906
    4912
    4781
    4779
    4799
    4779
    4804
    4870
    4787
    4840
    4616
    4795
    4525
    4670
    4532
    4556
    4582
    4617
    4595
    4475
    4574
    4463
    4469
    4433
    4503
    4444
    4451
    4520
    4464
    4445
    4329
    4308
    4373
    4260
    4404
    4365
    4376
    4256
    4348
    4324
    4255
    4243
    4323
    4239
    4187
    4293
    4191
    4172
    4216
    4157
    4134
    4150
    4053
    4184
    4278
    4110
    4225
    4091
    4106
    4221
    4105
    4114
    4128
    4178
    4034
    4015
    4042
    4022
    4103
    4015
    4070
    4087
    4004
    3872
    4089
    4041
    3974
    4022
    3991
    4043
    4080
    4030
    4008
    4128
    4025
    4056
    3948
    3968
    4043
    3958
    3974
    3973
    3873
    3995
    4051
    3987
    3920
    4047
    3894
    3937
    3967
    3959
    3966
    3786
    3999
    3948
    3904
    3936
    4016
    3919
    3950
    3940
    3964
    4005
    3972
    3960
    3954
    4044
    4079
    4022
    3961
    3907
    4109
    4086
    4060
    4037
    3966
    4123
    4147
    4098
    4030
    4014
    4034
    4107
    4199
    4077
    4103
    4115
    4069
    4087
    4107
    4088
    4170
    4191
    4110
    4024
    4179
    4121
    4121
    4157
    4173
    4067
    4187
    4214
    4146
    4263
    4237
    4235
    4279
    4391
    4326
    4468
    4596
    4638
    4893
    4932
    5078
    5478
    5810
    6300
    6691
    7320
    8148
    8811
    9788
   10982
   12405
   13748
   15384
   17139
   18988
   21203
   23398
   25840
   28666
   31096
   33733
   36264
   38687
   41743
   44368
   46907
   49183
   51147
   53287
   55482
   56444
   58573
   59259
   60623
   61351
   62066
   62974
   63328
   63159
   63455
   63457
   63442
   63153
   62717
   62055
   61624
   61021
   60010
   59376
   58799
   57331
   56563
   55386
   54454
   53467
   51912
   50735
   49631
   48097
   46576
   44965
   43900
   42207
   40535
   38915
   37482
   36286
   34691
   33408
   32079
   30492
   29140
   27637
   26333
   25312
   24284
   22930
   22051
   21086
   20419
   19880
   18857
   18263
   17904
   17278
   16489
   16242
   15540
   15291
   14423
   14118
   13554
   12869
   12498
   12073
   11566
   11327
   10548
    9932
    9414
    9072
    8551
    8190
    7559
    7103
    6788
    6177
    6074
    5507
    5152
    4822
    4538
    4356
    3933
    3803
    3527
    3432
    3321
    3240
    3121
    2930
    2859
    2802
    2765
    2767
    2758
    2669
    2771
    2693
    2646
    2601
    2725
    2726
    2675
    2637
    2737
    2707
    2796
    2652
    2705
    2709
    2754
    2536
    2689
    2622
    2690
    2674
    2597
    2671
    2581
    2593
    2572
    2673
    2684
    2531
    2587
    2561
    2549
    2473
    2541
    2576
    2482
    2489
    2526
    2480
    2497
    2548
    2499
    2449
    2419
    2403
    2397
    2472
    2400
    2408
    2345
    2451
    2371
    2408
    2394
    2419
    2470
    2317
    2391
    2365
    2300
    2339
    2367
    2227
    2318
    2252
    2365
    2306
    2253
    2318
    2277
    2354
    2310
    2323
    2427
    2287
    2236
    2314
    2253
    2279
    2233
    2352
    2279
    2351
    2331
    2315
    2320
    2190
    2235
    2318
    2360
    2284
    2247
    2337
    2333
    2324
    2249
    2301
    2339
    2351
    2283
    2390
    2389
    2294
    2372
    2333
    2297
    2285
    2305
    2349
    2313
    2281
    2250
    2352
    2344
    2260
    2335
    2296
    2292
    2273
    2295
    2281
    2221
    2248
    2190
    2183
    2278
    2241
    2247
    2127
    2173
    2197
    2149
    2109
    2127
    2144
    2117
    2116
    2154
    2149
    2082
    2144
    2079
    2087
    2063
    2147
    2134
    2088
    2112
    2128
    2057
    2061
    2101
    2045
    2039
    2077
    2032
    1997
    1942
    2051
    1991
    1966
    2001
    2036
    1971
    2018
    1952
    1970
    1973
    2007
    1987
    1995
    1986
    2051
    2011
    1976
    2004
    1900
    1949
    1954
    1995
    1945
    1949
    1990
    1967
    1924
    2046
    2032
    2036
    1980
    1995
    1930
    2000
    1997
    1965
    2003
    1930
    1990
    1910
    1971
    1941
    1954
    2031
    2013
    1986
    1955
    2016
    1928
    2003
    1994
    1960
    1918
    1930
    1938
    1956
    2006
    2000
    2026
    1906
    1976
    1922
    1954
    1871
    1924
    1942
    1951
    1921
    1940
    1905
    1906
    1960
    1933
    1959
    1890
    1887
    1895
    1824
    1924
    1927
    1929
    1853
    1871
    1904
    1930
    1902
    1876
    1910
    1911
    1956
    1904
    1825
    1920
    1865
    1887
    1830
    1935
    1832
    1825
    1940
    1848
    1860
    1833
    1907
    1844
    1907
    1905
    1886
    1857
    1888
    1814
    1889
    1902
    1833
    1925
    1823
    1887
    1835
    1878
    1874
    1913
    1870
    1829
    1853
    1771
    1852
    1847
    1921
    1932
    1835
    1867
    1813
    1842
    1830
    1888
    1841
    1832
    1847
    1854
    1780
    1844
    1780
    1777
    1746
    1869
    1783
    1818
    1800
    1859
    1801
    1757
    1763
    1813
    1831
    1876
    1776
    1848
    1838
    1793
    1806
    1767
    1798
    1785
    1850
    1763
    1754
    1786
    1746
    1795
    1788
    1809
    1729
    1828
    1849
    1758
    1750
    1754
    1747
    1744
    1758
    1702
    1744
    1726
    1800
    1746
    1753
    1714
    1757
    1785
    1756
    1744
    1700
    1699
    1749
    1719
    1694
    1700
    1698
    1764
    1712
    1777
    1692
    1761
    1724
    1826
    1764
    1790
    1662
    1766
    1765
    1708
    1671
    1751
    1708
    1721
    1741
    1771
    1709
    1653
    1647
    1653
    1651
    1747
    1703
    1762
    1740
    1683
    1707
    1679
    1664
    1744
    1629
    1669
    1671
    1658
    1660
    1720
    1654
    1641
    1682
    1706
    1648
    1672
    1712
    1702
    1652
    1691
    1699
    1685
    1637
    1554
    1651
    1676
    1667
    1755
    1649
    1751
    1695
    1694
    1651
    1671
    1681
    1670
    1659
    1659
    1575
    1672
    1717
    1721
    1594
    1708
    1655
    1654
    1677
    1602
    1574
    1689
    1621
    1648
    1713
    1664
    1586
    1611
    1652
    1657
    1636
    1680
    1659
    1657
    1661
    1644
    1707
    1601
    1661
    1663
    1689
    1666
    1631
    1614
    1592
    1588
    1591
    1663
    1675
    1673
    1609
    1618
    1608
    1617
    1617
    1612
    1609
    1585
    1630
    1600
    1568
    1615
    1640
    1550
    1619
    1595
    1603
    1682
    1669
    1602
    1635
    1676
    1579
    1601
    1558
    1603
    1659
    1648
    1604
    1574
    1594
    1636
    1617
    1656
    1680
    1750
    1725
    1643
    1653
    1724
    1642
    1613
    1663
    1690
    1636
    1664
    1704
    1664
    1665
    1624
    1650
    1649
    1645
    1638
    1639
    1700
    1579
    1672
    1613
    1692
    1667
    1631
    1588
    1592
    1612
    1635
    1561
    1586
    1630
    1649
    1642
    1616
    1699
    1655
    1613
    1702
    1680
    1576
    1598
    1603
    1612
    1613
    1643
    1582
    1562
    1538
    1589
    1570
    1615
    1646
    1531
    1538
    1586
    1554
    1632
    1611
    1576
    1584
    1605
    1511
    1640
    1641
    1662
    1517
    1513
    1575
    1645
    1558
    1531
    1620
    1574
    1665
    1552
    1598
    1593
    1646
    1680
    1631
    1615
    1695
    1625
    1627
    1669
    1643
    1619
    1604
    1720
    1645
    1686
    1673
    1666
    1630
    1696
    1636
    1646
    1671
    1585
    1687
    1646
    1688
    1630
    1655
    1692
    1651
    1645
    1667
    1651
    1659
    1698
    1667
    1679
    1662
    1604
    1632
    1630
    1638
    1728
    1637
    1590
    1659
    1651
    1701
    1625
    1692
    1702
    1667
    1663
    1630
    1661
    1665
    1649
    1628
    1679
    1623
    1607
    1576
    1568
    1646
    1627
    1677
    1602
    1608
    1577
    1673
    1576
    1538
    1553
    1548
    1617
    1555
    1602
    1537
    1593
    1587
    1547
    1500
    1582
    1552
    1506
    1558
    1577
    1650
    1623
    1575
    1601
    1577
    1555
    1616
    1636
    1574
    1637
    1671
    1586
    1647
    1739
    1685
    1676
    1728
    1721
    1735
    1725
    1759
    1734
    1763
    1802
    1770
    1828
    1826
    1664
    1836
    1862
    1749
    1757
    1707
    1807
    1758
    1780
    1835
    1670
    1739
    1826
    1829
    1757
    1724
    1702
    1809
    1691
    1574
    1707
    1671
    1669
    1683
    1615
    1603
    1631
    1686
    1559
    1616
    1597
    1644
    1600
    1473
    1524
    1512
    1555
    1552
    1511
    1456
    1527
    1471
    1513
    1509
    1427
    1410
    1488
    1531
    1483
    1412
    1409
    1385
    1464
    1450
    1426
    1440
    1428
    1439
    1522
    1474
    1444
    1471
    1407
    1400
    1508
    1411
    1411
    1502
    1423
    1473
    1436
    1446
    1448
    1443
    1441
    1464
    1460
    1390
    1398
    1464
    1415
    1440
    1442
    1407
    1383
    1450
    1476
    1421
    1439
    1476
    1473
    1481
    1459
    1461
    1479
    1483
    1488
    1588
    1431
    1451
    1444
    1486
    1447
    1433
    1369
    1445
    1423
    1404
    1411
    1422
    1487
    1515
    1484
    1452
    1490
    1505
    1363
    1480
    1434
    1436
    1486
    1455
    1485
    1408
    1484
    1471
    1512
    1526
    1462
    1424
    1442
    1501
    1528
    1487
    1436
    1495
    1481
    1597
    1462
    1514
    1472
    1432
    1485
    1471
    1519
    1528
    1456
    1444
    1505
    1507
    1528
    1494
    1504
    1490
    1527
    1487
    1533
    1517
    1490
    1501
    1514
    1500
    1456
    1494
    1460
    1437
    1476
    1439
    1470
    1447
    1453
    1456
    1527
    1411
    1473
    1461
    1458
    1431
    1393
    1431
    1435
    1514
    1470
    1490
    1496
    1483
    1453
    1479
    1448
    1482
    1415
    1428
    1511
    1500
    1490
    1397
    1469
    1492
    1437
    1399
    1417
    1382
    1460
    1494
    1540
    1443
    1428
    1413
    1500
    1452
    1406
    1472
    1434
    1463
    1488
    1458
    1416
    1401
    1428
    1459
    1466
    1488
    1467
    1534
    1489
    1503
    1466
    1433
    1486
    1429
    1450
    1412
    1490
    1483
    1437
    1519
    1499
    1545
    1516
    1448
    1541
    1462
    1518
    1460
    1476
    1482
    1540
    1506
    1467
    1595
    1557
    1492
    1568
    1494
    1554
    1544
    1572
    1523
    1439
    1557
    1532
    1543
    1516
    1534
    1515
    1540
    1574
    1567
    1555
    1493
    1464
    1571
    1507
    1551
    1492
    1539
    1541
    1550
    1565
    1559
    1480
    1529
    1529
    1535
    1524
    1535
    1525
    1595
    1579
    1576
    1543
    1567
    1638
    1577
    1597
    1563
    1535
    1604
    1608
    1552
    1577
    1553
    1632
    1584
    1613
    1573
    1661
    1662
    1599
    1583
    1566
    1520
    1607
    1558
    1604
    1628
    1609
    1634
    1641
    1478
    1649
    1581
    1647
    1649
    1574
    1556
    1534
    1639
    1688
    1615
    1690
    1588
    1599
    1595
    1628
    1663
    1612
    1644
    1598
    1598
    1623
    1674
    1621
    1610
    1644
    1652
    1631
    1683
    1686
    1647
    1650
    1674
    1756
    1697
    1660
    1686
    1622
    1706
    1729
    1771
    1737
    1707
    1701
    1727
    1717
    1737
    1802
    1773
    1785
    1770
    1814
    1687
    1717
    1777
    1771
    1745
    1711
    1782
    1799
    1776
    1845
    1922
    1809
    1725
    1702
    1822
    1807
    1853
    1850
    1797
    1787
    1886
    1757
    1901
    1866
    1885
    1798
    1861
    1903
    1925
    1994
    1954
    1919
    1944
    1915
    1916
    1897
    1926
    1906
    1887
    1926
    2012
    1929
    1984
    1976
    1986
    2038
    1976
    2037
    2075
    1945
    2023
    2086
    2083
    2065
    2118
    2053
    2017
    2169
    2161
    2124
    2132
    2127
    2171
    2181
    2102
    2140
    2154
    2251
    2196
    2224
    2125
    2139
    2327
    2260
    2214
    2276
    2342
    2344
    2331
    2288
    2297
    2363
    2422
    2334
    2467
    2547
    2466
    2495
    2489
    2553
    2445
    2434
    2574
    2510
    2524
    2593
    2641
    2564
    2590
    2607
    2744
    2623
    2630
    2683
    2678
    2651
    2691
    2794
    2751
    2845
    2887
    2812
    2869
    2947
    3002
    2971
    2902
    2915
    3020
    3016
    2936
    2968
    3094
    3082
    3094
    3127
    3174
    3088
    3216
    3127
    3221
    3250
    3189
    3300
    3314
    3207
    3331
    3252
    3338
    3329
    3425
    3373
    3465
    3450
    3589
    3548
    3489
    3494
    3586
    3738
    3581
    3802
    3708
    3730
    3795
    3697
    3747
    3786
    3986
    3853
    3739
    3894
    3751
    3854
    3892
    3900
    4010
    3953
    4107
    4055
    3997
    4135
    4146
    4157
    4111
    4105
    4099
    4179
    4258
    4282
    4256
    4257
    4277
    4350
    4332
    4259
    4388
    4260
    4341
    4319
    4307
    4346
    4348
    4438
    4394
    4358
    4373
    4420
    4344
    4355
    4437
    4424
    4327
    4196
    4410
    4351
    4296
    4325
    4404
    4311
    4390
    4412
    4374
    4321
    4451
    4395
    4343
    4352
    4345
    4442
    4339
    4466
    4323
    4370
    4377
    4289
    4366
    4238
    4380
    4194
    4267
    4425
    4306
    4280
    4344
    4321
    4320
    4337
    4311
    4372
    4258
    4465
    4268
    4406
    4296
    4351
    4432
    4433
    4302
    4340
    4269
    4279
    4425
    4386
    4304
    4368
    4318
    4411
    4396
    4401
    4441
    4540
    4536
    4499
    4408
    4560
    4495
    4606
    4657
    4657
    4592
    4591
    4670
    4743
    4720
    4763
    4725
    4755
    4854
    4818
    4851
    4783
    4853
    4784
    4870
    5007
    4905
    4937
    4933
    5007
    4990
    5129
    5047
    5122
    5184
    5162
    5076
    5240
    5191
    5306
    5376
    5528
    5510
    5420
    5412
    5594
    5630
    5455
    5698
    5515
    5680
    5756
    5837
    5816
    5763
    5903
    5866
    5941
    5974
    6021
    6255
    6287
    6121
    6118
    6082
    6423
    6330
    6374
    6396
    6503
    6542
    6480
    6625
    6533
    6628
    6804
    6929
    6921
    6763
    6995
    7024
    7132
    7249
    7191
    7263
    7333
    7389
    7491
    7384
    7608
    7697
    7597
    7940
    7847
    7877
    8043
    8054
    8131
    8146
    8262
    8268
    8163
    8415
    8668
    8469
    8761
    8702
    8959
    9116
    8984
    8873
    9078
    9276
    9354
    9346
    9496
    9609
    9368
    9703
    9939
   10007
    9812
   10062
   10349
   10364
   10431
   10485
   10552
   10654
   10601
   10753
   10867
   11105
   11020
   11294
   11351
   11359
   11476
   11665
   11898
   11913
   12008
   12203
   12130
   12493
   12563
   12482
   12649
   12659
   12887
   13052
   13351
   13355
   13342
   13690
   13821
   13988
   14062
   14156
   14037
   14372
   14553
   14785
   14894
   14991
   15291
   15246
   15261
   15672
   15771
   15814
   16034
   16377
   16150
   16643
   16596
   16878
   17137
   17080
   17319
   17579
   17547
   18212
   18069
   18480
   18445
   18584
   18994
   19089
   19331
   19381
   19644
   19979
   20131
   20302
   20542
   20964
   21113
   21355
   21580
   21722
   21954
   22206
   22466
   22647
   23004
   23296
   23416
   23694
   24156
   24490
   24416
   25025
   25179
   25809
   26082
   26090
   26590
   26759
   27351
   27466
   27788
   28380
   28414
   29409
   29254
   29616
   29986
   30625
   30967
   31172
   31677
   32143
   32623
   32911
   33388
   33760
   34134
   34926
   35325
   35723
   36427
   36817
   37513
   38114
   38311
   39141
   39732
   40399
   41017
   41567
   42061
   43285
   43362
   44429
   44736
   45586
   46198
   46611
   47661
   48826
   49446
       0
       0
       0
       0
       0
       0
       0
       0
       0
       0
       0
       0
       0
       0
       0
       0
       0
       0
       0
       0
       0
       0
       0
       0
       0
       0
       0
       0
       0
       0
       0
       0
$ROI:
0
$PRESETS:
None
0
0
$ENER_FIT:
-0.169488 0.023446
$MCA_CAL:
3
-1.694878E-001 2.344633E-002 0.000000E+000 keV
$SHAPE_CAL:
3
0.000000E+000 0.000000E+000 0.000000E+000
