$SPEC_ID:
No sample description was entered.
$SPEC_REM:
DET# 4
DETDESC# JLAB-20 MCB 131
AP# Maestro Version 7.01
$DATE_MEA:
09/29/2025 17:16:44
$MEAS_TIM:
19207 19678
$DATA:
0 2047
       0
       0
       0
       0
       0
       0
       0
       0
       0
       0
       0
       0
       0
       0
       0
       0
       0
       0
       0
       0
       0
       0
       0
       0
       0
       0
       0
       0
       0
       0
       0
       0
       0
       0
       0
       0
       0
       0
       0
       0
       0
       0
       0
       0
       0
       0
       0
       0
       0
       0
       0
       0
       0
       0
       0
       0
       0
       0
       0
       0
       0
       0
       0
       0
       0
       0
       0
       0
       0
      48
    2114
    2170
    2126
    1913
    2023
    1917
    1867
    1761
    1803
    1775
    1707
    1847
    1705
    1671
    1667
    1663
    1632
    1684
    1672
    1640
    1589
    1529
    1521
    1483
    1473
    1502
    1475
    1487
    1509
    1513
    1478
    1487
    1445
    1475
    1385
    1403
    1420
    1411
    1368
    1305
    1338
    1359
    1408
    1348
    1287
    1341
    1300
    1285
    1278
    1298
    1225
    1238
    1279
    1277
    1287
    1294
    1281
    1265
    1234
    1234
    1184
    1240
    1234
    1243
    1146
    1245
    1212
    1220
    1198
    1122
    1165
    1123
    1159
    1172
    1151
    1123
    1151
    1161
    1140
    1166
    1114
    1137
    1136
    1115
    1089
    1076
    1074
    1142
    1112
    1054
    1092
    1065
    1045
    1044
    1092
    1047
    1072
    1090
    1071
    1104
    1071
    1033
    1085
    1012
    1035
    1020
    1086
    1028
    1016
    1076
     997
    1016
    1059
    1004
     997
     999
    1003
    1001
     977
    1003
    1019
     997
     955
    1034
     999
     998
     964
    1001
     954
     994
     940
    1041
     993
    1013
     917
     959
     943
     975
     952
     947
     952
     949
     923
     934
     961
     936
     940
     961
     968
     957
     955
     981
     954
     951
     944
    1013
     967
     990
     935
     925
     969
     929
     967
    1017
     946
     968
     941
     950
     909
     923
     982
     921
     962
     902
     922
     951
     915
     907
     910
     888
     952
     918
     931
     967
     935
     932
     991
    1030
     971
     962
     945
     952
    1044
    1011
     969
     954
     994
     994
     953
     956
     999
     944
     983
     998
    1032
     968
    1014
     945
     930
    1001
     947
    1013
    1031
    1016
     974
     931
    1032
    1018
     979
     972
    1035
     962
    1067
    1063
    1024
    1046
    1015
     972
    1004
    1108
    1036
    1048
    1115
    1071
    1184
    1177
    1177
    1292
    1394
    1496
    1612
    1733
    1916
    2109
    2323
    2615
    2944
    3197
    3633
    4016
    4504
    5068
    5483
    6119
    6763
    7299
    7935
    8717
    9109
    9935
   10577
   11229
   11687
   12083
   12687
   13338
   13440
   13774
   14112
   14643
   14752
   15066
   15204
   15114
   15091
   15276
   15361
   15229
   15309
   15076
   14913
   14910
   14714
   14352
   14273
   13887
   13749
   13635
   13278
   13055
   12739
   12500
   12103
   11863
   11681
   11210
   10839
   10499
   10182
    9794
    9235
    8954
    8682
    8263
    7951
    7728
    7276
    6977
    6597
    6356
    6158
    5866
    5421
    5449
    5152
    5001
    4866
    4548
    4312
    4312
    4213
    3895
    3903
    3785
    3758
    3368
    3444
    3324
    3109
    3068
    2895
    2712
    2718
    2520
    2373
    2283
    2140
    2100
    2042
    1829
    1681
    1653
    1483
    1464
    1339
    1262
    1170
    1095
    1076
     925
     927
     845
     839
     804
     792
     775
     679
     690
     684
     699
     716
     676
     646
     679
     621
     653
     587
     664
     640
     642
     611
     624
     669
     643
     633
     676
     639
     686
     567
     654
     584
     623
     621
     666
     634
     610
     645
     628
     645
     642
     630
     572
     626
     596
     538
     601
     644
     598
     580
     580
     588
     603
     612
     616
     573
     636
     589
     529
     607
     545
     570
     597
     620
     560
     563
     570
     588
     581
     538
     577
     541
     568
     551
     541
     526
     535
     533
     586
     545
     559
     593
     525
     582
     577
     571
     612
     574
     505
     535
     566
     557
     544
     585
     545
     547
     550
     571
     571
     531
     525
     574
     603
     550
     539
     532
     531
     557
     501
     532
     574
     547
     529
     539
     571
     583
     605
     542
     566
     544
     550
     578
     558
     516
     558
     568
     582
     506
     586
     562
     552
     558
     499
     582
     527
     517
     542
     517
     556
     526
     528
     507
     506
     555
     537
     491
     501
     489
     511
     514
     496
     518
     513
     522
     509
     492
     480
     497
     501
     479
     477
     513
     524
     496
     496
     502
     516
     497
     498
     469
     469
     489
     473
     474
     440
     482
     442
     440
     475
     480
     483
     463
     467
     482
     496
     519
     487
     480
     468
     443
     425
     474
     485
     473
     480
     505
     460
     450
     507
     481
     512
     456
     440
     473
     464
     495
     451
     458
     460
     472
     465
     483
     460
     509
     466
     489
     484
     473
     476
     479
     488
     505
     457
     445
     468
     474
     495
     487
     481
     483
     499
     481
     408
     477
     466
     488
     486
     489
     481
     445
     460
     444
     472
     479
     472
     450
     453
     429
     418
     452
     467
     453
     441
     431
     450
     445
     469
     445
     451
     469
     434
     462
     435
     438
     441
     453
     447
     455
     452
     422
     467
     427
     474
     462
     451
     452
     449
     442
     424
     429
     458
     422
     480
     466
     444
     473
     443
     445
     444
     428
     444
     443
     428
     434
     448
     449
     432
     421
     450
     460
     421
     464
     435
     441
     442
     439
     446
     432
     446
     445
     440
     431
     423
     395
     436
     438
     428
     463
     469
     422
     396
     464
     413
     424
     427
     443
     419
     431
     457
     413
     414
     432
     476
     428
     440
     413
     443
     447
     432
     458
     463
     422
     426
     449
     458
     424
     418
     379
     425
     440
     425
     438
     429
     417
     445
     427
     394
     400
     439
     423
     405
     433
     393
     380
     406
     409
     384
     413
     402
     428
     444
     402
     423
     439
     421
     418
     439
     442
     372
     431
     407
     430
     401
     418
     415
     425
     405
     431
     426
     392
     366
     414
     401
     407
     434
     407
     417
     419
     410
     376
     429
     397
     383
     391
     411
     380
     377
     433
     381
     369
     415
     379
     391
     416
     443
     418
     416
     378
     410
     426
     361
     359
     382
     395
     384
     424
     371
     465
     417
     390
     408
     411
     415
     413
     415
     375
     385
     405
     433
     421
     372
     414
     395
     431
     417
     388
     386
     405
     376
     380
     389
     388
     386
     419
     406
     397
     392
     386
     373
     388
     372
     407
     386
     384
     391
     416
     389
     376
     392
     388
     397
     374
     413
     418
     395
     401
     391
     408
     379
     378
     384
     407
     394
     384
     368
     375
     380
     382
     386
     369
     373
     419
     369
     402
     409
     386
     374
     450
     362
     379
     384
     365
     383
     390
     383
     377
     390
     396
     399
     374
     413
     443
     431
     401
     405
     426
     387
     402
     405
     402
     416
     404
     393
     386
     456
     398
     356
     384
     403
     383
     405
     440
     370
     411
     378
     419
     392
     408
     396
     368
     414
     408
     385
     368
     387
     434
     422
     382
     390
     356
     375
     407
     408
     357
     407
     384
     371
     383
     401
     385
     391
     353
     390
     358
     388
     398
     349
     358
     379
     394
     402
     389
     384
     382
     384
     365
     408
     398
     390
     389
     368
     363
     401
     396
     361
     372
     359
     403
     369
     386
     391
     385
     398
     397
     377
     413
     392
     392
     409
     397
     397
     368
     383
     391
     390
     367
     399
     389
     410
     390
     353
     403
     383
     395
     411
     415
     369
     372
     415
     386
     386
     388
     378
     400
     403
     394
     407
     377
     378
     401
     384
     389
     410
     379
     402
     387
     364
     438
     389
     380
     399
     410
     403
     425
     383
     394
     429
     421
     422
     407
     372
     406
     371
     406
     412
     389
     353
     385
     387
     395
     391
     371
     364
     382
     415
     384
     376
     374
     384
     355
     366
     327
     389
     359
     356
     414
     365
     415
     394
     389
     377
     386
     390
     388
     369
     340
     401
     436
     378
     417
     441
     396
     379
     384
     398
     395
     393
     408
     401
     417
     429
     439
     427
     472
     386
     455
     447
     389
     408
     389
     401
     375
     417
     423
     395
     412
     442
     463
     416
     423
     390
     454
     408
     394
     403
     421
     404
     412
     400
     376
     378
     419
     368
     371
     412
     398
     379
     338
     365
     380
     383
     379
     381
     343
     375
     365
     365
     411
     359
     353
     355
     400
     353
     303
     333
     332
     351
     346
     312
     324
     343
     336
     369
     329
     334
     324
     355
     303
     372
     324
     329
     367
     319
     350
     342
     356
     325
     348
     322
     347
     365
     325
     314
     361
     309
     356
     376
     338
     332
     348
     349
     350
     336
     338
     375
     339
     347
     331
     333
     359
     347
     392
     341
     352
     356
     348
     356
     345
     326
     337
     342
     318
     328
     355
     336
     396
     341
     359
     358
     336
     324
     360
     313
     329
     355
     335
     366
     339
     333
     358
     386
     368
     354
     352
     329
     356
     348
     392
     334
     370
     352
     377
     343
     384
     364
     338
     354
     349
     361
     386
     391
     332
     388
     363
     401
     324
     347
     332
     373
     368
     381
     361
     348
     368
     353
     339
     339
     364
     348
     349
     349
     354
     323
     356
     326
     338
     391
     315
     329
     351
     323
     323
     325
     367
     343
     371
     375
     318
     377
     394
     360
     357
     347
     371
     344
     325
     375
     354
     377
     355
     343
     332
     344
     338
     330
     347
     336
     345
     357
     344
     321
     316
     383
     357
     339
     337
     338
     379
     364
     352
     351
     353
     346
     353
     342
     378
     356
     375
     330
     372
     353
     334
     377
     338
     374
     316
     349
     365
     374
     348
     348
     367
     370
     380
     377
     363
     351
     340
     345
     349
     383
     346
     322
     381
     369
     355
     371
     353
     367
     370
     371
     360
     331
     381
     397
     367
     358
     369
     360
     375
     357
     399
     362
     352
     394
     373
     365
     372
     375
     357
     378
     370
     378
     380
     372
     357
     392
     327
     398
     393
     339
     360
     391
     384
     352
     377
     406
     363
     390
     381
     373
     392
     397
     367
     351
     376
     386
     388
     390
     378
     399
     398
     408
     371
     380
     357
     355
     363
     373
     387
     411
     408
     406
     343
     393
     388
     383
     381
     385
     364
     375
     414
     409
     392
     409
     386
     367
     381
     389
     413
     382
     405
     390
     408
     366
     385
     397
     380
     394
     389
     416
     403
     421
     399
     376
     399
     418
     421
     409
     415
     414
     392
     427
     432
     440
     425
     431
     438
     383
     408
     414
     456
     408
     417
     457
     412
     390
     425
     420
     403
     418
     431
     436
     450
     399
     438
     431
     405
     400
     457
     416
     457
     437
     426
     483
     463
     413
     453
     396
     425
     445
     429
     461
     438
     458
     448
     451
     490
     462
     455
     445
     460
     469
     458
     468
     501
     467
     457
     455
     469
     499
     481
     507
     526
     448
     472
     490
     537
     481
     527
     494
     471
     510
     554
     504
     485
     520
     495
     536
     515
     541
     521
     580
     525
     548
     484
     507
     583
     504
     565
     551
     562
     555
     573
     567
     568
     544
     580
     562
     654
     616
     561
     583
     606
     611
     547
     595
     599
     607
     597
     621
     649
     605
     622
     626
     674
     637
     603
     639
     600
     640
     647
     671
     643
     691
     703
     685
     677
     745
     739
     761
     719
     707
     713
     676
     730
     705
     771
     730
     756
     754
     752
     736
     800
     730
     860
     769
     750
     798
     792
     753
     806
     743
     795
     834
     814
     775
     857
     818
     916
     875
     825
     842
     869
     897
     858
     913
     888
     917
     898
     882
     871
     877
     958
     945
     895
     931
     885
     875
     943
     921
     895
     943
     966
    1015
     952
    1008
     980
     997
    1007
     994
     974
    1038
    1021
    1019
    1033
    1025
     992
     995
    1045
    1018
    1040
    1001
    1045
    1054
    1053
    1038
    1034
    1038
    1060
    1040
    1050
    1075
    1031
    1024
    1092
    1052
    1068
    1010
    1074
    1109
    1040
    1008
    1041
    1009
    1089
    1051
    1034
    1071
    1082
    1067
    1055
    1033
    1068
    1088
    1066
    1094
    1047
    1080
    1007
     966
     999
     964
    1000
    1028
    1008
    1033
    1066
     994
    1033
    1102
    1029
    1027
    1050
     993
     981
    1060
    1102
    1064
    1039
    1053
    1037
    1068
    1060
     980
    1017
    1040
    1095
    1010
    1020
    1059
    1035
    1066
    1072
    1053
    1063
    1067
    1124
    1064
    1114
    1077
    1058
    1100
    1117
    1140
    1107
    1135
    1138
    1222
    1115
    1175
    1123
    1141
    1173
    1176
    1134
    1205
    1151
    1101
    1121
    1223
    1225
    1129
    1196
    1190
    1194
    1199
    1229
    1208
    1237
    1239
    1235
    1246
    1229
    1283
    1269
    1364
    1283
    1294
    1346
    1331
    1355
    1324
    1355
    1272
    1377
    1400
    1340
    1400
    1345
    1422
    1392
    1439
    1404
    1401
    1517
    1500
    1448
    1516
    1458
    1518
    1521
    1556
    1527
    1578
    1560
    1535
    1567
    1629
    1595
    1659
    1675
    1635
    1591
    1671
    1627
    1682
    1730
    1695
    1670
    1782
    1734
    1775
    1758
    1796
    1877
    1836
    1865
    1872
    1924
    1911
    1891
    1963
    2000
    1928
    1995
    1904
    2021
    2087
    1998
    2082
    2148
    2132
    2201
    2102
    2125
    2150
    2175
    2283
    2231
    2341
    2319
    2199
    2290
    2353
    2374
    2424
    2436
    2475
    2442
    2497
    2532
    2407
    2567
    2468
    2546
    2642
    2669
    2580
    2617
    2738
    2645
    2748
    2861
    2810
    2847
    2929
    2926
    2942
    2917
    3061
    2889
    3016
    3061
    3063
    3069
    3128
    3190
    3226
    3313
    3323
    3370
    3327
    3431
    3385
    3461
    3412
    3569
    3513
    3597
    3615
    3610
    3670
    3742
    3734
    3816
    3779
    3933
    3977
    3886
    4053
    4166
    4023
    4066
    4229
    4312
    4116
    4357
    4381
    4447
    4510
    4360
    4490
    4498
    4583
    4631
    4708
    4762
    4645
    4941
    4863
    4999
    5021
    5163
    5041
    5180
    5246
    5307
    5255
    5457
    5484
    5432
    5564
    5546
    5627
    5872
    5865
    5979
    5916
    6194
    6211
    6266
    6319
    6358
    6601
    6550
    6680
    6883
    6849
    7078
    7046
    7167
    7108
    7285
    7217
    7402
    7551
    7620
    7778
    7810
    8047
    8123
    8156
    8344
    8414
    8515
    8604
    8618
    8996
    9217
    9100
    9173
    9617
    9638
    9816
    9891
   10247
   10323
   10283
   10693
   10652
   10918
   11064
   11140
   11332
   11650
   11852
       0
       0
       0
       0
       0
       0
       0
       0
       0
       0
       0
       0
       0
       0
       0
       0
       0
       0
       0
       0
       0
       0
       0
       0
       0
       0
       0
       0
       0
       0
       0
       0
$ROI:
0
$PRESETS:
None
0
0
$ENER_FIT:
-0.169488 0.023446
$MCA_CAL:
3
-1.694878E-001 2.344633E-002 0.000000E+000 keV
$SHAPE_CAL:
3
0.000000E+000 0.000000E+000 0.000000E+000
