$SPEC_ID:
No sample description was entered.
$SPEC_REM:
DET# 4
DETDESC# JLAB-20 MCB 131
AP# Maestro Version 7.01
$DATE_MEA:
09/30/2025 10:26:44
$MEAS_TIM:
79542 81479
$DATA:
0 2047
       0
       0
       0
       0
       0
       0
       0
       0
       0
       0
       0
       0
       0
       0
       0
       0
       0
       0
       0
       0
       0
       0
       0
       0
       0
       0
       0
       0
       0
       0
       0
       0
       0
       0
       0
       0
       0
       0
       0
       0
       0
       0
       0
       0
       0
       0
       0
       0
       0
       0
       0
       0
       1
       0
       1
       0
       0
       0
       0
       0
       0
       0
       0
       1
       0
       1
       0
       0
       0
     293
    8908
    9056
    8562
    8200
    8250
    7773
    7704
    7644
    7517
    7393
    7263
    7447
    7131
    7185
    7043
    7084
    6935
    6741
    6686
    6889
    6689
    6369
    6572
    6400
    6364
    6261
    6315
    6412
    6271
    6248
    6153
    6101
    6037
    6164
    5947
    5836
    5959
    5827
    5882
    5748
    5681
    5674
    5674
    5624
    5497
    5543
    5477
    5449
    5347
    5284
    5388
    5346
    5272
    5300
    5257
    5218
    5351
    5188
    5102
    5068
    5191
    5055
    4901
    4964
    4829
    4959
    4942
    4977
    4888
    4790
    4864
    4874
    4752
    4752
    4765
    4741
    4766
    4825
    4742
    4808
    4586
    4758
    4489
    4643
    4511
    4531
    4550
    4575
    4559
    4449
    4545
    4426
    4427
    4405
    4471
    4421
    4423
    4480
    4433
    4409
    4293
    4270
    4326
    4234
    4363
    4334
    4355
    4216
    4316
    4291
    4213
    4214
    4290
    4202
    4151
    4261
    4161
    4149
    4179
    4126
    4101
    4122
    4021
    4146
    4235
    4082
    4195
    4060
    4074
    4194
    4072
    4082
    4099
    4151
    4005
    3988
    4006
    3992
    4072
    3979
    4043
    4063
    3963
    3844
    4064
    4013
    3948
    3989
    3963
    4021
    4048
    4001
    3973
    4093
    3988
    4024
    3919
    3943
    4010
    3932
    3947
    3941
    3845
    3971
    4018
    3955
    3885
    4017
    3869
    3911
    3945
    3932
    3937
    3756
    3958
    3915
    3882
    3915
    3981
    3891
    3929
    3914
    3925
    3975
    3941
    3933
    3924
    4026
    4055
    3994
    3927
    3880
    4068
    4055
    4037
    3999
    3942
    4099
    4121
    4074
    4002
    3979
    4012
    4080
    4159
    4051
    4061
    4076
    4048
    4061
    4077
    4061
    4153
    4158
    4082
    3998
    4149
    4090
    4085
    4125
    4136
    4042
    4146
    4183
    4115
    4234
    4210
    4206
    4256
    4348
    4304
    4425
    4567
    4607
    4864
    4894
    5045
    5417
    5772
    6261
    6634
    7274
    8102
    8745
    9702
   10894
   12313
   13644
   15279
   17004
   18842
   21067
   23216
   25684
   28440
   30861
   33481
   35996
   38407
   41428
   44048
   46556
   48831
   50767
   52900
   55077
   56032
   58144
   58863
   60161
   60864
   61574
   62536
   62868
   62692
   62984
   63008
   62989
   62710
   62241
   61569
   61171
   60580
   59635
   58944
   58385
   56941
   56153
   54993
   54044
   53075
   51534
   50350
   49292
   47765
   46239
   44663
   43595
   41923
   40279
   38617
   37211
   36037
   34438
   33148
   31829
   30265
   28929
   27436
   26152
   25114
   24089
   22737
   21885
   20952
   20267
   19705
   18756
   18122
   17760
   17166
   16376
   16126
   15429
   15203
   14320
   14018
   13468
   12761
   12415
   11982
   11487
   11231
   10452
    9851
    9330
    9008
    8487
    8132
    7501
    7047
    6735
    6128
    6012
    5467
    5114
    4790
    4510
    4324
    3908
    3770
    3503
    3400
    3307
    3210
    3099
    2911
    2836
    2785
    2749
    2745
    2735
    2652
    2748
    2669
    2621
    2588
    2707
    2701
    2659
    2619
    2720
    2696
    2775
    2624
    2683
    2692
    2729
    2517
    2672
    2600
    2666
    2656
    2577
    2653
    2568
    2577
    2557
    2655
    2665
    2516
    2567
    2544
    2532
    2455
    2524
    2557
    2469
    2471
    2505
    2461
    2474
    2530
    2481
    2438
    2402
    2387
    2375
    2452
    2380
    2392
    2329
    2430
    2358
    2383
    2372
    2405
    2460
    2291
    2369
    2342
    2275
    2322
    2345
    2202
    2308
    2238
    2352
    2288
    2229
    2300
    2264
    2341
    2297
    2309
    2407
    2265
    2217
    2300
    2235
    2262
    2223
    2329
    2268
    2328
    2309
    2298
    2311
    2167
    2216
    2303
    2345
    2268
    2231
    2326
    2314
    2304
    2233
    2287
    2322
    2327
    2272
    2372
    2368
    2281
    2357
    2319
    2283
    2268
    2288
    2331
    2300
    2267
    2230
    2334
    2330
    2246
    2326
    2279
    2274
    2248
    2281
    2272
    2210
    2237
    2170
    2161
    2264
    2220
    2231
    2115
    2152
    2177
    2133
    2096
    2100
    2123
    2104
    2102
    2143
    2131
    2067
    2128
    2065
    2076
    2055
    2134
    2122
    2077
    2101
    2115
    2044
    2048
    2084
    2030
    2027
    2052
    2016
    1982
    1924
    2032
    1976
    1950
    1989
    2025
    1963
    2001
    1937
    1958
    1952
    1994
    1974
    1982
    1973
    2034
    1994
    1966
    1994
    1889
    1927
    1942
    1980
    1940
    1939
    1982
    1953
    1910
    2029
    2014
    2021
    1967
    1985
    1916
    1983
    1983
    1950
    1987
    1916
    1976
    1894
    1961
    1927
    1938
    2016
    1991
    1976
    1942
    2001
    1915
    1992
    1980
    1945
    1903
    1914
    1925
    1943
    1997
    1989
    2013
    1883
    1962
    1904
    1940
    1853
    1914
    1924
    1932
    1910
    1922
    1894
    1890
    1945
    1923
    1950
    1880
    1870
    1884
    1814
    1910
    1910
    1914
    1842
    1860
    1891
    1917
    1881
    1870
    1897
    1892
    1944
    1891
    1815
    1907
    1854
    1872
    1814
    1921
    1819
    1807
    1928
    1836
    1844
    1821
    1894
    1825
    1897
    1894
    1873
    1848
    1874
    1798
    1873
    1891
    1823
    1908
    1801
    1868
    1821
    1866
    1861
    1902
    1851
    1813
    1838
    1753
    1839
    1831
    1907
    1919
    1828
    1855
    1800
    1827
    1819
    1871
    1833
    1820
    1834
    1841
    1763
    1827
    1769
    1761
    1727
    1857
    1771
    1803
    1786
    1846
    1785
    1746
    1751
    1797
    1813
    1859
    1760
    1837
    1824
    1778
    1798
    1749
    1790
    1773
    1832
    1751
    1739
    1769
    1735
    1787
    1778
    1797
    1717
    1811
    1831
    1753
    1737
    1745
    1737
    1729
    1743
    1690
    1732
    1715
    1793
    1735
    1743
    1696
    1742
    1773
    1743
    1732
    1689
    1679
    1737
    1710
    1687
    1690
    1683
    1750
    1696
    1766
    1683
    1750
    1706
    1812
    1749
    1774
    1651
    1747
    1751
    1701
    1657
    1739
    1700
    1715
    1725
    1757
    1702
    1646
    1638
    1640
    1635
    1733
    1693
    1750
    1723
    1674
    1694
    1668
    1646
    1729
    1621
    1657
    1659
    1647
    1652
    1698
    1639
    1631
    1665
    1692
    1634
    1659
    1699
    1690
    1645
    1675
    1687
    1669
    1624
    1543
    1642
    1664
    1654
    1741
    1634
    1742
    1681
    1681
    1635
    1663
    1664
    1658
    1646
    1649
    1561
    1663
    1704
    1709
    1573
    1697
    1645
    1646
    1655
    1589
    1563
    1679
    1614
    1639
    1700
    1651
    1579
    1602
    1637
    1643
    1624
    1660
    1646
    1649
    1651
    1633
    1690
    1589
    1644
    1649
    1678
    1657
    1621
    1597
    1575
    1578
    1576
    1651
    1660
    1662
    1598
    1603
    1594
    1604
    1606
    1599
    1594
    1577
    1619
    1585
    1561
    1601
    1627
    1536
    1610
    1588
    1584
    1673
    1658
    1590
    1624
    1665
    1569
    1591
    1550
    1596
    1647
    1635
    1588
    1558
    1585
    1624
    1607
    1641
    1677
    1736
    1716
    1628
    1641
    1714
    1632
    1605
    1651
    1679
    1625
    1647
    1695
    1654
    1657
    1612
    1637
    1636
    1637
    1623
    1632
    1691
    1571
    1661
    1606
    1687
    1663
    1629
    1578
    1584
    1601
    1622
    1552
    1574
    1621
    1643
    1634
    1605
    1685
    1643
    1597
    1687
    1664
    1559
    1590
    1588
    1599
    1605
    1630
    1568
    1551
    1529
    1578
    1559
    1600
    1640
    1517
    1535
    1568
    1544
    1623
    1603
    1560
    1573
    1597
    1496
    1628
    1625
    1647
    1507
    1504
    1564
    1635
    1546
    1522
    1616
    1565
    1653
    1543
    1585
    1577
    1633
    1666
    1620
    1605
    1682
    1610
    1620
    1658
    1634
    1607
    1590
    1711
    1633
    1675
    1669
    1654
    1614
    1680
    1618
    1637
    1662
    1565
    1673
    1631
    1679
    1617
    1640
    1678
    1638
    1628
    1655
    1639
    1655
    1686
    1654
    1664
    1644
    1592
    1626
    1617
    1630
    1716
    1622
    1577
    1649
    1637
    1693
    1605
    1679
    1696
    1658
    1648
    1620
    1650
    1653
    1639
    1617
    1665
    1608
    1594
    1561
    1560
    1632
    1620
    1658
    1585
    1597
    1569
    1662
    1567
    1529
    1543
    1542
    1609
    1545
    1591
    1527
    1581
    1575
    1534
    1493
    1573
    1542
    1497
    1545
    1562
    1634
    1609
    1564
    1595
    1558
    1540
    1606
    1621
    1563
    1624
    1654
    1574
    1636
    1730
    1676
    1667
    1714
    1711
    1724
    1711
    1744
    1723
    1751
    1788
    1760
    1823
    1808
    1651
    1822
    1853
    1735
    1741
    1694
    1793
    1744
    1762
    1822
    1659
    1728
    1813
    1810
    1748
    1715
    1689
    1794
    1679
    1560
    1693
    1661
    1655
    1672
    1605
    1589
    1623
    1670
    1547
    1598
    1580
    1634
    1590
    1462
    1517
    1496
    1539
    1542
    1497
    1444
    1514
    1461
    1497
    1500
    1418
    1400
    1479
    1519
    1474
    1403
    1400
    1376
    1449
    1446
    1415
    1433
    1416
    1429
    1514
    1468
    1436
    1464
    1402
    1393
    1488
    1403
    1404
    1491
    1412
    1464
    1426
    1439
    1433
    1432
    1425
    1456
    1449
    1383
    1390
    1455
    1402
    1425
    1435
    1394
    1373
    1431
    1465
    1410
    1430
    1467
    1461
    1472
    1453
    1452
    1476
    1474
    1479
    1568
    1423
    1443
    1426
    1476
    1432
    1423
    1361
    1436
    1414
    1385
    1403
    1412
    1479
    1502
    1475
    1443
    1477
    1491
    1353
    1467
    1415
    1432
    1477
    1440
    1472
    1397
    1473
    1461
    1502
    1509
    1452
    1413
    1432
    1497
    1516
    1474
    1425
    1482
    1472
    1590
    1449
    1504
    1462
    1417
    1476
    1462
    1510
    1518
    1449
    1430
    1496
    1499
    1523
    1483
    1487
    1478
    1521
    1479
    1521
    1506
    1479
    1490
    1505
    1492
    1447
    1481
    1450
    1427
    1461
    1425
    1455
    1441
    1440
    1447
    1514
    1404
    1459
    1449
    1450
    1422
    1385
    1431
    1424
    1499
    1461
    1477
    1485
    1476
    1445
    1469
    1438
    1469
    1402
    1423
    1503
    1483
    1477
    1393
    1455
    1483
    1426
    1388
    1406
    1371
    1456
    1486
    1529
    1434
    1424
    1408
    1490
    1438
    1395
    1465
    1421
    1460
    1476
    1449
    1400
    1398
    1417
    1441
    1456
    1479
    1454
    1527
    1481
    1488
    1458
    1424
    1469
    1419
    1443
    1402
    1485
    1471
    1429
    1507
    1488
    1529
    1506
    1436
    1530
    1450
    1505
    1449
    1466
    1471
    1528
    1495
    1453
    1589
    1547
    1479
    1556
    1484
    1537
    1531
    1563
    1513
    1424
    1543
    1522
    1537
    1504
    1524
    1506
    1531
    1564
    1555
    1544
    1479
    1454
    1557
    1494
    1544
    1481
    1516
    1527
    1537
    1551
    1549
    1471
    1519
    1519
    1523
    1515
    1526
    1521
    1579
    1564
    1569
    1531
    1551
    1631
    1563
    1590
    1553
    1521
    1592
    1591
    1542
    1566
    1550
    1624
    1575
    1606
    1562
    1650
    1645
    1584
    1576
    1550
    1503
    1595
    1543
    1599
    1622
    1596
    1620
    1629
    1468
    1639
    1570
    1633
    1634
    1565
    1546
    1519
    1628
    1669
    1607
    1672
    1578
    1588
    1584
    1622
    1651
    1596
    1633
    1590
    1586
    1611
    1665
    1617
    1600
    1630
    1635
    1623
    1669
    1675
    1634
    1640
    1661
    1743
    1686
    1650
    1676
    1615
    1692
    1719
    1753
    1721
    1694
    1686
    1717
    1702
    1723
    1789
    1765
    1769
    1756
    1794
    1663
    1704
    1768
    1767
    1734
    1697
    1767
    1784
    1761
    1826
    1906
    1795
    1713
    1688
    1810
    1793
    1836
    1843
    1785
    1776
    1869
    1745
    1888
    1851
    1869
    1791
    1845
    1886
    1910
    1985
    1938
    1907
    1936
    1903
    1908
    1882
    1911
    1887
    1880
    1913
    2002
    1910
    1963
    1963
    1978
    2026
    1960
    2025
    2056
    1932
    2008
    2074
    2070
    2053
    2100
    2041
    2005
    2155
    2150
    2106
    2118
    2112
    2158
    2167
    2093
    2123
    2135
    2234
    2175
    2207
    2108
    2120
    2309
    2239
    2197
    2256
    2324
    2330
    2309
    2278
    2280
    2338
    2407
    2313
    2439
    2533
    2446
    2475
    2478
    2519
    2435
    2419
    2556
    2496
    2511
    2578
    2607
    2548
    2572
    2592
    2720
    2612
    2614
    2664
    2656
    2639
    2675
    2773
    2729
    2832
    2865
    2788
    2850
    2923
    2983
    2946
    2875
    2888
    2997
    2997
    2920
    2952
    3074
    3061
    3079
    3108
    3147
    3073
    3193
    3110
    3197
    3232
    3167
    3269
    3294
    3181
    3305
    3228
    3311
    3299
    3395
    3348
    3445
    3421
    3569
    3525
    3464
    3464
    3561
    3703
    3552
    3774
    3676
    3703
    3775
    3668
    3722
    3753
    3952
    3824
    3708
    3873
    3717
    3831
    3864
    3875
    3988
    3933
    4085
    4025
    3966
    4101
    4122
    4124
    4063
    4075
    4067
    4145
    4219
    4249
    4219
    4223
    4248
    4318
    4302
    4232
    4356
    4237
    4309
    4290
    4278
    4321
    4315
    4407
    4355
    4327
    4346
    4389
    4299
    4323
    4403
    4386
    4302
    4163
    4370
    4318
    4273
    4300
    4379
    4276
    4371
    4390
    4329
    4293
    4408
    4358
    4306
    4312
    4303
    4405
    4299
    4420
    4293
    4334
    4333
    4251
    4333
    4199
    4355
    4166
    4236
    4391
    4273
    4245
    4318
    4302
    4291
    4299
    4284
    4344
    4222
    4445
    4240
    4377
    4260
    4322
    4404
    4394
    4267
    4305
    4234
    4253
    4392
    4349
    4274
    4329
    4289
    4379
    4375
    4360
    4404
    4506
    4501
    4467
    4380
    4516
    4466
    4573
    4628
    4629
    4558
    4554
    4623
    4711
    4683
    4717
    4695
    4718
    4830
    4785
    4821
    4754
    4820
    4755
    4820
    4976
    4876
    4897
    4893
    4982
    4939
    5095
    4999
    5071
    5148
    5130
    5035
    5197
    5154
    5270
    5334
    5493
    5469
    5369
    5368
    5556
    5584
    5423
    5666
    5478
    5649
    5722
    5797
    5770
    5727
    5855
    5812
    5900
    5926
    5987
    6222
    6248
    6069
    6074
    6035
    6368
    6285
    6328
    6348
    6451
    6492
    6431
    6575
    6476
    6564
    6764
    6887
    6874
    6725
    6931
    6976
    7074
    7192
    7132
    7220
    7279
    7327
    7436
    7321
    7543
    7644
    7551
    7891
    7793
    7805
    7983
    7984
    8071
    8072
    8218
    8206
    8093
    8353
    8599
    8403
    8698
    8642
    8891
    9053
    8915
    8805
    9004
    9193
    9293
    9282
    9440
    9531
    9303
    9642
    9870
    9924
    9742
    9984
   10270
   10284
   10350
   10404
   10461
   10578
   10536
   10674
   10775
   11034
   10928
   11199
   11270
   11276
   11395
   11578
   11826
   11836
   11909
   12115
   12036
   12417
   12479
   12371
   12552
   12578
   12805
   12965
   13263
   13250
   13230
   13602
   13734
   13880
   13947
   14051
   13942
   14270
   14440
   14674
   14764
   14890
   15187
   15144
   15153
   15563
   15659
   15697
   15917
   16264
   16032
   16514
   16468
   16739
   16999
   16964
   17205
   17444
   17419
   18070
   17935
   18348
   18301
   18468
   18841
   18953
   19209
   19230
   19499
   19839
   19958
   20158
   20396
   20821
   20964
   21197
   21415
   21553
   21795
   22051
   22303
   22497
   22821
   23146
   23252
   23530
   23973
   24315
   24238
   24856
   24978
   25621
   25901
   25881
   26384
   26539
   27172
   27245
   27573
   28174
   28229
   29180
   29036
   29402
   29777
   30408
   30737
   30960
   31431
   31915
   32384
   32650
   33148
   33506
   33901
   34675
   35080
   35464
   36161
   36582
   37248
   37879
   38029
   38822
   39405
   40119
   40688
   41296
   41744
   42969
   43038
   44089
   44411
   45269
   45829
   46275
   47335
   48480
   49082
       0
       0
       0
       0
       0
       0
       0
       0
       0
       0
       0
       0
       0
       0
       0
       0
       0
       0
       0
       0
       0
       0
       0
       0
       0
       0
       0
       0
       0
       0
       0
       0
$ROI:
0
$PRESETS:
None
0
0
$ENER_FIT:
-0.169488 0.023446
$MCA_CAL:
3
-1.694878E-001 2.344633E-002 0.000000E+000 keV
$SHAPE_CAL:
3
0.000000E+000 0.000000E+000 0.000000E+000
