$SPEC_ID:
No sample description was entered.
$SPEC_REM:
DET# 4
DETDESC# JLAB-20 MCB 131
AP# Maestro Version 7.01
$DATE_MEA:
10/01/2025 05:46:44
$MEAS_TIM:
147501 151080
$DATA:
0 2047
       0
       0
       0
       0
       0
       0
       0
       0
       0
       0
       0
       0
       0
       0
       0
       0
       0
       0
       0
       0
       0
       0
       0
       0
       0
       0
       0
       0
       0
       0
       0
       0
       0
       0
       0
       0
       0
       0
       0
       0
       0
       0
       0
       0
       0
       0
       0
       0
       0
       0
       0
       1
       2
       0
       1
       1
       0
       1
       0
       0
       0
       0
       0
       1
       0
       1
       1
       1
       1
     571
   16654
   16745
   15879
   15370
   15028
   14465
   14135
   14169
   13898
   13802
   13568
   13475
   13240
   13191
   13020
   12990
   12775
   12466
   12499
   12671
   12362
   11926
   12158
   11967
   11843
   11690
   11702
   11796
   11523
   11585
   11432
   11346
   11185
   11335
   11028
   10832
   10830
   10791
   10782
   10612
   10462
   10514
   10644
   10434
   10282
   10370
   10158
   10176
   10072
    9880
    9958
    9774
    9824
    9765
    9649
    9633
    9859
    9606
    9540
    9326
    9604
    9411
    9097
    9286
    9119
    9203
    9195
    9282
    8987
    9003
    9054
    8899
    8779
    8770
    8764
    8707
    8824
    8914
    8648
    8879
    8632
    8712
    8504
    8612
    8471
    8386
    8341
    8446
    8485
    8318
    8327
    8159
    8253
    8233
    8221
    8157
    8171
    8195
    8082
    8074
    7908
    8018
    8036
    7900
    8044
    8009
    7928
    7874
    7927
    7845
    7750
    7789
    7879
    7779
    7716
    7820
    7702
    7694
    7782
    7682
    7700
    7687
    7576
    7757
    7771
    7577
    7666
    7493
    7627
    7612
    7595
    7563
    7543
    7586
    7397
    7302
    7449
    7446
    7315
    7399
    7436
    7535
    7487
    7376
    7530
    7312
    7398
    7502
    7313
    7399
    7529
    7420
    7432
    7510
    7359
    7270
    7284
    7323
    7436
    7406
    7376
    7316
    7275
    7433
    7388
    7229
    7250
    7324
    7165
    7256
    7229
    7180
    7359
    7151
    7332
    7253
    7238
    7261
    7370
    7275
    7361
    7268
    7346
    7285
    7354
    7373
    7360
    7460
    7402
    7376
    7353
    7189
    7462
    7403
    7464
    7434
    7383
    7544
    7588
    7512
    7437
    7430
    7563
    7517
    7475
    7400
    7597
    7584
    7485
    7577
    7526
    7551
    7678
    7701
    7604
    7538
    7685
    7592
    7648
    7636
    7639
    7567
    7649
    7730
    7668
    7769
    7801
    7838
    7867
    8066
    8112
    8317
    8314
    8597
    8790
    9073
    9484
   10165
   10722
   11605
   12516
   13390
   14952
   16324
   18211
   20334
   22832
   25456
   28412
   31745
   35512
   39476
   43312
   47791
   53013
   57578
   62445
   67053
   71461
   76767
   81435
   85799
   90365
   94367
   98449
  101562
  104010
  107460
  108949
  111414
  112937
  114219
  115980
  116697
  116266
  116612
  116563
  116307
  116023
  115068
  114044
  113363
  111854
  111018
  109304
  107988
  106020
  104364
  102007
  100354
   98143
   95818
   93376
   91632
   88409
   85558
   83135
   80738
   77634
   74960
   71965
   69485
   66760
   63954
   61272
   58316
   55911
   53367
   50878
   48676
   46232
   44456
   42032
   40593
   38835
   37542
   36101
   34859
   33466
   32901
   31783
   30397
   29747
   28600
   27856
   26736
   26047
   25053
   23842
   23137
   22260
   21347
   20574
   19414
   18493
   17500
   16881
   15732
   15028
   13973
   13080
   12431
   11402
   10966
   10116
    9458
    8934
    8439
    7987
    7285
    7027
    6499
    6269
    6138
    6001
    5788
    5427
    5273
    5229
    5131
    5091
    5031
    5122
    5160
    5009
    4997
    4886
    4995
    4961
    4924
    4848
    5035
    4934
    5022
    4907
    4952
    4996
    5043
    4715
    4966
    4892
    4993
    4894
    4755
    4841
    4728
    4806
    4778
    4764
    4798
    4654
    4811
    4810
    4664
    4676
    4756
    4677
    4545
    4581
    4484
    4603
    4647
    4585
    4581
    4529
    4533
    4482
    4480
    4522
    4426
    4490
    4351
    4547
    4505
    4404
    4350
    4376
    4444
    4264
    4382
    4394
    4205
    4279
    4332
    4166
    4217
    4259
    4265
    4250
    4213
    4334
    4309
    4270
    4201
    4268
    4400
    4212
    4175
    4199
    4188
    4222
    4163
    4231
    4301
    4228
    4177
    4316
    4191
    4128
    4115
    4293
    4318
    4279
    4209
    4250
    4207
    4224
    4146
    4203
    4326
    4298
    4206
    4343
    4306
    4195
    4322
    4247
    4217
    4217
    4211
    4237
    4233
    4222
    4108
    4317
    4292
    4156
    4270
    4206
    4157
    4240
    4192
    4137
    4176
    4094
    4018
    4023
    4119
    4095
    4038
    3885
    3984
    3965
    4009
    3938
    4010
    3922
    3820
    3926
    3871
    3903
    3820
    3852
    3876
    3812
    3837
    3924
    3807
    3885
    3961
    3826
    3754
    3781
    3801
    3752
    3731
    3825
    3720
    3696
    3635
    3703
    3667
    3584
    3722
    3694
    3622
    3668
    3599
    3708
    3720
    3692
    3746
    3667
    3658
    3664
    3732
    3614
    3634
    3538
    3590
    3639
    3621
    3619
    3629
    3656
    3626
    3603
    3707
    3735
    3718
    3651
    3730
    3524
    3692
    3625
    3628
    3661
    3640
    3668
    3568
    3569
    3568
    3579
    3738
    3711
    3623
    3654
    3748
    3571
    3650
    3684
    3611
    3545
    3508
    3588
    3607
    3621
    3601
    3647
    3502
    3612
    3550
    3586
    3482
    3535
    3560
    3577
    3474
    3538
    3533
    3517
    3520
    3532
    3513
    3512
    3492
    3480
    3444
    3471
    3508
    3526
    3443
    3548
    3510
    3500
    3468
    3465
    3454
    3465
    3594
    3420
    3403
    3478
    3433
    3513
    3344
    3517
    3368
    3450
    3551
    3381
    3418
    3458
    3484
    3498
    3542
    3409
    3514
    3373
    3489
    3392
    3478
    3486
    3335
    3395
    3345
    3499
    3356
    3420
    3505
    3509
    3442
    3329
    3429
    3370
    3384
    3437
    3439
    3449
    3413
    3424
    3416
    3380
    3424
    3390
    3429
    3316
    3360
    3380
    3239
    3359
    3340
    3244
    3287
    3366
    3300
    3336
    3275
    3305
    3273
    3239
    3326
    3363
    3350
    3450
    3333
    3366
    3363
    3278
    3321
    3279
    3355
    3297
    3374
    3315
    3291
    3299
    3220
    3210
    3248
    3288
    3254
    3338
    3374
    3246
    3231
    3239
    3202
    3236
    3204
    3174
    3227
    3191
    3192
    3197
    3186
    3210
    3224
    3253
    3221
    3189
    3190
    3130
    3200
    3107
    3147
    3152
    3081
    3186
    3148
    3221
    3036
    3231
    3111
    3274
    3144
    3262
    3116
    3214
    3138
    3079
    3076
    3146
    3064
    3132
    3146
    3219
    3148
    3099
    3054
    3122
    3057
    3183
    3163
    3157
    3236
    3110
    3173
    3048
    3147
    3179
    3018
    3105
    3081
    3100
    3068
    3093
    3047
    2978
    3062
    3116
    3060
    3080
    3149
    3065
    3065
    3130
    3066
    3033
    3051
    2993
    3064
    3097
    3113
    3209
    3094
    3113
    3074
    3106
    3052
    3029
    3085
    3024
    3044
    3087
    2969
    3067
    3050
    3107
    2979
    3104
    2997
    3039
    3123
    2914
    3033
    3055
    3029
    3076
    3076
    3032
    2994
    2945
    3068
    3030
    3082
    3075
    3052
    3047
    3033
    3044
    3125
    2987
    3002
    2932
    3006
    3050
    3024
    2957
    2952
    2987
    2968
    3066
    3028
    3047
    2946
    2950
    2969
    2982
    2982
    2972
    2951
    2966
    2992
    2975
    2953
    2912
    3012
    2902
    3017
    2900
    2956
    2992
    3047
    2957
    2990
    3029
    2863
    2958
    2954
    2953
    3085
    2976
    2945
    2967
    2994
    3001
    3040
    3070
    3092
    3107
    3144
    2993
    3029
    3152
    3091
    3043
    3082
    3095
    3004
    3018
    3079
    3051
    3018
    3022
    2999
    3038
    2989
    2995
    3063
    3120
    2937
    3132
    2961
    3041
    3021
    3057
    2938
    2989
    2941
    2917
    2914
    2912
    3008
    2998
    3024
    2980
    3074
    3002
    2980
    3068
    3036
    2884
    2920
    2875
    2872
    2906
    2953
    2905
    2941
    2856
    2910
    2932
    2979
    2995
    2899
    2876
    2898
    2852
    2991
    2921
    2882
    2929
    2854
    2897
    2895
    2972
    2977
    2803
    2876
    2855
    2977
    2932
    2852
    2932
    2960
    2997
    2893
    3023
    2961
    3002
    3038
    3025
    2957
    3127
    3027
    2950
    3070
    3007
    3053
    3011
    3132
    3002
    3015
    3063
    3081
    3042
    3133
    2937
    2993
    3081
    3015
    3091
    3093
    3112
    3048
    3056
    3107
    3030
    3053
    3124
    3008
    3059
    3178
    3107
    3054
    3062
    2982
    3014
    2982
    2975
    3107
    2978
    2941
    2953
    3096
    2995
    2989
    3066
    3095
    2969
    2999
    2996
    3016
    3032
    2964
    3057
    3028
    3024
    2925
    2935
    2943
    3064
    2964
    3009
    2950
    3015
    2895
    2956
    2835
    2936
    2954
    2884
    2940
    2872
    2940
    2835
    2911
    2899
    2890
    2771
    2918
    2905
    2759
    2809
    2852
    3010
    2930
    2890
    2892
    2933
    2903
    3055
    2960
    2963
    3038
    3042
    2998
    3048
    3043
    3058
    3119
    3176
    3198
    3137
    3229
    3243
    3248
    3251
    3239
    3228
    3377
    3340
    3191
    3276
    3358
    3224
    3301
    3225
    3360
    3333
    3257
    3302
    3226
    3160
    3293
    3235
    3202
    3183
    3144
    3256
    3132
    3040
    3150
    3046
    3054
    3148
    3075
    2993
    2980
    3093
    2944
    2857
    2970
    2989
    2855
    2800
    2752
    2747
    2812
    2827
    2742
    2694
    2842
    2764
    2769
    2763
    2650
    2617
    2687
    2760
    2683
    2591
    2659
    2590
    2644
    2716
    2568
    2650
    2661
    2639
    2685
    2614
    2643
    2643
    2629
    2593
    2682
    2620
    2658
    2694
    2630
    2712
    2667
    2661
    2667
    2662
    2643
    2606
    2658
    2594
    2623
    2660
    2652
    2671
    2671
    2588
    2552
    2661
    2736
    2681
    2605
    2700
    2736
    2732
    2679
    2685
    2670
    2654
    2688
    2837
    2653
    2680
    2637
    2743
    2748
    2630
    2582
    2641
    2662
    2701
    2641
    2650
    2683
    2736
    2713
    2653
    2745
    2776
    2548
    2655
    2629
    2719
    2648
    2703
    2749
    2684
    2766
    2703
    2681
    2789
    2687
    2651
    2685
    2727
    2732
    2681
    2670
    2738
    2728
    2888
    2737
    2720
    2741
    2629
    2669
    2736
    2805
    2848
    2718
    2714
    2695
    2783
    2849
    2725
    2828
    2824
    2832
    2771
    2766
    2800
    2806
    2776
    2712
    2725
    2706
    2803
    2759
    2698
    2740
    2644
    2697
    2682
    2750
    2699
    2764
    2684
    2709
    2719
    2703
    2762
    2623
    2628
    2643
    2768
    2687
    2723
    2740
    2732
    2715
    2648
    2701
    2734
    2587
    2642
    2760
    2712
    2670
    2634
    2675
    2716
    2665
    2601
    2560
    2641
    2657
    2683
    2751
    2671
    2614
    2636
    2710
    2647
    2583
    2712
    2593
    2663
    2699
    2679
    2641
    2671
    2595
    2711
    2645
    2666
    2698
    2785
    2731
    2707
    2697
    2711
    2739
    2669
    2771
    2652
    2683
    2760
    2675
    2781
    2782
    2751
    2806
    2688
    2767
    2675
    2755
    2708
    2713
    2710
    2758
    2804
    2769
    2871
    2805
    2790
    2818
    2714
    2773
    2826
    2838
    2788
    2701
    2814
    2772
    2822
    2788
    2781
    2800
    2747
    2853
    2858
    2832
    2764
    2687
    2877
    2781
    2831
    2743
    2838
    2818
    2859
    2881
    2855
    2769
    2829
    2841
    2848
    2913
    2837
    2789
    2881
    2860
    2895
    2900
    2903
    2923
    2889
    2906
    2854
    2849
    2929
    2872
    2843
    2915
    2929
    2943
    2970
    2935
    2907
    3027
    2998
    2994
    2940
    2807
    2905
    2955
    2927
    2956
    2916
    2888
    2997
    2929
    2786
    2960
    2947
    2911
    3041
    2888
    2893
    2985
    2971
    3018
    2951
    3041
    2922
    2954
    3004
    2988
    3046
    2957
    3057
    2991
    2949
    2958
    3066
    2998
    2973
    2997
    3074
    3048
    3061
    3072
    2996
    3118
    3021
    3184
    3097
    3129
    3045
    3034
    3110
    3172
    3257
    3197
    3171
    3194
    3157
    3222
    3152
    3223
    3181
    3154
    3206
    3322
    3122
    3207
    3324
    3268
    3202
    3150
    3245
    3316
    3259
    3299
    3431
    3278
    3287
    3240
    3328
    3233
    3437
    3390
    3291
    3334
    3481
    3330
    3418
    3374
    3481
    3378
    3391
    3515
    3501
    3615
    3510
    3529
    3580
    3609
    3636
    3566
    3624
    3532
    3548
    3569
    3728
    3576
    3651
    3600
    3597
    3685
    3720
    3740
    3784
    3659
    3764
    3792
    3761
    3814
    3925
    3862
    3799
    3976
    3957
    3955
    3939
    3869
    4014
    3991
    3931
    3961
    3992
    4138
    3969
    4052
    4088
    4020
    4357
    4100
    4157
    4186
    4285
    4260
    4377
    4235
    4258
    4398
    4422
    4321
    4480
    4558
    4532
    4523
    4590
    4696
    4500
    4515
    4683
    4728
    4650
    4808
    4810
    4761
    4725
    4770
    5009
    4821
    4845
    4967
    4968
    5057
    4932
    5128
    5090
    5142
    5219
    5260
    5220
    5405
    5434
    5454
    5384
    5378
    5579
    5535
    5525
    5529
    5718
    5688
    5743
    5665
    5723
    5692
    5777
    5804
    5953
    5960
    5973
    6034
    6179
    6021
    6060
    6007
    6234
    6203
    6302
    6275
    6483
    6450
    6453
    6483
    6455
    6452
    6631
    6728
    6642
    6872
    6864
    6837
    6812
    6830
    6932
    6992
    7244
    7018
    6972
    7165
    7081
    7080
    7176
    7266
    7373
    7208
    7499
    7500
    7466
    7523
    7584
    7598
    7519
    7660
    7517
    7568
    7729
    7823
    7784
    7760
    7798
    7823
    7934
    7855
    8013
    7812
    7965
    7960
    7939
    8053
    7906
    8060
    7973
    8027
    7981
    8000
    8072
    8018
    8038
    8183
    7982
    7815
    8111
    8044
    7986
    8027
    8091
    7894
    7963
    8008
    8012
    7979
    8204
    8207
    7953
    7996
    8068
    7985
    7985
    8090
    7897
    8021
    8088
    7869
    8065
    7754
    8053
    7776
    7968
    8102
    8050
    8051
    7944
    8092
    7979
    7945
    8002
    7954
    7961
    8070
    7865
    8068
    7823
    8062
    8159
    8154
    7838
    8058
    7869
    8039
    7967
    8101
    8097
    8133
    8180
    8117
    8241
    8235
    8235
    8332
    8296
    8267
    8148
    8416
    8354
    8540
    8506
    8459
    8391
    8574
    8609
    8628
    8558
    8719
    8675
    8719
    8891
    8854
    8946
    8950
    8879
    8900
    8999
    9056
    9117
    9196
    9165
    9104
    9278
    9513
    9576
    9463
    9412
    9689
    9483
    9618
    9688
    9709
    9926
   10041
    9975
    9936
   10086
   10192
   10257
   10183
   10421
   10233
   10462
   10716
   10720
   10717
   10725
   10780
   10834
   10956
   11093
   11167
   11470
   11410
   11290
   11404
   11227
   11838
   11653
   11807
   11902
   11876
   11966
   12074
   12228
   12047
   12168
   12416
   12643
   12705
   12568
   12783
   12867
   13032
   13338
   13322
   13403
   13606
   13560
   13679
   13676
   13967
   14132
   14056
   14504
   14680
   14505
   14642
   14822
   14952
   15151
   15297
   15240
   15250
   15552
   15970
   15632
   16249
   16097
   16332
   16745
   16419
   16635
   16607
   16941
   17323
   17309
   17477
   17791
   17397
   17855
   18203
   18343
   18238
   18594
   18940
   19063
   19291
   19525
   19363
   19635
   19626
   19817
   19921
   20496
   20271
   20997
   20833
   21149
   21231
   21618
   21757
   22001
   22155
   22436
   22311
   23170
   23233
   22964
   23312
   23420
   23786
   23916
   24492
   24517
   24707
   25101
   25520
   25670
   25839
   25934
   25939
   26614
   26934
   27150
   27368
   27650
   28084
   28061
   28366
   28749
   29021
   29262
   29793
   29914
   29923
   30596
   30555
   30975
   31260
   31430
   31833
   32350
   32103
   33265
   33393
   33823
   34007
   34310
   34875
   34934
   35634
   35964
   36177
   36615
   36986
   37254
   37978
   38687
   39114
   39293
   39637
   39879
   40605
   41196
   41390
   41772
   42398
   42965
   43125
   43985
   44389
   45102
   45353
   45981
   46582
   47713
   47936
   48203
   48791
   49373
   50175
   50399
   51631
   52205
   52279
   53722
   53926
   54427
   55382
   56041
   57262
   57605
   58516
   58990
   59840
   60534
   61410
   62362
   62795
   64078
   65079
   65895
   67311
   67751
   69078
   69916
   70855
   71867
   72998
   74510
   75243
   76743
   77602
   79614
   79835
   81888
   82479
   84177
   85359
   85934
   88068
   89984
   91067
       0
       0
       0
       0
       0
       0
       0
       0
       0
       0
       0
       0
       0
       0
       0
       0
       0
       0
       0
       0
       0
       0
       0
       0
       0
       0
       0
       0
       0
       0
       0
       0
$ROI:
0
$PRESETS:
None
0
0
$ENER_FIT:
-0.169488 0.023446
$MCA_CAL:
3
-1.694878E-001 2.344633E-002 0.000000E+000 keV
$SHAPE_CAL:
3
0.000000E+000 0.000000E+000 0.000000E+000
