$SPEC_ID:
No sample description was entered.
$SPEC_REM:
DET# 4
DETDESC# JLAB-20 MCB 131
AP# Maestro Version 7.01
$DATE_MEA:
09/30/2025 08:26:44
$MEAS_TIM:
72515 74278
$DATA:
0 2047
       0
       0
       0
       0
       0
       0
       0
       0
       0
       0
       0
       0
       0
       0
       0
       0
       0
       0
       0
       0
       0
       0
       0
       0
       0
       0
       0
       0
       0
       0
       0
       0
       0
       0
       0
       0
       0
       0
       0
       0
       0
       0
       0
       0
       0
       0
       0
       0
       0
       0
       0
       0
       1
       0
       1
       0
       0
       0
       0
       0
       0
       0
       0
       1
       0
       1
       0
       0
       0
     261
    8116
    8258
    7811
    7458
    7500
    7146
    7007
    7007
    6862
    6717
    6590
    6818
    6525
    6537
    6443
    6449
    6368
    6163
    6099
    6283
    6065
    5777
    5961
    5838
    5800
    5705
    5791
    5865
    5731
    5716
    5611
    5563
    5512
    5624
    5438
    5332
    5432
    5301
    5390
    5233
    5190
    5137
    5174
    5125
    4998
    5071
    5011
    4946
    4844
    4803
    4882
    4873
    4751
    4831
    4818
    4771
    4875
    4712
    4648
    4619
    4724
    4615
    4452
    4534
    4414
    4523
    4511
    4548
    4467
    4390
    4432
    4451
    4359
    4356
    4354
    4322
    4349
    4388
    4330
    4389
    4145
    4341
    4075
    4245
    4138
    4144
    4142
    4155
    4197
    4044
    4116
    4033
    4051
    4016
    4078
    4027
    4057
    4072
    4012
    4030
    3935
    3919
    3940
    3864
    3998
    3947
    3976
    3816
    3938
    3918
    3824
    3837
    3946
    3810
    3783
    3870
    3784
    3792
    3804
    3782
    3739
    3747
    3663
    3798
    3879
    3715
    3824
    3688
    3742
    3825
    3716
    3754
    3745
    3774
    3620
    3654
    3646
    3623
    3702
    3618
    3640
    3722
    3593
    3506
    3728
    3656
    3626
    3611
    3600
    3707
    3688
    3628
    3599
    3701
    3662
    3683
    3560
    3618
    3669
    3571
    3592
    3601
    3530
    3646
    3671
    3584
    3516
    3645
    3509
    3589
    3568
    3611
    3579
    3467
    3621
    3609
    3547
    3545
    3615
    3553
    3609
    3550
    3606
    3630
    3601
    3559
    3580
    3653
    3693
    3643
    3573
    3540
    3725
    3700
    3647
    3630
    3607
    3701
    3758
    3714
    3597
    3639
    3656
    3737
    3768
    3674
    3699
    3716
    3721
    3724
    3720
    3693
    3771
    3798
    3726
    3655
    3786
    3712
    3723
    3767
    3781
    3665
    3793
    3800
    3767
    3847
    3815
    3841
    3867
    3966
    3901
    4045
    4150
    4218
    4474
    4458
    4600
    4931
    5243
    5715
    6065
    6634
    7429
    7984
    8838
    9907
   11187
   12432
   13867
   15474
   17176
   19252
   21158
   23423
   25975
   28159
   30607
   32845
   35025
   37794
   40209
   42544
   44493
   46277
   48192
   50313
   51138
   52971
   53696
   54887
   55556
   56196
   57044
   57336
   57125
   57425
   57496
   57392
   57242
   56795
   56022
   55663
   55147
   54374
   53747
   53138
   51977
   51187
   50172
   49292
   48392
   46990
   45838
   44937
   43535
   42147
   40793
   39747
   38195
   36731
   35052
   33791
   32885
   31417
   30208
   29127
   27593
   26384
   24939
   23954
   22871
   21943
   20736
   19931
   19099
   18441
   18013
   17093
   16504
   16132
   15605
   14994
   14710
   14048
   13858
   13024
   12828
   12323
   11723
   11357
   10941
   10396
   10290
    9542
    9002
    8499
    8175
    7738
    7383
    6844
    6406
    6161
    5554
    5484
    4963
    4676
    4373
    4121
    3916
    3575
    3411
    3200
    3112
    3013
    2914
    2826
    2649
    2594
    2547
    2511
    2521
    2494
    2434
    2531
    2407
    2408
    2346
    2484
    2494
    2439
    2396
    2475
    2462
    2533
    2399
    2450
    2462
    2492
    2309
    2427
    2393
    2413
    2411
    2343
    2415
    2339
    2386
    2346
    2411
    2417
    2296
    2347
    2315
    2300
    2235
    2299
    2323
    2254
    2229
    2288
    2246
    2261
    2304
    2253
    2227
    2202
    2170
    2186
    2240
    2174
    2182
    2132
    2233
    2155
    2166
    2164
    2180
    2252
    2081
    2178
    2152
    2099
    2110
    2147
    1995
    2091
    2050
    2151
    2103
    2032
    2078
    2081
    2131
    2096
    2109
    2177
    2068
    2010
    2119
    2018
    2046
    2006
    2128
    2080
    2133
    2079
    2076
    2095
    1983
    2017
    2109
    2140
    2060
    2028
    2118
    2097
    2094
    2019
    2084
    2131
    2112
    2062
    2152
    2190
    2065
    2160
    2113
    2095
    2074
    2083
    2135
    2117
    2068
    2032
    2150
    2111
    2066
    2121
    2076
    2059
    2040
    2059
    2061
    2012
    2063
    1981
    1976
    2052
    2026
    2025
    1928
    1970
    1995
    1955
    1883
    1918
    1912
    1920
    1921
    1954
    1945
    1876
    1944
    1888
    1893
    1873
    1968
    1915
    1874
    1920
    1933
    1859
    1863
    1901
    1850
    1858
    1878
    1844
    1809
    1767
    1861
    1790
    1802
    1800
    1858
    1782
    1846
    1769
    1785
    1767
    1825
    1846
    1799
    1799
    1841
    1822
    1787
    1825
    1711
    1754
    1763
    1800
    1776
    1771
    1808
    1770
    1727
    1855
    1837
    1855
    1777
    1774
    1748
    1813
    1815
    1766
    1813
    1768
    1797
    1727
    1797
    1749
    1779
    1841
    1830
    1803
    1766
    1823
    1735
    1808
    1795
    1765
    1748
    1741
    1763
    1785
    1825
    1810
    1826
    1720
    1795
    1719
    1764
    1707
    1753
    1758
    1753
    1731
    1745
    1735
    1740
    1761
    1766
    1763
    1736
    1700
    1713
    1652
    1732
    1743
    1723
    1685
    1694
    1725
    1731
    1709
    1704
    1742
    1730
    1781
    1744
    1644
    1731
    1697
    1693
    1653
    1752
    1672
    1648
    1759
    1657
    1691
    1660
    1750
    1661
    1732
    1742
    1721
    1676
    1702
    1633
    1686
    1735
    1669
    1736
    1649
    1687
    1670
    1676
    1701
    1723
    1679
    1655
    1683
    1588
    1664
    1678
    1746
    1754
    1648
    1699
    1633
    1669
    1665
    1698
    1679
    1662
    1683
    1668
    1615
    1665
    1623
    1601
    1587
    1707
    1615
    1632
    1633
    1658
    1636
    1603
    1614
    1637
    1677
    1713
    1626
    1670
    1659
    1621
    1622
    1603
    1641
    1609
    1683
    1582
    1579
    1607
    1567
    1641
    1636
    1622
    1579
    1638
    1674
    1594
    1602
    1571
    1588
    1560
    1601
    1554
    1592
    1567
    1651
    1573
    1587
    1544
    1584
    1610
    1578
    1583
    1532
    1514
    1581
    1542
    1522
    1532
    1532
    1591
    1559
    1604
    1520
    1596
    1561
    1665
    1598
    1622
    1498
    1590
    1583
    1551
    1514
    1580
    1553
    1551
    1576
    1607
    1554
    1489
    1496
    1504
    1491
    1577
    1545
    1601
    1553
    1545
    1546
    1525
    1491
    1569
    1464
    1521
    1514
    1496
    1498
    1563
    1510
    1494
    1508
    1543
    1499
    1515
    1538
    1553
    1512
    1539
    1519
    1531
    1464
    1398
    1502
    1518
    1511
    1571
    1475
    1598
    1531
    1552
    1487
    1538
    1517
    1493
    1494
    1493
    1431
    1520
    1562
    1561
    1439
    1549
    1487
    1495
    1512
    1471
    1442
    1541
    1487
    1483
    1552
    1493
    1445
    1490
    1491
    1509
    1484
    1523
    1493
    1495
    1504
    1488
    1543
    1439
    1493
    1510
    1535
    1514
    1472
    1458
    1434
    1413
    1439
    1520
    1520
    1511
    1466
    1467
    1462
    1460
    1468
    1451
    1447
    1423
    1477
    1437
    1423
    1464
    1476
    1414
    1486
    1456
    1444
    1516
    1505
    1443
    1491
    1527
    1441
    1441
    1401
    1463
    1508
    1493
    1446
    1426
    1432
    1480
    1469
    1497
    1521
    1580
    1560
    1488
    1492
    1580
    1507
    1463
    1513
    1556
    1479
    1496
    1539
    1512
    1512
    1487
    1458
    1505
    1506
    1471
    1493
    1536
    1422
    1514
    1460
    1548
    1512
    1475
    1445
    1458
    1457
    1499
    1431
    1447
    1488
    1498
    1487
    1481
    1542
    1480
    1443
    1547
    1511
    1419
    1467
    1470
    1462
    1458
    1494
    1448
    1406
    1382
    1438
    1410
    1442
    1503
    1377
    1395
    1436
    1426
    1473
    1452
    1435
    1436
    1478
    1369
    1487
    1481
    1509
    1384
    1385
    1421
    1486
    1394
    1372
    1483
    1435
    1479
    1407
    1446
    1435
    1482
    1521
    1480
    1456
    1551
    1459
    1467
    1499
    1481
    1487
    1463
    1577
    1472
    1519
    1521
    1507
    1471
    1523
    1480
    1500
    1517
    1447
    1515
    1484
    1532
    1492
    1482
    1537
    1491
    1496
    1523
    1494
    1510
    1546
    1509
    1537
    1491
    1459
    1474
    1482
    1460
    1554
    1481
    1443
    1509
    1507
    1555
    1472
    1554
    1544
    1521
    1495
    1464
    1510
    1529
    1498
    1470
    1506
    1463
    1447
    1420
    1422
    1481
    1476
    1522
    1438
    1444
    1418
    1520
    1433
    1403
    1407
    1422
    1468
    1412
    1436
    1387
    1447
    1438
    1407
    1355
    1447
    1414
    1355
    1406
    1433
    1483
    1456
    1424
    1455
    1409
    1391
    1462
    1485
    1428
    1499
    1509
    1443
    1486
    1557
    1533
    1522
    1574
    1550
    1576
    1561
    1589
    1583
    1591
    1608
    1600
    1645
    1652
    1486
    1658
    1684
    1560
    1596
    1529
    1634
    1590
    1593
    1670
    1512
    1573
    1668
    1628
    1569
    1572
    1552
    1639
    1526
    1423
    1547
    1510
    1515
    1540
    1473
    1435
    1472
    1526
    1424
    1448
    1441
    1505
    1439
    1329
    1371
    1355
    1422
    1422
    1372
    1318
    1375
    1346
    1363
    1356
    1302
    1261
    1339
    1401
    1346
    1255
    1298
    1263
    1320
    1319
    1275
    1307
    1279
    1314
    1390
    1333
    1306
    1328
    1274
    1271
    1353
    1262
    1288
    1359
    1298
    1334
    1290
    1320
    1318
    1317
    1306
    1325
    1322
    1252
    1269
    1340
    1258
    1300
    1302
    1268
    1267
    1307
    1343
    1294
    1322
    1323
    1347
    1345
    1304
    1309
    1355
    1331
    1348
    1417
    1286
    1317
    1308
    1344
    1310
    1290
    1239
    1306
    1278
    1262
    1282
    1303
    1340
    1369
    1329
    1300
    1346
    1355
    1256
    1322
    1282
    1295
    1346
    1306
    1330
    1275
    1349
    1338
    1375
    1388
    1326
    1301
    1310
    1356
    1383
    1363
    1311
    1367
    1343
    1472
    1336
    1383
    1340
    1290
    1348
    1332
    1372
    1396
    1327
    1324
    1344
    1368
    1404
    1363
    1356
    1371
    1418
    1357
    1399
    1374
    1342
    1359
    1382
    1378
    1319
    1345
    1320
    1319
    1336
    1304
    1313
    1328
    1320
    1314
    1384
    1270
    1321
    1299
    1326
    1300
    1280
    1324
    1293
    1365
    1358
    1354
    1360
    1329
    1322
    1344
    1324
    1336
    1279
    1296
    1374
    1372
    1342
    1278
    1318
    1349
    1307
    1261
    1282
    1255
    1340
    1335
    1399
    1294
    1292
    1297
    1379
    1311
    1267
    1318
    1304
    1327
    1361
    1312
    1287
    1280
    1292
    1307
    1333
    1353
    1336
    1390
    1363
    1359
    1322
    1282
    1343
    1291
    1319
    1276
    1359
    1364
    1314
    1361
    1365
    1410
    1377
    1329
    1408
    1319
    1355
    1317
    1334
    1324
    1371
    1356
    1330
    1448
    1412
    1333
    1422
    1356
    1401
    1398
    1408
    1390
    1272
    1396
    1401
    1398
    1348
    1388
    1360
    1388
    1442
    1418
    1398
    1366
    1329
    1442
    1365
    1411
    1336
    1388
    1396
    1403
    1407
    1394
    1351
    1377
    1403
    1393
    1387
    1407
    1378
    1423
    1418
    1437
    1397
    1407
    1491
    1423
    1446
    1406
    1373
    1450
    1466
    1389
    1419
    1418
    1478
    1457
    1488
    1442
    1512
    1495
    1448
    1441
    1417
    1384
    1447
    1391
    1463
    1491
    1475
    1471
    1483
    1345
    1500
    1425
    1494
    1489
    1428
    1394
    1385
    1477
    1498
    1466
    1527
    1443
    1452
    1450
    1466
    1507
    1446
    1496
    1463
    1450
    1450
    1520
    1475
    1452
    1461
    1500
    1500
    1524
    1527
    1514
    1472
    1515
    1614
    1528
    1519
    1511
    1481
    1532
    1573
    1604
    1589
    1557
    1546
    1581
    1540
    1549
    1624
    1596
    1623
    1588
    1657
    1517
    1552
    1596
    1618
    1562
    1561
    1604
    1629
    1605
    1662
    1722
    1617
    1566
    1556
    1655
    1636
    1671
    1682
    1632
    1606
    1712
    1585
    1705
    1668
    1705
    1622
    1686
    1731
    1753
    1808
    1753
    1724
    1774
    1752
    1749
    1735
    1749
    1745
    1725
    1731
    1824
    1732
    1795
    1808
    1815
    1830
    1790
    1823
    1870
    1769
    1857
    1895
    1906
    1882
    1879
    1860
    1829
    1947
    1985
    1918
    1947
    1934
    1973
    1994
    1921
    1950
    1937
    2029
    1957
    1988
    1923
    1924
    2100
    2023
    2015
    2079
    2110
    2106
    2096
    2087
    2088
    2133
    2196
    2127
    2235
    2312
    2202
    2266
    2252
    2329
    2203
    2202
    2313
    2268
    2290
    2364
    2392
    2326
    2352
    2365
    2493
    2377
    2405
    2419
    2422
    2382
    2435
    2519
    2478
    2586
    2613
    2573
    2557
    2673
    2705
    2701
    2639
    2610
    2747
    2729
    2651
    2693
    2803
    2783
    2802
    2856
    2863
    2798
    2926
    2858
    2941
    2942
    2930
    2979
    3011
    2883
    3024
    2948
    3004
    3010
    3103
    3041
    3146
    3139
    3286
    3235
    3156
    3159
    3226
    3375
    3230
    3453
    3367
    3380
    3436
    3364
    3375
    3415
    3607
    3488
    3370
    3538
    3377
    3499
    3513
    3558
    3610
    3581
    3722
    3693
    3614
    3736
    3735
    3748
    3687
    3712
    3714
    3754
    3869
    3854
    3895
    3873
    3860
    3932
    3929
    3856
    3949
    3844
    3942
    3887
    3915
    3954
    3906
    4060
    3978
    3933
    3967
    4030
    3919
    3928
    4016
    4012
    3896
    3766
    4030
    3951
    3854
    3905
    3994
    3869
    4009
    3976
    3954
    3941
    4010
    3990
    3949
    3913
    3922
    3992
    3927
    4037
    3924
    3991
    3952
    3842
    3929
    3833
    3983
    3829
    3837
    3979
    3893
    3865
    3947
    3922
    3885
    3888
    3895
    3951
    3839
    4039
    3897
    3981
    3881
    3916
    3998
    4017
    3854
    3915
    3836
    3886
    4017
    3953
    3882
    3964
    3907
    3974
    4022
    3976
    4010
    4098
    4115
    4099
    3986
    4137
    4067
    4207
    4218
    4241
    4142
    4141
    4218
    4308
    4239
    4298
    4267
    4285
    4436
    4342
    4385
    4338
    4407
    4320
    4369
    4548
    4424
    4428
    4456
    4541
    4515
    4633
    4534
    4635
    4706
    4688
    4622
    4775
    4683
    4779
    4857
    5005
    4991
    4909
    4862
    5077
    5090
    4908
    5193
    4991
    5143
    5221
    5285
    5262
    5253
    5354
    5298
    5385
    5424
    5427
    5663
    5696
    5517
    5571
    5471
    5826
    5766
    5798
    5818
    5908
    5932
    5831
    6003
    5892
    6000
    6164
    6256
    6287
    6157
    6333
    6325
    6406
    6540
    6509
    6608
    6589
    6677
    6791
    6695
    6856
    6998
    6922
    7246
    7080
    7179
    7260
    7286
    7373
    7372
    7466
    7506
    7413
    7635
    7881
    7694
    7926
    7913
    8099
    8271
    8162
    8045
    8223
    8392
    8481
    8419
    8584
    8639
    8437
    8751
    8941
    9043
    8899
    9120
    9375
    9380
    9401
    9511
    9530
    9692
    9616
    9721
    9832
   10068
   10007
   10198
   10339
   10255
   10411
   10587
   10779
   10794
   10871
   11114
   10990
   11321
   11405
   11249
   11462
   11484
   11653
   11833
   12029
   12073
   12107
   12417
   12503
   12664
   12756
   12817
   12709
   13031
   13239
   13406
   13460
   13590
   13851
   13809
   13777
   14193
   14252
   14318
   14561
   14844
   14617
   15159
   15043
   15232
   15487
   15489
   15749
   15871
   15899
   16488
   16378
   16768
   16745
   16811
   17168
   17287
   17525
   17528
   17798
   18046
   18225
   18396
   18632
   19023
   19125
   19351
   19523
   19602
   19882
   20136
   20290
   20588
   20826
   21107
   21193
   21488
   21830
   22219
   22041
   22697
   22715
   23315
   23582
   23664
   24081
   24161
   24747
   24838
   25105
   25722
   25744
   26598
   26483
   26925
   27073
   27748
   27946
   28270
   28679
   29113
   29585
   29750
   30384
   30546
   30921
   31582
   31933
   32338
   32843
   33333
   33920
   34577
   34732
   35418
   36032
   36585
   37062
   37682
   38078
   39266
   39186
   40310
   40474
   41264
   41847
   42202
   43071
   44186
   44712
       0
       0
       0
       0
       0
       0
       0
       0
       0
       0
       0
       0
       0
       0
       0
       0
       0
       0
       0
       0
       0
       0
       0
       0
       0
       0
       0
       0
       0
       0
       0
       0
$ROI:
0
$PRESETS:
None
0
0
$ENER_FIT:
-0.169488 0.023446
$MCA_CAL:
3
-1.694878E-001 2.344633E-002 0.000000E+000 keV
$SHAPE_CAL:
3
0.000000E+000 0.000000E+000 0.000000E+000
