$SPEC_ID:
No sample description was entered.
$SPEC_REM:
DET# 4
DETDESC# JLAB-20 MCB 131
AP# Maestro Version 7.01
$DATE_MEA:
09/30/2025 04:16:44
$MEAS_TIM:
57871 59278
$DATA:
0 2047
       0
       0
       0
       0
       0
       0
       0
       0
       0
       0
       0
       0
       0
       0
       0
       0
       0
       0
       0
       0
       0
       0
       0
       0
       0
       0
       0
       0
       0
       0
       0
       0
       0
       0
       0
       0
       0
       0
       0
       0
       0
       0
       0
       0
       0
       0
       0
       0
       0
       0
       0
       0
       0
       0
       0
       0
       0
       0
       0
       0
       0
       0
       0
       1
       0
       1
       0
       0
       0
     201
    6445
    6581
    6263
    5909
    6010
    5722
    5572
    5541
    5435
    5325
    5217
    5484
    5181
    5200
    5131
    5195
    5101
    4925
    4876
    5020
    4850
    4611
    4774
    4666
    4627
    4602
    4587
    4694
    4563
    4575
    4535
    4462
    4441
    4505
    4296
    4266
    4291
    4235
    4317
    4170
    4148
    4086
    4141
    4078
    3977
    4026
    4005
    3957
    3873
    3851
    3874
    3845
    3791
    3870
    3870
    3812
    3847
    3767
    3729
    3639
    3744
    3680
    3595
    3619
    3508
    3631
    3645
    3623
    3594
    3522
    3563
    3573
    3513
    3509
    3481
    3465
    3440
    3515
    3481
    3505
    3352
    3460
    3257
    3369
    3272
    3331
    3331
    3295
    3323
    3253
    3292
    3196
    3195
    3234
    3241
    3214
    3177
    3225
    3193
    3212
    3149
    3132
    3158
    3069
    3196
    3165
    3234
    3061
    3111
    3155
    3052
    3086
    3121
    3030
    3048
    3089
    3010
    3047
    3016
    3022
    3017
    2984
    2938
    3051
    3079
    2990
    3030
    2960
    2990
    3065
    2945
    3005
    2976
    2988
    2831
    2915
    2895
    2914
    2960
    2879
    2916
    2954
    2845
    2779
    2963
    2913
    2874
    2866
    2875
    2940
    2910
    2902
    2902
    2946
    2919
    2941
    2836
    2893
    2914
    2849
    2863
    2891
    2817
    2926
    2938
    2856
    2797
    2926
    2800
    2845
    2848
    2879
    2895
    2764
    2889
    2877
    2832
    2845
    2845
    2842
    2856
    2846
    2894
    2937
    2870
    2824
    2816
    2935
    2912
    2926
    2868
    2760
    2969
    2959
    2899
    2884
    2881
    2938
    2968
    2963
    2867
    2875
    2926
    2982
    3052
    2946
    2961
    2935
    2981
    2934
    2936
    2938
    3002
    3024
    2984
    2943
    3035
    2947
    2991
    3018
    2997
    2910
    3044
    2997
    3024
    3077
    3046
    3043
    3057
    3170
    3142
    3228
    3365
    3356
    3621
    3505
    3705
    3934
    4233
    4560
    4869
    5280
    5944
    6382
    7062
    7957
    8919
    9839
   11048
   12442
   13720
   15399
   16925
   18725
   20715
   22414
   24425
   26252
   27915
   30246
   32037
   34033
   35526
   36910
   38374
   40143
   40860
   42242
   42714
   43878
   44306
   44929
   45553
   45868
   45612
   45706
   45926
   45905
   45713
   45406
   44664
   44278
   43904
   43110
   42893
   42341
   41499
   40892
   40236
   39397
   38544
   37581
   36587
   35818
   34637
   33622
   32743
   31521
   30411
   29271
   28021
   27013
   26103
   25123
   24053
   23334
   21862
   20973
   19943
   19098
   18306
   17528
   16526
   15889
   15251
   14768
   14456
   13657
   13158
   12797
   12404
   11946
   11681
   11234
   11107
   10329
   10253
    9835
    9358
    9049
    8709
    8244
    8160
    7605
    7221
    6788
    6553
    6224
    5886
    5481
    5142
    4981
    4386
    4375
    3913
    3729
    3487
    3290
    3136
    2805
    2691
    2533
    2505
    2400
    2321
    2268
    2083
    2064
    2067
    2034
    2052
    1974
    1950
    2034
    1962
    1933
    1887
    1983
    1959
    1935
    1894
    2004
    1960
    1994
    1928
    1946
    1987
    1978
    1845
    1920
    1886
    1913
    1908
    1878
    1912
    1867
    1917
    1889
    1956
    1912
    1834
    1841
    1857
    1835
    1771
    1808
    1886
    1787
    1765
    1777
    1819
    1839
    1819
    1805
    1790
    1753
    1707
    1753
    1793
    1717
    1706
    1714
    1783
    1745
    1711
    1755
    1773
    1829
    1649
    1750
    1701
    1669
    1656
    1726
    1627
    1639
    1633
    1744
    1677
    1652
    1653
    1649
    1704
    1715
    1649
    1751
    1645
    1621
    1703
    1627
    1640
    1608
    1662
    1643
    1693
    1672
    1718
    1664
    1581
    1629
    1706
    1691
    1629
    1595
    1701
    1675
    1650
    1606
    1672
    1694
    1664
    1615
    1720
    1776
    1668
    1748
    1661
    1706
    1667
    1698
    1715
    1700
    1628
    1643
    1715
    1729
    1658
    1710
    1694
    1624
    1605
    1594
    1653
    1603
    1645
    1593
    1569
    1643
    1600
    1638
    1556
    1602
    1623
    1553
    1506
    1530
    1519
    1548
    1577
    1553
    1547
    1518
    1558
    1515
    1505
    1496
    1564
    1542
    1477
    1544
    1570
    1498
    1503
    1543
    1468
    1510
    1530
    1483
    1434
    1417
    1491
    1419
    1406
    1427
    1472
    1413
    1486
    1415
    1395
    1412
    1474
    1478
    1446
    1459
    1465
    1445
    1425
    1445
    1386
    1365
    1427
    1446
    1423
    1416
    1417
    1411
    1385
    1520
    1466
    1498
    1427
    1400
    1386
    1451
    1449
    1396
    1449
    1412
    1444
    1379
    1458
    1404
    1432
    1455
    1473
    1472
    1416
    1461
    1374
    1449
    1449
    1400
    1388
    1369
    1444
    1435
    1461
    1444
    1451
    1391
    1431
    1354
    1399
    1361
    1376
    1368
    1401
    1398
    1389
    1376
    1367
    1402
    1433
    1404
    1409
    1384
    1336
    1310
    1357
    1384
    1394
    1340
    1341
    1410
    1381
    1376
    1407
    1386
    1358
    1399
    1391
    1321
    1381
    1336
    1329
    1327
    1412
    1359
    1329
    1418
    1337
    1370
    1329
    1403
    1304
    1391
    1398
    1363
    1340
    1337
    1302
    1346
    1384
    1320
    1350
    1314
    1368
    1342
    1331
    1349
    1366
    1311
    1315
    1329
    1254
    1331
    1353
    1360
    1409
    1338
    1360
    1306
    1313
    1358
    1339
    1338
    1329
    1357
    1347
    1284
    1314
    1311
    1275
    1247
    1387
    1296
    1296
    1300
    1320
    1325
    1311
    1288
    1315
    1325
    1316
    1274
    1319
    1327
    1291
    1292
    1285
    1322
    1303
    1326
    1256
    1274
    1289
    1243
    1307
    1327
    1279
    1269
    1286
    1377
    1286
    1276
    1239
    1246
    1281
    1256
    1286
    1252
    1265
    1327
    1256
    1273
    1224
    1269
    1292
    1266
    1268
    1223
    1210
    1247
    1264
    1221
    1233
    1237
    1253
    1254
    1271
    1205
    1290
    1260
    1317
    1261
    1306
    1189
    1264
    1270
    1221
    1210
    1258
    1251
    1234
    1263
    1251
    1224
    1186
    1178
    1216
    1174
    1257
    1223
    1271
    1201
    1212
    1242
    1194
    1228
    1246
    1169
    1240
    1191
    1154
    1203
    1257
    1214
    1203
    1175
    1231
    1186
    1216
    1256
    1267
    1230
    1204
    1224
    1240
    1176
    1110
    1190
    1217
    1204
    1253
    1191
    1289
    1234
    1227
    1186
    1226
    1223
    1190
    1201
    1151
    1158
    1197
    1266
    1229
    1144
    1241
    1195
    1219
    1213
    1196
    1137
    1256
    1209
    1171
    1233
    1198
    1178
    1189
    1205
    1187
    1181
    1245
    1204
    1174
    1152
    1162
    1198
    1133
    1190
    1200
    1239
    1197
    1180
    1174
    1132
    1129
    1134
    1219
    1196
    1216
    1187
    1155
    1162
    1163
    1165
    1160
    1141
    1170
    1181
    1156
    1119
    1197
    1134
    1145
    1194
    1178
    1135
    1221
    1180
    1131
    1172
    1238
    1156
    1140
    1124
    1153
    1198
    1212
    1148
    1132
    1142
    1198
    1190
    1196
    1230
    1260
    1230
    1199
    1215
    1272
    1234
    1174
    1201
    1227
    1188
    1208
    1246
    1215
    1214
    1196
    1154
    1205
    1207
    1158
    1168
    1245
    1132
    1185
    1159
    1250
    1204
    1191
    1159
    1157
    1196
    1200
    1135
    1169
    1184
    1206
    1204
    1197
    1214
    1169
    1131
    1235
    1181
    1154
    1218
    1189
    1164
    1178
    1201
    1144
    1114
    1105
    1153
    1108
    1150
    1209
    1092
    1111
    1154
    1129
    1170
    1150
    1169
    1145
    1159
    1095
    1188
    1171
    1207
    1105
    1109
    1131
    1174
    1144
    1104
    1184
    1130
    1177
    1145
    1154
    1142
    1208
    1218
    1176
    1171
    1249
    1141
    1177
    1225
    1189
    1180
    1164
    1259
    1176
    1219
    1199
    1186
    1172
    1205
    1189
    1189
    1187
    1146
    1210
    1199
    1204
    1180
    1158
    1256
    1191
    1177
    1219
    1198
    1234
    1231
    1207
    1238
    1192
    1147
    1195
    1179
    1175
    1233
    1185
    1139
    1227
    1217
    1240
    1184
    1236
    1228
    1241
    1215
    1160
    1206
    1227
    1238
    1186
    1200
    1148
    1160
    1146
    1093
    1166
    1174
    1226
    1186
    1156
    1131
    1212
    1146
    1126
    1117
    1152
    1153
    1109
    1161
    1108
    1165
    1150
    1141
    1071
    1166
    1118
    1087
    1114
    1130
    1165
    1164
    1163
    1157
    1139
    1114
    1175
    1161
    1123
    1191
    1243
    1174
    1183
    1227
    1229
    1217
    1273
    1235
    1257
    1219
    1262
    1258
    1250
    1261
    1261
    1303
    1336
    1192
    1323
    1344
    1237
    1269
    1214
    1293
    1249
    1268
    1316
    1203
    1219
    1323
    1285
    1216
    1273
    1232
    1315
    1222
    1140
    1234
    1216
    1202
    1224
    1174
    1140
    1189
    1221
    1150
    1150
    1173
    1196
    1138
    1053
    1081
    1095
    1131
    1132
    1106
    1064
    1087
    1108
    1084
    1084
    1006
    1032
    1053
    1119
    1097
    1002
    1045
    1000
    1061
    1039
    1001
    1048
    1031
    1059
    1103
    1059
    1016
    1073
    1031
     960
    1078
    1002
    1017
    1106
    1019
    1049
    1056
    1055
    1052
    1051
    1046
    1031
    1067
    1021
    1021
    1085
     979
    1040
    1038
    1023
    1024
    1051
    1062
    1048
    1046
    1045
    1079
    1072
    1042
    1027
    1082
    1059
    1089
    1148
     999
    1063
    1033
    1043
    1042
    1019
     984
    1036
    1022
    1015
    1016
    1024
    1090
    1092
    1057
    1057
    1074
    1072
    1028
    1073
     993
    1042
    1070
    1002
    1068
    1006
    1065
    1088
    1093
    1122
    1073
    1040
    1010
    1064
    1109
    1095
    1028
    1078
    1083
    1175
    1068
    1103
    1064
    1034
    1089
    1069
    1097
    1108
    1059
    1069
    1071
    1091
    1117
    1072
    1086
    1079
    1114
    1078
    1117
    1113
    1080
    1104
    1101
    1100
    1045
    1080
    1087
    1041
    1070
    1057
    1047
    1047
    1040
    1043
    1126
    1030
    1052
    1041
    1057
    1021
    1023
    1057
    1032
    1107
    1072
    1068
    1073
    1078
    1051
    1094
    1052
    1068
    1025
    1056
    1101
    1093
    1085
    1030
    1044
    1068
    1051
    1009
    1025
     998
    1078
    1069
    1138
    1031
    1019
    1026
    1130
    1055
    1017
    1057
    1055
    1054
    1093
    1078
    1023
    1010
    1030
    1045
    1055
    1092
    1063
    1126
    1047
    1087
    1060
    1041
    1068
    1030
    1056
    1011
    1081
    1111
    1062
    1079
    1089
    1107
    1084
    1077
    1116
    1068
    1050
    1026
    1070
    1071
    1079
    1105
    1067
    1140
    1123
    1090
    1135
    1070
    1103
    1097
    1127
    1119
    1030
    1148
    1098
    1126
    1081
    1103
    1072
    1106
    1134
    1174
    1099
    1067
    1068
    1128
    1070
    1118
    1066
    1137
    1103
    1126
    1147
    1130
    1101
    1090
    1114
    1080
    1110
    1141
    1108
    1138
    1131
    1132
    1109
    1104
    1200
    1136
    1142
    1129
    1063
    1154
    1192
    1075
    1109
    1130
    1172
    1158
    1197
    1122
    1201
    1201
    1150
    1149
    1127
    1102
    1140
    1084
    1156
    1183
    1198
    1171
    1197
    1066
    1184
    1152
    1194
    1179
    1144
    1112
    1108
    1185
    1183
    1186
    1226
    1154
    1144
    1152
    1191
    1207
    1152
    1199
    1155
    1158
    1136
    1202
    1210
    1166
    1179
    1178
    1223
    1184
    1215
    1195
    1186
    1191
    1278
    1230
    1212
    1205
    1164
    1236
    1249
    1279
    1241
    1238
    1222
    1281
    1233
    1209
    1278
    1256
    1277
    1242
    1336
    1210
    1257
    1306
    1297
    1255
    1263
    1296
    1317
    1288
    1303
    1369
    1282
    1236
    1245
    1339
    1305
    1320
    1357
    1274
    1296
    1357
    1281
    1340
    1338
    1326
    1306
    1331
    1405
    1378
    1454
    1395
    1356
    1435
    1398
    1394
    1374
    1413
    1378
    1351
    1391
    1454
    1390
    1439
    1429
    1398
    1438
    1427
    1465
    1514
    1434
    1468
    1517
    1511
    1495
    1499
    1459
    1472
    1532
    1585
    1539
    1556
    1520
    1600
    1584
    1560
    1562
    1554
    1612
    1574
    1571
    1549
    1543
    1690
    1625
    1612
    1672
    1679
    1667
    1698
    1676
    1669
    1669
    1742
    1697
    1796
    1821
    1733
    1800
    1794
    1844
    1758
    1782
    1813
    1798
    1783
    1874
    1872
    1897
    1859
    1893
    2002
    1902
    1929
    1928
    1949
    1914
    1956
    2011
    1991
    2064
    2070
    2045
    2024
    2175
    2125
    2147
    2086
    2095
    2210
    2144
    2095
    2128
    2262
    2216
    2235
    2295
    2273
    2247
    2317
    2276
    2374
    2346
    2333
    2398
    2411
    2304
    2423
    2344
    2411
    2404
    2456
    2424
    2524
    2493
    2596
    2602
    2505
    2516
    2577
    2682
    2574
    2731
    2687
    2685
    2760
    2700
    2642
    2698
    2884
    2825
    2669
    2811
    2658
    2771
    2781
    2813
    2886
    2874
    2906
    2973
    2856
    2999
    2973
    3025
    2970
    2990
    2961
    3062
    3099
    3093
    3171
    3070
    3054
    3159
    3102
    3050
    3110
    3098
    3165
    3092
    3139
    3154
    3114
    3197
    3158
    3101
    3185
    3178
    3125
    3138
    3167
    3152
    3150
    2990
    3223
    3152
    3070
    3129
    3161
    3055
    3223
    3186
    3162
    3187
    3258
    3148
    3180
    3113
    3113
    3182
    3132
    3171
    3153
    3293
    3134
    3079
    3116
    3052
    3139
    3106
    3030
    3176
    3163
    3069
    3167
    3126
    3093
    3102
    3069
    3136
    3040
    3223
    3151
    3196
    3098
    3158
    3189
    3218
    3049
    3127
    3083
    3095
    3169
    3124
    3139
    3204
    3143
    3168
    3195
    3179
    3189
    3271
    3317
    3282
    3172
    3278
    3216
    3326
    3353
    3383
    3281
    3321
    3360
    3434
    3407
    3466
    3408
    3408
    3547
    3468
    3484
    3484
    3499
    3410
    3462
    3669
    3498
    3570
    3547
    3620
    3603
    3661
    3631
    3700
    3774
    3746
    3676
    3799
    3792
    3868
    3827
    4007
    4001
    3924
    3883
    4025
    4088
    3956
    4151
    3921
    4125
    4191
    4249
    4200
    4207
    4251
    4222
    4285
    4322
    4318
    4511
    4563
    4397
    4467
    4393
    4613
    4564
    4611
    4654
    4738
    4708
    4680
    4783
    4706
    4825
    4963
    5017
    5017
    4902
    5049
    5080
    5079
    5252
    5191
    5241
    5299
    5332
    5408
    5410
    5474
    5559
    5545
    5750
    5632
    5694
    5777
    5820
    5910
    5898
    5944
    6049
    5878
    6106
    6309
    6123
    6283
    6328
    6382
    6626
    6491
    6433
    6570
    6742
    6753
    6686
    6895
    6964
    6713
    6947
    7235
    7197
    7077
    7277
    7385
    7433
    7519
    7549
    7565
    7750
    7684
    7762
    7873
    8066
    7999
    8095
    8293
    8140
    8347
    8521
    8555
    8600
    8772
    8868
    8844
    9010
    9164
    8956
    9187
    9190
    9349
    9453
    9546
    9726
    9674
    9936
    9969
   10070
   10103
   10305
   10085
   10450
   10539
   10746
   10765
   10860
   11032
   10979
   11000
   11334
   11410
   11522
   11595
   11850
   11759
   11988
   12045
   12195
   12355
   12384
   12596
   12757
   12670
   13161
   13028
   13336
   13415
   13339
   13685
   13781
   13979
   14014
   14284
   14398
   14594
   14683
   14855
   15254
   15326
   15463
   15521
   15677
   15832
   16154
   16180
   16483
   16569
   16930
   16943
   17140
   17516
   17810
   17658
   18069
   18146
   18676
   18824
   19008
   19243
   19257
   19853
   19760
   20124
   20521
   20558
   21314
   21195
   21558
   21642
   22285
   22176
   22524
   23012
   23079
   23587
   23672
   24351
   24428
   24656
   25155
   25612
   25931
   26254
   26517
   27192
   27709
   27814
   28220
   28755
   29187
   29680
   30165
   30531
   31292
   31274
   32222
   32229
   33026
   33393
   33721
   34498
   35289
   35949
       0
       0
       0
       0
       0
       0
       0
       0
       0
       0
       0
       0
       0
       0
       0
       0
       0
       0
       0
       0
       0
       0
       0
       0
       0
       0
       0
       0
       0
       0
       0
       0
$ROI:
0
$PRESETS:
None
0
0
$ENER_FIT:
-0.169488 0.023446
$MCA_CAL:
3
-1.694878E-001 2.344633E-002 0.000000E+000 keV
$SHAPE_CAL:
3
0.000000E+000 0.000000E+000 0.000000E+000
