$SPEC_ID:
No sample description was entered.
$SPEC_REM:
DET# 4
DETDESC# JLAB-20 MCB 131
AP# Maestro Version 7.01
$DATE_MEA:
09/30/2025 20:46:44
$MEAS_TIM:
115873 118679
$DATA:
0 2047
       0
       0
       0
       0
       0
       0
       0
       0
       0
       0
       0
       0
       0
       0
       0
       0
       0
       0
       0
       0
       0
       0
       0
       0
       0
       0
       0
       0
       0
       0
       0
       0
       0
       0
       0
       0
       0
       0
       0
       0
       0
       0
       0
       0
       0
       0
       0
       0
       0
       0
       0
       1
       2
       0
       1
       1
       0
       1
       0
       0
       0
       0
       0
       1
       0
       1
       1
       1
       0
     450
   13116
   13203
   12495
   12044
   11922
   11411
   11220
   11152
   10922
   10869
   10623
   10652
   10487
   10402
   10304
   10192
   10005
    9793
    9768
    9963
    9760
    9389
    9536
    9357
    9308
    9165
    9183
    9231
    9051
    9061
    8991
    8910
    8801
    8931
    8628
    8518
    8557
    8493
    8448
    8314
    8261
    8266
    8349
    8245
    8028
    8133
    7951
    7981
    7924
    7701
    7789
    7724
    7711
    7684
    7617
    7580
    7717
    7547
    7480
    7287
    7501
    7422
    7140
    7247
    7128
    7258
    7185
    7291
    7061
    7013
    7079
    6997
    6891
    6917
    6865
    6905
    6912
    7063
    6810
    7008
    6724
    6891
    6647
    6795
    6656
    6558
    6646
    6654
    6660
    6561
    6603
    6399
    6513
    6402
    6504
    6383
    6467
    6477
    6360
    6419
    6278
    6233
    6292
    6204
    6377
    6312
    6235
    6235
    6228
    6204
    6100
    6138
    6249
    6122
    6092
    6175
    6037
    6082
    6072
    6057
    6008
    6036
    5908
    6101
    6183
    5898
    6057
    5914
    5954
    6034
    5895
    5941
    5943
    5946
    5773
    5785
    5762
    5826
    5788
    5803
    5838
    5857
    5872
    5753
    5923
    5786
    5811
    5837
    5790
    5857
    5915
    5820
    5782
    5951
    5799
    5802
    5755
    5729
    5824
    5748
    5730
    5721
    5708
    5790
    5822
    5729
    5671
    5790
    5654
    5700
    5701
    5701
    5722
    5585
    5788
    5753
    5654
    5679
    5796
    5672
    5762
    5681
    5730
    5766
    5735
    5765
    5767
    5889
    5825
    5804
    5753
    5635
    5859
    5863
    5909
    5859
    5779
    5932
    5995
    5963
    5834
    5842
    5914
    5932
    5948
    5835
    5973
    5916
    5868
    5882
    5879
    5910
    6049
    6041
    5952
    5910
    5994
    5953
    6032
    5991
    6052
    5910
    5968
    6081
    5993
    6094
    6094
    6097
    6181
    6286
    6331
    6525
    6554
    6704
    6977
    7122
    7379
    7956
    8387
    9064
    9736
   10524
   11644
   12792
   14163
   15718
   17865
   19984
   22182
   24689
   27635
   30844
   33873
   37336
   41543
   45100
   48845
   52633
   56014
   60215
   63805
   67504
   70991
   74087
   77140
   79972
   81627
   84545
   85831
   87579
   88473
   89823
   90971
   91700
   91438
   91800
   91790
   91622
   91134
   90644
   89740
   89140
   88121
   87023
   86053
   84901
   83162
   82017
   80055
   78612
   77042
   75247
   73460
   71807
   69442
   67240
   65141
   63553
   60929
   58788
   56374
   54557
   52620
   50380
   48341
   46011
   43953
   41785
   39974
   38266
   36392
   35072
   33002
   31925
   30468
   29506
   28494
   27387
   26315
   25904
   24973
   23981
   23432
   22487
   21880
   20946
   20415
   19677
   18846
   18168
   17536
   16839
   16169
   15170
   14471
   13692
   13197
   12380
   11851
   10942
   10323
    9746
    8968
    8656
    7934
    7448
    7043
    6653
    6325
    5734
    5524
    5119
    4945
    4779
    4733
    4534
    4257
    4131
    4083
    4016
    3992
    3944
    3950
    4003
    3927
    3947
    3823
    3974
    3886
    3848
    3782
    3950
    3869
    3976
    3843
    3897
    3945
    3995
    3659
    3885
    3851
    3927
    3876
    3746
    3804
    3682
    3772
    3748
    3810
    3821
    3609
    3750
    3729
    3675
    3617
    3689
    3708
    3589
    3587
    3579
    3584
    3625
    3618
    3554
    3540
    3550
    3462
    3517
    3579
    3464
    3486
    3389
    3563
    3502
    3470
    3424
    3467
    3538
    3340
    3490
    3464
    3308
    3366
    3412
    3251
    3338
    3311
    3382
    3351
    3305
    3381
    3389
    3374
    3317
    3358
    3448
    3314
    3275
    3261
    3292
    3304
    3282
    3374
    3359
    3338
    3335
    3368
    3284
    3204
    3241
    3389
    3391
    3398
    3280
    3371
    3357
    3336
    3304
    3294
    3347
    3359
    3297
    3448
    3416
    3302
    3415
    3356
    3337
    3319
    3302
    3358
    3354
    3337
    3225
    3354
    3356
    3247
    3310
    3293
    3308
    3331
    3336
    3307
    3284
    3262
    3195
    3165
    3227
    3206
    3177
    3042
    3176
    3111
    3165
    3072
    3113
    3050
    3006
    3106
    3102
    3081
    2994
    3043
    3052
    2996
    3039
    3106
    3026
    3071
    3090
    3044
    2994
    2978
    2969
    2916
    2945
    2993
    2918
    2885
    2828
    2942
    2891
    2863
    2980
    2891
    2845
    2879
    2804
    2895
    2879
    2902
    2925
    2864
    2892
    2932
    2925
    2850
    2864
    2777
    2796
    2829
    2853
    2826
    2817
    2884
    2847
    2787
    2906
    2938
    2902
    2872
    2910
    2804
    2894
    2891
    2866
    2867
    2839
    2899
    2826
    2836
    2788
    2788
    2919
    2897
    2819
    2851
    2954
    2808
    2870
    2916
    2843
    2803
    2763
    2850
    2839
    2894
    2851
    2889
    2731
    2837
    2826
    2839
    2728
    2754
    2809
    2820
    2745
    2770
    2771
    2715
    2796
    2804
    2822
    2764
    2703
    2744
    2700
    2770
    2761
    2775
    2708
    2772
    2761
    2775
    2742
    2676
    2689
    2734
    2851
    2681
    2653
    2759
    2710
    2770
    2622
    2761
    2623
    2690
    2784
    2642
    2652
    2693
    2744
    2757
    2788
    2695
    2722
    2652
    2710
    2632
    2737
    2747
    2634
    2694
    2623
    2725
    2629
    2707
    2754
    2730
    2730
    2620
    2652
    2622
    2669
    2688
    2733
    2753
    2680
    2699
    2662
    2681
    2698
    2707
    2693
    2590
    2681
    2668
    2574
    2654
    2623
    2557
    2536
    2670
    2598
    2600
    2554
    2624
    2610
    2556
    2583
    2633
    2633
    2708
    2629
    2629
    2663
    2575
    2582
    2546
    2621
    2584
    2652
    2604
    2571
    2598
    2516
    2534
    2536
    2613
    2523
    2634
    2661
    2588
    2507
    2535
    2512
    2531
    2560
    2472
    2573
    2549
    2527
    2505
    2514
    2473
    2569
    2565
    2533
    2530
    2472
    2459
    2510
    2435
    2438
    2477
    2455
    2534
    2468
    2544
    2410
    2560
    2440
    2596
    2491
    2559
    2432
    2555
    2499
    2460
    2414
    2447
    2441
    2473
    2498
    2512
    2466
    2430
    2402
    2451
    2406
    2519
    2494
    2484
    2549
    2401
    2515
    2417
    2419
    2490
    2370
    2416
    2422
    2439
    2406
    2437
    2392
    2354
    2420
    2459
    2410
    2418
    2474
    2409
    2400
    2470
    2413
    2408
    2371
    2330
    2392
    2445
    2444
    2500
    2381
    2458
    2428
    2453
    2395
    2407
    2407
    2395
    2379
    2413
    2288
    2383
    2441
    2453
    2328
    2443
    2382
    2386
    2432
    2305
    2344
    2405
    2358
    2407
    2455
    2391
    2308
    2318
    2418
    2378
    2400
    2391
    2445
    2403
    2366
    2369
    2478
    2350
    2357
    2367
    2397
    2416
    2360
    2335
    2271
    2338
    2304
    2406
    2395
    2388
    2331
    2316
    2354
    2305
    2338
    2334
    2312
    2320
    2352
    2334
    2286
    2326
    2390
    2284
    2370
    2297
    2285
    2389
    2416
    2336
    2366
    2375
    2280
    2327
    2315
    2319
    2442
    2320
    2311
    2279
    2336
    2342
    2361
    2434
    2439
    2495
    2455
    2392
    2376
    2502
    2403
    2376
    2371
    2436
    2352
    2397
    2430
    2393
    2376
    2382
    2366
    2414
    2350
    2392
    2404
    2484
    2285
    2457
    2345
    2419
    2380
    2357
    2287
    2350
    2310
    2334
    2259
    2277
    2357
    2350
    2363
    2301
    2408
    2377
    2329
    2428
    2365
    2259
    2272
    2290
    2254
    2301
    2348
    2318
    2269
    2254
    2310
    2308
    2341
    2386
    2250
    2225
    2278
    2272
    2361
    2299
    2246
    2278
    2280
    2224
    2294
    2322
    2350
    2206
    2244
    2266
    2342
    2299
    2226
    2313
    2280
    2363
    2263
    2337
    2328
    2377
    2384
    2336
    2326
    2434
    2364
    2342
    2399
    2344
    2354
    2377
    2455
    2357
    2377
    2395
    2393
    2366
    2450
    2339
    2353
    2427
    2349
    2401
    2429
    2433
    2363
    2371
    2438
    2377
    2436
    2417
    2384
    2417
    2537
    2434
    2403
    2383
    2285
    2337
    2347
    2338
    2483
    2323
    2316
    2330
    2404
    2392
    2359
    2407
    2447
    2369
    2406
    2363
    2363
    2403
    2348
    2344
    2399
    2375
    2324
    2308
    2340
    2385
    2361
    2402
    2347
    2374
    2291
    2357
    2250
    2280
    2304
    2286
    2322
    2276
    2319
    2238
    2293
    2322
    2262
    2154
    2257
    2270
    2170
    2233
    2240
    2347
    2300
    2270
    2308
    2313
    2306
    2371
    2354
    2315
    2368
    2385
    2319
    2408
    2433
    2388
    2440
    2518
    2497
    2501
    2503
    2543
    2532
    2556
    2568
    2535
    2616
    2654
    2494
    2612
    2649
    2530
    2607
    2498
    2633
    2615
    2543
    2614
    2500
    2487
    2626
    2586
    2526
    2508
    2463
    2584
    2434
    2363
    2491
    2388
    2400
    2454
    2411
    2357
    2320
    2391
    2289
    2280
    2327
    2354
    2284
    2157
    2179
    2150
    2234
    2263
    2178
    2099
    2215
    2147
    2163
    2187
    2066
    2024
    2090
    2195
    2084
    2012
    2064
    2035
    2121
    2139
    2020
    2054
    2071
    2076
    2109
    2063
    2068
    2106
    2033
    2021
    2135
    2047
    2059
    2123
    2047
    2120
    2080
    2105
    2110
    2103
    2068
    2095
    2110
    2018
    2038
    2096
    2055
    2102
    2073
    2036
    1991
    2099
    2149
    2104
    2071
    2150
    2119
    2152
    2112
    2095
    2106
    2094
    2133
    2245
    2081
    2126
    2078
    2129
    2145
    2056
    2001
    2101
    2085
    2072
    2098
    2094
    2141
    2150
    2150
    2072
    2151
    2174
    1980
    2133
    2075
    2095
    2096
    2150
    2150
    2080
    2152
    2122
    2137
    2216
    2127
    2122
    2104
    2163
    2182
    2125
    2063
    2162
    2130
    2273
    2152
    2151
    2167
    2076
    2113
    2140
    2191
    2219
    2134
    2115
    2119
    2181
    2256
    2130
    2197
    2185
    2189
    2174
    2175
    2220
    2185
    2166
    2169
    2137
    2095
    2197
    2187
    2090
    2149
    2083
    2117
    2101
    2156
    2112
    2197
    2104
    2096
    2138
    2134
    2138
    2023
    2063
    2085
    2233
    2087
    2167
    2181
    2137
    2152
    2108
    2103
    2139
    2076
    2105
    2164
    2150
    2108
    2053
    2107
    2140
    2105
    2047
    2012
    2049
    2087
    2137
    2180
    2135
    2078
    2078
    2149
    2113
    2027
    2113
    2054
    2096
    2131
    2074
    2075
    2100
    2054
    2144
    2061
    2075
    2132
    2207
    2124
    2118
    2124
    2109
    2147
    2109
    2154
    2085
    2083
    2164
    2087
    2190
    2203
    2183
    2213
    2129
    2185
    2084
    2186
    2130
    2127
    2123
    2186
    2176
    2153
    2253
    2218
    2149
    2212
    2154
    2207
    2221
    2212
    2216
    2112
    2201
    2204
    2212
    2199
    2196
    2172
    2168
    2238
    2255
    2252
    2159
    2100
    2255
    2193
    2246
    2189
    2231
    2205
    2230
    2260
    2255
    2165
    2246
    2172
    2244
    2237
    2225
    2203
    2279
    2295
    2295
    2258
    2282
    2350
    2298
    2306
    2249
    2212
    2312
    2308
    2274
    2296
    2286
    2277
    2329
    2300
    2278
    2400
    2367
    2350
    2313
    2224
    2243
    2328
    2274
    2341
    2322
    2287
    2363
    2347
    2181
    2342
    2303
    2314
    2383
    2254
    2280
    2302
    2335
    2388
    2320
    2429
    2304
    2314
    2321
    2344
    2373
    2341
    2360
    2322
    2311
    2317
    2415
    2374
    2350
    2334
    2399
    2367
    2409
    2417
    2358
    2457
    2383
    2514
    2457
    2437
    2348
    2353
    2446
    2491
    2549
    2516
    2486
    2457
    2467
    2532
    2503
    2574
    2503
    2491
    2512
    2609
    2459
    2521
    2557
    2566
    2544
    2507
    2547
    2614
    2553
    2641
    2702
    2595
    2542
    2540
    2612
    2585
    2699
    2666
    2577
    2602
    2766
    2623
    2744
    2656
    2718
    2639
    2652
    2776
    2747
    2880
    2784
    2808
    2846
    2798
    2815
    2746
    2853
    2768
    2760
    2748
    2923
    2820
    2907
    2826
    2823
    2905
    2889
    2941
    2972
    2870
    2935
    2997
    3002
    3016
    3071
    3035
    2938
    3135
    3107
    3091
    3093
    3027
    3121
    3163
    3051
    3131
    3103
    3203
    3142
    3194
    3145
    3132
    3431
    3227
    3265
    3305
    3348
    3404
    3429
    3334
    3341
    3455
    3450
    3381
    3530
    3607
    3532
    3547
    3581
    3707
    3540
    3525
    3726
    3675
    3633
    3742
    3799
    3682
    3654
    3759
    3930
    3815
    3818
    3886
    3892
    3918
    3874
    4027
    3987
    4062
    4130
    4111
    4109
    4205
    4283
    4286
    4221
    4235
    4413
    4325
    4348
    4368
    4515
    4479
    4463
    4463
    4557
    4434
    4580
    4517
    4614
    4667
    4630
    4746
    4804
    4695
    4764
    4710
    4896
    4811
    4979
    4913
    5061
    5021
    5112
    5033
    5082
    5054
    5142
    5320
    5181
    5359
    5348
    5376
    5396
    5330
    5416
    5520
    5719
    5513
    5449
    5649
    5480
    5551
    5650
    5713
    5781
    5680
    5849
    5850
    5891
    5963
    6020
    6023
    5954
    5965
    5917
    6016
    6105
    6169
    6183
    6129
    6135
    6221
    6247
    6177
    6346
    6134
    6256
    6236
    6204
    6314
    6233
    6351
    6339
    6349
    6295
    6289
    6320
    6284
    6410
    6395
    6257
    6096
    6336
    6340
    6229
    6285
    6379
    6192
    6284
    6283
    6334
    6246
    6418
    6404
    6289
    6295
    6305
    6312
    6273
    6410
    6174
    6285
    6391
    6153
    6310
    6077
    6296
    6055
    6232
    6313
    6263
    6227
    6245
    6318
    6338
    6287
    6303
    6236
    6197
    6400
    6168
    6356
    6158
    6336
    6388
    6426
    6204
    6291
    6167
    6246
    6262
    6330
    6337
    6294
    6359
    6350
    6414
    6445
    6423
    6559
    6496
    6497
    6361
    6633
    6539
    6695
    6663
    6567
    6626
    6689
    6736
    6751
    6798
    6867
    6803
    6843
    6992
    6938
    7041
    6963
    6993
    6919
    7063
    7148
    7116
    7161
    7255
    7141
    7239
    7458
    7411
    7399
    7355
    7529
    7403
    7596
    7593
    7627
    7799
    7942
    7933
    7809
    7880
    8001
    8049
    7990
    8180
    8039
    8218
    8383
    8422
    8367
    8365
    8516
    8513
    8559
    8663
    8752
    9019
    9042
    8916
    8877
    8802
    9294
    9127
    9279
    9218
    9327
    9408
    9424
    9589
    9513
    9554
    9745
    9935
    9932
    9776
   10070
   10093
   10326
   10499
   10445
   10570
   10628
   10686
   10750
   10695
   10937
   11147
   11110
   11509
   11400
   11359
   11500
   11622
   11802
   11838
   11944
   11908
   11932
   12108
   12536
   12223
   12716
   12616
   12826
   13114
   12985
   13007
   13144
   13341
   13571
   13526
   13678
   13926
   13600
   14076
   14320
   14397
   14318
   14586
   14898
   14853
   15148
   15213
   15159
   15324
   15322
   15589
   15690
   16110
   15929
   16343
   16370
   16550
   16632
   16925
   17160
   17264
   17444
   17576
   17502
   18111
   18202
   18042
   18285
   18386
   18626
   18812
   19209
   19269
   19340
   19694
   20075
   20154
   20299
   20356
   20364
   20931
   21088
   21295
   21440
   21688
   22020
   22016
   22207
   22556
   22874
   22912
   23379
   23484
   23374
   24033
   23889
   24325
   24649
   24653
   24986
   25245
   25186
   26178
   26162
   26637
   26665
   26813
   27390
   27446
   27823
   28265
   28420
   28661
   28934
   29244
   29811
   30317
   30683
   30864
   31169
   31353
   31776
   32215
   32280
   32815
   33234
   33795
   33785
   34394
   34920
   35341
   35541
   36148
   36500
   37367
   37597
   37851
   38231
   38660
   39467
   39610
   40389
   40881
   41086
   42246
   42247
   42693
   43287
   43934
   44801
   45185
   45770
   46306
   47015
   47441
   48280
   48845
   49388
   50251
   51065
   51658
   52648
   53086
   54159
   54989
   55445
   56345
   57414
   58302
   58870
   60165
   60924
   62453
   62584
   64058
   64648
   65944
   67161
   67432
   69075
   70605
   71398
       0
       0
       0
       0
       0
       0
       0
       0
       0
       0
       0
       0
       0
       0
       0
       0
       0
       0
       0
       0
       0
       0
       0
       0
       0
       0
       0
       0
       0
       0
       0
       0
$ROI:
0
$PRESETS:
None
0
0
$ENER_FIT:
-0.169488 0.023446
$MCA_CAL:
3
-1.694878E-001 2.344633E-002 0.000000E+000 keV
$SHAPE_CAL:
3
0.000000E+000 0.000000E+000 0.000000E+000
