$SPEC_ID:
No sample description was entered.
$SPEC_REM:
DET# 4
DETDESC# JLAB-20 MCB 131
AP# Maestro Version 7.01
$DATE_MEA:
09/30/2025 09:36:44
$MEAS_TIM:
76612 78479
$DATA:
0 2047
       0
       0
       0
       0
       0
       0
       0
       0
       0
       0
       0
       0
       0
       0
       0
       0
       0
       0
       0
       0
       0
       0
       0
       0
       0
       0
       0
       0
       0
       0
       0
       0
       0
       0
       0
       0
       0
       0
       0
       0
       0
       0
       0
       0
       0
       0
       0
       0
       0
       0
       0
       0
       1
       0
       1
       0
       0
       0
       0
       0
       0
       0
       0
       1
       0
       1
       0
       0
       0
     282
    8588
    8764
    8258
    7908
    7933
    7490
    7398
    7382
    7243
    7089
    6997
    7196
    6890
    6917
    6777
    6831
    6697
    6498
    6448
    6640
    6427
    6129
    6299
    6162
    6136
    6049
    6099
    6192
    6045
    6031
    5916
    5871
    5820
    5945
    5731
    5614
    5766
    5608
    5670
    5538
    5481
    5450
    5466
    5405
    5282
    5354
    5287
    5215
    5151
    5089
    5197
    5144
    5055
    5099
    5079
    5027
    5179
    4990
    4911
    4882
    4994
    4874
    4726
    4800
    4656
    4783
    4760
    4813
    4712
    4625
    4684
    4695
    4593
    4588
    4608
    4588
    4597
    4655
    4573
    4619
    4421
    4584
    4312
    4491
    4368
    4376
    4396
    4414
    4412
    4283
    4365
    4250
    4256
    4256
    4300
    4269
    4275
    4307
    4254
    4255
    4150
    4111
    4172
    4069
    4220
    4173
    4179
    4048
    4167
    4155
    4045
    4058
    4138
    4038
    3990
    4112
    3991
    4017
    4020
    3973
    3956
    3978
    3881
    4017
    4084
    3908
    4037
    3901
    3948
    4051
    3924
    3934
    3954
    3987
    3840
    3849
    3846
    3834
    3915
    3823
    3876
    3919
    3806
    3688
    3931
    3874
    3809
    3834
    3817
    3882
    3909
    3851
    3827
    3918
    3850
    3895
    3783
    3804
    3853
    3783
    3785
    3800
    3714
    3813
    3870
    3809
    3721
    3872
    3715
    3782
    3800
    3818
    3788
    3635
    3832
    3795
    3750
    3775
    3831
    3729
    3791
    3757
    3800
    3835
    3786
    3792
    3786
    3876
    3898
    3831
    3768
    3738
    3926
    3895
    3865
    3846
    3813
    3916
    3973
    3925
    3821
    3848
    3843
    3939
    3987
    3883
    3905
    3915
    3918
    3933
    3928
    3898
    3985
    4005
    3938
    3851
    3987
    3937
    3945
    3973
    3998
    3879
    3995
    4035
    3975
    4062
    4057
    4060
    4093
    4178
    4149
    4259
    4398
    4460
    4712
    4726
    4862
    5208
    5549
    6048
    6416
    7011
    7827
    8438
    9353
   10498
   11842
   13137
   14666
   16405
   18166
   20328
   22325
   24722
   27402
   29740
   32296
   34673
   37015
   39877
   42407
   44875
   47000
   48931
   50939
   53055
   53962
   56012
   56726
   57964
   58670
   59365
   60257
   60522
   60333
   60614
   60740
   60650
   60451
   59961
   59222
   58826
   58301
   57474
   56785
   56253
   54923
   54061
   52947
   52047
   51089
   49592
   48458
   47455
   46018
   44571
   43047
   41970
   40375
   38808
   37096
   35821
   34703
   33179
   31892
   30756
   29192
   27863
   26394
   25186
   24172
   23227
   21917
   21097
   20183
   19516
   18979
   18059
   17426
   17066
   16522
   15818
   15569
   14843
   14667
   13772
   13487
   12992
   12354
   11968
   11545
   11063
   10830
   10081
    9481
    8985
    8631
    8182
    7813
    7231
    6795
    6497
    5862
    5778
    5270
    4930
    4632
    4357
    4172
    3750
    3621
    3384
    3284
    3177
    3082
    2980
    2807
    2725
    2680
    2661
    2654
    2647
    2560
    2660
    2573
    2532
    2487
    2605
    2618
    2553
    2525
    2620
    2613
    2672
    2532
    2583
    2601
    2638
    2422
    2572
    2515
    2574
    2565
    2479
    2544
    2464
    2496
    2475
    2563
    2561
    2421
    2467
    2445
    2429
    2364
    2432
    2449
    2382
    2365
    2417
    2378
    2382
    2430
    2383
    2339
    2310
    2309
    2306
    2367
    2284
    2302
    2239
    2343
    2265
    2284
    2284
    2298
    2377
    2192
    2287
    2260
    2203
    2228
    2259
    2113
    2224
    2163
    2272
    2196
    2145
    2203
    2187
    2253
    2222
    2227
    2308
    2179
    2127
    2223
    2138
    2168
    2141
    2244
    2202
    2235
    2213
    2215
    2233
    2083
    2140
    2214
    2263
    2188
    2155
    2241
    2236
    2221
    2150
    2193
    2244
    2240
    2185
    2284
    2299
    2194
    2281
    2245
    2206
    2188
    2210
    2254
    2221
    2179
    2133
    2260
    2244
    2177
    2249
    2199
    2170
    2162
    2181
    2175
    2133
    2169
    2085
    2092
    2172
    2133
    2156
    2036
    2093
    2101
    2054
    2017
    2016
    2027
    2026
    2044
    2060
    2054
    1982
    2043
    1981
    1989
    1975
    2054
    2022
    1994
    2025
    2043
    1968
    1971
    2020
    1968
    1961
    1974
    1942
    1913
    1859
    1960
    1905
    1891
    1898
    1960
    1893
    1938
    1863
    1889
    1883
    1924
    1930
    1894
    1891
    1965
    1920
    1890
    1918
    1817
    1851
    1883
    1906
    1871
    1863
    1906
    1874
    1833
    1938
    1942
    1953
    1885
    1890
    1848
    1908
    1910
    1870
    1921
    1842
    1908
    1817
    1898
    1859
    1868
    1946
    1923
    1905
    1875
    1929
    1843
    1903
    1896
    1870
    1830
    1845
    1865
    1875
    1930
    1913
    1924
    1813
    1895
    1826
    1865
    1791
    1845
    1861
    1856
    1838
    1859
    1838
    1825
    1862
    1860
    1866
    1817
    1807
    1825
    1749
    1830
    1840
    1827
    1786
    1794
    1816
    1831
    1816
    1794
    1836
    1824
    1886
    1843
    1739
    1825
    1780
    1794
    1746
    1845
    1759
    1743
    1860
    1770
    1776
    1757
    1844
    1762
    1840
    1829
    1807
    1769
    1785
    1728
    1793
    1831
    1755
    1841
    1724
    1798
    1755
    1785
    1796
    1827
    1776
    1746
    1777
    1687
    1760
    1765
    1826
    1849
    1755
    1783
    1736
    1769
    1752
    1806
    1775
    1759
    1761
    1768
    1697
    1776
    1715
    1692
    1681
    1799
    1709
    1741
    1726
    1768
    1711
    1689
    1698
    1730
    1766
    1795
    1703
    1772
    1754
    1707
    1723
    1686
    1733
    1703
    1770
    1677
    1664
    1695
    1671
    1729
    1713
    1728
    1663
    1747
    1763
    1683
    1687
    1684
    1676
    1654
    1687
    1634
    1681
    1655
    1728
    1666
    1674
    1631
    1670
    1705
    1673
    1662
    1624
    1601
    1674
    1650
    1619
    1642
    1624
    1677
    1640
    1700
    1612
    1687
    1635
    1745
    1684
    1711
    1598
    1688
    1690
    1636
    1597
    1678
    1635
    1649
    1669
    1713
    1635
    1586
    1580
    1585
    1572
    1664
    1638
    1680
    1653
    1613
    1617
    1611
    1590
    1660
    1561
    1606
    1600
    1582
    1581
    1649
    1582
    1568
    1605
    1634
    1580
    1607
    1647
    1627
    1593
    1614
    1613
    1615
    1567
    1485
    1587
    1599
    1591
    1669
    1573
    1674
    1621
    1631
    1570
    1614
    1595
    1593
    1589
    1594
    1504
    1603
    1647
    1645
    1527
    1632
    1575
    1589
    1598
    1541
    1509
    1618
    1553
    1570
    1632
    1590
    1520
    1556
    1572
    1582
    1561
    1607
    1582
    1576
    1595
    1570
    1640
    1523
    1584
    1589
    1613
    1599
    1561
    1539
    1517
    1509
    1512
    1597
    1605
    1602
    1542
    1535
    1540
    1549
    1548
    1540
    1534
    1503
    1562
    1519
    1504
    1530
    1560
    1485
    1564
    1530
    1539
    1612
    1593
    1533
    1565
    1610
    1527
    1530
    1487
    1536
    1594
    1578
    1523
    1492
    1520
    1565
    1545
    1583
    1611
    1672
    1662
    1570
    1585
    1668
    1575
    1545
    1601
    1622
    1569
    1585
    1637
    1590
    1597
    1563
    1556
    1575
    1581
    1552
    1565
    1619
    1507
    1604
    1538
    1634
    1593
    1569
    1522
    1529
    1539
    1572
    1505
    1516
    1566
    1578
    1575
    1559
    1624
    1577
    1534
    1621
    1597
    1507
    1535
    1541
    1534
    1534
    1577
    1533
    1492
    1460
    1518
    1499
    1528
    1569
    1455
    1474
    1504
    1499
    1571
    1530
    1494
    1517
    1544
    1442
    1564
    1569
    1598
    1458
    1455
    1498
    1563
    1486
    1456
    1556
    1509
    1571
    1495
    1522
    1514
    1567
    1609
    1568
    1540
    1624
    1546
    1549
    1597
    1576
    1560
    1540
    1658
    1561
    1605
    1610
    1590
    1560
    1614
    1566
    1573
    1596
    1507
    1608
    1576
    1622
    1560
    1569
    1622
    1578
    1577
    1606
    1585
    1610
    1628
    1585
    1613
    1592
    1529
    1560
    1554
    1562
    1657
    1565
    1517
    1591
    1581
    1634
    1541
    1631
    1623
    1599
    1573
    1553
    1597
    1604
    1583
    1552
    1601
    1536
    1537
    1504
    1496
    1580
    1557
    1594
    1540
    1532
    1497
    1600
    1519
    1484
    1487
    1488
    1547
    1492
    1519
    1466
    1533
    1513
    1481
    1432
    1528
    1486
    1440
    1482
    1514
    1573
    1541
    1511
    1526
    1491
    1478
    1554
    1578
    1506
    1565
    1593
    1516
    1573
    1664
    1610
    1607
    1652
    1642
    1670
    1649
    1663
    1671
    1689
    1712
    1688
    1739
    1745
    1585
    1749
    1785
    1660
    1682
    1627
    1730
    1681
    1682
    1755
    1598
    1663
    1754
    1737
    1669
    1662
    1619
    1730
    1615
    1503
    1634
    1596
    1603
    1608
    1553
    1526
    1558
    1610
    1496
    1535
    1522
    1581
    1519
    1396
    1457
    1435
    1481
    1489
    1439
    1386
    1453
    1418
    1443
    1440
    1364
    1346
    1429
    1466
    1419
    1341
    1357
    1326
    1387
    1392
    1357
    1388
    1371
    1379
    1463
    1407
    1384
    1403
    1354
    1346
    1430
    1345
    1363
    1430
    1357
    1411
    1369
    1389
    1394
    1393
    1378
    1406
    1394
    1336
    1328
    1408
    1338
    1368
    1384
    1343
    1332
    1387
    1413
    1364
    1379
    1391
    1408
    1420
    1381
    1394
    1419
    1412
    1423
    1492
    1366
    1387
    1378
    1417
    1383
    1379
    1314
    1371
    1364
    1332
    1353
    1359
    1414
    1457
    1407
    1391
    1428
    1435
    1305
    1402
    1354
    1379
    1424
    1383
    1421
    1337
    1414
    1403
    1445
    1455
    1389
    1366
    1395
    1432
    1459
    1420
    1368
    1436
    1412
    1543
    1397
    1446
    1419
    1362
    1416
    1411
    1465
    1459
    1396
    1394
    1428
    1441
    1466
    1437
    1429
    1434
    1473
    1434
    1470
    1448
    1420
    1427
    1459
    1441
    1388
    1424
    1385
    1384
    1417
    1377
    1395
    1391
    1386
    1395
    1457
    1335
    1408
    1393
    1394
    1368
    1340
    1391
    1370
    1453
    1418
    1419
    1437
    1418
    1396
    1422
    1390
    1412
    1361
    1374
    1441
    1442
    1421
    1338
    1397
    1431
    1374
    1328
    1352
    1326
    1398
    1428
    1480
    1373
    1367
    1355
    1435
    1385
    1341
    1399
    1373
    1403
    1434
    1388
    1341
    1352
    1367
    1386
    1397
    1419
    1404
    1474
    1436
    1435
    1402
    1367
    1420
    1367
    1391
    1342
    1426
    1425
    1384
    1451
    1447
    1480
    1454
    1400
    1483
    1404
    1446
    1397
    1414
    1406
    1468
    1444
    1407
    1531
    1494
    1425
    1492
    1428
    1479
    1471
    1502
    1458
    1363
    1489
    1464
    1481
    1426
    1472
    1448
    1474
    1512
    1500
    1467
    1429
    1395
    1503
    1438
    1480
    1422
    1458
    1477
    1483
    1492
    1490
    1417
    1460
    1469
    1475
    1461
    1476
    1459
    1511
    1507
    1513
    1474
    1498
    1574
    1508
    1530
    1501
    1457
    1536
    1546
    1477
    1490
    1488
    1566
    1528
    1558
    1513
    1598
    1576
    1530
    1519
    1501
    1454
    1523
    1480
    1540
    1562
    1539
    1546
    1570
    1411
    1586
    1511
    1582
    1572
    1517
    1482
    1465
    1562
    1603
    1539
    1608
    1523
    1534
    1519
    1549
    1597
    1533
    1580
    1547
    1531
    1551
    1609
    1563
    1531
    1567
    1586
    1572
    1605
    1611
    1578
    1567
    1594
    1688
    1624
    1588
    1609
    1567
    1621
    1662
    1691
    1665
    1643
    1640
    1672
    1630
    1644
    1734
    1690
    1707
    1689
    1733
    1606
    1646
    1700
    1706
    1662
    1631
    1700
    1722
    1690
    1752
    1830
    1726
    1648
    1635
    1748
    1733
    1767
    1773
    1721
    1709
    1796
    1678
    1820
    1771
    1789
    1731
    1782
    1817
    1841
    1916
    1864
    1831
    1872
    1841
    1839
    1819
    1848
    1829
    1804
    1842
    1919
    1835
    1893
    1902
    1915
    1948
    1893
    1943
    1984
    1869
    1944
    1991
    2001
    1977
    2013
    1965
    1936
    2056
    2083
    2022
    2050
    2044
    2071
    2096
    2023
    2045
    2053
    2151
    2077
    2110
    2029
    2026
    2220
    2162
    2120
    2183
    2250
    2247
    2213
    2210
    2206
    2242
    2329
    2235
    2350
    2442
    2344
    2398
    2381
    2433
    2343
    2324
    2466
    2397
    2429
    2494
    2524
    2468
    2487
    2487
    2631
    2515
    2522
    2564
    2549
    2547
    2565
    2663
    2626
    2730
    2764
    2691
    2746
    2826
    2866
    2853
    2776
    2784
    2896
    2882
    2795
    2840
    2960
    2941
    2967
    3015
    3030
    2947
    3087
    3001
    3079
    3104
    3068
    3145
    3182
    3052
    3189
    3119
    3190
    3179
    3282
    3214
    3321
    3295
    3440
    3408
    3345
    3339
    3429
    3552
    3429
    3649
    3559
    3557
    3628
    3545
    3571
    3613
    3812
    3688
    3574
    3736
    3556
    3692
    3731
    3737
    3815
    3792
    3931
    3887
    3802
    3958
    3962
    3950
    3899
    3914
    3927
    3982
    4085
    4097
    4085
    4080
    4076
    4143
    4149
    4080
    4175
    4085
    4149
    4122
    4127
    4155
    4155
    4265
    4209
    4175
    4173
    4229
    4130
    4152
    4255
    4245
    4138
    3984
    4238
    4171
    4100
    4160
    4234
    4104
    4221
    4218
    4177
    4153
    4232
    4185
    4154
    4138
    4129
    4242
    4134
    4258
    4143
    4189
    4185
    4074
    4177
    4052
    4190
    4035
    4077
    4212
    4107
    4093
    4151
    4136
    4124
    4137
    4135
    4154
    4065
    4274
    4094
    4194
    4116
    4165
    4241
    4219
    4102
    4155
    4054
    4098
    4236
    4190
    4123
    4194
    4138
    4212
    4225
    4204
    4247
    4322
    4340
    4323
    4199
    4345
    4315
    4413
    4460
    4469
    4382
    4373
    4467
    4546
    4502
    4544
    4514
    4542
    4661
    4587
    4644
    4592
    4660
    4570
    4640
    4807
    4689
    4700
    4715
    4799
    4757
    4903
    4800
    4881
    4969
    4938
    4869
    5020
    4973
    5072
    5136
    5267
    5250
    5183
    5187
    5374
    5386
    5206
    5473
    5273
    5431
    5518
    5590
    5561
    5524
    5645
    5592
    5679
    5720
    5750
    5992
    6022
    5851
    5853
    5793
    6135
    6068
    6097
    6118
    6224
    6269
    6182
    6349
    6208
    6337
    6511
    6629
    6642
    6500
    6699
    6695
    6777
    6920
    6866
    6960
    6992
    7067
    7178
    7047
    7248
    7375
    7307
    7623
    7510
    7529
    7682
    7713
    7781
    7804
    7909
    7902
    7812
    8056
    8328
    8088
    8373
    8347
    8555
    8745
    8588
    8466
    8682
    8855
    8973
    8930
    9094
    9169
    8896
    9276
    9486
    9564
    9392
    9653
    9914
    9890
    9952
   10042
   10059
   10197
   10154
   10261
   10356
   10653
   10519
   10789
   10880
   10852
   10950
   11158
   11416
   11404
   11467
   11712
   11580
   12000
   12048
   11902
   12117
   12098
   12313
   12480
   12715
   12785
   12740
   13081
   13232
   13347
   13445
   13545
   13420
   13750
   13952
   14156
   14231
   14365
   14622
   14601
   14556
   14951
   15071
   15109
   15365
   15679
   15433
   15950
   15871
   16078
   16364
   16367
   16570
   16790
   16767
   17439
   17307
   17672
   17669
   17786
   18176
   18250
   18501
   18505
   18762
   19116
   19255
   19428
   19631
   20078
   20181
   20436
   20658
   20731
   21009
   21285
   21474
   21716
   21991
   22288
   22406
   22687
   23057
   23436
   23297
   23997
   24042
   24636
   24940
   24977
   25420
   25579
   26182
   26264
   26563
   27186
   27213
   28095
   27957
   28385
   28651
   29326
   29520
   29859
   30305
   30760
   31248
   31459
   31969
   32247
   32698
   33371
   33804
   34197
   34755
   35203
   35943
   36550
   36636
   37426
   38021
   38659
   39144
   39785
   40215
   41427
   41418
   42472
   42784
   43567
   44180
   44559
   45525
   46673
   47309
       0
       0
       0
       0
       0
       0
       0
       0
       0
       0
       0
       0
       0
       0
       0
       0
       0
       0
       0
       0
       0
       0
       0
       0
       0
       0
       0
       0
       0
       0
       0
       0
$ROI:
0
$PRESETS:
None
0
0
$ENER_FIT:
-0.169488 0.023446
$MCA_CAL:
3
-1.694878E-001 2.344633E-002 0.000000E+000 keV
$SHAPE_CAL:
3
0.000000E+000 0.000000E+000 0.000000E+000
