$SPEC_ID:
No sample description was entered.
$SPEC_REM:
DET# 4
DETDESC# JLAB-20 MCB 131
AP# Maestro Version 7.01
$DATE_MEA:
09/30/2025 23:06:44
$MEAS_TIM:
124077 127080
$DATA:
0 2047
       0
       0
       0
       0
       0
       0
       0
       0
       0
       0
       0
       0
       0
       0
       0
       0
       0
       0
       0
       0
       0
       0
       0
       0
       0
       0
       0
       0
       0
       0
       0
       0
       0
       0
       0
       0
       0
       0
       0
       0
       0
       0
       0
       0
       0
       0
       0
       0
       0
       0
       0
       1
       2
       0
       1
       1
       0
       1
       0
       0
       0
       0
       0
       1
       0
       1
       1
       1
       0
     478
   14009
   14149
   13349
   12902
   12710
   12176
   11973
   11903
   11711
   11585
   11387
   11340
   11203
   11154
   11026
   10894
   10688
   10492
   10484
   10661
   10460
   10077
   10211
   10029
    9952
    9786
    9814
    9902
    9696
    9718
    9593
    9548
    9418
    9578
    9244
    9092
    9147
    9112
    9047
    8911
    8871
    8869
    8938
    8842
    8609
    8702
    8539
    8530
    8482
    8258
    8354
    8275
    8311
    8204
    8128
    8123
    8246
    8089
    7992
    7817
    8039
    7940
    7627
    7774
    7648
    7765
    7701
    7785
    7556
    7525
    7617
    7515
    7394
    7403
    7369
    7348
    7415
    7588
    7321
    7476
    7194
    7364
    7122
    7277
    7114
    7067
    7104
    7138
    7102
    7014
    7050
    6846
    6929
    6885
    6983
    6831
    6895
    6903
    6787
    6842
    6702
    6678
    6757
    6637
    6806
    6742
    6670
    6683
    6701
    6635
    6536
    6558
    6662
    6555
    6500
    6582
    6475
    6508
    6529
    6479
    6418
    6444
    6329
    6521
    6588
    6384
    6492
    6310
    6358
    6463
    6310
    6368
    6370
    6401
    6216
    6130
    6178
    6236
    6170
    6220
    6217
    6278
    6287
    6185
    6342
    6178
    6158
    6274
    6190
    6239
    6355
    6233
    6225
    6363
    6206
    6175
    6127
    6155
    6221
    6173
    6155
    6136
    6106
    6237
    6221
    6130
    6076
    6188
    6051
    6107
    6109
    6085
    6172
    5996
    6171
    6136
    6078
    6102
    6217
    6096
    6148
    6090
    6158
    6174
    6144
    6190
    6185
    6279
    6222
    6232
    6162
    6066
    6260
    6278
    6288
    6257
    6220
    6379
    6395
    6336
    6257
    6235
    6349
    6335
    6332
    6262
    6381
    6378
    6285
    6322
    6297
    6339
    6494
    6508
    6359
    6309
    6416
    6375
    6429
    6410
    6447
    6348
    6410
    6486
    6416
    6533
    6530
    6564
    6616
    6724
    6789
    6981
    7004
    7213
    7439
    7645
    7882
    8550
    8970
    9678
   10388
   11211
   12509
   13687
   15206
   16915
   19114
   21379
   23758
   26460
   29610
   33020
   36246
   39991
   44472
   48329
   52359
   56320
   59935
   64421
   68370
   72276
   76081
   79307
   82675
   85622
   87526
   90501
   91836
   93736
   94700
   96114
   97306
   98273
   97836
   98294
   98289
   97986
   97629
   96858
   96022
   95286
   94325
   93281
   92176
   90833
   89024
   87828
   85895
   84283
   82587
   80549
   78665
   77026
   74295
   71900
   69921
   68137
   65267
   63067
   60497
   58525
   56371
   53946
   51707
   49235
   47045
   44758
   42782
   40959
   38950
   37514
   35345
   34132
   32605
   31627
   30486
   29320
   28218
   27755
   26780
   25665
   25082
   24124
   23396
   22483
   21898
   21085
   20122
   19445
   18855
   17973
   17329
   16274
   15523
   14677
   14162
   13273
   12661
   11734
   11024
   10469
    9649
    9222
    8504
    7943
    7524
    7129
    6755
    6129
    5923
    5493
    5318
    5118
    5080
    4864
    4565
    4405
    4393
    4317
    4287
    4226
    4274
    4313
    4189
    4230
    4098
    4240
    4179
    4157
    4063
    4208
    4143
    4236
    4095
    4173
    4207
    4257
    3953
    4168
    4137
    4198
    4148
    3994
    4068
    3976
    4036
    4025
    4085
    4095
    3906
    4012
    4006
    3928
    3894
    3952
    3957
    3843
    3837
    3821
    3872
    3859
    3887
    3823
    3814
    3817
    3729
    3748
    3832
    3715
    3747
    3645
    3829
    3757
    3695
    3656
    3697
    3769
    3572
    3741
    3705
    3552
    3627
    3653
    3501
    3577
    3578
    3623
    3598
    3517
    3630
    3634
    3624
    3526
    3581
    3698
    3540
    3512
    3490
    3526
    3556
    3495
    3622
    3619
    3567
    3555
    3622
    3537
    3452
    3465
    3621
    3648
    3642
    3535
    3594
    3579
    3577
    3526
    3544
    3595
    3620
    3533
    3695
    3625
    3533
    3641
    3590
    3546
    3551
    3526
    3576
    3579
    3559
    3458
    3621
    3570
    3474
    3588
    3536
    3529
    3579
    3553
    3538
    3489
    3482
    3418
    3396
    3441
    3470
    3408
    3275
    3394
    3330
    3378
    3280
    3338
    3274
    3226
    3313
    3293
    3304
    3190
    3261
    3273
    3209
    3241
    3316
    3232
    3260
    3302
    3245
    3188
    3191
    3165
    3129
    3140
    3196
    3126
    3063
    3047
    3120
    3087
    3062
    3180
    3098
    3027
    3089
    2995
    3102
    3091
    3115
    3144
    3082
    3115
    3140
    3123
    3033
    3081
    2983
    3015
    3038
    3060
    3034
    3008
    3082
    3054
    2995
    3132
    3130
    3106
    3069
    3095
    2987
    3113
    3059
    3077
    3084
    3042
    3098
    3016
    3022
    3005
    3011
    3155
    3120
    3028
    3049
    3163
    3028
    3072
    3092
    3042
    2996
    2970
    3051
    3028
    3068
    3012
    3079
    2924
    3073
    3007
    3020
    2939
    2947
    2991
    3011
    2926
    2970
    2962
    2912
    2985
    2969
    3000
    2969
    2912
    2936
    2916
    2939
    2936
    2967
    2875
    2968
    2969
    2970
    2931
    2876
    2889
    2908
    3057
    2878
    2828
    2938
    2893
    2965
    2820
    2951
    2811
    2884
    2961
    2857
    2845
    2878
    2948
    2946
    2988
    2880
    2955
    2824
    2911
    2832
    2933
    2922
    2822
    2877
    2791
    2907
    2801
    2884
    2948
    2957
    2907
    2788
    2860
    2822
    2870
    2895
    2893
    2926
    2865
    2900
    2857
    2865
    2900
    2907
    2888
    2753
    2880
    2864
    2745
    2824
    2813
    2744
    2726
    2865
    2775
    2777
    2745
    2794
    2786
    2731
    2778
    2840
    2820
    2897
    2814
    2800
    2862
    2774
    2779
    2720
    2804
    2767
    2835
    2777
    2761
    2776
    2698
    2717
    2720
    2797
    2724
    2811
    2851
    2742
    2703
    2724
    2699
    2712
    2747
    2656
    2731
    2706
    2701
    2689
    2690
    2676
    2739
    2757
    2720
    2699
    2690
    2629
    2702
    2616
    2591
    2683
    2605
    2688
    2661
    2705
    2554
    2751
    2609
    2758
    2652
    2745
    2608
    2710
    2661
    2613
    2588
    2626
    2603
    2646
    2657
    2687
    2620
    2586
    2565
    2621
    2574
    2664
    2681
    2642
    2748
    2571
    2687
    2563
    2605
    2665
    2529
    2588
    2596
    2581
    2559
    2598
    2573
    2520
    2586
    2632
    2599
    2582
    2650
    2583
    2568
    2635
    2586
    2575
    2555
    2521
    2591
    2620
    2625
    2689
    2583
    2626
    2613
    2630
    2568
    2582
    2573
    2561
    2535
    2598
    2455
    2567
    2606
    2651
    2480
    2604
    2557
    2557
    2579
    2445
    2525
    2573
    2537
    2573
    2619
    2576
    2481
    2476
    2575
    2557
    2588
    2559
    2618
    2568
    2554
    2535
    2657
    2505
    2543
    2516
    2539
    2573
    2520
    2506
    2456
    2501
    2487
    2587
    2570
    2562
    2503
    2470
    2520
    2492
    2514
    2486
    2492
    2503
    2524
    2504
    2461
    2485
    2563
    2448
    2533
    2440
    2425
    2556
    2571
    2505
    2523
    2547
    2439
    2489
    2495
    2473
    2615
    2471
    2469
    2456
    2497
    2527
    2546
    2591
    2587
    2653
    2638
    2546
    2557
    2673
    2584
    2552
    2560
    2586
    2535
    2551
    2599
    2563
    2524
    2541
    2530
    2580
    2524
    2558
    2577
    2637
    2460
    2630
    2492
    2578
    2550
    2533
    2451
    2504
    2476
    2481
    2438
    2454
    2527
    2503
    2534
    2475
    2596
    2521
    2481
    2585
    2527
    2412
    2428
    2450
    2399
    2457
    2516
    2465
    2450
    2430
    2460
    2477
    2508
    2558
    2441
    2365
    2449
    2436
    2553
    2452
    2423
    2425
    2416
    2404
    2436
    2502
    2503
    2352
    2402
    2415
    2498
    2485
    2389
    2488
    2467
    2536
    2416
    2515
    2481
    2539
    2544
    2517
    2496
    2641
    2517
    2491
    2574
    2492
    2515
    2542
    2637
    2528
    2549
    2575
    2543
    2538
    2631
    2486
    2507
    2602
    2518
    2591
    2593
    2602
    2551
    2540
    2614
    2530
    2590
    2601
    2541
    2569
    2705
    2613
    2573
    2537
    2471
    2512
    2506
    2490
    2636
    2512
    2479
    2489
    2574
    2553
    2513
    2579
    2606
    2532
    2556
    2546
    2531
    2547
    2490
    2553
    2549
    2530
    2494
    2462
    2509
    2582
    2511
    2546
    2522
    2525
    2434
    2512
    2408
    2463
    2481
    2423
    2474
    2415
    2463
    2395
    2481
    2480
    2412
    2318
    2424
    2448
    2325
    2377
    2414
    2529
    2475
    2426
    2455
    2479
    2474
    2565
    2512
    2469
    2525
    2555
    2499
    2578
    2575
    2541
    2603
    2675
    2686
    2677
    2698
    2721
    2693
    2728
    2740
    2698
    2820
    2846
    2649
    2782
    2838
    2712
    2799
    2685
    2839
    2790
    2725
    2781
    2710
    2661
    2793
    2767
    2716
    2660
    2635
    2761
    2592
    2553
    2656
    2530
    2584
    2629
    2605
    2532
    2487
    2565
    2468
    2429
    2495
    2525
    2424
    2316
    2315
    2309
    2380
    2395
    2316
    2243
    2377
    2312
    2320
    2347
    2213
    2166
    2240
    2343
    2239
    2152
    2207
    2191
    2261
    2272
    2173
    2202
    2243
    2223
    2264
    2201
    2221
    2246
    2186
    2179
    2286
    2184
    2219
    2268
    2183
    2259
    2256
    2253
    2244
    2231
    2223
    2233
    2251
    2177
    2189
    2225
    2220
    2243
    2213
    2163
    2134
    2225
    2322
    2244
    2218
    2313
    2283
    2302
    2260
    2248
    2246
    2246
    2260
    2405
    2209
    2263
    2219
    2296
    2303
    2223
    2166
    2237
    2247
    2241
    2233
    2227
    2289
    2311
    2291
    2225
    2327
    2316
    2122
    2269
    2233
    2241
    2257
    2301
    2313
    2256
    2300
    2280
    2287
    2381
    2272
    2256
    2251
    2317
    2321
    2274
    2218
    2298
    2283
    2424
    2292
    2281
    2327
    2226
    2280
    2294
    2356
    2385
    2297
    2293
    2278
    2331
    2405
    2290
    2369
    2351
    2357
    2330
    2321
    2363
    2358
    2325
    2287
    2288
    2234
    2348
    2335
    2250
    2309
    2232
    2267
    2236
    2292
    2251
    2345
    2259
    2255
    2288
    2264
    2300
    2174
    2225
    2239
    2382
    2252
    2319
    2327
    2276
    2301
    2240
    2262
    2291
    2210
    2236
    2344
    2298
    2248
    2203
    2246
    2297
    2250
    2190
    2160
    2221
    2236
    2292
    2334
    2286
    2223
    2228
    2278
    2249
    2172
    2269
    2183
    2245
    2282
    2240
    2223
    2257
    2163
    2292
    2220
    2214
    2269
    2348
    2291
    2289
    2260
    2239
    2288
    2255
    2329
    2214
    2220
    2324
    2233
    2339
    2365
    2322
    2338
    2277
    2346
    2257
    2346
    2260
    2290
    2283
    2353
    2337
    2310
    2402
    2374
    2313
    2359
    2315
    2354
    2367
    2427
    2359
    2280
    2362
    2344
    2360
    2354
    2343
    2328
    2316
    2386
    2402
    2412
    2302
    2253
    2422
    2359
    2424
    2323
    2381
    2351
    2399
    2422
    2409
    2310
    2400
    2353
    2399
    2409
    2377
    2362
    2435
    2439
    2436
    2433
    2435
    2480
    2458
    2444
    2404
    2356
    2454
    2459
    2416
    2432
    2445
    2441
    2481
    2464
    2447
    2565
    2521
    2514
    2485
    2383
    2426
    2473
    2454
    2496
    2469
    2448
    2531
    2506
    2338
    2499
    2458
    2468
    2556
    2422
    2437
    2484
    2479
    2555
    2486
    2588
    2468
    2478
    2482
    2509
    2533
    2500
    2557
    2511
    2495
    2481
    2592
    2542
    2524
    2507
    2585
    2552
    2579
    2562
    2528
    2616
    2562
    2667
    2619
    2624
    2520
    2524
    2612
    2667
    2735
    2687
    2658
    2659
    2633
    2705
    2692
    2741
    2675
    2648
    2697
    2786
    2633
    2689
    2746
    2736
    2706
    2689
    2717
    2800
    2737
    2815
    2871
    2785
    2748
    2735
    2788
    2750
    2885
    2865
    2765
    2804
    2951
    2825
    2925
    2829
    2932
    2805
    2844
    2981
    2943
    3089
    2981
    2974
    3039
    3034
    3035
    2947
    3060
    2977
    2956
    2959
    3128
    3021
    3112
    3033
    3002
    3113
    3112
    3149
    3169
    3066
    3133
    3194
    3196
    3219
    3310
    3253
    3158
    3354
    3339
    3295
    3319
    3230
    3338
    3373
    3278
    3342
    3320
    3431
    3369
    3403
    3392
    3368
    3684
    3444
    3502
    3525
    3567
    3605
    3697
    3562
    3597
    3707
    3702
    3643
    3758
    3859
    3799
    3779
    3820
    3926
    3803
    3768
    3979
    3951
    3892
    4021
    4080
    3976
    3910
    4025
    4198
    4098
    4051
    4167
    4181
    4212
    4140
    4290
    4292
    4341
    4399
    4415
    4396
    4495
    4580
    4570
    4524
    4548
    4720
    4651
    4679
    4648
    4809
    4797
    4785
    4776
    4844
    4767
    4914
    4852
    4976
    4982
    4983
    5092
    5143
    5016
    5087
    5019
    5252
    5179
    5321
    5261
    5424
    5391
    5445
    5399
    5424
    5432
    5525
    5662
    5579
    5755
    5725
    5743
    5765
    5738
    5819
    5931
    6121
    5911
    5854
    6065
    5940
    5956
    6051
    6101
    6170
    6066
    6255
    6229
    6279
    6359
    6447
    6410
    6346
    6429
    6316
    6412
    6514
    6598
    6625
    6551
    6536
    6619
    6674
    6574
    6756
    6548
    6686
    6668
    6646
    6798
    6690
    6781
    6739
    6779
    6763
    6731
    6761
    6761
    6834
    6869
    6730
    6534
    6812
    6772
    6657
    6749
    6841
    6628
    6743
    6759
    6770
    6674
    6880
    6876
    6702
    6725
    6734
    6767
    6705
    6831
    6619
    6737
    6825
    6624
    6749
    6523
    6786
    6479
    6701
    6771
    6720
    6688
    6675
    6797
    6796
    6721
    6716
    6659
    6648
    6838
    6614
    6810
    6594
    6768
    6836
    6892
    6649
    6753
    6636
    6711
    6668
    6788
    6762
    6805
    6811
    6808
    6874
    6926
    6896
    7030
    6989
    6953
    6808
    7041
    6990
    7177
    7121
    7062
    7090
    7178
    7216
    7260
    7249
    7328
    7303
    7351
    7484
    7458
    7532
    7470
    7492
    7417
    7577
    7636
    7667
    7727
    7730
    7631
    7754
    7962
    7983
    7953
    7896
    8085
    7963
    8134
    8126
    8189
    8326
    8484
    8469
    8357
    8457
    8570
    8618
    8576
    8751
    8583
    8788
    9023
    9047
    8982
    8985
    9086
    9122
    9189
    9275
    9371
    9628
    9674
    9536
    9502
    9442
    9946
    9788
    9919
    9889
    9986
   10089
   10062
   10262
   10176
   10265
   10469
   10661
   10627
   10479
   10806
   10807
   11054
   11237
   11197
   11362
   11363
   11428
   11505
   11480
   11712
   11899
   11859
   12257
   12237
   12153
   12298
   12437
   12633
   12693
   12820
   12739
   12781
   13012
   13407
   13101
   13605
   13520
   13712
   14098
   13899
   13946
   14042
   14229
   14531
   14502
   14612
   14924
   14629
   15082
   15328
   15425
   15349
   15623
   15928
   15960
   16221
   16306
   16174
   16439
   16434
   16671
   16792
   17259
   17087
   17537
   17552
   17751
   17886
   18218
   18305
   18479
   18638
   18836
   18737
   19417
   19412
   19249
   19610
   19681
   19965
   20094
   20536
   20644
   20700
   21059
   21433
   21528
   21768
   21756
   21761
   22409
   22543
   22786
   22982
   23231
   23541
   23568
   23774
   24168
   24468
   24472
   25009
   25131
   25064
   25715
   25594
   26020
   26367
   26415
   26714
   27061
   26996
   27984
   28058
   28429
   28581
   28702
   29385
   29371
   29742
   30232
   30449
   30600
   31012
   31324
   31893
   32482
   32855
   33019
   33292
   33513
   34078
   34559
   34575
   35055
   35524
   36095
   36186
   36846
   37340
   37784
   38033
   38739
   39188
   39906
   40200
   40503
   40899
   41451
   42140
   42317
   43244
   43833
   44007
   45171
   45299
   45638
   46265
   47041
   47978
   48363
   49033
   49543
   50215
   50733
   51646
   52287
   52782
   53781
   54598
   55321
   56316
   56894
   58013
   58853
   59502
   60265
   61379
   62415
   63082
   64370
   65141
   66867
   66993
   68564
   69197
   70653
   71804
   72177
   73935
   75660
   76388
       0
       0
       0
       0
       0
       0
       0
       0
       0
       0
       0
       0
       0
       0
       0
       0
       0
       0
       0
       0
       0
       0
       0
       0
       0
       0
       0
       0
       0
       0
       0
       0
$ROI:
0
$PRESETS:
None
0
0
$ENER_FIT:
-0.169488 0.023446
$MCA_CAL:
3
-1.694878E-001 2.344633E-002 0.000000E+000 keV
$SHAPE_CAL:
3
0.000000E+000 0.000000E+000 0.000000E+000
