$SPEC_ID:
No sample description was entered.
$SPEC_REM:
DET# 4
DETDESC# JLAB-20 MCB 131
AP# Maestro Version 7.01
$DATE_MEA:
09/30/2025 15:36:44
$MEAS_TIM:
97707 100079
$DATA:
0 2047
       0
       0
       0
       0
       0
       0
       0
       0
       0
       0
       0
       0
       0
       0
       0
       0
       0
       0
       0
       0
       0
       0
       0
       0
       0
       0
       0
       0
       0
       0
       0
       0
       0
       0
       0
       0
       0
       0
       0
       0
       0
       0
       0
       0
       0
       0
       0
       0
       0
       0
       0
       0
       1
       0
       1
       0
       0
       0
       0
       0
       0
       0
       0
       1
       0
       1
       1
       1
       0
     367
   11129
   11246
   10608
   10172
   10069
    9646
    9521
    9437
    9205
    9111
    8954
    9066
    8762
    8761
    8667
    8602
    8482
    8246
    8208
    8465
    8254
    7875
    8035
    7876
    7808
    7738
    7756
    7851
    7675
    7634
    7568
    7531
    7412
    7489
    7335
    7166
    7272
    7150
    7163
    7034
    6963
    6985
    6962
    6898
    6789
    6846
    6675
    6721
    6597
    6456
    6603
    6527
    6479
    6517
    6463
    6421
    6558
    6408
    6323
    6179
    6373
    6255
    5998
    6134
    5976
    6111
    6047
    6146
    5930
    5904
    5940
    5934
    5805
    5817
    5821
    5800
    5880
    5932
    5799
    5910
    5621
    5819
    5529
    5691
    5574
    5515
    5603
    5607
    5623
    5509
    5560
    5401
    5529
    5380
    5496
    5412
    5414
    5461
    5374
    5409
    5303
    5257
    5342
    5231
    5376
    5315
    5304
    5227
    5275
    5279
    5151
    5187
    5285
    5177
    5073
    5190
    5119
    5118
    5177
    5065
    5039
    5076
    4967
    5147
    5228
    4987
    5143
    5004
    5025
    5098
    4958
    4999
    5013
    5056
    4920
    4856
    4907
    4938
    4902
    4860
    4952
    4967
    4910
    4776
    4950
    4913
    4879
    4911
    4873
    4927
    5008
    4930
    4899
    5027
    4894
    4931
    4845
    4812
    4905
    4848
    4849
    4840
    4770
    4910
    4967
    4838
    4782
    4863
    4757
    4778
    4816
    4811
    4847
    4668
    4886
    4828
    4729
    4782
    4889
    4760
    4870
    4797
    4839
    4832
    4856
    4871
    4856
    4935
    4888
    4903
    4863
    4739
    4992
    4948
    4946
    4907
    4854
    5025
    5085
    5053
    4955
    4912
    4954
    5032
    5099
    4954
    5064
    5019
    4967
    4991
    4978
    4982
    5070
    5051
    5033
    4940
    5082
    5024
    5070
    5060
    5101
    4996
    5038
    5112
    5057
    5175
    5141
    5170
    5191
    5302
    5310
    5482
    5543
    5641
    5917
    6045
    6186
    6682
    7053
    7634
    8176
    8873
    9891
   10777
   11932
   13297
   15068
   16860
   18707
   20746
   23192
   25963
   28607
   31405
   34988
   38062
   41032
   44244
   47072
   50878
   53957
   57049
   59971
   62468
   64972
   67478
   68895
   71406
   72274
   73953
   74804
   75665
   76784
   77335
   77097
   77407
   77571
   77329
   77003
   76551
   75690
   75073
   74229
   73302
   72300
   71552
   70004
   69076
   67557
   66332
   65084
   63393
   61765
   60476
   58478
   56771
   54759
   53624
   51456
   49442
   47500
   45916
   44332
   42434
   40787
   38961
   37006
   35338
   33692
   32328
   30747
   29543
   27928
   27023
   25699
   24920
   24108
   23034
   22217
   21841
   20970
   20193
   19768
   19006
   18560
   17687
   17168
   16550
   15757
   15325
   14786
   14141
   13659
   12789
   12125
   11513
   11093
   10422
    9987
    9175
    8703
    8255
    7562
    7336
    6703
    6287
    5916
    5585
    5312
    4760
    4653
    4294
    4185
    4031
    3991
    3791
    3606
    3487
    3406
    3355
    3337
    3345
    3339
    3382
    3316
    3301
    3169
    3342
    3271
    3235
    3214
    3316
    3248
    3410
    3250
    3304
    3331
    3378
    3090
    3251
    3203
    3262
    3274
    3171
    3208
    3152
    3167
    3153
    3226
    3238
    3059
    3161
    3141
    3088
    3040
    3088
    3112
    3022
    3030
    3065
    3010
    3043
    3048
    3021
    2964
    2993
    2903
    2952
    2994
    2914
    2955
    2851
    2974
    2935
    2926
    2905
    2948
    2987
    2853
    2914
    2908
    2774
    2831
    2873
    2744
    2829
    2788
    2853
    2798
    2781
    2843
    2827
    2844
    2806
    2826
    2929
    2810
    2760
    2761
    2741
    2755
    2791
    2847
    2806
    2831
    2817
    2825
    2787
    2715
    2730
    2849
    2850
    2825
    2740
    2872
    2834
    2848
    2760
    2811
    2835
    2836
    2776
    2862
    2905
    2811
    2873
    2824
    2809
    2817
    2796
    2829
    2833
    2804
    2716
    2845
    2822
    2741
    2831
    2799
    2775
    2776
    2833
    2792
    2725
    2731
    2694
    2655
    2771
    2713
    2709
    2578
    2655
    2638
    2653
    2623
    2621
    2627
    2542
    2583
    2646
    2636
    2528
    2592
    2582
    2552
    2540
    2623
    2569
    2558
    2587
    2548
    2531
    2550
    2529
    2470
    2474
    2495
    2460
    2407
    2384
    2492
    2442
    2417
    2488
    2453
    2403
    2461
    2379
    2448
    2438
    2442
    2452
    2438
    2449
    2499
    2478
    2385
    2410
    2330
    2360
    2359
    2405
    2376
    2333
    2442
    2403
    2352
    2477
    2462
    2453
    2415
    2457
    2369
    2441
    2441
    2414
    2414
    2383
    2436
    2380
    2394
    2353
    2353
    2433
    2449
    2396
    2440
    2480
    2367
    2463
    2430
    2371
    2343
    2317
    2395
    2410
    2435
    2406
    2481
    2335
    2418
    2388
    2407
    2296
    2350
    2360
    2369
    2327
    2334
    2328
    2296
    2401
    2392
    2356
    2317
    2298
    2303
    2273
    2343
    2309
    2323
    2271
    2325
    2346
    2356
    2321
    2267
    2287
    2344
    2390
    2291
    2234
    2325
    2266
    2325
    2211
    2353
    2222
    2282
    2379
    2222
    2247
    2288
    2303
    2299
    2310
    2304
    2282
    2233
    2300
    2242
    2303
    2322
    2224
    2313
    2243
    2286
    2220
    2283
    2326
    2315
    2282
    2206
    2245
    2180
    2268
    2234
    2303
    2340
    2221
    2287
    2246
    2237
    2248
    2279
    2272
    2200
    2248
    2250
    2188
    2229
    2205
    2151
    2146
    2259
    2194
    2195
    2178
    2235
    2208
    2168
    2167
    2186
    2226
    2281
    2196
    2252
    2278
    2160
    2168
    2159
    2216
    2181
    2257
    2167
    2161
    2170
    2116
    2173
    2143
    2229
    2126
    2230
    2257
    2151
    2135
    2131
    2131
    2111
    2151
    2095
    2152
    2135
    2149
    2102
    2149
    2070
    2123
    2152
    2111
    2144
    2091
    2051
    2110
    2094
    2064
    2100
    2071
    2121
    2099
    2167
    2035
    2141
    2071
    2224
    2118
    2175
    2039
    2158
    2118
    2096
    2035
    2104
    2071
    2095
    2126
    2140
    2063
    2042
    2011
    2046
    2018
    2137
    2089
    2109
    2138
    2024
    2107
    2040
    2007
    2133
    1988
    2061
    2032
    2037
    2041
    2078
    2017
    1985
    2067
    2090
    2028
    2035
    2075
    2058
    2031
    2076
    2026
    2013
    1993
    1934
    1995
    2046
    2016
    2109
    1997
    2116
    2081
    2060
    1998
    2031
    2031
    2032
    2005
    2040
    1928
    2006
    2077
    2094
    1942
    2071
    2015
    2027
    2035
    1934
    1946
    2049
    1963
    2046
    2064
    2041
    1925
    1973
    2026
    2031
    2012
    2026
    2020
    2029
    2020
    1994
    2089
    1972
    2004
    2004
    2024
    2063
    2000
    1980
    1921
    1982
    1927
    2068
    2009
    2038
    1979
    1972
    1971
    1934
    1993
    1979
    1938
    1955
    1983
    1952
    1909
    1978
    2024
    1942
    1986
    1956
    1965
    2021
    2058
    1936
    2023
    2045
    1947
    1958
    1953
    1959
    2047
    1971
    1943
    1935
    1934
    1976
    1969
    2038
    2057
    2093
    2103
    2026
    2024
    2124
    1989
    1986
    2010
    2099
    1993
    2025
    2029
    2043
    2022
    1987
    2000
    2019
    1999
    2017
    2027
    2073
    1927
    2049
    1989
    2032
    2004
    1984
    1926
    1961
    1942
    1980
    1898
    1914
    1984
    1982
    2003
    1953
    2046
    2039
    1949
    2064
    2019
    1908
    1928
    1959
    1926
    1957
    1999
    1948
    1911
    1894
    1936
    1919
    1957
    2007
    1861
    1882
    1926
    1910
    1996
    1945
    1896
    1918
    1931
    1873
    1964
    1982
    2024
    1877
    1904
    1900
    1967
    1902
    1873
    1990
    1928
    2024
    1915
    1944
    1966
    1999
    2032
    1995
    1957
    2037
    1983
    1988
    2027
    1964
    1990
    1989
    2105
    1998
    2017
    2038
    2022
    1997
    2056
    1972
    1971
    2019
    1989
    2023
    2012
    2065
    2010
    1991
    2059
    2006
    2040
    2013
    2036
    2017
    2091
    2032
    2019
    2000
    1962
    1998
    1994
    1967
    2098
    1971
    1941
    1987
    2055
    2013
    2003
    2029
    2061
    1992
    2031
    1998
    2012
    2024
    1997
    1971
    2025
    1976
    1930
    1931
    1947
    2014
    1980
    2011
    1965
    1996
    1925
    2020
    1924
    1914
    1935
    1908
    1993
    1927
    1955
    1900
    1930
    1943
    1902
    1829
    1887
    1906
    1826
    1897
    1900
    1978
    1961
    1910
    1946
    1915
    1936
    1995
    1978
    1955
    2006
    2035
    1958
    2034
    2084
    2020
    2048
    2116
    2097
    2126
    2129
    2149
    2117
    2186
    2176
    2142
    2202
    2208
    2079
    2230
    2232
    2138
    2192
    2097
    2212
    2202
    2139
    2198
    2066
    2102
    2219
    2203
    2132
    2105
    2052
    2210
    2051
    1970
    2106
    2033
    2060
    2057
    2021
    1968
    1977
    2018
    1914
    1946
    1946
    1987
    1900
    1792
    1839
    1822
    1884
    1903
    1857
    1761
    1849
    1794
    1833
    1851
    1738
    1721
    1785
    1851
    1790
    1703
    1730
    1708
    1772
    1803
    1713
    1747
    1758
    1716
    1807
    1752
    1750
    1792
    1720
    1694
    1824
    1725
    1733
    1805
    1739
    1794
    1754
    1764
    1773
    1779
    1745
    1761
    1770
    1706
    1707
    1778
    1711
    1762
    1755
    1718
    1670
    1769
    1781
    1751
    1748
    1805
    1777
    1840
    1801
    1761
    1784
    1802
    1803
    1909
    1742
    1783
    1764
    1801
    1780
    1736
    1691
    1783
    1741
    1745
    1744
    1734
    1804
    1821
    1805
    1757
    1827
    1831
    1669
    1799
    1749
    1768
    1787
    1793
    1809
    1743
    1841
    1792
    1822
    1862
    1783
    1759
    1774
    1822
    1835
    1787
    1734
    1850
    1805
    1943
    1812
    1812
    1792
    1759
    1791
    1793
    1821
    1887
    1783
    1783
    1803
    1855
    1895
    1782
    1848
    1830
    1857
    1818
    1837
    1855
    1807
    1851
    1830
    1821
    1758
    1822
    1834
    1788
    1802
    1776
    1790
    1781
    1774
    1786
    1838
    1760
    1771
    1799
    1794
    1797
    1690
    1718
    1752
    1887
    1748
    1834
    1844
    1805
    1817
    1788
    1776
    1796
    1744
    1744
    1823
    1814
    1808
    1705
    1776
    1799
    1764
    1711
    1717
    1693
    1740
    1808
    1848
    1787
    1741
    1735
    1827
    1789
    1706
    1801
    1753
    1789
    1787
    1762
    1746
    1735
    1754
    1815
    1759
    1792
    1795
    1868
    1804
    1791
    1797
    1755
    1818
    1767
    1795
    1767
    1807
    1827
    1769
    1826
    1865
    1865
    1841
    1796
    1851
    1759
    1854
    1785
    1785
    1794
    1886
    1823
    1821
    1912
    1890
    1793
    1897
    1786
    1884
    1877
    1879
    1879
    1762
    1867
    1887
    1882
    1858
    1858
    1821
    1845
    1893
    1902
    1888
    1820
    1776
    1919
    1849
    1917
    1826
    1876
    1857
    1882
    1910
    1902
    1821
    1902
    1849
    1889
    1865
    1872
    1864
    1931
    1942
    1955
    1905
    1939
    1985
    1922
    1927
    1898
    1861
    1936
    1957
    1903
    1945
    1913
    1960
    1968
    1971
    1944
    2041
    1998
    1954
    1923
    1889
    1860
    1977
    1878
    1981
    1939
    1929
    2009
    2001
    1824
    1998
    1925
    1970
    1994
    1907
    1931
    1922
    1988
    2038
    1953
    2080
    1931
    1949
    1965
    1969
    2023
    1961
    2006
    1956
    1959
    1937
    2061
    1988
    1971
    2004
    2010
    1981
    2034
    2045
    2014
    2026
    2038
    2118
    2109
    2052
    2014
    1978
    2076
    2121
    2178
    2100
    2091
    2050
    2086
    2121
    2079
    2194
    2149
    2139
    2148
    2201
    2063
    2099
    2164
    2166
    2108
    2092
    2153
    2190
    2159
    2261
    2325
    2188
    2117
    2108
    2225
    2175
    2268
    2261
    2166
    2184
    2316
    2203
    2279
    2268
    2291
    2204
    2258
    2341
    2356
    2430
    2360
    2358
    2381
    2354
    2338
    2306
    2385
    2342
    2333
    2335
    2462
    2379
    2444
    2362
    2426
    2463
    2399
    2498
    2507
    2385
    2480
    2546
    2532
    2535
    2594
    2538
    2436
    2672
    2635
    2594
    2612
    2557
    2678
    2650
    2559
    2631
    2625
    2709
    2653
    2680
    2644
    2649
    2884
    2733
    2722
    2773
    2837
    2869
    2852
    2774
    2803
    2893
    2923
    2850
    3002
    3049
    2990
    3036
    3027
    3107
    2982
    2966
    3129
    3088
    3070
    3158
    3224
    3110
    3095
    3176
    3288
    3191
    3230
    3256
    3278
    3263
    3271
    3420
    3333
    3474
    3483
    3469
    3466
    3562
    3642
    3615
    3579
    3567
    3717
    3691
    3625
    3651
    3807
    3759
    3747
    3757
    3847
    3744
    3903
    3828
    3937
    3953
    3867
    4005
    4066
    3920
    4055
    3974
    4113
    4083
    4198
    4117
    4225
    4270
    4336
    4314
    4263
    4229
    4366
    4546
    4345
    4597
    4538
    4560
    4600
    4491
    4582
    4645
    4862
    4655
    4577
    4767
    4628
    4710
    4720
    4766
    4915
    4782
    4972
    4923
    4911
    5046
    5095
    5081
    5017
    5011
    4973
    5041
    5203
    5198
    5200
    5177
    5167
    5299
    5298
    5219
    5386
    5165
    5295
    5286
    5232
    5344
    5274
    5385
    5337
    5361
    5342
    5338
    5305
    5304
    5400
    5391
    5297
    5095
    5337
    5316
    5251
    5269
    5360
    5220
    5372
    5342
    5351
    5276
    5396
    5376
    5330
    5273
    5322
    5351
    5261
    5431
    5253
    5307
    5360
    5198
    5320
    5142
    5314
    5118
    5198
    5358
    5263
    5241
    5290
    5289
    5311
    5271
    5321
    5266
    5202
    5426
    5179
    5315
    5196
    5318
    5427
    5397
    5210
    5297
    5199
    5236
    5334
    5362
    5293
    5321
    5310
    5360
    5381
    5403
    5405
    5523
    5495
    5487
    5387
    5575
    5474
    5611
    5630
    5611
    5587
    5653
    5698
    5761
    5742
    5783
    5754
    5766
    5897
    5822
    5982
    5882
    5924
    5836
    5960
    6066
    5947
    6080
    6098
    6054
    6080
    6267
    6203
    6249
    6279
    6329
    6242
    6416
    6375
    6470
    6558
    6701
    6694
    6590
    6651
    6829
    6834
    6702
    6945
    6750
    6949
    7041
    7110
    7050
    7027
    7226
    7164
    7219
    7263
    7404
    7646
    7612
    7486
    7435
    7416
    7820
    7709
    7816
    7804
    7924
    7984
    7959
    8121
    8012
    8104
    8220
    8415
    8399
    8266
    8519
    8538
    8731
    8751
    8809
    8876
    8945
    8967
    9135
    9016
    9276
    9413
    9353
    9693
    9627
    9574
    9701
    9824
    9945
   10032
   10038
    9985
   10010
   10229
   10582
   10394
   10723
   10614
   10853
   11067
   10952
   10888
   11086
   11289
   11415
   11426
   11554
   11687
   11447
   11825
   12084
   12137
   12070
   12294
   12635
   12557
   12719
   12861
   12824
   12998
   12930
   13117
   13243
   13574
   13448
   13811
   13802
   13910
   13946
   14228
   14447
   14584
   14703
   14863
   14743
   15234
   15359
   15275
   15440
   15491
   15744
   15921
   16172
   16247
   16313
   16639
   16911
   17038
   17065
   17217
   17137
   17612
   17744
   17910
   18167
   18257
   18598
   18658
   18691
   19097
   19363
   19278
   19640
   19918
   19698
   20350
   20243
   20575
   20763
   20725
   21152
   21335
   21341
   22035
   22043
   22565
   22453
   22708
   23063
   23105
   23446
   23753
   23983
   24228
   24491
   24696
   25123
   25507
   25922
   25926
   26287
   26486
   26843
   27128
   27289
   27671
   28018
   28563
   28536
   28938
   29473
   29776
   29940
   30498
   30702
   31521
   31775
   31851
   32337
   32645
   33301
   33436
   34035
   34487
   34616
   35677
   35593
   36014
   36569
   37225
   37798
   38078
   38515
   39065
   39664
   40049
   40663
   41191
   41778
   42405
   43093
   43543
   44397
   44686
   45787
   46295
   46692
   47624
   48416
   49095
   49712
   50777
   51430
   52576
   52846
   54020
   54637
   55524
   56472
   56954
   58205
   59575
   60250
       0
       0
       0
       0
       0
       0
       0
       0
       0
       0
       0
       0
       0
       0
       0
       0
       0
       0
       0
       0
       0
       0
       0
       0
       0
       0
       0
       0
       0
       0
       0
       0
$ROI:
0
$PRESETS:
None
0
0
$ENER_FIT:
-0.169488 0.023446
$MCA_CAL:
3
-1.694878E-001 2.344633E-002 0.000000E+000 keV
$SHAPE_CAL:
3
0.000000E+000 0.000000E+000 0.000000E+000
