$SPEC_ID:
No sample description was entered.
$SPEC_REM:
DET# 4
DETDESC# JLAB-20 MCB 131
AP# Maestro Version 7.01
$DATE_MEA:
09/30/2025 18:36:44
$MEAS_TIM:
108255 110879
$DATA:
0 2047
       0
       0
       0
       0
       0
       0
       0
       0
       0
       0
       0
       0
       0
       0
       0
       0
       0
       0
       0
       0
       0
       0
       0
       0
       0
       0
       0
       0
       0
       0
       0
       0
       0
       0
       0
       0
       0
       0
       0
       0
       0
       0
       0
       0
       0
       0
       0
       0
       0
       0
       0
       0
       2
       0
       1
       1
       0
       0
       0
       0
       0
       0
       0
       1
       0
       1
       1
       1
       0
     408
   12257
   12393
   11709
   11248
   11168
   10665
   10499
   10441
   10178
   10163
    9933
    9978
    9810
    9709
    9668
    9559
    9348
    9172
    9115
    9356
    9136
    8748
    8912
    8744
    8720
    8556
    8523
    8639
    8464
    8468
    8413
    8363
    8225
    8312
    8101
    7946
    8015
    7939
    7903
    7785
    7699
    7709
    7780
    7657
    7535
    7614
    7404
    7448
    7379
    7171
    7286
    7207
    7169
    7207
    7145
    7111
    7262
    7101
    7005
    6823
    7043
    6928
    6635
    6801
    6608
    6783
    6701
    6818
    6583
    6537
    6614
    6547
    6475
    6414
    6419
    6431
    6471
    6569
    6395
    6545
    6251
    6469
    6177
    6331
    6212
    6117
    6228
    6214
    6212
    6134
    6177
    5960
    6089
    5975
    6066
    5957
    6026
    6042
    5960
    5997
    5884
    5822
    5899
    5772
    5968
    5893
    5838
    5798
    5850
    5809
    5714
    5729
    5869
    5721
    5657
    5783
    5646
    5689
    5718
    5636
    5601
    5635
    5513
    5701
    5762
    5521
    5667
    5511
    5578
    5643
    5513
    5531
    5553
    5600
    5439
    5393
    5423
    5468
    5407
    5398
    5462
    5478
    5438
    5343
    5516
    5421
    5373
    5478
    5437
    5432
    5553
    5423
    5387
    5542
    5428
    5403
    5365
    5311
    5422
    5372
    5349
    5341
    5315
    5416
    5450
    5353
    5305
    5402
    5259
    5286
    5293
    5325
    5340
    5199
    5411
    5370
    5246
    5309
    5444
    5293
    5383
    5301
    5369
    5382
    5370
    5363
    5370
    5473
    5430
    5392
    5356
    5241
    5497
    5477
    5531
    5423
    5378
    5555
    5636
    5573
    5448
    5464
    5525
    5555
    5574
    5471
    5602
    5524
    5476
    5516
    5500
    5488
    5636
    5628
    5583
    5512
    5596
    5545
    5641
    5594
    5665
    5551
    5594
    5663
    5566
    5694
    5692
    5671
    5763
    5861
    5928
    6094
    6125
    6253
    6535
    6678
    6881
    7439
    7807
    8476
    9072
    9831
   10893
   11968
   13253
   14691
   16721
   18696
   20672
   23057
   25791
   28761
   31661
   34837
   38781
   42172
   45581
   49189
   52217
   56407
   59648
   62984
   66356
   69339
   72034
   74826
   76263
   79034
   80204
   81861
   82785
   83876
   85064
   85642
   85431
   85793
   85783
   85701
   85184
   84602
   83740
   83306
   82284
   81242
   80228
   79282
   77709
   76547
   74765
   73379
   72002
   70195
   68523
   66980
   64906
   62851
   60794
   59466
   56942
   54889
   52650
   51009
   49167
   47044
   45201
   43026
   41075
   39033
   37398
   35770
   34007
   32775
   30893
   29861
   28425
   27528
   26653
   25503
   24588
   24210
   23257
   22434
   21905
   21048
   20492
   19552
   19089
   18453
   17568
   16986
   16404
   15763
   15170
   14152
   13454
   12792
   12311
   11562
   11086
   10192
    9676
    9102
    8381
    8123
    7408
    6956
    6599
    6182
    5917
    5319
    5156
    4777
    4626
    4485
    4434
    4240
    4002
    3867
    3796
    3711
    3728
    3698
    3695
    3715
    3667
    3689
    3565
    3715
    3629
    3603
    3549
    3700
    3624
    3744
    3592
    3657
    3688
    3744
    3417
    3642
    3568
    3658
    3616
    3512
    3559
    3460
    3537
    3490
    3552
    3558
    3364
    3531
    3464
    3446
    3354
    3453
    3457
    3365
    3344
    3369
    3338
    3380
    3384
    3345
    3309
    3291
    3224
    3261
    3325
    3228
    3241
    3175
    3305
    3293
    3248
    3217
    3221
    3304
    3138
    3254
    3223
    3074
    3144
    3198
    3030
    3111
    3111
    3173
    3109
    3084
    3162
    3156
    3151
    3106
    3141
    3233
    3091
    3067
    3066
    3055
    3094
    3078
    3174
    3102
    3124
    3111
    3131
    3087
    2999
    3014
    3148
    3147
    3158
    3041
    3166
    3140
    3133
    3070
    3093
    3143
    3129
    3087
    3220
    3208
    3081
    3182
    3136
    3144
    3122
    3096
    3149
    3133
    3114
    3001
    3138
    3142
    3024
    3106
    3087
    3082
    3089
    3129
    3085
    3049
    3042
    2950
    2945
    3026
    2999
    2981
    2847
    2964
    2908
    2958
    2888
    2900
    2859
    2820
    2882
    2913
    2875
    2794
    2847
    2846
    2831
    2833
    2899
    2838
    2856
    2885
    2853
    2795
    2808
    2789
    2719
    2740
    2783
    2724
    2686
    2654
    2753
    2692
    2685
    2789
    2695
    2671
    2711
    2602
    2712
    2703
    2701
    2712
    2686
    2720
    2747
    2724
    2638
    2662
    2581
    2602
    2637
    2670
    2630
    2610
    2709
    2660
    2591
    2732
    2731
    2732
    2681
    2718
    2615
    2702
    2714
    2673
    2671
    2666
    2709
    2666
    2649
    2615
    2601
    2711
    2705
    2646
    2682
    2772
    2613
    2680
    2712
    2645
    2625
    2567
    2663
    2655
    2685
    2662
    2709
    2585
    2681
    2630
    2639
    2529
    2596
    2617
    2632
    2564
    2590
    2575
    2534
    2639
    2609
    2622
    2574
    2534
    2573
    2521
    2591
    2575
    2577
    2533
    2571
    2595
    2614
    2566
    2510
    2517
    2563
    2670
    2518
    2485
    2573
    2521
    2572
    2464
    2578
    2451
    2518
    2608
    2483
    2486
    2521
    2547
    2559
    2581
    2526
    2536
    2469
    2541
    2461
    2552
    2568
    2462
    2536
    2465
    2546
    2466
    2519
    2587
    2556
    2551
    2437
    2478
    2436
    2508
    2501
    2546
    2576
    2492
    2537
    2469
    2481
    2502
    2517
    2509
    2416
    2491
    2507
    2423
    2478
    2444
    2377
    2391
    2492
    2423
    2427
    2392
    2455
    2436
    2386
    2394
    2472
    2480
    2536
    2445
    2477
    2504
    2395
    2425
    2379
    2466
    2412
    2493
    2412
    2397
    2437
    2354
    2385
    2373
    2452
    2343
    2455
    2486
    2397
    2326
    2360
    2364
    2361
    2386
    2317
    2386
    2372
    2380
    2338
    2361
    2294
    2390
    2380
    2357
    2351
    2321
    2290
    2348
    2295
    2278
    2315
    2286
    2377
    2317
    2378
    2253
    2370
    2263
    2424
    2314
    2388
    2261
    2375
    2346
    2320
    2261
    2310
    2271
    2302
    2335
    2370
    2288
    2269
    2254
    2273
    2239
    2369
    2340
    2331
    2367
    2255
    2352
    2263
    2262
    2339
    2209
    2275
    2266
    2284
    2250
    2275
    2246
    2219
    2268
    2315
    2268
    2265
    2300
    2271
    2247
    2308
    2241
    2242
    2201
    2178
    2225
    2272
    2264
    2339
    2213
    2306
    2290
    2282
    2232
    2247
    2245
    2236
    2230
    2257
    2134
    2223
    2282
    2301
    2157
    2277
    2234
    2233
    2261
    2137
    2160
    2253
    2183
    2255
    2284
    2237
    2165
    2165
    2261
    2237
    2236
    2246
    2265
    2266
    2239
    2193
    2315
    2192
    2208
    2213
    2233
    2254
    2209
    2178
    2122
    2201
    2137
    2269
    2232
    2228
    2179
    2194
    2208
    2152
    2188
    2182
    2154
    2168
    2216
    2181
    2119
    2173
    2234
    2155
    2212
    2144
    2148
    2226
    2266
    2173
    2230
    2238
    2152
    2179
    2185
    2159
    2263
    2171
    2159
    2153
    2182
    2195
    2197
    2296
    2284
    2308
    2298
    2225
    2228
    2347
    2236
    2218
    2204
    2288
    2200
    2250
    2257
    2237
    2235
    2211
    2222
    2244
    2187
    2227
    2256
    2329
    2138
    2294
    2195
    2256
    2196
    2215
    2142
    2175
    2147
    2185
    2103
    2131
    2202
    2195
    2193
    2157
    2256
    2218
    2157
    2278
    2226
    2113
    2113
    2153
    2122
    2157
    2195
    2156
    2106
    2107
    2147
    2142
    2171
    2208
    2075
    2063
    2128
    2112
    2197
    2136
    2107
    2136
    2126
    2078
    2151
    2205
    2209
    2074
    2103
    2125
    2190
    2135
    2092
    2184
    2133
    2233
    2098
    2192
    2174
    2232
    2229
    2190
    2180
    2258
    2215
    2194
    2250
    2192
    2208
    2204
    2309
    2205
    2216
    2259
    2255
    2221
    2288
    2185
    2203
    2253
    2207
    2245
    2262
    2287
    2208
    2210
    2296
    2219
    2270
    2251
    2226
    2252
    2356
    2269
    2259
    2233
    2144
    2199
    2199
    2182
    2321
    2157
    2176
    2176
    2254
    2218
    2205
    2239
    2295
    2216
    2275
    2204
    2206
    2241
    2212
    2174
    2238
    2211
    2147
    2136
    2170
    2235
    2198
    2236
    2184
    2215
    2137
    2200
    2127
    2133
    2131
    2124
    2184
    2123
    2162
    2111
    2148
    2169
    2100
    2015
    2087
    2122
    2014
    2096
    2099
    2187
    2170
    2128
    2189
    2151
    2147
    2219
    2206
    2161
    2213
    2240
    2156
    2236
    2284
    2258
    2278
    2344
    2322
    2347
    2344
    2377
    2351
    2416
    2404
    2374
    2448
    2480
    2323
    2454
    2480
    2368
    2433
    2343
    2464
    2446
    2381
    2428
    2317
    2327
    2444
    2419
    2336
    2321
    2276
    2445
    2278
    2193
    2329
    2258
    2271
    2279
    2248
    2176
    2163
    2221
    2125
    2136
    2172
    2188
    2112
    2009
    2050
    2016
    2084
    2126
    2040
    1952
    2065
    2006
    2022
    2046
    1928
    1899
    1952
    2051
    1967
    1890
    1912
    1887
    1964
    2003
    1898
    1939
    1944
    1928
    1992
    1915
    1932
    1973
    1894
    1884
    1992
    1926
    1924
    2000
    1931
    1986
    1949
    1957
    1957
    1959
    1925
    1954
    1961
    1877
    1895
    1965
    1908
    1935
    1936
    1896
    1850
    1950
    2002
    1952
    1952
    2006
    1988
    2018
    1980
    1958
    1980
    1962
    1986
    2115
    1921
    1985
    1939
    2000
    1992
    1914
    1871
    1967
    1929
    1934
    1933
    1947
    1990
    2010
    2000
    1933
    2020
    2017
    1856
    1994
    1941
    1962
    1958
    2002
    2014
    1940
    2017
    1993
    2005
    2060
    1974
    1970
    1968
    2012
    2042
    1985
    1923
    2020
    2015
    2132
    2021
    2007
    2010
    1934
    1993
    1994
    2037
    2082
    1974
    1971
    1982
    2058
    2097
    1981
    2035
    2049
    2049
    2023
    2038
    2051
    2028
    2029
    2022
    2001
    1948
    2052
    2051
    1965
    1996
    1958
    1966
    1954
    1992
    1986
    2053
    1954
    1955
    1992
    1978
    1996
    1876
    1913
    1956
    2080
    1946
    2023
    2048
    1994
    2006
    1971
    1963
    2002
    1915
    1953
    2018
    2019
    1980
    1894
    1968
    1979
    1968
    1889
    1886
    1893
    1942
    1984
    2019
    1977
    1929
    1947
    2007
    1976
    1893
    1979
    1921
    1982
    1986
    1941
    1928
    1953
    1936
    1994
    1942
    1955
    1982
    2067
    1990
    1961
    1979
    1958
    1999
    1964
    2008
    1958
    1970
    2034
    1950
    2029
    2073
    2051
    2050
    1977
    2045
    1948
    2060
    1983
    1978
    1991
    2059
    2020
    2015
    2118
    2094
    1993
    2075
    2009
    2069
    2088
    2076
    2059
    1971
    2074
    2068
    2068
    2063
    2058
    2016
    2031
    2105
    2105
    2096
    2012
    1973
    2128
    2054
    2114
    2038
    2080
    2063
    2106
    2113
    2103
    2038
    2098
    2042
    2073
    2095
    2072
    2064
    2122
    2156
    2146
    2110
    2139
    2205
    2149
    2171
    2107
    2075
    2170
    2169
    2123
    2162
    2108
    2140
    2179
    2161
    2131
    2261
    2216
    2167
    2157
    2086
    2089
    2179
    2098
    2185
    2142
    2125
    2213
    2202
    2025
    2204
    2159
    2179
    2231
    2109
    2130
    2145
    2196
    2245
    2168
    2285
    2156
    2158
    2161
    2205
    2219
    2193
    2199
    2161
    2172
    2163
    2260
    2212
    2196
    2190
    2245
    2207
    2244
    2249
    2229
    2279
    2238
    2338
    2318
    2279
    2200
    2185
    2291
    2335
    2392
    2340
    2321
    2255
    2299
    2365
    2333
    2417
    2351
    2338
    2364
    2425
    2300
    2340
    2392
    2399
    2352
    2332
    2379
    2421
    2365
    2479
    2540
    2418
    2377
    2364
    2460
    2421
    2516
    2513
    2404
    2422
    2592
    2463
    2539
    2484
    2552
    2468
    2475
    2594
    2586
    2681
    2608
    2616
    2652
    2618
    2617
    2562
    2622
    2595
    2558
    2579
    2716
    2610
    2707
    2624
    2649
    2727
    2699
    2765
    2784
    2677
    2756
    2807
    2823
    2811
    2862
    2823
    2737
    2941
    2904
    2895
    2899
    2824
    2942
    2955
    2854
    2911
    2919
    3006
    2936
    2972
    2931
    2943
    3205
    3032
    3044
    3078
    3140
    3165
    3173
    3122
    3114
    3213
    3199
    3166
    3299
    3389
    3301
    3327
    3362
    3453
    3325
    3289
    3469
    3418
    3393
    3480
    3561
    3442
    3427
    3519
    3667
    3553
    3570
    3615
    3609
    3651
    3625
    3783
    3710
    3830
    3860
    3840
    3850
    3948
    4008
    4015
    3961
    3946
    4113
    4057
    4038
    4074
    4207
    4176
    4151
    4155
    4268
    4146
    4285
    4235
    4311
    4366
    4326
    4441
    4485
    4374
    4464
    4383
    4591
    4514
    4651
    4581
    4705
    4700
    4791
    4734
    4743
    4697
    4804
    5020
    4860
    5038
    5004
    5037
    5057
    4970
    5074
    5151
    5356
    5178
    5073
    5309
    5121
    5203
    5281
    5311
    5449
    5313
    5476
    5459
    5473
    5597
    5623
    5638
    5580
    5543
    5518
    5619
    5707
    5759
    5758
    5731
    5739
    5826
    5845
    5778
    5950
    5751
    5861
    5824
    5794
    5921
    5810
    5974
    5904
    5939
    5895
    5896
    5923
    5871
    5996
    5973
    5855
    5664
    5917
    5910
    5840
    5848
    5939
    5768
    5900
    5902
    5868
    5847
    5950
    5961
    5891
    5881
    5886
    5943
    5832
    5990
    5799
    5874
    5958
    5762
    5899
    5688
    5876
    5640
    5783
    5932
    5852
    5797
    5831
    5914
    5921
    5858
    5902
    5836
    5780
    5995
    5752
    5876
    5756
    5941
    5987
    6006
    5789
    5856
    5765
    5841
    5874
    5925
    5903
    5862
    5911
    5940
    5981
    6043
    5982
    6114
    6065
    6079
    5942
    6191
    6084
    6247
    6262
    6173
    6198
    6267
    6320
    6330
    6353
    6429
    6375
    6391
    6531
    6502
    6604
    6504
    6561
    6485
    6607
    6697
    6617
    6730
    6772
    6683
    6771
    6965
    6902
    6894
    6899
    7038
    6955
    7123
    7093
    7125
    7304
    7390
    7401
    7316
    7359
    7492
    7502
    7473
    7700
    7457
    7720
    7796
    7874
    7812
    7844
    7967
    7931
    7978
    8064
    8219
    8457
    8458
    8322
    8246
    8244
    8685
    8508
    8655
    8634
    8754
    8827
    8829
    8966
    8868
    8949
    9127
    9292
    9291
    9173
    9447
    9465
    9643
    9702
    9736
    9882
    9899
    9982
   10075
    9989
   10255
   10459
   10379
   10780
   10666
   10607
   10713
   10866
   11017
   11101
   11157
   11079
   11093
   11315
   11733
   11490
   11874
   11799
   12003
   12239
   12135
   12133
   12275
   12484
   12643
   12637
   12794
   13013
   12669
   13131
   13382
   13531
   13379
   13617
   13923
   13861
   14112
   14256
   14206
   14370
   14307
   14519
   14657
   15055
   14822
   15319
   15251
   15462
   15519
   15811
   16021
   16135
   16296
   16468
   16318
   16919
   16992
   16892
   17094
   17113
   17438
   17602
   17924
   18020
   18036
   18441
   18767
   18859
   18965
   19042
   18997
   19512
   19670
   19874
   20116
   20211
   20598
   20601
   20802
   21136
   21366
   21427
   21817
   21997
   21812
   22547
   22366
   22733
   23002
   22984
   23304
   23612
   23587
   24451
   24430
   24932
   24855
   25075
   25576
   25721
   25941
   26344
   26558
   26823
   27123
   27318
   27852
   28321
   28733
   28796
   29124
   29306
   29693
   30054
   30200
   30668
   30999
   31578
   31563
   32122
   32573
   33032
   33129
   33736
   34087
   34914
   35104
   35312
   35756
   36120
   36948
   37003
   37684
   38168
   38373
   39525
   39417
   39885
   40459
   41098
   41810
   42175
   42678
   43320
   43952
   44302
   45105
   45600
   46211
   46973
   47684
   48223
   49133
   49594
   50730
   51300
   51844
   52715
   53707
   54508
   55070
   56299
   56936
   58259
   58473
   59870
   60440
   61626
   62663
   62994
   64573
   65858
   66741
       0
       0
       0
       0
       0
       0
       0
       0
       0
       0
       0
       0
       0
       0
       0
       0
       0
       0
       0
       0
       0
       0
       0
       0
       0
       0
       0
       0
       0
       0
       0
       0
$ROI:
0
$PRESETS:
None
0
0
$ENER_FIT:
-0.169488 0.023446
$MCA_CAL:
3
-1.694878E-001 2.344633E-002 0.000000E+000 keV
$SHAPE_CAL:
3
0.000000E+000 0.000000E+000 0.000000E+000
