$SPEC_ID:
No sample description was entered.
$SPEC_REM:
DET# 4
DETDESC# JLAB-20 MCB 131
AP# Maestro Version 7.01
$DATE_MEA:
09/30/2025 23:46:44
$MEAS_TIM:
126420 129480
$DATA:
0 2047
       0
       0
       0
       0
       0
       0
       0
       0
       0
       0
       0
       0
       0
       0
       0
       0
       0
       0
       0
       0
       0
       0
       0
       0
       0
       0
       0
       0
       0
       0
       0
       0
       0
       0
       0
       0
       0
       0
       0
       0
       0
       0
       0
       0
       0
       0
       0
       0
       0
       0
       0
       1
       2
       0
       1
       1
       0
       1
       0
       0
       0
       0
       0
       1
       0
       1
       1
       1
       1
     488
   14250
   14413
   13596
   13168
   12936
   12400
   12164
   12142
   11933
   11781
   11600
   11541
   11407
   11371
   11217
   11109
   10908
   10696
   10676
   10865
   10653
   10284
   10410
   10226
   10139
    9950
   10008
   10091
    9861
    9907
    9762
    9722
    9590
    9753
    9424
    9290
    9319
    9279
    9227
    9090
    9024
    9028
    9090
    8998
    8770
    8880
    8722
    8707
    8649
    8434
    8530
    8422
    8453
    8373
    8281
    8276
    8419
    8233
    8140
    7965
    8190
    8065
    7783
    7925
    7822
    7917
    7864
    7907
    7696
    7674
    7749
    7669
    7555
    7530
    7528
    7467
    7539
    7716
    7458
    7621
    7361
    7530
    7253
    7411
    7226
    7184
    7229
    7264
    7239
    7155
    7176
    6982
    7076
    7035
    7131
    6948
    7020
    7030
    6915
    6967
    6838
    6821
    6896
    6761
    6935
    6866
    6790
    6822
    6793
    6754
    6659
    6685
    6773
    6686
    6610
    6701
    6589
    6640
    6655
    6595
    6530
    6567
    6467
    6639
    6696
    6504
    6605
    6427
    6478
    6576
    6438
    6484
    6492
    6516
    6342
    6252
    6307
    6360
    6290
    6324
    6334
    6396
    6417
    6301
    6458
    6287
    6301
    6424
    6312
    6365
    6480
    6355
    6357
    6472
    6308
    6277
    6243
    6288
    6339
    6292
    6280
    6252
    6212
    6361
    6337
    6212
    6209
    6312
    6154
    6212
    6222
    6194
    6290
    6106
    6292
    6260
    6182
    6215
    6322
    6219
    6290
    6215
    6266
    6270
    6251
    6302
    6306
    6386
    6332
    6355
    6290
    6193
    6374
    6385
    6426
    6393
    6333
    6498
    6503
    6446
    6377
    6354
    6479
    6462
    6447
    6366
    6501
    6512
    6395
    6442
    6417
    6467
    6608
    6641
    6475
    6413
    6554
    6501
    6531
    6560
    6569
    6474
    6559
    6603
    6540
    6658
    6641
    6693
    6739
    6843
    6938
    7106
    7134
    7348
    7569
    7785
    8039
    8709
    9147
    9870
   10594
   11419
   12743
   13946
   15468
   17230
   19483
   21774
   24211
   26973
   30192
   33664
   36918
   40736
   45355
   49239
   53328
   57408
   61132
   65640
   69671
   73533
   77522
   80776
   84182
   87220
   89161
   92278
   93424
   95482
   96556
   97917
   99142
  100071
   99626
  100152
  100126
   99771
   99449
   98644
   97821
   97130
   96122
   95058
   93886
   92558
   90721
   89537
   87518
   85894
   84178
   82141
   80048
   78501
   75735
   73282
   71217
   69413
   66539
   64247
   61663
   59621
   57424
   54921
   52680
   50179
   47937
   45629
   43608
   41761
   39704
   38211
   36070
   34813
   33236
   32233
   31032
   29872
   28720
   28294
   27296
   26118
   25558
   24592
   23836
   22908
   22315
   21496
   20510
   19772
   19194
   18294
   17661
   16599
   15831
   14944
   14429
   13522
   12882
   11950
   11207
   10663
    9839
    9386
    8676
    8087
    7652
    7251
    6874
    6244
    6041
    5597
    5421
    5227
    5170
    4951
    4655
    4488
    4481
    4403
    4358
    4298
    4359
    4410
    4269
    4305
    4172
    4318
    4263
    4239
    4122
    4288
    4222
    4318
    4172
    4248
    4291
    4325
    4038
    4252
    4217
    4291
    4222
    4075
    4150
    4042
    4111
    4100
    4159
    4162
    3983
    4090
    4079
    3998
    3957
    4019
    4022
    3903
    3904
    3894
    3953
    3947
    3949
    3889
    3899
    3873
    3808
    3826
    3912
    3793
    3814
    3714
    3907
    3827
    3756
    3717
    3756
    3820
    3641
    3806
    3783
    3618
    3693
    3725
    3563
    3642
    3646
    3696
    3673
    3581
    3692
    3701
    3682
    3594
    3652
    3788
    3611
    3579
    3549
    3584
    3628
    3556
    3677
    3676
    3634
    3623
    3697
    3600
    3515
    3521
    3689
    3702
    3692
    3600
    3654
    3636
    3635
    3603
    3612
    3678
    3698
    3614
    3754
    3697
    3610
    3704
    3663
    3628
    3621
    3589
    3645
    3634
    3637
    3517
    3676
    3645
    3542
    3644
    3618
    3582
    3653
    3615
    3607
    3566
    3546
    3485
    3457
    3514
    3534
    3458
    3329
    3454
    3387
    3446
    3343
    3391
    3350
    3277
    3363
    3340
    3373
    3247
    3331
    3324
    3266
    3292
    3374
    3296
    3330
    3362
    3314
    3239
    3264
    3239
    3197
    3186
    3259
    3196
    3136
    3093
    3171
    3148
    3110
    3244
    3156
    3086
    3153
    3052
    3157
    3153
    3177
    3193
    3148
    3184
    3203
    3189
    3077
    3140
    3045
    3076
    3101
    3110
    3091
    3069
    3140
    3118
    3072
    3190
    3195
    3166
    3133
    3164
    3043
    3171
    3112
    3136
    3145
    3107
    3160
    3073
    3074
    3055
    3062
    3209
    3188
    3084
    3105
    3218
    3094
    3139
    3146
    3100
    3048
    3022
    3107
    3095
    3127
    3073
    3136
    2993
    3126
    3059
    3067
    2984
    3006
    3049
    3074
    2985
    3020
    3021
    2982
    3033
    3020
    3042
    3011
    2970
    2986
    2957
    2986
    2996
    3027
    2927
    3034
    3029
    3016
    2984
    2934
    2938
    2958
    3118
    2943
    2882
    2997
    2947
    3020
    2889
    3017
    2860
    2953
    3016
    2914
    2907
    2936
    3004
    2999
    3044
    2951
    3004
    2868
    2970
    2888
    2991
    2987
    2867
    2928
    2846
    2976
    2859
    2931
    3001
    3003
    2968
    2856
    2921
    2866
    2924
    2956
    2947
    2986
    2909
    2949
    2905
    2928
    2947
    2952
    2932
    2816
    2925
    2920
    2801
    2877
    2854
    2793
    2776
    2918
    2825
    2837
    2796
    2843
    2834
    2768
    2834
    2882
    2872
    2944
    2867
    2861
    2910
    2816
    2825
    2779
    2857
    2820
    2892
    2836
    2825
    2825
    2749
    2765
    2765
    2848
    2780
    2876
    2895
    2810
    2758
    2775
    2755
    2780
    2792
    2708
    2784
    2771
    2764
    2743
    2734
    2728
    2787
    2803
    2770
    2743
    2735
    2669
    2738
    2656
    2638
    2729
    2653
    2753
    2705
    2752
    2601
    2797
    2655
    2819
    2703
    2798
    2674
    2751
    2708
    2667
    2650
    2675
    2651
    2692
    2705
    2749
    2679
    2638
    2614
    2666
    2627
    2720
    2728
    2687
    2799
    2621
    2730
    2605
    2663
    2721
    2586
    2641
    2643
    2631
    2601
    2632
    2627
    2574
    2635
    2670
    2640
    2622
    2695
    2646
    2623
    2688
    2647
    2624
    2601
    2569
    2638
    2666
    2670
    2751
    2636
    2674
    2674
    2682
    2630
    2625
    2626
    2606
    2586
    2638
    2517
    2616
    2636
    2686
    2526
    2649
    2595
    2597
    2638
    2485
    2581
    2624
    2583
    2618
    2672
    2622
    2534
    2539
    2630
    2607
    2647
    2610
    2655
    2624
    2607
    2578
    2695
    2550
    2596
    2557
    2599
    2624
    2565
    2564
    2505
    2554
    2540
    2642
    2611
    2607
    2547
    2519
    2567
    2544
    2558
    2528
    2529
    2551
    2576
    2544
    2512
    2531
    2607
    2484
    2573
    2495
    2474
    2593
    2609
    2563
    2563
    2584
    2471
    2535
    2558
    2522
    2670
    2537
    2503
    2499
    2543
    2561
    2591
    2639
    2637
    2702
    2688
    2594
    2603
    2718
    2630
    2600
    2603
    2631
    2591
    2598
    2642
    2609
    2572
    2590
    2568
    2632
    2573
    2601
    2628
    2688
    2509
    2680
    2542
    2621
    2587
    2578
    2503
    2568
    2519
    2531
    2480
    2518
    2565
    2560
    2590
    2530
    2640
    2559
    2523
    2647
    2588
    2462
    2474
    2494
    2452
    2513
    2563
    2501
    2496
    2480
    2530
    2536
    2560
    2604
    2497
    2419
    2489
    2475
    2598
    2497
    2473
    2477
    2453
    2448
    2486
    2533
    2544
    2395
    2457
    2468
    2558
    2518
    2441
    2526
    2522
    2578
    2460
    2557
    2539
    2579
    2596
    2560
    2530
    2699
    2567
    2549
    2624
    2536
    2566
    2584
    2694
    2578
    2605
    2618
    2600
    2592
    2669
    2531
    2550
    2651
    2583
    2643
    2640
    2663
    2600
    2585
    2662
    2575
    2644
    2652
    2586
    2609
    2750
    2659
    2625
    2582
    2515
    2574
    2563
    2528
    2688
    2551
    2519
    2537
    2620
    2602
    2559
    2641
    2652
    2578
    2598
    2585
    2578
    2599
    2540
    2602
    2597
    2585
    2534
    2508
    2550
    2624
    2552
    2590
    2572
    2579
    2479
    2559
    2461
    2504
    2526
    2471
    2518
    2457
    2513
    2439
    2522
    2510
    2466
    2374
    2476
    2501
    2368
    2422
    2461
    2571
    2518
    2473
    2489
    2536
    2510
    2624
    2558
    2517
    2568
    2605
    2551
    2631
    2621
    2585
    2657
    2745
    2730
    2719
    2754
    2772
    2747
    2765
    2796
    2764
    2882
    2887
    2706
    2833
    2876
    2763
    2850
    2746
    2872
    2851
    2779
    2833
    2767
    2700
    2851
    2817
    2764
    2716
    2687
    2810
    2638
    2606
    2698
    2581
    2630
    2692
    2656
    2567
    2537
    2615
    2499
    2463
    2538
    2568
    2463
    2358
    2360
    2346
    2416
    2438
    2359
    2282
    2422
    2360
    2367
    2382
    2265
    2206
    2281
    2390
    2285
    2199
    2250
    2244
    2296
    2312
    2210
    2239
    2296
    2269
    2306
    2248
    2256
    2285
    2236
    2220
    2324
    2228
    2258
    2309
    2220
    2293
    2298
    2290
    2282
    2276
    2264
    2274
    2291
    2215
    2233
    2257
    2270
    2275
    2254
    2196
    2172
    2255
    2372
    2288
    2258
    2349
    2338
    2346
    2306
    2289
    2295
    2291
    2296
    2444
    2259
    2303
    2244
    2336
    2346
    2253
    2224
    2278
    2281
    2287
    2279
    2269
    2326
    2368
    2332
    2271
    2369
    2359
    2157
    2322
    2287
    2278
    2292
    2343
    2357
    2310
    2340
    2317
    2338
    2428
    2315
    2293
    2288
    2361
    2355
    2317
    2259
    2354
    2326
    2453
    2346
    2323
    2359
    2264
    2325
    2344
    2411
    2433
    2342
    2329
    2327
    2374
    2448
    2348
    2416
    2391
    2403
    2373
    2371
    2415
    2400
    2360
    2323
    2338
    2288
    2394
    2369
    2292
    2360
    2272
    2306
    2287
    2328
    2292
    2382
    2301
    2297
    2332
    2306
    2353
    2236
    2267
    2272
    2418
    2298
    2364
    2370
    2333
    2335
    2286
    2306
    2338
    2253
    2269
    2382
    2351
    2293
    2246
    2297
    2327
    2284
    2238
    2204
    2263
    2284
    2331
    2366
    2321
    2266
    2282
    2318
    2294
    2215
    2310
    2220
    2285
    2334
    2282
    2277
    2298
    2205
    2337
    2263
    2252
    2309
    2390
    2332
    2334
    2302
    2272
    2336
    2295
    2381
    2260
    2260
    2376
    2271
    2392
    2400
    2357
    2375
    2316
    2379
    2289
    2384
    2319
    2347
    2320
    2388
    2387
    2360
    2454
    2416
    2364
    2414
    2348
    2398
    2423
    2474
    2409
    2325
    2408
    2380
    2407
    2405
    2380
    2384
    2353
    2437
    2457
    2456
    2355
    2297
    2464
    2401
    2466
    2366
    2431
    2392
    2450
    2472
    2456
    2366
    2447
    2406
    2446
    2457
    2426
    2403
    2481
    2480
    2476
    2484
    2475
    2524
    2489
    2494
    2447
    2400
    2505
    2494
    2456
    2483
    2487
    2496
    2537
    2504
    2497
    2611
    2569
    2566
    2528
    2423
    2477
    2524
    2494
    2541
    2509
    2487
    2590
    2546
    2378
    2549
    2502
    2519
    2605
    2470
    2476
    2532
    2538
    2604
    2540
    2636
    2528
    2523
    2546
    2552
    2587
    2534
    2603
    2568
    2541
    2528
    2625
    2581
    2578
    2546
    2632
    2601
    2623
    2632
    2579
    2667
    2624
    2719
    2657
    2681
    2569
    2565
    2649
    2719
    2793
    2746
    2710
    2707
    2696
    2762
    2730
    2778
    2729
    2711
    2760
    2842
    2687
    2738
    2804
    2795
    2750
    2733
    2772
    2847
    2787
    2868
    2931
    2835
    2800
    2780
    2850
    2793
    2947
    2914
    2814
    2860
    2999
    2870
    2980
    2885
    2985
    2854
    2913
    3044
    3001
    3147
    3034
    3040
    3095
    3080
    3087
    2998
    3110
    3034
    3028
    3020
    3200
    3076
    3167
    3080
    3061
    3181
    3173
    3218
    3232
    3129
    3204
    3252
    3249
    3277
    3362
    3301
    3223
    3427
    3395
    3372
    3392
    3306
    3406
    3437
    3333
    3410
    3410
    3492
    3427
    3479
    3462
    3426
    3767
    3504
    3562
    3609
    3627
    3676
    3771
    3626
    3661
    3784
    3765
    3709
    3842
    3941
    3865
    3856
    3893
    4003
    3870
    3843
    4055
    4032
    3962
    4104
    4151
    4054
    3987
    4115
    4290
    4164
    4117
    4221
    4264
    4312
    4218
    4364
    4365
    4419
    4495
    4496
    4485
    4588
    4662
    4667
    4600
    4653
    4793
    4727
    4744
    4723
    4906
    4879
    4872
    4847
    4928
    4862
    4994
    4931
    5078
    5091
    5095
    5183
    5242
    5109
    5192
    5130
    5360
    5269
    5430
    5359
    5544
    5499
    5555
    5498
    5534
    5518
    5626
    5758
    5680
    5855
    5850
    5846
    5859
    5862
    5925
    6029
    6236
    6014
    5974
    6186
    6057
    6063
    6174
    6209
    6300
    6183
    6358
    6362
    6394
    6464
    6552
    6514
    6467
    6545
    6425
    6518
    6627
    6730
    6735
    6669
    6672
    6728
    6803
    6702
    6891
    6681
    6816
    6797
    6791
    6921
    6793
    6911
    6874
    6912
    6887
    6868
    6882
    6882
    6947
    7016
    6848
    6650
    6942
    6890
    6795
    6880
    6953
    6741
    6880
    6892
    6899
    6833
    7028
    7017
    6812
    6855
    6856
    6872
    6826
    6960
    6743
    6832
    6944
    6738
    6888
    6642
    6899
    6637
    6820
    6903
    6850
    6822
    6819
    6925
    6926
    6837
    6848
    6777
    6784
    6944
    6737
    6941
    6726
    6904
    6963
    7005
    6778
    6883
    6778
    6843
    6784
    6915
    6916
    6947
    6928
    6941
    7012
    7048
    7027
    7168
    7114
    7087
    6916
    7156
    7143
    7313
    7241
    7195
    7214
    7319
    7350
    7397
    7377
    7463
    7439
    7513
    7623
    7615
    7663
    7632
    7629
    7546
    7720
    7764
    7828
    7866
    7878
    7790
    7907
    8123
    8143
    8107
    8047
    8223
    8103
    8275
    8298
    8348
    8480
    8642
    8624
    8521
    8601
    8751
    8774
    8726
    8924
    8735
    8969
    9197
    9239
    9143
    9171
    9257
    9280
    9362
    9463
    9527
    9821
    9846
    9726
    9695
    9611
   10148
    9967
   10103
   10108
   10189
   10269
   10267
   10455
   10337
   10446
   10651
   10879
   10824
   10699
   10987
   11017
   11250
   11435
   11418
   11557
   11576
   11654
   11705
   11691
   11923
   12115
   12089
   12454
   12494
   12387
   12545
   12663
   12862
   12912
   13065
   12998
   13008
   13246
   13658
   13356
   13880
   13777
   13980
   14370
   14120
   14201
   14300
   14499
   14801
   14762
   14892
   15193
   14907
   15354
   15611
   15723
   15652
   15915
   16222
   16291
   16530
   16602
   16497
   16743
   16747
   16970
   17072
   17568
   17405
   17878
   17884
   18086
   18233
   18570
   18645
   18862
   18967
   19188
   19098
   19800
   19768
   19594
   19979
   20069
   20349
   20479
   20942
   20976
   21080
   21416
   21834
   21947
   22152
   22143
   22185
   22849
   22989
   23191
   23392
   23668
   23997
   24036
   24218
   24619
   24894
   24983
   25477
   25623
   25546
   26202
   26086
   26492
   26839
   26922
   27181
   27578
   27509
   28495
   28564
   28970
   29102
   29253
   29924
   29898
   30316
   30812
   31028
   31193
   31606
   31921
   32480
   33115
   33477
   33633
   33980
   34154
   34728
   35185
   35266
   35729
   36211
   36747
   36850
   37572
   38050
   38529
   38752
   39442
   39896
   40692
   40953
   41237
   41689
   42265
   42921
   43095
   44088
   44670
   44843
   46022
   46189
   46493
   47170
   47876
   48908
   49288
   50006
   50443
   51170
   51666
   52622
   53253
   53793
   54780
   55673
   56323
   57395
   57979
   59093
   59949
   60574
   61438
   62574
   63638
   64260
   65540
   66346
   68128
   68226
   69817
   70470
   72038
   73134
   73529
   75360
   77072
   77872
       0
       0
       0
       0
       0
       0
       0
       0
       0
       0
       0
       0
       0
       0
       0
       0
       0
       0
       0
       0
       0
       0
       0
       0
       0
       0
       0
       0
       0
       0
       0
       0
$ROI:
0
$PRESETS:
None
0
0
$ENER_FIT:
-0.169488 0.023446
$MCA_CAL:
3
-1.694878E-001 2.344633E-002 0.000000E+000 keV
$SHAPE_CAL:
3
0.000000E+000 0.000000E+000 0.000000E+000
