$SPEC_ID:
No sample description was entered.
$SPEC_REM:
DET# 4
DETDESC# JLAB-20 MCB 131
AP# Maestro Version 7.01
$DATE_MEA:
09/30/2025 07:36:44
$MEAS_TIM:
69587 71278
$DATA:
0 2047
       0
       0
       0
       0
       0
       0
       0
       0
       0
       0
       0
       0
       0
       0
       0
       0
       0
       0
       0
       0
       0
       0
       0
       0
       0
       0
       0
       0
       0
       0
       0
       0
       0
       0
       0
       0
       0
       0
       0
       0
       0
       0
       0
       0
       0
       0
       0
       0
       0
       0
       0
       0
       1
       0
       1
       0
       0
       0
       0
       0
       0
       0
       0
       1
       0
       1
       0
       0
       0
     248
    7808
    7926
    7506
    7145
    7201
    6901
    6720
    6702
    6579
    6430
    6334
    6545
    6277
    6294
    6198
    6205
    6100
    5906
    5871
    6047
    5841
    5542
    5738
    5592
    5565
    5469
    5536
    5621
    5515
    5464
    5413
    5346
    5294
    5397
    5206
    5107
    5203
    5069
    5163
    5032
    4950
    4900
    4963
    4901
    4798
    4869
    4817
    4739
    4648
    4614
    4669
    4657
    4565
    4643
    4629
    4571
    4659
    4528
    4463
    4432
    4534
    4416
    4287
    4351
    4231
    4356
    4335
    4358
    4295
    4223
    4262
    4253
    4189
    4204
    4190
    4139
    4165
    4235
    4182
    4223
    3980
    4172
    3926
    4066
    3953
    3973
    3991
    3993
    4030
    3899
    3945
    3860
    3861
    3868
    3911
    3882
    3890
    3893
    3851
    3868
    3765
    3759
    3792
    3723
    3838
    3787
    3834
    3669
    3755
    3775
    3675
    3681
    3785
    3673
    3631
    3694
    3606
    3617
    3651
    3649
    3595
    3602
    3518
    3630
    3721
    3566
    3670
    3554
    3586
    3666
    3568
    3610
    3613
    3623
    3470
    3523
    3484
    3500
    3546
    3472
    3500
    3565
    3446
    3370
    3571
    3510
    3483
    3472
    3462
    3551
    3528
    3480
    3474
    3550
    3504
    3547
    3407
    3470
    3548
    3438
    3447
    3460
    3378
    3495
    3512
    3461
    3369
    3485
    3369
    3453
    3439
    3456
    3425
    3316
    3495
    3458
    3418
    3409
    3472
    3403
    3449
    3409
    3464
    3493
    3459
    3419
    3408
    3515
    3539
    3505
    3440
    3388
    3562
    3552
    3506
    3474
    3462
    3533
    3602
    3570
    3462
    3462
    3509
    3580
    3622
    3537
    3549
    3573
    3581
    3568
    3572
    3548
    3624
    3643
    3583
    3504
    3639
    3557
    3582
    3610
    3619
    3510
    3651
    3660
    3611
    3705
    3657
    3685
    3727
    3793
    3725
    3883
    3980
    4043
    4302
    4264
    4409
    4714
    5033
    5493
    5818
    6352
    7106
    7672
    8460
    9526
   10710
   11918
   13274
   14876
   16461
   18472
   20316
   22483
   24927
   27044
   29367
   31527
   33575
   36278
   38571
   40867
   42650
   44440
   46297
   48326
   49058
   50820
   51448
   52645
   53349
   54010
   54751
   54985
   54805
   55194
   55136
   55148
   54945
   54517
   53798
   53438
   52871
   52144
   51544
   51021
   49783
   49011
   48147
   47312
   46456
   45091
   43981
   43069
   41809
   40435
   39179
   38135
   36635
   35254
   33630
   32481
   31578
   30178
   28999
   27948
   26483
   25323
   23930
   22957
   21975
   21076
   19919
   19159
   18365
   17721
   17282
   16427
   15839
   15482
   14953
   14403
   14114
   13478
   13354
   12493
   12282
   11844
   11242
   10881
   10532
    9980
    9875
    9164
    8630
    8187
    7831
    7428
    7082
    6577
    6149
    5917
    5307
    5272
    4747
    4475
    4189
    3967
    3750
    3405
    3273
    3067
    2996
    2891
    2792
    2728
    2514
    2508
    2468
    2421
    2427
    2390
    2335
    2434
    2326
    2314
    2257
    2387
    2381
    2349
    2292
    2382
    2371
    2409
    2307
    2350
    2356
    2384
    2223
    2312
    2291
    2309
    2319
    2260
    2306
    2252
    2295
    2250
    2330
    2303
    2207
    2242
    2218
    2203
    2137
    2201
    2230
    2148
    2136
    2176
    2160
    2184
    2213
    2146
    2135
    2134
    2079
    2099
    2151
    2093
    2086
    2035
    2142
    2070
    2076
    2056
    2106
    2172
    1992
    2094
    2054
    2013
    1994
    2069
    1920
    1994
    1963
    2067
    2018
    1961
    2000
    1991
    2034
    2014
    2037
    2099
    1979
    1944
    2035
    1943
    1963
    1934
    2047
    1992
    2042
    1982
    2001
    2004
    1899
    1925
    2025
    2030
    1969
    1931
    2040
    2020
    1994
    1932
    2011
    2054
    2027
    1968
    2062
    2107
    1984
    2081
    2022
    2015
    2001
    2005
    2048
    2019
    1977
    1961
    2056
    2041
    1990
    2037
    2000
    1953
    1957
    1954
    1985
    1922
    1975
    1900
    1904
    1967
    1941
    1931
    1856
    1900
    1920
    1884
    1808
    1842
    1840
    1860
    1860
    1873
    1869
    1799
    1858
    1808
    1808
    1793
    1889
    1849
    1793
    1854
    1868
    1777
    1782
    1836
    1782
    1788
    1821
    1783
    1733
    1689
    1776
    1721
    1727
    1715
    1781
    1709
    1780
    1684
    1698
    1702
    1758
    1764
    1723
    1735
    1750
    1729
    1700
    1749
    1655
    1663
    1692
    1718
    1709
    1696
    1723
    1689
    1657
    1787
    1776
    1766
    1714
    1702
    1673
    1745
    1750
    1679
    1740
    1690
    1734
    1651
    1730
    1680
    1707
    1766
    1758
    1742
    1697
    1754
    1650
    1732
    1726
    1694
    1682
    1673
    1699
    1711
    1764
    1736
    1751
    1661
    1722
    1654
    1694
    1634
    1659
    1681
    1683
    1665
    1683
    1671
    1670
    1703
    1701
    1683
    1666
    1633
    1639
    1580
    1651
    1674
    1660
    1607
    1622
    1671
    1656
    1637
    1639
    1675
    1657
    1708
    1677
    1589
    1674
    1633
    1620
    1593
    1684
    1599
    1588
    1700
    1605
    1635
    1597
    1675
    1587
    1658
    1680
    1645
    1613
    1632
    1569
    1622
    1663
    1581
    1653
    1579
    1625
    1599
    1610
    1635
    1662
    1614
    1595
    1607
    1516
    1593
    1612
    1677
    1674
    1587
    1621
    1557
    1571
    1614
    1628
    1614
    1594
    1618
    1610
    1549
    1595
    1558
    1546
    1529
    1638
    1551
    1569
    1569
    1584
    1578
    1550
    1557
    1570
    1618
    1630
    1553
    1613
    1585
    1552
    1548
    1536
    1558
    1556
    1614
    1521
    1496
    1535
    1511
    1590
    1562
    1547
    1519
    1564
    1614
    1542
    1558
    1511
    1526
    1496
    1540
    1498
    1508
    1497
    1599
    1503
    1528
    1474
    1518
    1562
    1518
    1512
    1468
    1455
    1536
    1488
    1463
    1480
    1475
    1520
    1498
    1549
    1456
    1532
    1500
    1580
    1533
    1556
    1440
    1535
    1535
    1479
    1460
    1520
    1486
    1501
    1513
    1532
    1496
    1431
    1439
    1442
    1408
    1502
    1492
    1531
    1473
    1490
    1487
    1456
    1450
    1495
    1416
    1465
    1465
    1411
    1451
    1512
    1459
    1431
    1454
    1474
    1432
    1455
    1487
    1492
    1451
    1468
    1459
    1467
    1393
    1343
    1451
    1444
    1446
    1495
    1412
    1533
    1470
    1491
    1438
    1476
    1453
    1441
    1436
    1429
    1386
    1456
    1499
    1484
    1386
    1487
    1423
    1439
    1440
    1408
    1378
    1476
    1432
    1417
    1488
    1434
    1392
    1432
    1420
    1448
    1428
    1460
    1437
    1428
    1434
    1432
    1468
    1383
    1438
    1460
    1479
    1455
    1404
    1411
    1369
    1361
    1375
    1452
    1440
    1448
    1400
    1409
    1400
    1403
    1402
    1406
    1388
    1376
    1410
    1371
    1366
    1407
    1413
    1359
    1436
    1400
    1389
    1453
    1445
    1380
    1438
    1457
    1385
    1379
    1348
    1401
    1431
    1437
    1395
    1374
    1377
    1420
    1402
    1439
    1461
    1518
    1485
    1418
    1431
    1520
    1452
    1392
    1447
    1475
    1420
    1439
    1475
    1459
    1455
    1438
    1394
    1444
    1446
    1412
    1435
    1474
    1374
    1434
    1389
    1483
    1438
    1418
    1382
    1404
    1403
    1435
    1382
    1382
    1432
    1456
    1427
    1424
    1476
    1416
    1385
    1491
    1453
    1367
    1418
    1418
    1412
    1398
    1436
    1376
    1356
    1320
    1385
    1344
    1380
    1455
    1329
    1343
    1388
    1365
    1425
    1392
    1378
    1387
    1425
    1318
    1425
    1420
    1446
    1324
    1342
    1358
    1422
    1346
    1320
    1422
    1386
    1427
    1348
    1376
    1382
    1432
    1459
    1424
    1396
    1476
    1400
    1406
    1442
    1427
    1438
    1411
    1522
    1418
    1455
    1465
    1453
    1416
    1470
    1418
    1431
    1442
    1390
    1454
    1415
    1464
    1441
    1407
    1487
    1419
    1433
    1456
    1427
    1443
    1480
    1442
    1477
    1429
    1403
    1413
    1421
    1404
    1497
    1431
    1384
    1446
    1453
    1487
    1418
    1477
    1491
    1462
    1449
    1406
    1465
    1467
    1443
    1402
    1448
    1406
    1384
    1363
    1363
    1418
    1431
    1466
    1391
    1385
    1360
    1462
    1367
    1344
    1333
    1364
    1404
    1349
    1376
    1314
    1393
    1380
    1356
    1295
    1391
    1342
    1291
    1355
    1378
    1427
    1402
    1378
    1389
    1359
    1327
    1416
    1421
    1375
    1449
    1440
    1395
    1425
    1486
    1481
    1465
    1513
    1491
    1520
    1492
    1518
    1513
    1525
    1547
    1529
    1583
    1585
    1436
    1601
    1619
    1489
    1539
    1474
    1569
    1519
    1527
    1601
    1442
    1511
    1603
    1564
    1494
    1518
    1492
    1571
    1471
    1368
    1492
    1448
    1453
    1488
    1424
    1385
    1419
    1470
    1376
    1394
    1396
    1437
    1402
    1284
    1323
    1303
    1358
    1351
    1311
    1278
    1315
    1290
    1317
    1302
    1246
    1208
    1284
    1335
    1285
    1198
    1248
    1205
    1271
    1271
    1222
    1251
    1235
    1272
    1320
    1293
    1245
    1281
    1229
    1199
    1307
    1207
    1226
    1305
    1232
    1283
    1250
    1262
    1265
    1271
    1241
    1275
    1280
    1206
    1227
    1289
    1195
    1256
    1240
    1206
    1219
    1254
    1290
    1253
    1276
    1263
    1288
    1287
    1255
    1250
    1306
    1272
    1305
    1359
    1237
    1261
    1253
    1283
    1258
    1233
    1188
    1250
    1225
    1205
    1216
    1258
    1290
    1317
    1275
    1252
    1286
    1292
    1205
    1270
    1227
    1249
    1287
    1262
    1278
    1212
    1295
    1297
    1312
    1327
    1278
    1244
    1253
    1291
    1333
    1303
    1259
    1316
    1286
    1419
    1283
    1327
    1295
    1238
    1303
    1281
    1322
    1330
    1275
    1272
    1290
    1315
    1351
    1303
    1302
    1317
    1361
    1293
    1330
    1313
    1288
    1309
    1323
    1311
    1264
    1302
    1281
    1273
    1289
    1249
    1267
    1266
    1264
    1265
    1327
    1217
    1268
    1255
    1290
    1254
    1226
    1282
    1247
    1309
    1301
    1304
    1307
    1284
    1266
    1292
    1270
    1283
    1227
    1250
    1326
    1325
    1289
    1226
    1276
    1291
    1259
    1216
    1228
    1211
    1292
    1279
    1343
    1241
    1239
    1242
    1332
    1256
    1218
    1261
    1272
    1293
    1311
    1270
    1232
    1236
    1242
    1255
    1274
    1299
    1274
    1338
    1290
    1305
    1267
    1236
    1292
    1245
    1264
    1229
    1303
    1307
    1267
    1307
    1310
    1342
    1306
    1278
    1344
    1265
    1306
    1249
    1287
    1275
    1310
    1306
    1283
    1386
    1355
    1289
    1365
    1298
    1335
    1334
    1353
    1335
    1230
    1339
    1333
    1342
    1288
    1333
    1316
    1320
    1392
    1366
    1337
    1303
    1272
    1380
    1306
    1343
    1284
    1333
    1323
    1351
    1363
    1336
    1285
    1324
    1346
    1326
    1335
    1350
    1328
    1374
    1352
    1382
    1344
    1349
    1433
    1361
    1381
    1355
    1309
    1384
    1420
    1337
    1348
    1357
    1422
    1404
    1440
    1368
    1459
    1445
    1382
    1386
    1352
    1328
    1386
    1336
    1381
    1440
    1410
    1407
    1427
    1291
    1432
    1358
    1431
    1415
    1375
    1336
    1334
    1422
    1451
    1412
    1463
    1379
    1380
    1384
    1403
    1440
    1393
    1433
    1401
    1393
    1388
    1447
    1416
    1400
    1402
    1427
    1433
    1453
    1454
    1448
    1428
    1443
    1553
    1468
    1451
    1460
    1420
    1477
    1503
    1548
    1522
    1510
    1471
    1533
    1477
    1471
    1558
    1525
    1566
    1516
    1587
    1451
    1497
    1534
    1555
    1490
    1499
    1547
    1561
    1538
    1598
    1660
    1564
    1494
    1498
    1596
    1574
    1596
    1620
    1550
    1538
    1646
    1522
    1637
    1607
    1625
    1561
    1620
    1670
    1674
    1725
    1671
    1648
    1713
    1677
    1680
    1654
    1684
    1674
    1652
    1658
    1738
    1665
    1714
    1729
    1723
    1739
    1710
    1742
    1789
    1687
    1772
    1821
    1816
    1803
    1800
    1781
    1744
    1879
    1888
    1857
    1860
    1849
    1897
    1920
    1849
    1881
    1858
    1953
    1880
    1913
    1849
    1857
    2026
    1935
    1934
    2004
    2022
    2025
    2009
    2016
    1999
    2032
    2108
    2046
    2149
    2222
    2107
    2160
    2160
    2236
    2118
    2126
    2215
    2175
    2195
    2268
    2302
    2230
    2259
    2280
    2383
    2289
    2303
    2313
    2340
    2293
    2339
    2412
    2355
    2490
    2495
    2462
    2462
    2576
    2589
    2591
    2546
    2505
    2649
    2637
    2550
    2585
    2679
    2665
    2677
    2741
    2739
    2678
    2809
    2735
    2818
    2812
    2789
    2876
    2905
    2758
    2905
    2828
    2901
    2894
    2988
    2931
    3026
    3029
    3148
    3098
    3021
    3023
    3082
    3227
    3099
    3290
    3239
    3234
    3306
    3222
    3228
    3275
    3450
    3364
    3231
    3398
    3233
    3348
    3364
    3402
    3469
    3422
    3544
    3543
    3469
    3588
    3579
    3597
    3547
    3552
    3550
    3633
    3723
    3715
    3758
    3709
    3714
    3767
    3775
    3711
    3778
    3681
    3806
    3745
    3753
    3799
    3758
    3900
    3818
    3760
    3823
    3873
    3762
    3779
    3840
    3844
    3744
    3620
    3864
    3790
    3701
    3759
    3825
    3720
    3862
    3823
    3784
    3785
    3858
    3828
    3812
    3742
    3771
    3844
    3778
    3878
    3754
    3866
    3781
    3666
    3760
    3698
    3825
    3692
    3686
    3829
    3761
    3711
    3809
    3758
    3735
    3716
    3722
    3786
    3684
    3901
    3746
    3840
    3736
    3767
    3845
    3867
    3701
    3768
    3660
    3717
    3854
    3790
    3715
    3812
    3768
    3811
    3871
    3805
    3854
    3959
    3938
    3943
    3830
    3953
    3896
    4028
    4060
    4055
    3995
    3972
    4063
    4144
    4063
    4124
    4092
    4097
    4259
    4154
    4192
    4171
    4230
    4124
    4186
    4382
    4235
    4265
    4255
    4367
    4314
    4432
    4350
    4461
    4529
    4495
    4416
    4576
    4503
    4609
    4642
    4808
    4798
    4716
    4679
    4864
    4905
    4731
    4989
    4765
    4934
    5011
    5060
    5054
    5052
    5120
    5073
    5194
    5213
    5216
    5456
    5452
    5292
    5373
    5249
    5590
    5515
    5555
    5590
    5657
    5693
    5594
    5747
    5657
    5771
    5911
    6012
    6020
    5927
    6098
    6080
    6119
    6306
    6232
    6338
    6334
    6402
    6496
    6421
    6566
    6726
    6641
    6950
    6791
    6905
    6952
    7025
    7055
    7074
    7152
    7210
    7097
    7337
    7575
    7370
    7623
    7568
    7760
    7933
    7827
    7690
    7895
    8057
    8160
    8060
    8248
    8308
    8103
    8389
    8570
    8679
    8521
    8765
    8964
    9005
    9009
    9106
    9126
    9319
    9232
    9334
    9458
    9634
    9608
    9791
    9934
    9818
    9986
   10172
   10345
   10399
   10434
   10681
   10587
   10869
   10936
   10775
   11032
   11017
   11187
   11352
   11525
   11612
   11625
   11902
   12017
   12167
   12209
   12283
   12148
   12503
   12711
   12872
   12915
   13035
   13295
   13203
   13206
   13615
   13661
   13786
   13978
   14246
   14000
   14497
   14435
   14633
   14815
   14865
   15118
   15228
   15259
   15814
   15736
   16068
   16057
   16111
   16509
   16575
   16783
   16878
   17105
   17306
   17531
   17694
   17917
   18250
   18378
   18590
   18695
   18830
   19048
   19337
   19426
   19767
   20006
   20246
   20363
   20628
   20993
   21327
   21149
   21774
   21767
   22364
   22628
   22753
   23131
   23145
   23761
   23841
   24078
   24697
   24679
   25541
   25445
   25830
   25960
   26660
   26847
   27213
   27483
   27905
   28359
   28545
   29163
   29353
   29681
   30316
   30700
   31092
   31513
   32048
   32593
   33297
   33367
   33969
   34609
   35143
   35606
   36180
   36572
   37632
   37625
   38736
   38885
   39648
   40155
   40481
   41406
   42418
   42922
       0
       0
       0
       0
       0
       0
       0
       0
       0
       0
       0
       0
       0
       0
       0
       0
       0
       0
       0
       0
       0
       0
       0
       0
       0
       0
       0
       0
       0
       0
       0
       0
$ROI:
0
$PRESETS:
None
0
0
$ENER_FIT:
-0.169488 0.023446
$MCA_CAL:
3
-1.694878E-001 2.344633E-002 0.000000E+000 keV
$SHAPE_CAL:
3
0.000000E+000 0.000000E+000 0.000000E+000
