$SPEC_ID:
No sample description was entered.
$SPEC_REM:
DET# 4
DETDESC# JLAB-20 MCB 131
AP# Maestro Version 7.01
$DATE_MEA:
09/29/2025 14:26:44
$MEAS_TIM:
9249 9477
$DATA:
0 2047
       0
       0
       0
       0
       0
       0
       0
       0
       0
       0
       0
       0
       0
       0
       0
       0
       0
       0
       0
       0
       0
       0
       0
       0
       0
       0
       0
       0
       0
       0
       0
       0
       0
       0
       0
       0
       0
       0
       0
       0
       0
       0
       0
       0
       0
       0
       0
       0
       0
       0
       0
       0
       0
       0
       0
       0
       0
       0
       0
       0
       0
       0
       0
       0
       0
       0
       0
       0
       0
      25
    1025
    1083
    1025
     904
     984
     903
     939
     802
     855
     874
     796
     894
     844
     815
     844
     843
     810
     833
     796
     767
     785
     754
     757
     695
     706
     740
     690
     727
     741
     748
     737
     724
     714
     713
     688
     706
     642
     651
     677
     640
     637
     636
     681
     615
     652
     671
     597
     596
     629
     659
     608
     588
     605
     622
     645
     641
     609
     623
     614
     612
     588
     615
     582
     615
     540
     605
     584
     559
     557
     577
     552
     550
     535
     616
     558
     524
     536
     582
     571
     574
     562
     553
     576
     537
     531
     520
     521
     541
     517
     486
     526
     499
     489
     491
     536
     525
     524
     542
     535
     519
     531
     473
     530
     494
     508
     477
     567
     530
     487
     532
     490
     473
     509
     479
     456
     446
     484
     512
     489
     483
     487
     463
     477
     504
     502
     481
     473
     485
     470
     476
     462
     522
     467
     506
     447
     445
     459
     500
     484
     449
     441
     459
     451
     438
     471
     438
     446
     502
     468
     468
     456
     480
     455
     488
     492
     486
     455
     513
     465
     454
     473
     447
     473
     502
     475
     496
     468
     433
     425
     423
     488
     436
     433
     446
     438
     484
     428
     424
     438
     422
     454
     444
     450
     452
     453
     442
     476
     496
     479
     467
     456
     463
     515
     483
     452
     449
     483
     457
     462
     480
     481
     470
     477
     483
     510
     470
     509
     475
     457
     483
     485
     484
     477
     476
     446
     450
     534
     492
     461
     449
     487
     457
     521
     505
     468
     528
     477
     429
     505
     530
     514
     543
     530
     516
     585
     561
     583
     612
     690
     749
     746
     856
     941
    1035
    1129
    1201
    1459
    1508
    1764
    1991
    2154
    2388
    2651
    2908
    3188
    3549
    3715
    4140
    4420
    4657
    5158
    5431
    5615
    5762
    6150
    6410
    6388
    6616
    6783
    7101
    7075
    7242
    7201
    7398
    7141
    7373
    7417
    7277
    7351
    7221
    7135
    7125
    7093
    7019
    6953
    6643
    6652
    6580
    6403
    6297
    6163
    6024
    5734
    5806
    5571
    5304
    5286
    5096
    4979
    4647
    4462
    4289
    4154
    4021
    3873
    3826
    3484
    3380
    3175
    3080
    2952
    2846
    2566
    2633
    2525
    2460
    2418
    2173
    2088
    2088
    2067
    1857
    1891
    1801
    1836
    1648
    1683
    1621
    1475
    1508
    1352
    1309
    1352
    1155
    1132
    1116
    1040
    1021
    1000
     885
     824
     821
     752
     727
     634
     619
     608
     556
     528
     432
     431
     408
     405
     387
     385
     379
     325
     327
     325
     333
     347
     339
     317
     330
     287
     332
     256
     316
     324
     324
     298
     304
     328
     318
     298
     312
     317
     322
     278
     298
     279
     312
     293
     313
     307
     288
     324
     290
     328
     330
     280
     279
     296
     289
     270
     298
     305
     298
     288
     287
     296
     296
     296
     300
     283
     290
     282
     235
     300
     255
     270
     286
     299
     284
     277
     274
     281
     287
     259
     267
     259
     259
     248
     264
     237
     249
     271
     285
     256
     281
     296
     277
     271
     277
     278
     301
     268
     248
     257
     276
     269
     265
     284
     251
     269
     255
     289
     276
     266
     249
     270
     308
     268
     256
     259
     262
     275
     233
     265
     301
     249
     235
     262
     280
     297
     307
     242
     275
     249
     288
     281
     258
     265
     265
     252
     272
     259
     281
     280
     261
     262
     234
     257
     231
     242
     270
     244
     266
     256
     251
     254
     235
     269
     252
     226
     257
     243
     231
     265
     237
     243
     275
     262
     254
     243
     233
     245
     237
     217
     226
     259
     243
     245
     227
     235
     249
     241
     229
     247
     225
     211
     215
     254
     210
     215
     220
     216
     214
     247
     223
     241
     208
     242
     242
     254
     233
     247
     237
     209
     210
     233
     235
     235
     227
     244
     217
     216
     252
     231
     235
     219
     217
     234
     216
     231
     197
     228
     208
     228
     217
     265
     229
     251
     211
     222
     237
     246
     223
     231
     211
     225
     221
     202
     221
     217
     248
     215
     228
     238
     236
     212
     193
     234
     217
     243
     238
     231
     234
     198
     212
     224
     217
     246
     233
     195
     236
     225
     210
     220
     216
     236
     209
     196
     231
     208
     214
     207
     217
     235
     201
     238
     201
     217
     199
     216
     217
     217
     226
     202
     233
     207
     238
     226
     212
     217
     222
     229
     189
     196
     214
     219
     219
     219
     219
     210
     207
     210
     227
     212
     195
     223
     187
     216
     230
     243
     212
     202
     212
     221
     206
     241
     224
     205
     205
     201
     222
     203
     220
     217
     210
     192
     200
     189
     224
     214
     190
     232
     220
     202
     192
     225
     201
     203
     212
     216
     232
     206
     221
     206
     209
     205
     221
     193
     205
     207
     221
     218
     225
     217
     228
     203
     193
     215
     224
     181
     207
     196
     194
     212
     209
     216
     223
     210
     194
     227
     188
     195
     222
     201
     204
     212
     186
     179
     172
     185
     179
     186
     179
     207
     217
     186
     207
     220
     206
     195
     209
     208
     165
     202
     186
     221
     194
     209
     201
     206
     193
     198
     205
     195
     178
     204
     198
     189
     215
     191
     203
     206
     201
     193
     198
     181
     216
     196
     196
     202
     186
     212
     172
     175
     195
     197
     179
     187
     216
     205
     183
     170
     181
     200
     201
     169
     193
     190
     187
     210
     185
     251
     196
     193
     194
     201
     193
     209
     197
     189
     183
     176
     229
     212
     171
     202
     188
     200
     192
     180
     187
     210
     170
     181
     198
     182
     197
     219
     203
     178
     175
     196
     167
     189
     171
     208
     192
     185
     202
     227
     183
     191
     191
     189
     204
     193
     210
     208
     201
     193
     183
     189
     192
     172
     176
     204
     182
     187
     162
     166
     200
     195
     173
     173
     181
     201
     181
     215
     194
     190
     171
     201
     165
     164
     170
     179
     172
     173
     206
     195
     183
     183
     182
     183
     194
     201
     208
     202
     183
     215
     206
     185
     187
     182
     195
     184
     191
     204
     204
     192
     169
     183
     177
     183
     192
     211
     174
     212
     183
     194
     187
     190
     194
     182
     200
     208
     198
     180
     184
     201
     206
     181
     189
     171
     195
     212
     201
     194
     191
     189
     170
     164
     187
     191
     194
     175
     180
     161
     195
     189
     166
     179
     174
     201
     184
     191
     185
     186
     195
     169
     200
     188
     171
     184
     174
     180
     198
     193
     177
     171
     166
     197
     187
     181
     185
     196
     188
     180
     185
     202
     203
     209
     185
     214
     201
     153
     188
     203
     184
     178
     185
     192
     194
     174
     154
     182
     182
     168
     192
     190
     186
     180
     210
     203
     170
     169
     177
     179
     203
     178
     206
     196
     172
     198
     174
     180
     199
     174
     191
     188
     185
     206
     188
     184
     190
     211
     193
     216
     185
     199
     186
     216
     222
     183
     169
     204
     175
     200
     198
     187
     169
     183
     177
     181
     194
     182
     188
     194
     192
     175
     169
     183
     195
     154
     169
     146
     207
     157
     173
     201
     173
     201
     203
     197
     188
     187
     197
     194
     153
     162
     207
     202
     191
     221
     195
     183
     173
     184
     197
     195
     184
     189
     193
     186
     204
     222
     201
     216
     204
     234
     223
     205
     192
     189
     177
     180
     189
     212
     190
     215
     224
     214
     190
     192
     200
     207
     185
     195
     203
     205
     197
     192
     217
     164
     187
     205
     192
     181
     183
     196
     189
     174
     165
     174
     188
     184
     203
     173
     195
     184
     173
     197
     180
     157
     176
     170
     182
     137
     161
     156
     161
     160
     149
     155
     162
     152
     170
     178
     158
     149
     174
     165
     162
     166
     165
     176
     171
     171
     158
     178
     156
     158
     170
     181
     157
     153
     156
     170
     149
     176
     181
     162
     173
     165
     168
     183
     162
     171
     181
     154
     163
     162
     169
     176
     164
     191
     170
     167
     170
     166
     164
     150
     142
     162
     155
     159
     155
     165
     155
     201
     160
     181
     177
     156
     152
     179
     136
     155
     172
     162
     173
     171
     165
     175
     185
     177
     182
     191
     147
     160
     177
     191
     166
     188
     176
     173
     176
     213
     175
     149
     168
     167
     185
     180
     206
     169
     191
     177
     194
     145
     172
     163
     181
     158
     194
     164
     151
     174
     167
     172
     179
     167
     150
     159
     176
     161
     160
     169
     159
     169
     187
     141
     159
     166
     151
     161
     162
     171
     140
     174
     173
     146
     184
     173
     160
     181
     152
     185
     158
     139
     199
     180
     170
     185
     147
     140
     176
     165
     160
     161
     159
     161
     169
     168
     170
     174
     185
     191
     186
     157
     156
     196
     151
     152
     186
     160
     164
     175
     166
     188
     171
     184
     153
     180
     155
     172
     184
     171
     182
     140
     163
     180
     190
     167
     186
     174
     162
     189
     172
     160
     172
     164
     160
     179
     190
     135
     162
     168
     174
     175
     164
     165
     180
     162
     184
     179
     166
     190
     198
     158
     167
     182
     188
     186
     155
     205
     179
     161
     197
     177
     177
     202
     175
     180
     184
     169
     162
     173
     180
     168
     208
     165
     203
     191
     164
     171
     182
     191
     165
     170
     203
     183
     192
     189
     184
     194
     200
     157
     186
     185
     189
     195
     204
     184
     182
     214
     191
     162
     165
     174
     184
     171
     187
     177
     215
     197
     210
     169
     198
     187
     192
     163
     196
     185
     178
     196
     193
     184
     199
     176
     182
     178
     197
     204
     184
     187
     193
     211
     162
     197
     197
     178
     191
     178
     204
     197
     227
     199
     190
     197
     181
     213
     217
     205
     200
     179
     205
     202
     224
     216
     195
     230
     186
     188
     199
     226
     196
     185
     223
     202
     183
     203
     202
     209
     191
     233
     225
     214
     187
     208
     220
     225
     217
     227
     201
     207
     188
     214
     224
     215
     195
     227
     183
     196
     192
     197
     239
     200
     224
     221
     212
     217
     211
     227
     208
     222
     226
     204
     245
     253
     219
     218
     223
     220
     230
     221
     249
     251
     211
     231
     235
     268
     241
     261
     240
     207
     256
     282
     251
     232
     233
     224
     249
     256
     250
     269
     277
     249
     277
     224
     252
     287
     252
     241
     274
     266
     265
     258
     286
     256
     242
     276
     279
     343
     300
     272
     294
     289
     295
     268
     267
     266
     306
     269
     305
     302
     271
     290
     305
     320
     302
     295
     307
     283
     303
     310
     313
     302
     343
     344
     336
     329
     362
     342
     381
     353
     347
     341
     334
     350
     318
     378
     357
     361
     369
     375
     353
     379
     363
     413
     377
     357
     394
     387
     339
     392
     370
     376
     387
     373
     368
     407
     405
     413
     418
     393
     425
     400
     441
     410
     436
     402
     432
     436
     388
     398
     421
     453
     438
     433
     441
     423
     436
     482
     428
     432
     449
     459
     476
     470
     468
     480
     498
     495
     489
     458
     501
     475
     490
     470
     465
     469
     457
     486
     490
     488
     456
     515
     502
     530
     524
     489
     490
     494
     513
     494
     505
     508
     495
     547
     530
     479
     503
     501
     541
     489
     465
     526
     494
     528
     504
     517
     516
     527
     524
     511
     513
     525
     523
     515
     553
     489
     507
     492
     467
     475
     479
     493
     513
     509
     498
     492
     474
     469
     521
     499
     515
     514
     447
     464
     525
     538
     497
     509
     488
     510
     500
     501
     476
     485
     489
     533
     486
     475
     519
     488
     522
     526
     486
     528
     521
     531
     499
     528
     533
     505
     544
     553
     550
     556
     532
     526
     600
     556
     590
     533
     533
     544
     584
     546
     561
     563
     533
     524
     588
     576
     520
     578
     561
     544
     548
     570
     567
     564
     579
     594
     613
     565
     642
     597
     649
     610
     617
     643
     632
     653
     651
     658
     637
     638
     668
     648
     671
     653
     681
     652
     703
     710
     669
     703
     711
     722
     725
     687
     700
     752
     700
     715
     780
     760
     711
     725
     794
     751
     794
     798
     748
     758
     823
     767
     813
     846
     809
     813
     868
     831
     831
     873
     881
     888
     864
     887
     893
     920
     941
     899
     977
     940
     921
     991
     921
     904
    1021
     933
     980
    1025
    1021
    1098
    1044
    1027
    1020
    1032
    1108
    1081
    1113
    1145
    1057
    1100
    1132
    1100
    1201
    1161
    1137
    1195
    1199
    1227
    1140
    1237
    1230
    1233
    1236
    1281
    1230
    1286
    1300
    1251
    1284
    1357
    1326
    1368
    1417
    1370
    1413
    1379
    1456
    1430
    1439
    1451
    1496
    1470
    1488
    1525
    1514
    1581
    1507
    1602
    1634
    1597
    1666
    1650
    1624
    1759
    1722
    1715
    1732
    1689
    1760
    1758
    1844
    1805
    1814
    1867
    1863
    1827
    1915
    1987
    1949
    1900
    2090
    2099
    1949
    2141
    2104
    2120
    2178
    2017
    2156
    2121
    2148
    2213
    2180
    2249
    2227
    2353
    2299
    2395
    2378
    2515
    2392
    2408
    2496
    2523
    2527
    2630
    2661
    2629
    2674
    2650
    2784
    2816
    2791
    2922
    2830
    2892
    2968
    2994
    3005
    2982
    3181
    3050
    3205
    3208
    3297
    3417
    3353
    3442
    3387
    3381
    3419
    3519
    3627
    3660
    3740
    3638
    3895
    3928
    3825
    3887
    4023
    4082
    4078
    4112
    4311
    4377
    4336
    4338
    4661
    4590
    4722
    4715
    4837
    4905
    4962
    5050
    5016
    5148
    5194
    5261
    5481
    5650
    5670
       0
       0
       0
       0
       0
       0
       0
       0
       0
       0
       0
       0
       0
       0
       0
       0
       0
       0
       0
       0
       0
       0
       0
       0
       0
       0
       0
       0
       0
       0
       0
       0
$ROI:
0
$PRESETS:
None
0
0
$ENER_FIT:
-0.169488 0.023446
$MCA_CAL:
3
-1.694878E-001 2.344633E-002 0.000000E+000 keV
$SHAPE_CAL:
3
0.000000E+000 0.000000E+000 0.000000E+000
