$SPEC_ID:
No sample description was entered.
$SPEC_REM:
DET# 4
DETDESC# JLAB-20 MCB 131
AP# Maestro Version 7.01
$DATE_MEA:
09/29/2025 17:46:44
$MEAS_TIM:
20965 21478
$DATA:
0 2047
       0
       0
       0
       0
       0
       0
       0
       0
       0
       0
       0
       0
       0
       0
       0
       0
       0
       0
       0
       0
       0
       0
       0
       0
       0
       0
       0
       0
       0
       0
       0
       0
       0
       0
       0
       0
       0
       0
       0
       0
       0
       0
       0
       0
       0
       0
       0
       0
       0
       0
       0
       0
       0
       0
       0
       0
       0
       0
       0
       0
       0
       0
       0
       0
       0
       0
       0
       0
       0
      52
    2289
    2366
    2299
    2093
    2206
    2083
    2032
    1898
    1980
    1949
    1866
    1988
    1850
    1831
    1827
    1836
    1795
    1835
    1827
    1789
    1740
    1701
    1672
    1632
    1621
    1636
    1603
    1646
    1623
    1651
    1597
    1606
    1573
    1627
    1514
    1541
    1558
    1550
    1491
    1433
    1469
    1499
    1524
    1467
    1413
    1447
    1443
    1418
    1380
    1407
    1352
    1348
    1390
    1410
    1388
    1403
    1403
    1386
    1340
    1359
    1300
    1361
    1337
    1347
    1256
    1353
    1321
    1337
    1306
    1244
    1275
    1234
    1273
    1286
    1254
    1231
    1269
    1290
    1240
    1286
    1208
    1238
    1235
    1206
    1185
    1183
    1172
    1241
    1205
    1143
    1210
    1159
    1161
    1146
    1172
    1139
    1177
    1190
    1170
    1207
    1152
    1134
    1178
    1094
    1140
    1131
    1183
    1106
    1130
    1183
    1093
    1103
    1138
    1095
    1102
    1099
    1080
    1111
    1089
    1093
    1103
    1084
    1048
    1132
    1107
    1095
    1045
    1080
    1041
    1082
    1019
    1135
    1088
    1102
    1009
    1050
    1033
    1066
    1045
    1046
    1045
    1046
    1009
    1017
    1034
    1024
    1015
    1054
    1051
    1055
    1043
    1049
    1048
    1040
    1041
    1116
    1051
    1065
    1024
    1032
    1044
    1021
    1036
    1118
    1044
    1045
    1021
    1037
    1002
    1001
    1061
    1006
    1038
     989
    1019
    1029
     994
    1001
    1006
     977
    1050
    1001
    1024
    1064
    1033
    1030
    1061
    1114
    1052
    1046
    1030
    1025
    1126
    1079
    1043
    1041
    1084
    1087
    1048
    1037
    1074
    1039
    1068
    1089
    1114
    1061
    1100
    1042
    1038
    1102
    1043
    1102
    1114
    1092
    1065
    1027
    1119
    1112
    1076
    1059
    1130
    1068
    1156
    1145
    1119
    1133
    1105
    1049
    1115
    1216
    1133
    1146
    1215
    1175
    1297
    1288
    1295
    1401
    1501
    1629
    1756
    1890
    2135
    2299
    2515
    2883
    3231
    3481
    3969
    4388
    4909
    5549
    6004
    6671
    7423
    7974
    8706
    9531
    9919
   10893
   11574
   12283
   12789
   13230
   13858
   14579
   14719
   15062
   15453
   15984
   16102
   16423
   16604
   16508
   16450
   16629
   16779
   16651
   16658
   16461
   16219
   16207
   16086
   15642
   15593
   15221
   14987
   14871
   14479
   14305
   13926
   13664
   13223
   12938
   12771
   12225
   11864
   11483
   11115
   10651
   10041
    9792
    9466
    9040
    8700
    8467
    7899
    7611
    7179
    6934
    6721
    6405
    5926
    5900
    5598
    5418
    5296
    4945
    4688
    4693
    4556
    4255
    4233
    4121
    4102
    3675
    3765
    3602
    3391
    3328
    3159
    2961
    2958
    2730
    2584
    2487
    2356
    2282
    2199
    1995
    1849
    1800
    1615
    1612
    1459
    1374
    1284
    1198
    1173
    1017
    1007
     921
     912
     878
     863
     836
     734
     752
     756
     760
     770
     732
     711
     741
     674
     711
     644
     726
     682
     702
     666
     685
     739
     707
     689
     724
     698
     747
     637
     718
     645
     678
     678
     711
     695
     669
     695
     677
     703
     696
     692
     639
     686
     660
     594
     659
     696
     640
     633
     626
     649
     647
     674
     667
     619
     693
     647
     583
     658
     591
     627
     650
     665
     636
     616
     629
     640
     639
     589
     633
     592
     610
     595
     599
     577
     586
     583
     633
     611
     624
     639
     580
     634
     625
     622
     670
     631
     563
     587
     618
     610
     582
     632
     586
     593
     603
     628
     612
     574
     569
     635
     662
     594
     584
     589
     585
     613
     543
     595
     615
     590
     584
     596
     627
     628
     664
     597
     631
     604
     605
     633
     602
     564
     615
     614
     632
     557
     636
     630
     597
     610
     549
     620
     588
     583
     592
     567
     600
     569
     588
     562
     554
     605
     597
     538
     550
     533
     554
     576
     544
     559
     551
     572
     553
     551
     528
     563
     551
     528
     509
     550
     579
     543
     539
     543
     556
     541
     543
     512
     514
     524
     529
     515
     474
     525
     489
     489
     512
     519
     523
     494
     506
     527
     539
     555
     533
     518
     514
     476
     464
     517
     522
     522
     535
     561
     501
     492
     556
     517
     574
     508
     485
     512
     513
     541
     495
     494
     509
     521
     501
     522
     503
     554
     508
     533
     534
     505
     512
     511
     542
     541
     497
     490
     508
     530
     543
     527
     523
     530
     539
     523
     464
     516
     504
     518
     523
     528
     536
     500
     495
     489
     508
     520
     521
     489
     506
     475
     450
     490
     501
     502
     479
     468
     484
     487
     508
     495
     490
     506
     479
     503
     467
     470
     483
     487
     492
     508
     485
     462
     513
     478
     520
     502
     484
     496
     501
     480
     456
     470
     509
     467
     523
     519
     491
     512
     480
     490
     494
     468
     470
     491
     471
     479
     475
     495
     480
     455
     486
     501
     465
     497
     475
     481
     479
     494
     487
     469
     495
     486
     488
     478
     461
     437
     470
     485
     470
     513
     495
     460
     434
     502
     457
     464
     463
     486
     455
     473
     490
     458
     445
     476
     517
     461
     471
     462
     476
     491
     468
     501
     501
     460
     469
     478
     494
     456
     463
     420
     463
     478
     469
     488
     454
     454
     481
     456
     432
     431
     471
     459
     444
     472
     431
     408
     451
     447
     418
     457
     437
     456
     477
     432
     467
     472
     457
     462
     478
     489
     410
     470
     454
     462
     435
     455
     441
     466
     448
     466
     459
     426
     405
     447
     444
     449
     464
     440
     456
     460
     449
     416
     463
     440
     426
     417
     451
     416
     412
     480
     425
     406
     450
     426
     430
     448
     479
     457
     448
     411
     456
     471
     403
     393
     423
     428
     428
     466
     409
     506
     451
     427
     432
     457
     448
     458
     440
     419
     426
     438
     465
     458
     401
     446
     426
     474
     462
     430
     432
     446
     418
     423
     430
     419
     416
     454
     441
     438
     439
     429
     406
     418
     393
     452
     418
     426
     430
     462
     419
     413
     426
     417
     426
     410
     450
     446
     417
     431
     429
     433
     413
     417
     419
     438
     427
     421
     401
     406
     418
     416
     423
     404
     413
     455
     410
     442
     441
     424
     412
     478
     397
     411
     419
     395
     429
     435
     415
     411
     434
     438
     435
     406
     454
     478
     453
     438
     440
     455
     418
     436
     439
     436
     459
     446
     433
     429
     487
     439
     393
     416
     446
     420
     448
     484
     399
     452
     413
     452
     425
     438
     437
     402
     450
     445
     407
     401
     413
     481
     459
     419
     425
     400
     412
     439
     445
     392
     458
     423
     409
     422
     444
     426
     425
     389
     419
     398
     425
     432
     388
     389
     412
     431
     437
     419
     420
     407
     411
     394
     449
     427
     429
     418
     398
     402
     425
     431
     397
     411
     393
     433
     411
     413
     428
     429
     439
     435
     417
     450
     433
     430
     443
     441
     436
     397
     420
     427
     432
     401
     435
     421
     445
     418
     401
     431
     418
     442
     441
     454
     408
     407
     464
     429
     429
     435
     414
     431
     442
     438
     454
     425
     418
     433
     424
     421
     433
     425
     422
     430
     395
     485
     434
     423
     429
     450
     446
     452
     418
     431
     459
     442
     451
     438
     397
     438
     396
     439
     447
     443
     394
     422
     423
     426
     425
     415
     390
     416
     451
     422
     411
     411
     422
     401
     399
     369
     434
     388
     388
     449
     412
     449
     432
     431
     415
     409
     425
     429
     402
     374
     438
     482
     406
     456
     476
     423
     431
     423
     427
     439
     430
     437
     449
     455
     471
     468
     459
     515
     427
     486
     488
     424
     444
     422
     440
     415
     459
     465
     424
     456
     467
     498
     447
     464
     437
     493
     452
     430
     444
     454
     440
     443
     439
     408
     418
     461
     404
     409
     448
     432
     413
     363
     396
     410
     423
     419
     417
     370
     408
     396
     398
     439
     380
     380
     395
     429
     391
     329
     362
     354
     392
     379
     336
     366
     372
     368
     411
     362
     366
     357
     388
     339
     409
     358
     362
     400
     350
     389
     372
     382
     361
     384
     346
     385
     388
     357
     357
     398
     337
     387
     399
     367
     359
     374
     381
     396
     373
     371
     404
     366
     373
     368
     368
     394
     377
     435
     364
     394
     385
     392
     386
     366
     351
     369
     370
     343
     361
     387
     368
     424
     362
     386
     379
     366
     358
     396
     341
     361
     381
     373
     398
     370
     365
     392
     412
     410
     390
     379
     361
     391
     387
     420
     357
     399
     384
     414
     364
     417
     397
     367
     386
     384
     391
     419
     420
     361
     421
     389
     436
     355
     380
     366
     405
     401
     416
     388
     386
     399
     389
     359
     371
     392
     377
     376
     393
     387
     354
     395
     352
     366
     423
     347
     361
     379
     361
     348
     353
     397
     373
     402
     413
     356
     414
     427
     379
     397
     381
     403
     385
     352
     408
     384
     407
     383
     378
     351
     382
     361
     369
     379
     372
     372
     386
     368
     360
     352
     405
     397
     368
     366
     375
     407
     394
     379
     374
     378
     378
     386
     372
     409
     388
     410
     361
     417
     382
     358
     403
     372
     395
     348
     376
     403
     405
     389
     377
     401
     410
     419
     414
     395
     383
     376
     378
     384
     416
     386
     353
     415
     401
     391
     413
     382
     390
     424
     407
     393
     366
     415
     429
     396
     398
     407
     399
     413
     393
     438
     397
     381
     418
     407
     402
     407
     422
     387
     395
     405
     416
     412
     398
     394
     434
     356
     432
     419
     376
     398
     427
     408
     381
     411
     427
     397
     415
     415
     405
     428
     432
     405
     385
     412
     415
     426
     426
     413
     442
     428
     432
     400
     428
     395
     389
     401
     409
     422
     454
     438
     439
     374
     427
     425
     410
     423
     411
     393
     404
     440
     446
     426
     447
     429
     394
     411
     418
     448
     413
     432
     427
     450
     399
     431
     433
     415
     422
     432
     464
     436
     465
     429
     414
     442
     453
     463
     441
     446
     458
     422
     462
     479
     485
     466
     471
     467
     422
     443
     462
     487
     437
     456
     488
     446
     434
     463
     455
     448
     450
     466
     474
     485
     451
     475
     469
     437
     438
     495
     458
     500
     472
     464
     515
     518
     455
     489
     432
     462
     489
     474
     500
     483
     509
     488
     480
     529
     503
     485
     489
     497
     498
     501
     510
     545
     508
     498
     495
     524
     541
     520
     546
     571
     499
     519
     544
     579
     522
     567
     543
     520
     565
     588
     565
     535
     572
     556
     588
     566
     576
     572
     637
     571
     594
     538
     549
     637
     575
     620
     605
     616
     612
     623
     613
     630
     589
     631
     604
     710
     671
     622
     641
     660
     648
     599
     640
     658
     665
     654
     671
     704
     648
     684
     683
     739
     685
     658
     698
     665
     713
     712
     725
     703
     759
     773
     751
     743
     813
     804
     813
     786
     778
     775
     740
     782
     772
     833
     791
     821
     814
     824
     789
     880
     802
     926
     860
     825
     869
     876
     818
     880
     815
     884
     908
     878
     854
     930
     886
     984
     950
     915
     903
     949
     974
     938
     992
     976
    1010
     978
     950
     940
     973
    1052
    1041
     980
    1016
     979
     964
    1030
    1009
     984
    1026
    1065
    1105
    1053
    1111
    1069
    1089
    1114
    1081
    1058
    1125
    1103
    1122
    1150
    1119
    1087
    1094
    1146
    1109
    1135
    1114
    1138
    1147
    1147
    1138
    1128
    1148
    1165
    1137
    1137
    1170
    1123
    1111
    1176
    1138
    1168
    1089
    1177
    1220
    1135
    1102
    1147
    1104
    1185
    1155
    1159
    1178
    1178
    1148
    1164
    1126
    1152
    1186
    1163
    1183
    1159
    1159
    1106
    1065
    1093
    1047
    1092
    1130
    1107
    1122
    1156
    1076
    1136
    1195
    1119
    1111
    1152
    1094
    1077
    1141
    1192
    1149
    1137
    1173
    1128
    1160
    1148
    1069
    1097
    1121
    1185
    1105
    1117
    1147
    1115
    1157
    1174
    1149
    1160
    1172
    1218
    1157
    1190
    1166
    1157
    1187
    1224
    1264
    1196
    1227
    1230
    1327
    1204
    1281
    1234
    1241
    1271
    1284
    1246
    1307
    1260
    1187
    1204
    1331
    1326
    1207
    1289
    1310
    1294
    1336
    1328
    1307
    1353
    1354
    1344
    1356
    1348
    1402
    1386
    1476
    1403
    1419
    1461
    1487
    1483
    1450
    1462
    1389
    1482
    1505
    1477
    1533
    1469
    1542
    1517
    1575
    1523
    1542
    1648
    1640
    1591
    1657
    1601
    1663
    1670
    1685
    1651
    1726
    1702
    1672
    1714
    1749
    1752
    1827
    1830
    1785
    1742
    1825
    1791
    1821
    1904
    1855
    1833
    1939
    1906
    1963
    1916
    1963
    2027
    2015
    2041
    2047
    2097
    2086
    2052
    2131
    2171
    2146
    2166
    2051
    2215
    2284
    2185
    2289
    2335
    2323
    2397
    2333
    2338
    2353
    2354
    2503
    2416
    2544
    2503
    2394
    2479
    2564
    2593
    2616
    2673
    2690
    2647
    2745
    2754
    2642
    2819
    2710
    2777
    2913
    2956
    2819
    2893
    2993
    2882
    3009
    3118
    3057
    3114
    3190
    3172
    3208
    3178
    3342
    3195
    3297
    3338
    3346
    3370
    3410
    3476
    3504
    3603
    3629
    3650
    3656
    3719
    3700
    3755
    3740
    3896
    3813
    3967
    3963
    3941
    3997
    4086
    4081
    4138
    4127
    4283
    4355
    4244
    4422
    4514
    4429
    4490
    4620
    4715
    4515
    4725
    4774
    4818
    4911
    4808
    4928
    4930
    5023
    5033
    5145
    5219
    5091
    5408
    5324
    5445
    5472
    5666
    5530
    5683
    5699
    5791
    5711
    5992
    5990
    5945
    6079
    6055
    6152
    6395
    6386
    6517
    6474
    6754
    6790
    6867
    6931
    6916
    7256
    7112
    7313
    7531
    7520
    7707
    7690
    7788
    7847
    7971
    7931
    8085
    8240
    8343
    8516
    8562
    8780
    8899
    8900
    9133
    9236
    9270
    9432
    9413
    9814
   10089
    9994
   10009
   10497
   10510
   10731
   10867
   11253
   11281
   11217
   11630
   11653
   11919
   12106
   12134
   12368
   12748
   12941
       0
       0
       0
       0
       0
       0
       0
       0
       0
       0
       0
       0
       0
       0
       0
       0
       0
       0
       0
       0
       0
       0
       0
       0
       0
       0
       0
       0
       0
       0
       0
       0
$ROI:
0
$PRESETS:
None
0
0
$ENER_FIT:
-0.169488 0.023446
$MCA_CAL:
3
-1.694878E-001 2.344633E-002 0.000000E+000 keV
$SHAPE_CAL:
3
0.000000E+000 0.000000E+000 0.000000E+000
