$SPEC_ID:
No sample description was entered.
$SPEC_REM:
DET# 4
DETDESC# JLAB-20 MCB 131
AP# Maestro Version 7.01
$DATE_MEA:
09/30/2025 03:16:44
$MEAS_TIM:
54356 55678
$DATA:
0 2047
       0
       0
       0
       0
       0
       0
       0
       0
       0
       0
       0
       0
       0
       0
       0
       0
       0
       0
       0
       0
       0
       0
       0
       0
       0
       0
       0
       0
       0
       0
       0
       0
       0
       0
       0
       0
       0
       0
       0
       0
       0
       0
       0
       0
       0
       0
       0
       0
       0
       0
       0
       0
       0
       0
       0
       0
       0
       0
       0
       0
       0
       0
       0
       1
       0
       1
       0
       0
       0
     182
    6068
    6181
    5900
    5533
    5662
    5352
    5225
    5190
    5099
    5025
    4888
    5196
    4889
    4892
    4842
    4870
    4782
    4654
    4578
    4702
    4556
    4347
    4475
    4386
    4348
    4325
    4304
    4414
    4300
    4312
    4258
    4185
    4146
    4242
    4018
    4008
    4037
    3987
    4074
    3912
    3928
    3851
    3894
    3827
    3739
    3782
    3750
    3714
    3617
    3620
    3648
    3612
    3579
    3629
    3653
    3558
    3618
    3536
    3484
    3433
    3507
    3450
    3387
    3398
    3297
    3421
    3413
    3424
    3359
    3305
    3363
    3355
    3295
    3308
    3259
    3267
    3226
    3290
    3275
    3292
    3123
    3252
    3075
    3154
    3089
    3109
    3123
    3105
    3120
    3075
    3117
    2989
    2999
    3030
    3008
    3007
    2988
    3040
    2988
    3017
    2960
    2955
    2973
    2874
    2995
    2976
    3031
    2852
    2903
    2991
    2868
    2894
    2909
    2885
    2853
    2924
    2826
    2868
    2841
    2841
    2861
    2807
    2749
    2877
    2885
    2794
    2854
    2741
    2787
    2874
    2765
    2821
    2797
    2774
    2645
    2711
    2727
    2751
    2767
    2709
    2732
    2764
    2671
    2605
    2791
    2732
    2685
    2685
    2692
    2747
    2739
    2735
    2728
    2804
    2727
    2766
    2659
    2709
    2739
    2666
    2703
    2712
    2661
    2774
    2745
    2697
    2629
    2750
    2619
    2669
    2662
    2705
    2717
    2593
    2731
    2706
    2663
    2644
    2670
    2653
    2671
    2675
    2728
    2756
    2705
    2660
    2655
    2767
    2739
    2740
    2706
    2583
    2826
    2796
    2713
    2692
    2706
    2744
    2776
    2776
    2707
    2700
    2742
    2811
    2860
    2760
    2798
    2754
    2817
    2760
    2753
    2764
    2788
    2870
    2818
    2752
    2846
    2779
    2804
    2827
    2801
    2749
    2868
    2799
    2840
    2900
    2869
    2869
    2867
    2981
    2945
    3047
    3141
    3161
    3402
    3278
    3441
    3691
    4000
    4287
    4569
    4980
    5577
    6029
    6617
    7498
    8344
    9226
   10380
   11637
   12834
   14463
   15912
   17516
   19405
   21044
   22901
   24717
   26237
   28406
   30094
   32005
   33382
   34734
   36041
   37654
   38407
   39668
   40145
   41128
   41559
   42220
   42757
   43150
   42860
   42978
   43130
   43107
   42949
   42579
   41988
   41556
   41183
   40478
   40281
   39736
   38922
   38344
   37745
   37021
   36255
   35341
   34435
   33632
   32521
   31552
   30765
   29605
   28630
   27509
   26336
   25395
   24552
   23573
   22619
   21921
   20530
   19723
   18737
   17903
   17209
   16462
   15439
   14919
   14323
   13865
   13590
   12804
   12333
   12050
   11659
   11213
   10946
   10528
   10401
    9705
    9657
    9270
    8753
    8483
    8144
    7746
    7680
    7085
    6767
    6350
    6159
    5874
    5508
    5132
    4823
    4699
    4113
    4105
    3672
    3520
    3260
    3085
    2945
    2625
    2538
    2394
    2345
    2264
    2190
    2116
    1937
    1937
    1918
    1910
    1920
    1854
    1838
    1939
    1829
    1811
    1776
    1863
    1840
    1814
    1786
    1875
    1819
    1874
    1815
    1820
    1851
    1870
    1756
    1788
    1769
    1778
    1790
    1749
    1800
    1763
    1786
    1793
    1829
    1790
    1722
    1718
    1740
    1733
    1664
    1691
    1765
    1673
    1655
    1663
    1708
    1724
    1715
    1695
    1688
    1660
    1623
    1646
    1686
    1626
    1588
    1609
    1685
    1632
    1609
    1665
    1665
    1717
    1543
    1645
    1599
    1555
    1536
    1610
    1526
    1531
    1537
    1625
    1570
    1556
    1552
    1538
    1598
    1607
    1565
    1648
    1551
    1531
    1598
    1543
    1543
    1517
    1562
    1536
    1583
    1555
    1618
    1554
    1491
    1551
    1599
    1598
    1531
    1497
    1597
    1587
    1562
    1498
    1559
    1597
    1568
    1522
    1622
    1657
    1577
    1641
    1546
    1606
    1561
    1588
    1613
    1602
    1533
    1547
    1611
    1630
    1563
    1624
    1592
    1526
    1493
    1480
    1564
    1517
    1534
    1494
    1475
    1552
    1495
    1530
    1455
    1507
    1540
    1466
    1406
    1440
    1431
    1459
    1478
    1465
    1435
    1420
    1467
    1437
    1399
    1393
    1469
    1447
    1378
    1435
    1476
    1399
    1401
    1455
    1380
    1425
    1431
    1398
    1343
    1335
    1410
    1319
    1324
    1336
    1380
    1327
    1403
    1322
    1318
    1333
    1371
    1385
    1357
    1352
    1368
    1352
    1341
    1354
    1294
    1269
    1336
    1364
    1344
    1337
    1332
    1314
    1296
    1435
    1367
    1404
    1353
    1302
    1319
    1347
    1366
    1309
    1348
    1304
    1356
    1285
    1368
    1303
    1350
    1371
    1386
    1374
    1342
    1371
    1283
    1364
    1360
    1322
    1287
    1279
    1363
    1349
    1379
    1342
    1367
    1308
    1336
    1275
    1312
    1274
    1290
    1294
    1315
    1322
    1308
    1315
    1285
    1306
    1358
    1307
    1317
    1296
    1243
    1234
    1282
    1302
    1314
    1261
    1260
    1323
    1287
    1285
    1321
    1311
    1266
    1315
    1307
    1230
    1307
    1248
    1249
    1258
    1323
    1293
    1256
    1337
    1272
    1285
    1246
    1319
    1232
    1307
    1301
    1277
    1268
    1263
    1222
    1265
    1305
    1243
    1266
    1244
    1283
    1260
    1252
    1277
    1269
    1215
    1250
    1260
    1192
    1231
    1269
    1285
    1323
    1261
    1283
    1233
    1235
    1274
    1260
    1252
    1248
    1267
    1253
    1199
    1226
    1232
    1197
    1186
    1307
    1206
    1208
    1238
    1244
    1233
    1245
    1206
    1233
    1237
    1224
    1211
    1220
    1250
    1214
    1211
    1196
    1243
    1212
    1238
    1175
    1207
    1216
    1179
    1231
    1241
    1211
    1193
    1201
    1285
    1219
    1193
    1150
    1181
    1197
    1177
    1213
    1179
    1191
    1256
    1183
    1197
    1139
    1199
    1207
    1178
    1184
    1149
    1139
    1161
    1181
    1140
    1164
    1163
    1170
    1177
    1187
    1142
    1219
    1193
    1218
    1170
    1240
    1117
    1200
    1190
    1152
    1137
    1179
    1182
    1167
    1182
    1174
    1147
    1114
    1098
    1137
    1102
    1191
    1151
    1208
    1136
    1134
    1175
    1123
    1155
    1172
    1097
    1156
    1122
    1086
    1136
    1175
    1122
    1125
    1106
    1142
    1102
    1126
    1191
    1175
    1160
    1122
    1145
    1168
    1109
    1046
    1130
    1151
    1139
    1178
    1125
    1209
    1156
    1153
    1120
    1163
    1159
    1111
    1140
    1088
    1074
    1127
    1197
    1158
    1078
    1160
    1132
    1143
    1138
    1126
    1067
    1182
    1137
    1087
    1165
    1124
    1099
    1107
    1127
    1112
    1100
    1171
    1129
    1101
    1086
    1089
    1122
    1044
    1111
    1137
    1157
    1111
    1119
    1096
    1053
    1058
    1062
    1147
    1115
    1141
    1112
    1086
    1079
    1072
    1092
    1099
    1072
    1106
    1110
    1062
    1055
    1122
    1070
    1060
    1132
    1106
    1064
    1135
    1112
    1065
    1104
    1180
    1088
    1063
    1069
    1073
    1131
    1149
    1077
    1064
    1076
    1127
    1130
    1119
    1150
    1191
    1153
    1132
    1145
    1190
    1153
    1109
    1141
    1157
    1121
    1125
    1168
    1141
    1144
    1126
    1078
    1126
    1131
    1073
    1099
    1166
    1047
    1129
    1086
    1169
    1133
    1122
    1085
    1102
    1119
    1114
    1055
    1098
    1111
    1129
    1131
    1105
    1138
    1106
    1056
    1160
    1112
    1075
    1143
    1118
    1100
    1122
    1145
    1078
    1040
    1020
    1090
    1043
    1074
    1136
    1014
    1037
    1089
    1064
    1108
    1094
    1112
    1079
    1087
    1021
    1118
    1091
    1140
    1026
    1041
    1054
    1101
    1080
    1036
    1110
    1056
    1105
    1069
    1082
    1071
    1150
    1144
    1112
    1095
    1165
    1063
    1114
    1151
    1109
    1108
    1119
    1185
    1094
    1162
    1124
    1114
    1114
    1137
    1123
    1107
    1115
    1094
    1135
    1140
    1117
    1089
    1080
    1196
    1123
    1115
    1139
    1133
    1156
    1169
    1152
    1168
    1122
    1073
    1121
    1106
    1103
    1159
    1134
    1086
    1142
    1142
    1170
    1116
    1153
    1144
    1158
    1151
    1090
    1141
    1140
    1162
    1105
    1129
    1078
    1094
    1080
    1024
    1094
    1100
    1144
    1111
    1080
    1061
    1133
    1077
    1057
    1056
    1076
    1100
    1050
    1101
    1032
    1093
    1081
    1067
    1007
    1092
    1047
    1021
    1053
    1054
    1084
    1103
    1085
    1087
    1086
    1057
    1092
    1086
    1068
    1122
    1152
    1107
    1105
    1149
    1171
    1135
    1199
    1165
    1203
    1121
    1177
    1186
    1196
    1182
    1191
    1207
    1262
    1113
    1249
    1268
    1158
    1176
    1135
    1208
    1173
    1178
    1247
    1134
    1142
    1236
    1216
    1153
    1188
    1149
    1245
    1154
    1073
    1156
    1128
    1117
    1160
    1106
    1069
    1110
    1152
    1077
    1087
    1103
    1114
    1053
     995
    1020
    1015
    1067
    1062
    1030
    1000
    1033
    1051
    1009
    1017
     940
     971
     979
    1057
    1043
     930
     986
     934
    1004
     982
     922
     991
     960
     997
    1039
     993
     954
    1006
     977
     900
    1015
     934
     951
    1034
     953
     991
     978
     986
     997
     991
     974
     957
    1005
     970
     966
    1024
     907
     985
     986
     977
     946
     993
     989
     973
     979
     972
    1012
    1008
     978
     958
    1012
     995
    1031
    1081
     946
     997
     984
     982
     975
     954
     930
     981
     951
     966
     957
     969
    1021
    1024
     987
     994
     992
    1002
     965
    1009
     944
     973
    1014
     933
     991
     939
     998
    1031
    1027
    1050
    1015
     973
     940
    1000
    1032
    1036
     965
    1024
    1024
    1100
    1002
    1042
    1011
     962
    1020
     990
    1016
    1035
     992
     999
     994
    1017
    1045
    1008
    1023
    1010
    1057
    1012
    1062
    1038
    1019
    1040
    1040
    1036
     988
    1020
    1016
     973
    1001
     992
     984
     991
     977
     978
    1057
     960
     979
     979
    1004
     961
     952
     988
     964
    1039
    1012
     992
    1024
    1012
     998
    1019
     997
    1004
     951
     997
    1033
    1019
    1024
     989
     968
     998
     985
     949
     949
     927
    1016
     998
    1061
     952
     958
     961
    1051
     998
     961
     999
    1007
    1007
    1040
    1006
     947
     959
     955
     985
     999
    1020
     998
    1056
     984
    1025
    1003
     968
    1014
     968
     979
     957
    1021
    1056
     990
    1010
    1016
    1056
    1029
    1019
    1048
    1002
     997
     974
    1006
    1000
    1026
    1026
     999
    1056
    1049
    1008
    1054
    1013
    1025
    1031
    1060
    1055
     963
    1061
    1024
    1047
    1020
    1038
    1017
    1027
    1070
    1106
    1027
    1010
    1007
    1062
    1006
    1054
    1003
    1067
    1042
    1055
    1072
    1068
    1049
    1022
    1061
    1008
    1051
    1067
    1030
    1069
    1062
    1058
    1039
    1031
    1127
    1073
    1077
    1049
    1000
    1090
    1120
    1005
    1030
    1061
    1098
    1106
    1110
    1051
    1123
    1116
    1085
    1089
    1052
    1031
    1069
    1015
    1085
    1113
    1136
    1106
    1131
    1003
    1118
    1072
    1128
    1103
    1075
    1051
    1038
    1116
    1125
    1115
    1152
    1090
    1065
    1096
    1124
    1132
    1091
    1134
    1098
    1080
    1056
    1125
    1133
    1089
    1102
    1099
    1143
    1101
    1149
    1122
    1125
    1131
    1207
    1150
    1140
    1138
    1095
    1157
    1177
    1198
    1166
    1171
    1143
    1197
    1159
    1125
    1198
    1180
    1189
    1183
    1262
    1126
    1191
    1224
    1226
    1185
    1191
    1223
    1247
    1220
    1227
    1293
    1192
    1158
    1165
    1244
    1232
    1248
    1284
    1183
    1223
    1286
    1203
    1253
    1241
    1259
    1227
    1243
    1331
    1280
    1366
    1298
    1256
    1354
    1316
    1308
    1279
    1333
    1290
    1271
    1307
    1359
    1304
    1348
    1333
    1303
    1348
    1342
    1366
    1411
    1349
    1382
    1433
    1431
    1393
    1407
    1388
    1366
    1447
    1479
    1457
    1468
    1419
    1502
    1477
    1455
    1476
    1460
    1523
    1472
    1479
    1456
    1459
    1589
    1519
    1513
    1583
    1562
    1595
    1602
    1566
    1573
    1578
    1630
    1586
    1690
    1708
    1617
    1696
    1678
    1722
    1645
    1675
    1710
    1700
    1679
    1754
    1753
    1768
    1750
    1758
    1900
    1779
    1807
    1817
    1827
    1820
    1822
    1900
    1880
    1931
    1943
    1907
    1911
    2047
    2001
    2033
    1964
    1978
    2058
    2008
    1950
    2002
    2149
    2083
    2125
    2164
    2127
    2118
    2188
    2099
    2237
    2210
    2182
    2252
    2263
    2144
    2301
    2194
    2271
    2228
    2298
    2280
    2378
    2337
    2436
    2456
    2360
    2351
    2445
    2522
    2410
    2560
    2532
    2518
    2585
    2529
    2466
    2540
    2714
    2668
    2501
    2644
    2516
    2600
    2621
    2642
    2683
    2694
    2739
    2777
    2699
    2815
    2801
    2845
    2793
    2832
    2778
    2886
    2906
    2921
    2985
    2874
    2848
    2948
    2917
    2874
    2930
    2908
    2979
    2895
    2942
    2952
    2907
    2993
    2985
    2888
    2990
    2990
    2943
    2944
    2974
    2974
    2952
    2801
    3021
    2947
    2882
    2945
    2972
    2874
    3058
    2995
    2956
    2997
    3076
    2966
    2978
    2931
    2928
    3018
    2966
    2996
    2986
    3094
    2945
    2862
    2926
    2853
    2942
    2912
    2842
    2958
    2978
    2904
    2979
    2941
    2922
    2925
    2870
    2928
    2860
    3011
    2977
    2997
    2906
    2951
    3002
    3036
    2868
    2925
    2891
    2903
    2972
    2945
    2941
    3018
    2953
    2977
    3031
    2980
    3017
    3073
    3132
    3071
    2987
    3081
    3005
    3129
    3140
    3172
    3086
    3143
    3155
    3244
    3186
    3265
    3196
    3200
    3330
    3255
    3281
    3286
    3293
    3209
    3271
    3440
    3314
    3345
    3342
    3372
    3381
    3428
    3401
    3456
    3530
    3507
    3464
    3568
    3565
    3646
    3579
    3791
    3755
    3684
    3656
    3821
    3849
    3724
    3912
    3687
    3881
    3952
    3996
    3964
    3955
    4004
    3932
    4045
    4067
    4055
    4267
    4265
    4151
    4235
    4144
    4342
    4269
    4334
    4372
    4463
    4434
    4369
    4471
    4440
    4544
    4656
    4705
    4708
    4614
    4760
    4759
    4740
    4972
    4891
    4908
    4962
    4989
    5079
    5083
    5144
    5252
    5239
    5373
    5319
    5366
    5452
    5467
    5578
    5559
    5581
    5685
    5535
    5703
    5893
    5779
    5914
    5952
    5968
    6261
    6126
    6030
    6181
    6343
    6336
    6299
    6487
    6545
    6296
    6532
    6803
    6773
    6664
    6789
    6948
    6985
    7044
    7107
    7110
    7293
    7206
    7308
    7400
    7596
    7532
    7618
    7785
    7611
    7845
    8009
    8040
    8036
    8250
    8316
    8307
    8473
    8604
    8379
    8621
    8650
    8766
    8901
    8944
    9083
    9055
    9338
    9385
    9475
    9484
    9666
    9479
    9823
    9842
   10053
   10108
   10192
   10378
   10318
   10324
   10644
   10751
   10861
   10876
   11085
   11045
   11270
   11324
   11427
   11602
   11651
   11830
   11965
   11921
   12368
   12276
   12519
   12624
   12561
   12850
   12935
   13120
   13137
   13426
   13541
   13703
   13850
   13933
   14323
   14407
   14565
   14503
   14752
   14927
   15170
   15217
   15542
   15571
   15921
   15934
   16064
   16493
   16736
   16577
   16957
   17029
   17530
   17679
   17886
   18049
   18047
   18589
   18578
   18883
   19318
   19310
   20025
   19921
   20252
   20323
   20982
   20845
   21106
   21565
   21716
   22136
   22224
   22863
   22937
   23140
   23607
   24034
   24345
   24681
   24916
   25582
   26077
   26169
   26489
   27057
   27409
   27840
   28365
   28713
   29408
   29398
   30285
   30304
   31066
   31363
   31790
   32380
   33130
   33809
       0
       0
       0
       0
       0
       0
       0
       0
       0
       0
       0
       0
       0
       0
       0
       0
       0
       0
       0
       0
       0
       0
       0
       0
       0
       0
       0
       0
       0
       0
       0
       0
$ROI:
0
$PRESETS:
None
0
0
$ENER_FIT:
-0.169488 0.023446
$MCA_CAL:
3
-1.694878E-001 2.344633E-002 0.000000E+000 keV
$SHAPE_CAL:
3
0.000000E+000 0.000000E+000 0.000000E+000
