$SPEC_ID:
No sample description was entered.
$SPEC_REM:
DET# 4
DETDESC# JLAB-20 MCB 131
AP# Maestro Version 7.01
$DATE_MEA:
09/29/2025 23:26:44
$MEAS_TIM:
40883 41878
$DATA:
0 2047
       0
       0
       0
       0
       0
       0
       0
       0
       0
       0
       0
       0
       0
       0
       0
       0
       0
       0
       0
       0
       0
       0
       0
       0
       0
       0
       0
       0
       0
       0
       0
       0
       0
       0
       0
       0
       0
       0
       0
       0
       0
       0
       0
       0
       0
       0
       0
       0
       0
       0
       0
       0
       0
       0
       0
       0
       0
       0
       0
       0
       0
       0
       0
       0
       0
       0
       0
       0
       0
     114
    4522
    4575
    4427
    4084
    4236
    4030
    3842
    3843
    3808
    3761
    3633
    3928
    3615
    3585
    3603
    3611
    3569
    3475
    3451
    3493
    3428
    3248
    3353
    3296
    3192
    3247
    3218
    3287
    3206
    3227
    3137
    3149
    3080
    3180
    2994
    3030
    3033
    2970
    3055
    2909
    2924
    2904
    2904
    2859
    2823
    2884
    2797
    2784
    2700
    2748
    2716
    2682
    2690
    2710
    2754
    2717
    2693
    2698
    2622
    2594
    2614
    2598
    2564
    2568
    2453
    2567
    2557
    2616
    2564
    2478
    2532
    2448
    2452
    2522
    2429
    2426
    2460
    2484
    2458
    2462
    2323
    2419
    2300
    2306
    2304
    2320
    2343
    2329
    2366
    2325
    2332
    2259
    2290
    2255
    2248
    2233
    2226
    2333
    2232
    2285
    2239
    2230
    2261
    2166
    2259
    2224
    2271
    2174
    2194
    2230
    2154
    2107
    2189
    2169
    2137
    2192
    2155
    2150
    2164
    2165
    2154
    2148
    2044
    2176
    2167
    2114
    2117
    2044
    2096
    2125
    2085
    2155
    2105
    2110
    1988
    2043
    2038
    2081
    2077
    2021
    2033
    2101
    2045
    1966
    2068
    2065
    2024
    2022
    2019
    2051
    2078
    2036
    2057
    2098
    2062
    2097
    2007
    2051
    2023
    1999
    2009
    1986
    2037
    2100
    2056
    2015
    2002
    2043
    1977
    1977
    2039
    2007
    2062
    1957
    2024
    2002
    1943
    1986
    2006
    1992
    2013
    1999
    2034
    2048
    2030
    1989
    1980
    2084
    2078
    2073
    2026
    1968
    2139
    2077
    2050
    1998
    2041
    2099
    2083
    2066
    2038
    2023
    2051
    2109
    2156
    2039
    2083
    2054
    2087
    2081
    2065
    2073
    2131
    2190
    2141
    2067
    2141
    2094
    2157
    2083
    2095
    2101
    2190
    2106
    2148
    2222
    2134
    2135
    2154
    2259
    2198
    2324
    2367
    2360
    2514
    2471
    2558
    2757
    3016
    3229
    3411
    3719
    4183
    4601
    4964
    5629
    6276
    6893
    7706
    8828
    9659
   10919
   11777
   13165
   14462
   15819
   17191
   18633
   19689
   21388
   22637
   24002
   25140
   26181
   27088
   28464
   28935
   29710
   30150
   31030
   31163
   31955
   32165
   32464
   32168
   32362
   32604
   32487
   32431
   32101
   31654
   31289
   30994
   30506
   30331
   29828
   29129
   28908
   28233
   27827
   27172
   26573
   25905
   25191
   24617
   23784
   23066
   22316
   21442
   20785
   19792
   19117
   18379
   17773
   16951
   16403
   15455
   14757
   13984
   13562
   13017
   12412
   11556
   11306
   10827
   10416
   10194
    9623
    9238
    9057
    8772
    8365
    8243
    7902
    7869
    7275
    7266
    7015
    6585
    6389
    6183
    5809
    5811
    5256
    5005
    4840
    4607
    4387
    4137
    3886
    3610
    3523
    3091
    3090
    2779
    2607
    2489
    2308
    2232
    1959
    1903
    1779
    1741
    1690
    1655
    1616
    1461
    1473
    1453
    1427
    1474
    1408
    1391
    1473
    1345
    1382
    1326
    1428
    1368
    1371
    1333
    1422
    1383
    1418
    1353
    1365
    1343
    1426
    1306
    1348
    1309
    1344
    1322
    1361
    1362
    1318
    1331
    1376
    1379
    1355
    1313
    1290
    1297
    1306
    1233
    1274
    1346
    1246
    1220
    1246
    1287
    1294
    1307
    1253
    1263
    1264
    1234
    1217
    1289
    1206
    1202
    1189
    1280
    1241
    1239
    1259
    1243
    1319
    1168
    1202
    1186
    1178
    1144
    1203
    1144
    1140
    1150
    1222
    1211
    1203
    1179
    1143
    1237
    1204
    1179
    1244
    1213
    1154
    1183
    1164
    1154
    1148
    1172
    1172
    1177
    1168
    1231
    1170
    1109
    1186
    1207
    1206
    1168
    1146
    1184
    1185
    1187
    1107
    1188
    1211
    1167
    1178
    1198
    1223
    1194
    1258
    1150
    1229
    1153
    1169
    1206
    1199
    1151
    1161
    1214
    1260
    1134
    1206
    1189
    1140
    1128
    1104
    1193
    1143
    1151
    1130
    1107
    1179
    1118
    1153
    1097
    1134
    1147
    1132
    1051
    1091
    1055
    1102
    1105
    1085
    1071
    1050
    1117
    1102
    1056
    1047
    1087
    1098
    1028
    1076
    1089
    1085
    1061
    1097
    1049
    1073
    1070
    1047
     991
    1027
    1073
    1006
     982
     987
    1033
     979
    1039
    1000
     999
    1029
    1024
    1045
    1053
    1020
    1051
    1017
     999
    1015
     973
     960
    1009
    1045
    1011
    1040
    1043
     991
     983
    1074
    1008
    1057
    1002
     976
    1027
    1000
    1040
     962
    1011
     968
    1014
     955
    1006
     979
    1027
    1018
    1050
    1017
    1017
    1038
     965
    1052
    1010
    1019
     976
     970
    1033
    1030
    1043
    1032
    1030
     994
    1024
     986
     991
     973
     993
     971
    1000
    1010
     951
     971
     958
     968
    1034
    1005
     983
     958
     924
     924
     948
     975
     998
     955
     915
     982
     953
     964
    1008
     979
     945
     993
     984
     943
     985
     939
     935
     948
     971
     961
     937
    1014
     969
     966
     971
     972
     943
     961
     989
     951
     946
     950
     901
     972
     986
     954
     976
     935
     963
     956
     924
     935
     983
     909
     941
     939
     906
     919
     934
     976
     975
     963
     970
     911
     914
     945
     927
     932
     918
     946
     944
     921
     926
     911
     888
     902
     976
     912
     940
     933
     921
     900
     951
     888
     900
     917
     920
     900
     924
     949
     896
     910
     912
     964
     898
     937
     844
     906
     927
     882
     918
     914
     890
     903
     915
     973
     909
     909
     840
     890
     903
     913
     924
     891
     880
     952
     874
     900
     843
     905
     909
     884
     917
     852
     828
     874
     898
     853
     871
     878
     869
     903
     843
     867
     893
     887
     947
     908
     927
     824
     927
     912
     887
     846
     902
     911
     852
     864
     896
     856
     828
     823
     873
     823
     896
     895
     902
     869
     878
     877
     841
     869
     862
     806
     868
     845
     836
     824
     903
     834
     854
     853
     849
     818
     841
     905
     876
     865
     834
     878
     882
     826
     772
     852
     858
     839
     871
     839
     932
     859
     850
     836
     892
     859
     844
     841
     831
     802
     844
     886
     840
     810
     873
     860
     877
     865
     847
     816
     887
     822
     832
     869
     857
     814
     835
     847
     836
     809
     866
     857
     831
     798
     810
     849
     772
     845
     859
     885
     843
     834
     810
     809
     818
     821
     878
     841
     846
     832
     855
     807
     812
     831
     818
     819
     829
     817
     793
     787
     824
     806
     789
     857
     862
     801
     881
     840
     793
     840
     909
     824
     809
     808
     785
     857
     861
     796
     792
     820
     863
     863
     847
     888
     906
     869
     839
     836
     905
     851
     822
     851
     848
     843
     839
     880
     863
     871
     862
     789
     837
     841
     830
     850
     891
     767
     857
     818
     886
     854
     849
     827
     809
     847
     852
     785
     806
     821
     881
     842
     831
     830
     817
     788
     884
     812
     811
     861
     841
     835
     845
     873
     803
     818
     754
     814
     755
     821
     875
     764
     774
     808
     817
     831
     820
     817
     779
     828
     774
     853
     838
     858
     762
     791
     788
     831
     810
     762
     807
     801
     838
     812
     831
     793
     857
     858
     824
     824
     869
     801
     821
     871
     833
     835
     801
     898
     829
     860
     835
     844
     808
     862
     837
     823
     855
     807
     845
     865
     850
     828
     801
     883
     855
     850
     857
     868
     868
     854
     864
     873
     853
     804
     839
     813
     814
     872
     823
     807
     843
     852
     891
     849
     888
     861
     887
     875
     838
     838
     854
     883
     829
     866
     823
     825
     799
     764
     818
     828
     859
     819
     821
     815
     834
     810
     808
     786
     812
     833
     804
     839
     766
     799
     818
     794
     762
     813
     770
     747
     802
     785
     833
     826
     821
     809
     808
     825
     831
     799
     767
     843
     908
     832
     815
     873
     853
     876
     883
     849
     894
     854
     856
     872
     914
     889
     905
     924
     972
     854
     951
     963
     877
     868
     834
     927
     875
     860
     921
     837
     855
     915
     936
     857
     912
     856
     917
     873
     832
     860
     869
     842
     871
     846
     805
     839
     867
     813
     827
     842
     813
     804
     749
     744
     764
     820
     812
     792
     756
     774
     810
     762
     778
     726
     734
     750
     794
     765
     674
     752
     708
     763
     747
     693
     738
     715
     742
     813
     755
     740
     739
     730
     690
     760
     702
     719
     769
     717
     728
     721
     740
     758
     752
     706
     720
     746
     695
     715
     764
     670
     754
     758
     730
     701
     720
     717
     726
     728
     701
     757
     764
     719
     713
     764
     744
     752
     817
     720
     746
     750
     763
     749
     718
     680
     732
     714
     721
     722
     746
     758
     772
     722
     761
     751
     761
     722
     767
     713
     737
     744
     722
     766
     712
     752
     762
     779
     794
     743
     737
     704
     758
     754
     784
     720
     766
     768
     819
     723
     777
     774
     739
     764
     733
     763
     790
     750
     726
     768
     736
     794
     733
     759
     747
     802
     779
     810
     776
     752
     782
     794
     766
     750
     787
     771
     716
     745
     754
     732
     750
     723
     706
     792
     724
     724
     747
     775
     727
     690
     768
     725
     782
     768
     754
     776
     765
     743
     759
     755
     785
     735
     736
     774
     764
     790
     725
     723
     747
     740
     721
     707
     726
     764
     737
     777
     715
     715
     715
     781
     754
     712
     756
     767
     758
     760
     732
     718
     722
     727
     752
     730
     758
     765
     803
     741
     802
     742
     705
     754
     709
     742
     708
     750
     780
     760
     766
     748
     763
     799
     777
     793
     746
     761
     737
     741
     762
     756
     762
     760
     783
     792
     786
     808
     765
     751
     765
     789
     788
     731
     791
     795
     786
     770
     792
     795
     785
     799
     831
     790
     762
     760
     807
     768
     812
     781
     785
     795
     794
     812
     792
     791
     765
     807
     740
     803
     800
     754
     780
     809
     790
     758
     769
     850
     804
     794
     781
     783
     830
     850
     759
     791
     791
     822
     814
     829
     783
     862
     830
     808
     803
     789
     781
     797
     739
     839
     847
     848
     807
     857
     756
     842
     803
     835
     812
     830
     790
     777
     863
     852
     852
     892
     836
     803
     812
     830
     863
     808
     830
     818
     824
     796
     840
     860
     815
     823
     842
     874
     815
     901
     846
     858
     872
     908
     881
     853
     857
     838
     848
     871
     909
     896
     897
     887
     888
     873
     848
     909
     915
     905
     857
     961
     845
     881
     927
     923
     893
     888
     898
     948
     953
     910
     957
     891
     859
     868
     933
     905
     938
     936
     906
     924
     973
     894
     932
     917
     938
     925
     909
    1013
     960
    1017
     966
     940
    1028
     974
     992
     987
     991
     973
     960
     991
    1032
     997
    1027
     982
     961
    1016
    1011
    1021
    1063
    1034
    1032
    1071
    1106
    1033
    1078
    1045
    1035
    1079
    1125
    1101
    1098
    1057
    1109
    1106
    1103
    1115
    1101
    1179
    1101
    1120
    1085
    1072
    1194
    1153
    1169
    1208
    1168
    1205
    1175
    1184
    1213
    1173
    1206
    1194
    1264
    1297
    1227
    1252
    1278
    1293
    1219
    1264
    1252
    1283
    1256
    1346
    1341
    1347
    1319
    1342
    1424
    1326
    1360
    1372
    1402
    1377
    1376
    1420
    1406
    1448
    1445
    1433
    1419
    1526
    1527
    1551
    1494
    1482
    1579
    1498
    1458
    1504
    1608
    1501
    1609
    1655
    1631
    1582
    1645
    1578
    1728
    1666
    1627
    1744
    1712
    1581
    1714
    1635
    1700
    1684
    1758
    1688
    1848
    1774
    1854
    1843
    1771
    1749
    1854
    1889
    1806
    1940
    1920
    1925
    1915
    1886
    1851
    1935
    2102
    1995
    1910
    1999
    1920
    1948
    1995
    1996
    1965
    2023
    2063
    2125
    2026
    2147
    2130
    2142
    2104
    2135
    2089
    2196
    2200
    2206
    2285
    2159
    2114
    2191
    2184
    2181
    2185
    2184
    2214
    2191
    2238
    2226
    2186
    2249
    2253
    2166
    2225
    2280
    2201
    2200
    2262
    2236
    2246
    2125
    2281
    2281
    2195
    2216
    2242
    2148
    2321
    2244
    2233
    2260
    2315
    2231
    2264
    2224
    2178
    2304
    2195
    2287
    2227
    2342
    2229
    2138
    2208
    2155
    2204
    2189
    2118
    2245
    2277
    2176
    2239
    2222
    2185
    2202
    2171
    2161
    2149
    2257
    2277
    2204
    2218
    2229
    2256
    2283
    2172
    2180
    2208
    2171
    2266
    2174
    2189
    2284
    2224
    2251
    2265
    2229
    2299
    2285
    2347
    2300
    2215
    2309
    2264
    2359
    2339
    2443
    2323
    2384
    2353
    2496
    2401
    2488
    2415
    2402
    2501
    2466
    2433
    2502
    2467
    2378
    2398
    2591
    2515
    2477
    2541
    2576
    2542
    2604
    2546
    2554
    2652
    2612
    2572
    2698
    2696
    2722
    2690
    2861
    2811
    2799
    2759
    2873
    2889
    2819
    2942
    2767
    2940
    2968
    2968
    3011
    2969
    2995
    2977
    3071
    3033
    3041
    3230
    3221
    3109
    3227
    3107
    3257
    3220
    3291
    3276
    3348
    3333
    3269
    3374
    3322
    3399
    3492
    3524
    3572
    3441
    3601
    3536
    3562
    3773
    3675
    3681
    3732
    3704
    3829
    3807
    3869
    3957
    3954
    4055
    4008
    4103
    4118
    4071
    4145
    4185
    4216
    4273
    4105
    4336
    4464
    4340
    4520
    4522
    4580
    4706
    4677
    4553
    4639
    4738
    4852
    4730
    4900
    4911
    4698
    4840
    5062
    5076
    5032
    5155
    5174
    5320
    5301
    5300
    5355
    5482
    5352
    5487
    5590
    5741
    5621
    5756
    5803
    5684
    5899
    6025
    5983
    6074
    6251
    6266
    6274
    6357
    6512
    6357
    6461
    6524
    6600
    6691
    6694
    6848
    6820
    7040
    7074
    7085
    7166
    7229
    7198
    7344
    7372
    7589
    7611
    7749
    7749
    7739
    7755
    7978
    8119
    8155
    8138
    8328
    8323
    8395
    8515
    8631
    8746
    8771
    8963
    9072
    8884
    9301
    9208
    9401
    9497
    9481
    9652
    9739
    9811
    9833
   10100
   10188
   10259
   10491
   10452
   10738
   10832
   10909
   10900
   11158
   11242
   11386
   11427
   11756
   11799
   11827
   11970
   12068
   12395
   12599
   12397
   12875
   12736
   13235
   13231
   13414
   13622
   13619
   14012
   14035
   14347
   14538
   14478
   14999
   14980
   15187
   15315
   15706
   15545
   15891
   16269
   16357
   16627
   16707
   17242
   17335
   17374
   17763
   17953
   18267
   18586
   18769
   19136
   19682
   19657
   19914
   20486
   20610
   20982
   21285
   21837
   22077
   22263
   22773
   22778
   23332
   23605
   23948
   24416
   25126
   25471
       0
       0
       0
       0
       0
       0
       0
       0
       0
       0
       0
       0
       0
       0
       0
       0
       0
       0
       0
       0
       0
       0
       0
       0
       0
       0
       0
       0
       0
       0
       0
       0
$ROI:
0
$PRESETS:
None
0
0
$ENER_FIT:
-0.169488 0.023446
$MCA_CAL:
3
-1.694878E-001 2.344633E-002 0.000000E+000 keV
$SHAPE_CAL:
3
0.000000E+000 0.000000E+000 0.000000E+000
