$SPEC_ID:
No sample description was entered.
$SPEC_REM:
DET# 4
DETDESC# JLAB-20 MCB 131
AP# Maestro Version 7.01
$DATE_MEA:
09/30/2025 10:56:44
$MEAS_TIM:
81299 83279
$DATA:
0 2047
       0
       0
       0
       0
       0
       0
       0
       0
       0
       0
       0
       0
       0
       0
       0
       0
       0
       0
       0
       0
       0
       0
       0
       0
       0
       0
       0
       0
       0
       0
       0
       0
       0
       0
       0
       0
       0
       0
       0
       0
       0
       0
       0
       0
       0
       0
       0
       0
       0
       0
       0
       0
       1
       0
       1
       0
       0
       0
       0
       0
       0
       0
       0
       1
       0
       1
       0
       0
       0
     300
    9117
    9261
    8736
    8384
    8415
    7947
    7905
    7812
    7705
    7545
    7430
    7616
    7268
    7337
    7206
    7227
    7068
    6898
    6829
    7057
    6821
    6524
    6715
    6528
    6518
    6411
    6446
    6549
    6402
    6376
    6278
    6250
    6182
    6292
    6101
    5954
    6068
    5949
    6001
    5865
    5808
    5788
    5801
    5724
    5626
    5671
    5581
    5566
    5469
    5402
    5493
    5472
    5390
    5406
    5371
    5338
    5480
    5306
    5211
    5163
    5322
    5169
    5011
    5081
    4962
    5062
    5049
    5080
    4989
    4906
    4971
    4983
    4848
    4849
    4860
    4843
    4868
    4952
    4856
    4918
    4682
    4877
    4582
    4745
    4597
    4624
    4643
    4674
    4656
    4530
    4639
    4530
    4525
    4499
    4571
    4508
    4528
    4584
    4519
    4507
    4388
    4364
    4444
    4313
    4478
    4414
    4430
    4318
    4397
    4391
    4295
    4310
    4397
    4301
    4238
    4364
    4243
    4230
    4267
    4223
    4186
    4212
    4110
    4264
    4346
    4179
    4299
    4150
    4165
    4290
    4159
    4165
    4180
    4230
    4098
    4081
    4089
    4076
    4159
    4077
    4129
    4155
    4070
    3926
    4142
    4096
    4033
    4078
    4042
    4098
    4139
    4090
    4070
    4191
    4072
    4106
    4000
    4036
    4103
    4015
    4023
    4025
    3939
    4060
    4114
    4042
    3976
    4106
    3947
    3990
    4025
    4026
    4020
    3843
    4053
    4003
    3955
    4008
    4068
    3967
    4007
    3992
    4018
    4054
    4045
    4021
    4011
    4103
    4140
    4074
    4019
    3966
    4168
    4134
    4120
    4095
    4018
    4176
    4217
    4177
    4100
    4083
    4096
    4174
    4263
    4133
    4176
    4184
    4128
    4149
    4178
    4148
    4223
    4247
    4177
    4082
    4245
    4168
    4193
    4230
    4238
    4112
    4248
    4277
    4199
    4315
    4300
    4307
    4341
    4445
    4389
    4546
    4663
    4716
    4955
    5011
    5159
    5551
    5890
    6394
    6794
    7418
    8264
    8937
    9920
   11151
   12593
   13943
   15581
   17365
   19256
   21530
   23768
   26234
   29105
   31552
   34202
   36786
   39257
   42341
   45001
   47552
   49938
   51913
   54075
   56280
   57259
   59377
   60069
   61491
   62226
   62940
   63824
   64276
   64063
   64375
   64455
   64393
   64059
   63613
   63017
   62505
   61892
   60922
   60206
   59683
   58228
   57379
   56190
   55252
   54235
   52696
   51432
   50335
   48799
   47231
   45621
   44572
   42840
   41154
   39510
   38054
   36801
   35193
   33882
   32549
   30924
   29554
   28035
   26754
   25626
   24617
   23279
   22385
   21401
   20721
   20170
   19117
   18540
   18168
   17537
   16722
   16467
   15786
   15533
   14651
   14334
   13718
   13073
   12696
   12272
   11765
   11470
   10703
   10094
    9559
    9200
    8666
    8311
    7664
    7199
    6895
    6250
    6155
    5588
    5235
    4893
    4591
    4412
    3989
    3853
    3577
    3472
    3370
    3292
    3156
    2985
    2892
    2850
    2811
    2800
    2793
    2718
    2813
    2723
    2690
    2641
    2764
    2767
    2714
    2680
    2773
    2750
    2845
    2698
    2742
    2743
    2798
    2576
    2730
    2661
    2728
    2710
    2636
    2708
    2614
    2630
    2612
    2713
    2738
    2576
    2625
    2605
    2577
    2504
    2582
    2621
    2526
    2523
    2558
    2514
    2528
    2590
    2532
    2480
    2456
    2435
    2436
    2516
    2445
    2442
    2383
    2490
    2407
    2433
    2420
    2451
    2502
    2360
    2427
    2388
    2326
    2364
    2393
    2262
    2356
    2289
    2395
    2348
    2287
    2356
    2310
    2382
    2343
    2370
    2459
    2318
    2276
    2344
    2284
    2311
    2271
    2393
    2321
    2385
    2356
    2344
    2353
    2231
    2272
    2351
    2398
    2324
    2272
    2364
    2360
    2360
    2291
    2329
    2365
    2385
    2315
    2426
    2420
    2329
    2406
    2359
    2329
    2332
    2340
    2385
    2349
    2315
    2283
    2382
    2372
    2299
    2366
    2326
    2325
    2314
    2339
    2318
    2258
    2283
    2220
    2205
    2309
    2269
    2274
    2151
    2198
    2230
    2187
    2152
    2153
    2175
    2136
    2149
    2183
    2180
    2106
    2178
    2110
    2121
    2095
    2185
    2166
    2114
    2135
    2156
    2085
    2107
    2134
    2074
    2072
    2106
    2062
    2017
    1976
    2084
    2023
    1995
    2023
    2064
    2002
    2049
    1985
    2000
    1999
    2033
    2021
    2020
    2015
    2074
    2036
    2002
    2028
    1930
    1982
    1974
    2027
    1975
    1965
    2021
    1996
    1947
    2069
    2067
    2063
    2012
    2024
    1958
    2025
    2030
    1993
    2034
    1961
    2015
    1942
    2000
    1970
    1991
    2060
    2040
    2014
    1988
    2045
    1957
    2035
    2021
    1980
    1944
    1954
    1971
    1992
    2030
    2025
    2048
    1933
    2009
    1962
    1983
    1903
    1949
    1965
    1974
    1950
    1963
    1931
    1931
    1988
    1966
    1984
    1915
    1923
    1920
    1857
    1950
    1951
    1956
    1886
    1906
    1934
    1957
    1927
    1906
    1939
    1937
    1982
    1926
    1854
    1952
    1886
    1924
    1848
    1959
    1850
    1858
    1963
    1872
    1883
    1863
    1933
    1868
    1934
    1933
    1920
    1886
    1902
    1841
    1909
    1926
    1862
    1949
    1853
    1911
    1870
    1911
    1904
    1940
    1901
    1851
    1874
    1790
    1880
    1869
    1947
    1967
    1860
    1895
    1846
    1865
    1857
    1913
    1874
    1856
    1868
    1874
    1801
    1868
    1804
    1800
    1769
    1900
    1808
    1842
    1825
    1881
    1825
    1785
    1789
    1841
    1864
    1898
    1803
    1872
    1857
    1820
    1822
    1792
    1827
    1798
    1875
    1789
    1774
    1815
    1767
    1823
    1809
    1846
    1749
    1849
    1885
    1788
    1769
    1777
    1770
    1766
    1781
    1738
    1783
    1751
    1823
    1767
    1792
    1743
    1782
    1803
    1781
    1770
    1726
    1727
    1775
    1736
    1714
    1718
    1721
    1788
    1746
    1806
    1712
    1776
    1755
    1845
    1787
    1820
    1695
    1792
    1783
    1728
    1699
    1776
    1729
    1750
    1768
    1794
    1730
    1676
    1662
    1681
    1674
    1780
    1728
    1784
    1773
    1698
    1744
    1706
    1692
    1774
    1649
    1691
    1695
    1678
    1680
    1743
    1681
    1664
    1711
    1737
    1682
    1697
    1733
    1726
    1686
    1719
    1718
    1706
    1663
    1578
    1676
    1697
    1693
    1774
    1667
    1780
    1723
    1708
    1677
    1701
    1699
    1692
    1673
    1679
    1595
    1701
    1746
    1746
    1611
    1733
    1673
    1672
    1694
    1624
    1607
    1719
    1642
    1674
    1734
    1690
    1610
    1633
    1675
    1679
    1668
    1709
    1683
    1680
    1691
    1671
    1736
    1627
    1690
    1687
    1712
    1694
    1657
    1644
    1605
    1609
    1605
    1688
    1705
    1699
    1634
    1643
    1642
    1643
    1643
    1652
    1641
    1616
    1649
    1617
    1589
    1646
    1668
    1581
    1648
    1616
    1633
    1700
    1693
    1624
    1658
    1692
    1603
    1624
    1588
    1627
    1687
    1668
    1623
    1600
    1626
    1665
    1642
    1685
    1709
    1772
    1757
    1667
    1675
    1745
    1666
    1638
    1689
    1718
    1661
    1688
    1730
    1683
    1690
    1646
    1670
    1667
    1672
    1666
    1664
    1727
    1598
    1695
    1635
    1716
    1688
    1656
    1610
    1621
    1623
    1657
    1577
    1607
    1650
    1675
    1659
    1638
    1722
    1683
    1637
    1719
    1697
    1595
    1615
    1622
    1635
    1642
    1669
    1605
    1591
    1559
    1613
    1597
    1639
    1664
    1544
    1559
    1614
    1576
    1654
    1625
    1600
    1615
    1623
    1538
    1656
    1659
    1678
    1540
    1530
    1599
    1668
    1585
    1552
    1639
    1594
    1690
    1574
    1620
    1620
    1664
    1693
    1656
    1640
    1715
    1659
    1657
    1698
    1671
    1653
    1633
    1749
    1666
    1704
    1694
    1688
    1650
    1715
    1653
    1670
    1701
    1621
    1716
    1671
    1721
    1659
    1678
    1724
    1672
    1670
    1690
    1668
    1686
    1724
    1698
    1703
    1689
    1624
    1660
    1655
    1666
    1746
    1667
    1613
    1675
    1679
    1722
    1651
    1713
    1725
    1698
    1688
    1656
    1685
    1682
    1670
    1645
    1706
    1641
    1626
    1595
    1585
    1671
    1650
    1686
    1619
    1630
    1598
    1693
    1601
    1568
    1575
    1576
    1636
    1576
    1632
    1557
    1616
    1614
    1566
    1518
    1605
    1579
    1531
    1573
    1593
    1671
    1635
    1589
    1618
    1603
    1582
    1638
    1660
    1603
    1665
    1696
    1617
    1678
    1770
    1708
    1701
    1748
    1753
    1756
    1748
    1784
    1750
    1794
    1819
    1798
    1856
    1855
    1692
    1859
    1885
    1775
    1783
    1731
    1840
    1786
    1805
    1853
    1697
    1761
    1852
    1863
    1787
    1743
    1729
    1838
    1714
    1604
    1732
    1696
    1690
    1708
    1646
    1624
    1648
    1708
    1575
    1636
    1636
    1674
    1615
    1489
    1545
    1525
    1575
    1574
    1534
    1466
    1546
    1494
    1543
    1530
    1451
    1434
    1504
    1556
    1502
    1428
    1435
    1405
    1483
    1477
    1447
    1463
    1445
    1458
    1538
    1491
    1467
    1494
    1428
    1420
    1530
    1436
    1432
    1530
    1439
    1486
    1458
    1462
    1469
    1465
    1461
    1485
    1478
    1408
    1407
    1483
    1436
    1459
    1463
    1424
    1407
    1471
    1503
    1443
    1469
    1496
    1487
    1506
    1476
    1483
    1495
    1497
    1512
    1612
    1449
    1475
    1466
    1514
    1469
    1456
    1393
    1468
    1443
    1430
    1431
    1448
    1511
    1540
    1498
    1469
    1515
    1523
    1381
    1495
    1453
    1457
    1510
    1470
    1509
    1426
    1508
    1494
    1531
    1551
    1481
    1447
    1471
    1522
    1552
    1510
    1460
    1519
    1502
    1612
    1486
    1535
    1492
    1453
    1503
    1500
    1539
    1547
    1480
    1469
    1522
    1529
    1552
    1519
    1523
    1512
    1559
    1505
    1558
    1548
    1507
    1520
    1531
    1527
    1480
    1515
    1488
    1460
    1490
    1459
    1492
    1468
    1470
    1477
    1554
    1433
    1490
    1488
    1481
    1450
    1413
    1453
    1446
    1537
    1491
    1514
    1514
    1509
    1474
    1498
    1472
    1511
    1439
    1455
    1535
    1522
    1511
    1424
    1491
    1512
    1457
    1423
    1434
    1392
    1478
    1519
    1564
    1468
    1443
    1435
    1525
    1476
    1426
    1492
    1458
    1482
    1507
    1474
    1445
    1413
    1447
    1484
    1494
    1513
    1491
    1559
    1510
    1523
    1485
    1448
    1505
    1455
    1467
    1439
    1515
    1506
    1455
    1544
    1528
    1566
    1541
    1469
    1562
    1482
    1547
    1480
    1495
    1506
    1560
    1523
    1493
    1615
    1572
    1511
    1589
    1511
    1569
    1559
    1585
    1545
    1455
    1578
    1560
    1565
    1543
    1550
    1525
    1555
    1604
    1588
    1578
    1510
    1484
    1594
    1526
    1579
    1511
    1560
    1566
    1567
    1592
    1581
    1502
    1552
    1545
    1549
    1543
    1555
    1545
    1609
    1599
    1607
    1570
    1590
    1665
    1599
    1616
    1587
    1552
    1627
    1635
    1576
    1596
    1587
    1656
    1602
    1630
    1597
    1686
    1686
    1619
    1603
    1588
    1548
    1626
    1582
    1630
    1650
    1633
    1661
    1655
    1499
    1672
    1601
    1670
    1671
    1602
    1583
    1554
    1664
    1720
    1644
    1710
    1604
    1617
    1616
    1643
    1691
    1635
    1671
    1629
    1627
    1646
    1701
    1645
    1636
    1664
    1669
    1651
    1705
    1708
    1669
    1674
    1699
    1778
    1715
    1681
    1701
    1649
    1729
    1749
    1795
    1769
    1732
    1724
    1750
    1747
    1759
    1832
    1794
    1800
    1793
    1837
    1712
    1733
    1810
    1801
    1766
    1737
    1811
    1824
    1792
    1869
    1948
    1840
    1745
    1720
    1847
    1837
    1888
    1879
    1825
    1828
    1910
    1782
    1926
    1898
    1917
    1826
    1887
    1941
    1954
    2019
    1980
    1955
    1972
    1942
    1947
    1919
    1958
    1932
    1916
    1959
    2055
    1960
    2017
    2002
    2013
    2059
    2002
    2066
    2103
    1981
    2053
    2118
    2116
    2096
    2142
    2080
    2044
    2201
    2192
    2165
    2155
    2155
    2203
    2207
    2131
    2165
    2187
    2280
    2227
    2250
    2159
    2176
    2358
    2280
    2251
    2313
    2371
    2380
    2359
    2331
    2328
    2405
    2453
    2372
    2515
    2583
    2495
    2535
    2520
    2581
    2491
    2475
    2603
    2559
    2562
    2628
    2686
    2607
    2628
    2642
    2780
    2660
    2666
    2722
    2728
    2697
    2727
    2834
    2796
    2886
    2930
    2859
    2902
    2994
    3042
    3028
    2956
    2955
    3050
    3055
    2980
    3021
    3141
    3130
    3133
    3176
    3221
    3127
    3267
    3166
    3265
    3308
    3240
    3356
    3354
    3258
    3370
    3305
    3404
    3387
    3463
    3426
    3524
    3488
    3645
    3600
    3542
    3547
    3631
    3793
    3618
    3861
    3760
    3787
    3861
    3758
    3807
    3839
    4043
    3890
    3786
    3941
    3809
    3910
    3941
    3961
    4071
    4011
    4165
    4101
    4049
    4192
    4215
    4222
    4169
    4169
    4159
    4229
    4314
    4337
    4322
    4330
    4330
    4411
    4412
    4318
    4454
    4323
    4417
    4379
    4364
    4410
    4415
    4494
    4450
    4422
    4446
    4480
    4421
    4411
    4516
    4488
    4387
    4252
    4485
    4423
    4374
    4389
    4467
    4372
    4458
    4469
    4429
    4392
    4511
    4464
    4426
    4401
    4407
    4495
    4390
    4533
    4387
    4443
    4446
    4351
    4423
    4298
    4445
    4253
    4328
    4478
    4367
    4339
    4413
    4387
    4388
    4390
    4377
    4427
    4328
    4533
    4327
    4467
    4361
    4421
    4494
    4506
    4371
    4401
    4318
    4343
    4490
    4455
    4381
    4439
    4386
    4463
    4462
    4475
    4502
    4617
    4598
    4576
    4451
    4621
    4572
    4670
    4726
    4718
    4661
    4671
    4747
    4809
    4791
    4829
    4794
    4825
    4927
    4877
    4916
    4877
    4929
    4859
    4939
    5082
    4976
    5015
    5008
    5078
    5050
    5185
    5133
    5202
    5248
    5244
    5155
    5312
    5268
    5383
    5455
    5611
    5589
    5496
    5504
    5659
    5714
    5527
    5794
    5599
    5756
    5848
    5917
    5911
    5847
    5990
    5956
    6025
    6057
    6127
    6351
    6369
    6210
    6201
    6162
    6510
    6417
    6478
    6475
    6610
    6630
    6578
    6742
    6645
    6737
    6910
    7033
    7008
    6883
    7111
    7130
    7251
    7344
    7309
    7374
    7438
    7496
    7593
    7511
    7711
    7815
    7705
    8049
    7966
    7994
    8175
    8158
    8252
    8273
    8380
    8383
    8278
    8518
    8796
    8577
    8874
    8813
    9097
    9249
    9120
    9007
    9209
    9408
    9496
    9469
    9644
    9745
    9494
    9839
   10078
   10148
    9946
   10204
   10496
   10499
   10582
   10636
   10698
   10829
   10757
   10912
   11025
   11259
   11196
   11469
   11511
   11539
   11657
   11839
   12063
   12102
   12175
   12375
   12301
   12671
   12732
   12651
   12838
   12856
   13050
   13248
   13529
   13558
   13542
   13878
   14057
   14197
   14256
   14341
   14231
   14572
   14761
   15017
   15130
   15200
   15528
   15455
   15483
   15910
   16018
   16042
   16292
   16604
   16366
   16887
   16862
   17136
   17349
   17319
   17598
   17837
   17800
   18477
   18347
   18746
   18712
   18853
   19292
   19363
   19603
   19696
   19924
   20251
   20430
   20597
   20832
   21236
   21422
   21661
   21879
   22062
   22320
   22549
   22783
   22969
   23333
   23644
   23784
   24030
   24490
   24864
   24803
   25399
   25550
   26142
   26487
   26448
   26965
   27155
   27723
   27872
   28197
   28753
   28813
   29866
   29667
   30050
   30417
   31061
   31399
   31647
   32164
   32597
   33073
   33362
   33842
   34221
   34642
   35414
   35869
   36212
   37031
   37352
   38049
   38638
   38838
   39723
   40284
   40984
   41590
   42211
   42705
   43907
   43981
   45064
   45401
   46260
   46891
   47334
   48375
   49567
   50159
       0
       0
       0
       0
       0
       0
       0
       0
       0
       0
       0
       0
       0
       0
       0
       0
       0
       0
       0
       0
       0
       0
       0
       0
       0
       0
       0
       0
       0
       0
       0
       0
$ROI:
0
$PRESETS:
None
0
0
$ENER_FIT:
-0.169488 0.023446
$MCA_CAL:
3
-1.694878E-001 2.344633E-002 0.000000E+000 keV
$SHAPE_CAL:
3
0.000000E+000 0.000000E+000 0.000000E+000
