$SPEC_ID:
No sample description was entered.
$SPEC_REM:
DET# 4
DETDESC# JLAB-20 MCB 131
AP# Maestro Version 7.01
$DATE_MEA:
09/30/2025 07:06:44
$MEAS_TIM:
67829 69478
$DATA:
0 2047
       0
       0
       0
       0
       0
       0
       0
       0
       0
       0
       0
       0
       0
       0
       0
       0
       0
       0
       0
       0
       0
       0
       0
       0
       0
       0
       0
       0
       0
       0
       0
       0
       0
       0
       0
       0
       0
       0
       0
       0
       0
       0
       0
       0
       0
       0
       0
       0
       0
       0
       0
       0
       1
       0
       1
       0
       0
       0
       0
       0
       0
       0
       0
       1
       0
       1
       0
       0
       0
     238
    7616
    7733
    7301
    6988
    7042
    6738
    6553
    6542
    6426
    6270
    6155
    6366
    6124
    6125
    6039
    6052
    5939
    5753
    5725
    5901
    5673
    5404
    5588
    5453
    5415
    5336
    5397
    5476
    5366
    5335
    5288
    5219
    5170
    5258
    5079
    4982
    5066
    4939
    5022
    4908
    4837
    4783
    4831
    4778
    4674
    4736
    4696
    4635
    4540
    4506
    4550
    4525
    4456
    4511
    4518
    4462
    4543
    4420
    4343
    4324
    4429
    4310
    4188
    4255
    4105
    4235
    4217
    4250
    4214
    4128
    4153
    4150
    4083
    4081
    4079
    4041
    4050
    4121
    4081
    4118
    3882
    4066
    3803
    3967
    3873
    3859
    3900
    3903
    3945
    3800
    3854
    3764
    3760
    3788
    3802
    3776
    3790
    3781
    3750
    3785
    3682
    3670
    3697
    3624
    3755
    3696
    3747
    3581
    3662
    3694
    3589
    3575
    3697
    3585
    3555
    3601
    3518
    3540
    3563
    3546
    3521
    3510
    3424
    3542
    3614
    3491
    3584
    3461
    3490
    3576
    3465
    3514
    3504
    3524
    3364
    3425
    3389
    3403
    3462
    3385
    3430
    3471
    3346
    3280
    3484
    3412
    3387
    3380
    3365
    3478
    3445
    3399
    3382
    3455
    3409
    3452
    3316
    3367
    3466
    3350
    3368
    3377
    3305
    3415
    3425
    3377
    3295
    3393
    3271
    3375
    3346
    3374
    3354
    3242
    3397
    3376
    3336
    3335
    3379
    3331
    3354
    3320
    3380
    3412
    3359
    3341
    3321
    3430
    3439
    3420
    3344
    3287
    3462
    3468
    3410
    3386
    3374
    3452
    3513
    3484
    3361
    3373
    3404
    3488
    3522
    3447
    3458
    3477
    3489
    3472
    3467
    3458
    3525
    3536
    3494
    3426
    3550
    3468
    3484
    3517
    3512
    3416
    3572
    3564
    3512
    3612
    3561
    3609
    3613
    3711
    3638
    3796
    3881
    3933
    4187
    4158
    4302
    4606
    4905
    5365
    5670
    6176
    6956
    7481
    8266
    9315
   10436
   11604
   12918
   14519
   16058
   18019
   19813
   21888
   24299
   26375
   28652
   30769
   32728
   35328
   37649
   39831
   41546
   43325
   45139
   47066
   47760
   49563
   50175
   51270
   51980
   52540
   53372
   53623
   53456
   53791
   53826
   53743
   53572
   53142
   52444
   52072
   51520
   50759
   50294
   49701
   48590
   47816
   46939
   46125
   45286
   43956
   42871
   41976
   40765
   39456
   38252
   37114
   35695
   34353
   32781
   31635
   30741
   29435
   28257
   27242
   25788
   24690
   23296
   22360
   21431
   20536
   19381
   18649
   17865
   17304
   16839
   16027
   15459
   15099
   14567
   14033
   13742
   13149
   13010
   12161
   11964
   11532
   10970
   10591
   10258
    9724
    9632
    8930
    8418
    7987
    7638
    7246
    6922
    6415
    5977
    5778
    5176
    5140
    4623
    4367
    4078
    3861
    3668
    3325
    3186
    2994
    2909
    2819
    2720
    2660
    2441
    2448
    2420
    2367
    2381
    2323
    2282
    2370
    2266
    2241
    2196
    2324
    2309
    2294
    2224
    2334
    2309
    2353
    2247
    2288
    2302
    2319
    2162
    2260
    2219
    2256
    2254
    2197
    2255
    2190
    2243
    2194
    2268
    2240
    2153
    2181
    2166
    2156
    2084
    2142
    2174
    2102
    2084
    2123
    2112
    2132
    2160
    2106
    2079
    2073
    2021
    2046
    2113
    2037
    2031
    2000
    2085
    2027
    2034
    2005
    2053
    2123
    1936
    2040
    2013
    1968
    1949
    2030
    1868
    1945
    1922
    2033
    1971
    1922
    1957
    1947
    1966
    1965
    1988
    2053
    1933
    1887
    1987
    1893
    1904
    1885
    1983
    1933
    1993
    1932
    1962
    1954
    1859
    1890
    1969
    1982
    1903
    1880
    1991
    1969
    1950
    1883
    1966
    2017
    1971
    1927
    1998
    2061
    1943
    2028
    1973
    1966
    1948
    1953
    2001
    1980
    1930
    1904
    2016
    1995
    1944
    1987
    1961
    1905
    1903
    1895
    1941
    1872
    1929
    1849
    1844
    1913
    1896
    1891
    1805
    1859
    1881
    1837
    1765
    1804
    1791
    1813
    1812
    1825
    1819
    1755
    1816
    1766
    1755
    1745
    1843
    1802
    1748
    1795
    1823
    1732
    1735
    1793
    1744
    1748
    1776
    1738
    1692
    1655
    1727
    1690
    1666
    1673
    1735
    1676
    1735
    1638
    1655
    1657
    1722
    1730
    1692
    1694
    1697
    1691
    1654
    1705
    1626
    1615
    1662
    1676
    1666
    1657
    1678
    1643
    1618
    1751
    1722
    1728
    1670
    1672
    1630
    1711
    1697
    1635
    1699
    1633
    1689
    1617
    1696
    1624
    1668
    1710
    1712
    1710
    1655
    1720
    1605
    1692
    1680
    1648
    1633
    1627
    1665
    1673
    1708
    1692
    1706
    1613
    1689
    1602
    1640
    1594
    1608
    1638
    1633
    1624
    1643
    1622
    1620
    1664
    1654
    1648
    1620
    1583
    1597
    1538
    1599
    1621
    1619
    1572
    1572
    1633
    1619
    1603
    1601
    1632
    1614
    1665
    1629
    1563
    1632
    1581
    1570
    1552
    1642
    1566
    1551
    1657
    1566
    1595
    1554
    1636
    1548
    1616
    1623
    1604
    1578
    1583
    1520
    1579
    1621
    1537
    1613
    1541
    1584
    1560
    1567
    1590
    1621
    1565
    1552
    1567
    1483
    1550
    1570
    1627
    1635
    1546
    1576
    1515
    1545
    1581
    1589
    1574
    1553
    1578
    1565
    1504
    1554
    1530
    1510
    1484
    1591
    1514
    1521
    1533
    1547
    1533
    1504
    1516
    1532
    1574
    1578
    1518
    1568
    1549
    1527
    1510
    1503
    1522
    1513
    1574
    1481
    1466
    1503
    1476
    1532
    1519
    1516
    1489
    1529
    1585
    1507
    1510
    1470
    1478
    1467
    1505
    1470
    1469
    1462
    1548
    1469
    1492
    1436
    1486
    1522
    1471
    1481
    1433
    1416
    1492
    1450
    1436
    1444
    1434
    1471
    1457
    1519
    1418
    1498
    1460
    1548
    1487
    1512
    1403
    1496
    1489
    1438
    1425
    1478
    1443
    1458
    1473
    1496
    1456
    1407
    1398
    1422
    1373
    1467
    1449
    1496
    1433
    1445
    1453
    1422
    1417
    1460
    1379
    1426
    1432
    1362
    1417
    1472
    1427
    1402
    1414
    1444
    1401
    1416
    1455
    1458
    1410
    1427
    1423
    1427
    1352
    1307
    1417
    1405
    1416
    1461
    1382
    1492
    1432
    1455
    1410
    1435
    1420
    1410
    1403
    1380
    1351
    1418
    1463
    1455
    1354
    1451
    1399
    1404
    1409
    1366
    1336
    1430
    1395
    1378
    1443
    1403
    1365
    1398
    1381
    1407
    1383
    1427
    1400
    1392
    1385
    1394
    1426
    1350
    1402
    1417
    1443
    1415
    1379
    1373
    1342
    1335
    1342
    1422
    1400
    1410
    1374
    1366
    1356
    1368
    1361
    1363
    1346
    1341
    1381
    1345
    1333
    1376
    1374
    1319
    1396
    1371
    1350
    1416
    1404
    1347
    1399
    1423
    1360
    1344
    1316
    1363
    1399
    1400
    1370
    1339
    1340
    1394
    1374
    1406
    1426
    1480
    1450
    1390
    1396
    1491
    1409
    1367
    1406
    1439
    1381
    1407
    1445
    1423
    1425
    1395
    1364
    1397
    1415
    1371
    1382
    1432
    1336
    1404
    1354
    1447
    1402
    1382
    1356
    1367
    1377
    1406
    1340
    1350
    1393
    1420
    1389
    1402
    1434
    1375
    1359
    1461
    1412
    1338
    1390
    1380
    1365
    1368
    1407
    1345
    1311
    1286
    1349
    1312
    1344
    1419
    1299
    1307
    1353
    1330
    1392
    1364
    1347
    1353
    1382
    1268
    1392
    1391
    1409
    1294
    1310
    1327
    1393
    1322
    1286
    1392
    1354
    1383
    1324
    1346
    1347
    1397
    1426
    1394
    1370
    1437
    1367
    1380
    1405
    1385
    1404
    1371
    1488
    1378
    1425
    1433
    1402
    1371
    1426
    1386
    1398
    1411
    1345
    1411
    1391
    1427
    1402
    1372
    1450
    1379
    1404
    1422
    1388
    1412
    1444
    1416
    1443
    1402
    1359
    1382
    1378
    1376
    1460
    1394
    1333
    1420
    1407
    1453
    1383
    1434
    1453
    1433
    1416
    1365
    1423
    1435
    1406
    1365
    1410
    1371
    1359
    1333
    1318
    1376
    1389
    1436
    1369
    1346
    1338
    1416
    1334
    1311
    1294
    1332
    1360
    1316
    1346
    1281
    1365
    1340
    1324
    1257
    1341
    1310
    1259
    1322
    1333
    1382
    1373
    1348
    1346
    1326
    1299
    1391
    1370
    1345
    1408
    1409
    1357
    1384
    1448
    1433
    1426
    1487
    1455
    1478
    1446
    1484
    1470
    1494
    1503
    1485
    1546
    1553
    1407
    1556
    1579
    1451
    1508
    1431
    1519
    1483
    1496
    1562
    1412
    1467
    1557
    1529
    1456
    1483
    1449
    1533
    1430
    1337
    1452
    1420
    1424
    1449
    1382
    1347
    1383
    1435
    1345
    1359
    1355
    1407
    1363
    1248
    1296
    1274
    1328
    1323
    1290
    1246
    1280
    1257
    1279
    1264
    1219
    1183
    1245
    1298
    1249
    1170
    1212
    1180
    1240
    1244
    1190
    1231
    1200
    1253
    1294
    1263
    1211
    1254
    1199
    1161
    1274
    1181
    1185
    1267
    1192
    1256
    1220
    1237
    1243
    1245
    1206
    1236
    1241
    1180
    1206
    1262
    1163
    1219
    1212
    1176
    1190
    1226
    1257
    1227
    1243
    1217
    1250
    1243
    1228
    1217
    1273
    1239
    1269
    1318
    1205
    1227
    1210
    1236
    1235
    1211
    1154
    1218
    1191
    1188
    1190
    1219
    1260
    1293
    1245
    1226
    1243
    1259
    1176
    1242
    1195
    1222
    1255
    1227
    1248
    1186
    1258
    1271
    1274
    1292
    1249
    1220
    1230
    1260
    1302
    1277
    1226
    1275
    1245
    1379
    1252
    1295
    1254
    1206
    1270
    1242
    1289
    1296
    1236
    1243
    1256
    1279
    1325
    1259
    1276
    1283
    1328
    1251
    1300
    1286
    1254
    1272
    1282
    1273
    1224
    1269
    1250
    1235
    1256
    1225
    1237
    1240
    1228
    1236
    1295
    1191
    1235
    1220
    1252
    1219
    1203
    1247
    1212
    1279
    1268
    1272
    1272
    1254
    1235
    1262
    1229
    1249
    1208
    1221
    1285
    1292
    1256
    1196
    1232
    1254
    1226
    1191
    1201
    1182
    1261
    1248
    1320
    1208
    1209
    1205
    1306
    1224
    1192
    1237
    1240
    1260
    1271
    1235
    1200
    1199
    1211
    1224
    1250
    1266
    1246
    1305
    1249
    1276
    1238
    1208
    1264
    1207
    1238
    1195
    1270
    1266
    1226
    1279
    1280
    1310
    1280
    1253
    1316
    1232
    1269
    1226
    1255
    1238
    1278
    1287
    1250
    1338
    1320
    1264
    1328
    1273
    1293
    1309
    1317
    1307
    1198
    1310
    1302
    1315
    1259
    1293
    1272
    1298
    1359
    1347
    1304
    1271
    1243
    1341
    1273
    1313
    1256
    1301
    1291
    1309
    1327
    1309
    1262
    1285
    1302
    1294
    1305
    1322
    1307
    1336
    1327
    1345
    1303
    1316
    1394
    1324
    1344
    1321
    1270
    1352
    1384
    1293
    1312
    1317
    1381
    1367
    1401
    1326
    1416
    1413
    1355
    1347
    1318
    1303
    1356
    1307
    1346
    1406
    1372
    1374
    1390
    1261
    1400
    1325
    1397
    1384
    1340
    1308
    1292
    1379
    1419
    1380
    1428
    1344
    1346
    1337
    1368
    1406
    1359
    1397
    1361
    1368
    1353
    1418
    1374
    1362
    1373
    1396
    1396
    1410
    1416
    1411
    1408
    1402
    1516
    1431
    1415
    1428
    1390
    1436
    1462
    1504
    1476
    1469
    1432
    1503
    1438
    1423
    1521
    1478
    1529
    1464
    1545
    1419
    1457
    1502
    1512
    1451
    1467
    1507
    1519
    1501
    1556
    1619
    1521
    1447
    1459
    1564
    1539
    1555
    1577
    1515
    1497
    1608
    1486
    1600
    1563
    1583
    1529
    1581
    1630
    1629
    1686
    1629
    1605
    1687
    1634
    1647
    1595
    1649
    1633
    1613
    1615
    1705
    1623
    1664
    1680
    1674
    1694
    1671
    1699
    1745
    1641
    1716
    1779
    1769
    1746
    1749
    1730
    1701
    1824
    1841
    1811
    1808
    1782
    1853
    1860
    1812
    1820
    1815
    1902
    1832
    1855
    1812
    1810
    1965
    1883
    1904
    1954
    1966
    1972
    1970
    1960
    1950
    1974
    2057
    1994
    2100
    2172
    2045
    2105
    2113
    2179
    2054
    2077
    2154
    2115
    2144
    2203
    2226
    2177
    2189
    2219
    2317
    2231
    2258
    2255
    2277
    2226
    2282
    2353
    2297
    2425
    2437
    2391
    2390
    2522
    2506
    2532
    2486
    2442
    2579
    2570
    2476
    2517
    2614
    2587
    2613
    2668
    2671
    2617
    2735
    2671
    2753
    2745
    2729
    2817
    2832
    2682
    2835
    2744
    2825
    2817
    2912
    2851
    2955
    2946
    3064
    3034
    2950
    2946
    3018
    3143
    3021
    3199
    3160
    3143
    3213
    3154
    3131
    3195
    3377
    3294
    3138
    3303
    3144
    3260
    3286
    3307
    3373
    3347
    3439
    3472
    3387
    3496
    3489
    3522
    3458
    3463
    3466
    3554
    3624
    3619
    3667
    3604
    3619
    3672
    3679
    3619
    3680
    3599
    3702
    3646
    3669
    3698
    3665
    3797
    3716
    3662
    3734
    3787
    3665
    3701
    3726
    3736
    3657
    3523
    3769
    3694
    3603
    3665
    3724
    3617
    3767
    3719
    3674
    3681
    3774
    3750
    3725
    3651
    3675
    3749
    3688
    3798
    3663
    3795
    3679
    3575
    3663
    3597
    3738
    3609
    3590
    3732
    3663
    3618
    3722
    3668
    3633
    3631
    3629
    3695
    3583
    3798
    3669
    3756
    3645
    3684
    3754
    3786
    3602
    3680
    3579
    3640
    3751
    3689
    3638
    3714
    3669
    3701
    3778
    3698
    3751
    3842
    3835
    3844
    3731
    3857
    3800
    3936
    3946
    3950
    3886
    3887
    3950
    4044
    3977
    4028
    4010
    3997
    4142
    4044
    4088
    4066
    4118
    4051
    4073
    4269
    4134
    4169
    4152
    4258
    4202
    4302
    4261
    4340
    4445
    4391
    4314
    4464
    4397
    4495
    4511
    4696
    4685
    4606
    4559
    4743
    4797
    4619
    4854
    4648
    4790
    4892
    4934
    4912
    4927
    4992
    4963
    5053
    5064
    5077
    5326
    5304
    5147
    5236
    5122
    5445
    5371
    5407
    5449
    5520
    5550
    5448
    5599
    5518
    5628
    5775
    5863
    5881
    5766
    5933
    5929
    5948
    6139
    6062
    6157
    6171
    6248
    6337
    6279
    6419
    6531
    6479
    6763
    6607
    6718
    6772
    6860
    6876
    6860
    6983
    7025
    6926
    7167
    7387
    7185
    7448
    7389
    7566
    7735
    7636
    7519
    7693
    7876
    7958
    7865
    8066
    8115
    7903
    8163
    8397
    8467
    8319
    8534
    8682
    8747
    8770
    8875
    8874
    9094
    9013
    9096
    9222
    9408
    9357
    9543
    9702
    9546
    9749
    9924
   10068
   10120
   10189
   10402
   10329
   10593
   10667
   10476
   10727
   10744
   10909
   11069
   11220
   11314
   11347
   11624
   11705
   11852
   11908
   11956
   11845
   12165
   12353
   12574
   12582
   12707
   12980
   12886
   12897
   13297
   13335
   13461
   13630
   13871
   13668
   14136
   14055
   14270
   14454
   14499
   14725
   14847
   14859
   15442
   15344
   15661
   15659
   15647
   16080
   16137
   16369
   16468
   16667
   16854
   17119
   17265
   17488
   17775
   17919
   18092
   18202
   18352
   18543
   18864
   18917
   19274
   19463
   19745
   19859
   20091
   20502
   20799
   20621
   21240
   21199
   21835
   22060
   22175
   22569
   22611
   23134
   23220
   23432
   24070
   24046
   24896
   24852
   25196
   25302
   26012
   26139
   26519
   26815
   27223
   27664
   27828
   28447
   28634
   28931
   29536
   29917
   30269
   30716
   31254
   31795
   32482
   32535
   33091
   33738
   34252
   34707
   35326
   35690
   36685
   36704
   37794
   37913
   38651
   39117
   39502
   40385
   41355
   41960
       0
       0
       0
       0
       0
       0
       0
       0
       0
       0
       0
       0
       0
       0
       0
       0
       0
       0
       0
       0
       0
       0
       0
       0
       0
       0
       0
       0
       0
       0
       0
       0
$ROI:
0
$PRESETS:
None
0
0
$ENER_FIT:
-0.169488 0.023446
$MCA_CAL:
3
-1.694878E-001 2.344633E-002 0.000000E+000 keV
$SHAPE_CAL:
3
0.000000E+000 0.000000E+000 0.000000E+000
