$SPEC_ID:
No sample description was entered.
$SPEC_REM:
DET# 4
DETDESC# JLAB-20 MCB 131
AP# Maestro Version 7.01
$DATE_MEA:
09/30/2025 15:26:44
$MEAS_TIM:
97121 99479
$DATA:
0 2047
       0
       0
       0
       0
       0
       0
       0
       0
       0
       0
       0
       0
       0
       0
       0
       0
       0
       0
       0
       0
       0
       0
       0
       0
       0
       0
       0
       0
       0
       0
       0
       0
       0
       0
       0
       0
       0
       0
       0
       0
       0
       0
       0
       0
       0
       0
       0
       0
       0
       0
       0
       0
       1
       0
       1
       0
       0
       0
       0
       0
       0
       0
       0
       1
       0
       1
       1
       1
       0
     365
   11060
   11168
   10526
   10106
   10020
    9592
    9464
    9389
    9148
    9061
    8913
    9012
    8709
    8703
    8608
    8551
    8434
    8199
    8155
    8421
    8204
    7827
    7996
    7831
    7762
    7690
    7713
    7804
    7629
    7589
    7515
    7487
    7370
    7452
    7289
    7123
    7222
    7108
    7122
    7003
    6925
    6935
    6930
    6853
    6753
    6800
    6638
    6676
    6560
    6423
    6552
    6482
    6430
    6487
    6426
    6380
    6536
    6371
    6283
    6143
    6331
    6226
    5967
    6098
    5933
    6063
    6008
    6110
    5911
    5871
    5900
    5890
    5767
    5777
    5786
    5767
    5836
    5894
    5771
    5873
    5589
    5794
    5500
    5654
    5536
    5493
    5574
    5573
    5588
    5476
    5533
    5373
    5495
    5343
    5462
    5376
    5377
    5433
    5345
    5386
    5268
    5225
    5311
    5200
    5347
    5289
    5274
    5191
    5239
    5248
    5122
    5153
    5254
    5147
    5034
    5155
    5091
    5088
    5153
    5028
    4999
    5046
    4933
    5117
    5198
    4959
    5113
    4972
    4990
    5069
    4931
    4964
    4981
    5024
    4891
    4826
    4880
    4903
    4878
    4823
    4921
    4942
    4870
    4744
    4917
    4880
    4846
    4886
    4846
    4902
    4974
    4902
    4866
    4995
    4857
    4894
    4818
    4783
    4876
    4820
    4813
    4802
    4732
    4882
    4943
    4804
    4759
    4836
    4728
    4745
    4790
    4780
    4816
    4640
    4859
    4791
    4692
    4761
    4862
    4741
    4849
    4762
    4807
    4807
    4832
    4847
    4822
    4901
    4865
    4870
    4837
    4703
    4951
    4913
    4910
    4879
    4826
    4976
    5055
    5025
    4933
    4888
    4924
    5006
    5081
    4924
    5038
    4996
    4936
    4962
    4951
    4951
    5037
    5023
    5005
    4914
    5044
    4994
    5041
    5027
    5074
    4965
    5005
    5079
    5019
    5140
    5113
    5128
    5160
    5269
    5269
    5451
    5512
    5609
    5882
    6013
    6153
    6632
    7020
    7587
    8112
    8824
    9826
   10719
   11855
   13224
   14989
   16751
   18597
   20624
   23057
   25781
   28437
   31224
   34784
   37820
   40802
   44019
   46780
   50585
   53656
   56729
   59602
   62084
   64606
   67105
   68486
   70984
   71808
   73495
   74331
   75231
   76340
   76858
   76641
   76946
   77103
   76881
   76521
   76103
   75258
   74633
   73741
   72858
   71842
   71132
   69607
   68660
   67119
   65933
   64684
   63026
   61401
   60095
   58162
   56444
   54427
   53316
   51154
   49149
   47228
   45633
   44075
   42176
   40539
   38751
   36792
   35133
   33472
   32146
   30557
   29378
   27773
   26863
   25545
   24773
   23940
   22889
   22074
   21713
   20868
   20067
   19635
   18889
   18446
   17592
   17092
   16456
   15642
   15235
   14698
   14065
   13579
   12710
   12056
   11451
   11016
   10355
    9915
    9117
    8652
    8211
    7523
    7293
    6663
    6256
    5881
    5545
    5279
    4740
    4623
    4269
    4159
    4013
    3972
    3768
    3584
    3468
    3381
    3336
    3317
    3321
    3315
    3362
    3289
    3281
    3159
    3325
    3254
    3215
    3204
    3294
    3225
    3392
    3232
    3280
    3312
    3363
    3069
    3241
    3182
    3243
    3252
    3153
    3186
    3134
    3149
    3134
    3209
    3223
    3042
    3146
    3123
    3077
    3013
    3074
    3100
    3000
    3009
    3037
    2986
    3026
    3036
    3006
    2952
    2969
    2886
    2939
    2974
    2899
    2935
    2835
    2963
    2919
    2900
    2885
    2929
    2973
    2831
    2899
    2884
    2765
    2818
    2856
    2721
    2812
    2773
    2837
    2781
    2766
    2828
    2810
    2827
    2793
    2810
    2916
    2790
    2745
    2743
    2720
    2732
    2767
    2828
    2777
    2816
    2810
    2810
    2768
    2692
    2711
    2837
    2825
    2809
    2726
    2853
    2815
    2829
    2748
    2793
    2820
    2817
    2758
    2856
    2890
    2793
    2854
    2807
    2797
    2803
    2777
    2813
    2821
    2789
    2697
    2831
    2814
    2713
    2812
    2777
    2753
    2757
    2809
    2773
    2705
    2714
    2678
    2635
    2755
    2691
    2687
    2559
    2640
    2624
    2638
    2605
    2602
    2610
    2524
    2567
    2632
    2613
    2512
    2579
    2569
    2535
    2528
    2606
    2553
    2537
    2575
    2536
    2516
    2529
    2516
    2458
    2451
    2481
    2440
    2398
    2367
    2478
    2425
    2404
    2473
    2439
    2391
    2449
    2369
    2431
    2417
    2424
    2443
    2426
    2430
    2482
    2463
    2371
    2398
    2317
    2347
    2349
    2398
    2365
    2315
    2422
    2394
    2340
    2455
    2448
    2437
    2404
    2442
    2354
    2420
    2430
    2400
    2399
    2366
    2415
    2362
    2386
    2332
    2334
    2416
    2434
    2383
    2421
    2466
    2355
    2449
    2413
    2356
    2331
    2309
    2374
    2392
    2419
    2396
    2469
    2318
    2405
    2373
    2398
    2279
    2339
    2338
    2357
    2312
    2319
    2315
    2284
    2384
    2374
    2342
    2299
    2281
    2287
    2256
    2332
    2289
    2310
    2258
    2311
    2324
    2333
    2307
    2250
    2275
    2327
    2373
    2281
    2220
    2311
    2252
    2314
    2195
    2343
    2204
    2272
    2374
    2206
    2233
    2277
    2287
    2282
    2297
    2291
    2271
    2217
    2286
    2230
    2290
    2311
    2210
    2299
    2235
    2272
    2204
    2270
    2311
    2305
    2271
    2194
    2236
    2163
    2252
    2225
    2295
    2326
    2205
    2272
    2236
    2227
    2231
    2266
    2263
    2183
    2233
    2240
    2181
    2216
    2185
    2138
    2129
    2246
    2181
    2187
    2170
    2226
    2199
    2151
    2153
    2172
    2212
    2260
    2186
    2239
    2262
    2154
    2155
    2142
    2203
    2173
    2244
    2154
    2149
    2157
    2105
    2160
    2131
    2218
    2119
    2217
    2243
    2137
    2122
    2117
    2119
    2095
    2138
    2081
    2132
    2119
    2139
    2092
    2137
    2060
    2112
    2142
    2093
    2130
    2076
    2040
    2095
    2081
    2051
    2093
    2051
    2108
    2086
    2151
    2023
    2126
    2062
    2214
    2106
    2163
    2025
    2144
    2102
    2082
    2025
    2092
    2063
    2085
    2112
    2126
    2048
    2034
    1998
    2028
    2010
    2132
    2080
    2097
    2125
    2017
    2097
    2027
    1994
    2115
    1977
    2046
    2021
    2029
    2027
    2066
    2000
    1974
    2059
    2081
    2019
    2017
    2061
    2048
    2020
    2061
    2014
    1998
    1983
    1922
    1979
    2037
    2004
    2096
    1983
    2100
    2066
    2051
    1988
    2025
    2019
    2020
    1995
    2025
    1917
    1996
    2068
    2084
    1927
    2056
    2002
    2012
    2027
    1924
    1937
    2039
    1951
    2028
    2057
    2029
    1913
    1961
    2018
    2018
    2004
    2014
    2007
    2016
    2009
    1987
    2075
    1959
    1996
    1998
    2009
    2048
    1991
    1968
    1907
    1972
    1916
    2054
    1999
    2025
    1966
    1961
    1959
    1924
    1983
    1970
    1926
    1941
    1971
    1936
    1900
    1967
    2015
    1928
    1975
    1950
    1954
    2010
    2043
    1925
    2014
    2032
    1932
    1950
    1940
    1944
    2034
    1957
    1932
    1925
    1924
    1967
    1956
    2025
    2048
    2079
    2090
    2017
    2013
    2106
    1979
    1978
    2002
    2086
    1982
    2015
    2017
    2032
    2011
    1973
    1984
    2013
    1983
    2006
    2011
    2061
    1912
    2037
    1977
    2020
    1996
    1964
    1920
    1948
    1929
    1965
    1885
    1903
    1968
    1974
    1987
    1944
    2034
    2029
    1940
    2045
    2006
    1893
    1916
    1948
    1918
    1945
    1987
    1939
    1904
    1884
    1928
    1911
    1945
    1992
    1851
    1870
    1912
    1893
    1986
    1932
    1887
    1904
    1918
    1858
    1954
    1970
    2015
    1868
    1889
    1887
    1957
    1890
    1859
    1980
    1918
    2016
    1904
    1932
    1952
    1993
    2022
    1987
    1937
    2029
    1970
    1983
    2015
    1951
    1981
    1976
    2085
    1989
    2009
    2029
    2009
    1981
    2043
    1958
    1956
    2007
    1981
    2015
    1999
    2050
    1992
    1980
    2041
    1993
    2025
    2003
    2023
    2000
    2077
    2024
    2011
    1986
    1949
    1980
    1973
    1955
    2086
    1962
    1935
    1981
    2047
    2005
    1993
    2017
    2046
    1986
    2024
    1987
    2004
    2016
    1990
    1963
    2010
    1965
    1923
    1921
    1936
    2002
    1964
    2005
    1956
    1977
    1917
    2013
    1917
    1906
    1931
    1896
    1980
    1911
    1941
    1888
    1923
    1931
    1888
    1815
    1880
    1896
    1821
    1885
    1884
    1967
    1949
    1905
    1934
    1899
    1927
    1983
    1969
    1944
    1991
    2025
    1948
    2022
    2069
    2012
    2035
    2109
    2083
    2106
    2118
    2129
    2105
    2173
    2163
    2129
    2189
    2197
    2059
    2215
    2221
    2126
    2171
    2085
    2195
    2190
    2128
    2190
    2048
    2091
    2210
    2188
    2122
    2097
    2041
    2191
    2041
    1960
    2090
    2023
    2047
    2042
    2006
    1955
    1965
    2002
    1902
    1937
    1934
    1974
    1888
    1783
    1829
    1813
    1870
    1890
    1848
    1750
    1839
    1785
    1818
    1841
    1732
    1707
    1779
    1841
    1777
    1696
    1724
    1698
    1763
    1791
    1700
    1732
    1744
    1708
    1803
    1746
    1742
    1782
    1708
    1689
    1816
    1719
    1722
    1799
    1729
    1780
    1738
    1757
    1761
    1771
    1734
    1753
    1760
    1700
    1693
    1765
    1699
    1752
    1744
    1704
    1661
    1758
    1768
    1742
    1739
    1801
    1762
    1828
    1790
    1751
    1771
    1793
    1795
    1899
    1731
    1775
    1752
    1785
    1769
    1728
    1684
    1760
    1733
    1738
    1732
    1722
    1793
    1812
    1795
    1745
    1819
    1817
    1657
    1786
    1736
    1750
    1781
    1785
    1800
    1736
    1825
    1779
    1806
    1855
    1779
    1746
    1763
    1805
    1824
    1775
    1725
    1839
    1792
    1933
    1806
    1803
    1776
    1748
    1782
    1785
    1813
    1877
    1772
    1771
    1791
    1842
    1880
    1772
    1843
    1819
    1854
    1810
    1826
    1845
    1802
    1839
    1821
    1816
    1742
    1813
    1822
    1770
    1791
    1763
    1778
    1773
    1756
    1780
    1826
    1739
    1767
    1791
    1782
    1786
    1685
    1709
    1746
    1872
    1744
    1826
    1830
    1795
    1804
    1773
    1760
    1782
    1734
    1740
    1816
    1805
    1798
    1698
    1758
    1789
    1752
    1703
    1705
    1687
    1733
    1797
    1832
    1778
    1730
    1725
    1821
    1779
    1696
    1784
    1740
    1778
    1780
    1754
    1736
    1727
    1743
    1806
    1753
    1782
    1779
    1856
    1791
    1781
    1786
    1743
    1805
    1760
    1779
    1756
    1802
    1814
    1759
    1819
    1852
    1860
    1834
    1788
    1844
    1752
    1843
    1774
    1770
    1782
    1871
    1813
    1812
    1902
    1883
    1781
    1893
    1780
    1866
    1858
    1868
    1869
    1752
    1861
    1875
    1874
    1849
    1847
    1811
    1838
    1886
    1891
    1887
    1808
    1767
    1908
    1834
    1906
    1811
    1872
    1851
    1871
    1900
    1890
    1803
    1886
    1843
    1883
    1853
    1861
    1854
    1924
    1930
    1945
    1891
    1925
    1971
    1915
    1917
    1883
    1852
    1925
    1945
    1892
    1932
    1907
    1946
    1954
    1959
    1933
    2031
    1988
    1943
    1916
    1884
    1848
    1963
    1867
    1962
    1925
    1917
    2003
    1986
    1814
    1981
    1912
    1962
    1986
    1898
    1917
    1901
    1980
    2025
    1945
    2062
    1921
    1942
    1956
    1954
    2015
    1950
    1991
    1944
    1949
    1930
    2051
    1983
    1957
    1986
    1991
    1964
    2023
    2035
    1999
    2017
    2028
    2108
    2095
    2042
    2004
    1958
    2062
    2108
    2162
    2091
    2077
    2028
    2076
    2103
    2069
    2176
    2136
    2127
    2135
    2188
    2050
    2082
    2152
    2150
    2094
    2079
    2139
    2174
    2140
    2247
    2316
    2177
    2102
    2099
    2207
    2158
    2256
    2249
    2160
    2172
    2299
    2182
    2265
    2259
    2274
    2194
    2248
    2325
    2340
    2414
    2351
    2350
    2369
    2340
    2321
    2288
    2375
    2323
    2319
    2323
    2448
    2369
    2425
    2351
    2407
    2454
    2383
    2480
    2489
    2369
    2460
    2533
    2514
    2531
    2567
    2521
    2422
    2654
    2626
    2584
    2599
    2541
    2658
    2637
    2543
    2616
    2609
    2695
    2639
    2664
    2629
    2627
    2865
    2716
    2704
    2762
    2820
    2848
    2833
    2762
    2788
    2875
    2903
    2834
    2982
    3034
    2970
    3019
    3011
    3086
    2964
    2952
    3115
    3068
    3056
    3140
    3210
    3092
    3080
    3162
    3275
    3164
    3209
    3231
    3256
    3239
    3245
    3397
    3318
    3452
    3461
    3447
    3441
    3535
    3626
    3587
    3564
    3548
    3697
    3662
    3599
    3635
    3788
    3735
    3723
    3738
    3823
    3725
    3882
    3807
    3919
    3925
    3850
    3977
    4045
    3900
    4035
    3952
    4093
    4058
    4172
    4085
    4196
    4241
    4306
    4295
    4240
    4207
    4343
    4530
    4324
    4568
    4497
    4533
    4562
    4463
    4558
    4615
    4828
    4632
    4553
    4733
    4596
    4691
    4691
    4727
    4890
    4751
    4938
    4900
    4880
    5014
    5063
    5058
    4986
    4973
    4941
    5015
    5170
    5174
    5162
    5149
    5129
    5264
    5270
    5191
    5347
    5139
    5257
    5252
    5188
    5320
    5249
    5355
    5307
    5329
    5310
    5313
    5272
    5278
    5371
    5360
    5262
    5058
    5294
    5297
    5211
    5238
    5323
    5186
    5330
    5320
    5317
    5242
    5361
    5348
    5300
    5240
    5283
    5321
    5239
    5392
    5212
    5275
    5319
    5170
    5280
    5119
    5287
    5074
    5174
    5334
    5232
    5208
    5263
    5265
    5268
    5225
    5283
    5229
    5165
    5396
    5149
    5286
    5166
    5288
    5398
    5365
    5175
    5272
    5171
    5198
    5308
    5325
    5266
    5281
    5271
    5331
    5337
    5362
    5361
    5492
    5457
    5465
    5353
    5550
    5438
    5577
    5600
    5577
    5554
    5616
    5664
    5729
    5709
    5747
    5727
    5735
    5872
    5791
    5950
    5852
    5883
    5806
    5924
    6039
    5909
    6041
    6057
    6016
    6041
    6235
    6159
    6201
    6242
    6297
    6198
    6382
    6329
    6437
    6516
    6657
    6649
    6557
    6623
    6787
    6796
    6661
    6905
    6716
    6907
    6999
    7067
    7011
    6985
    7182
    7109
    7180
    7223
    7373
    7605
    7562
    7436
    7401
    7372
    7776
    7669
    7777
    7768
    7874
    7937
    7906
    8075
    7975
    8049
    8165
    8368
    8345
    8212
    8474
    8500
    8692
    8708
    8763
    8829
    8896
    8910
    9077
    8963
    9221
    9339
    9298
    9643
    9578
    9515
    9642
    9769
    9891
    9974
    9974
    9912
    9940
   10161
   10524
   10327
   10648
   10542
   10779
   11011
   10905
   10809
   11023
   11218
   11333
   11337
   11475
   11609
   11375
   11750
   12021
   12074
   11992
   12210
   12564
   12484
   12648
   12775
   12753
   12908
   12841
   13035
   13159
   13491
   13369
   13729
   13711
   13831
   13875
   14155
   14354
   14485
   14613
   14748
   14643
   15129
   15279
   15172
   15363
   15393
   15662
   15819
   16068
   16144
   16231
   16525
   16813
   16937
   16980
   17116
   17032
   17502
   17627
   17798
   18061
   18163
   18471
   18555
   18582
   18980
   19245
   19150
   19537
   19802
   19587
   20211
   20147
   20432
   20685
   20595
   21024
   21186
   21217
   21921
   21908
   22436
   22299
   22582
   22931
   22978
   23304
   23583
   23846
   24095
   24352
   24547
   24972
   25361
   25771
   25784
   26120
   26333
   26676
   26952
   27136
   27497
   27866
   28379
   28372
   28763
   29291
   29611
   29750
   30327
   30526
   31334
   31589
   31675
   32152
   32457
   33081
   33241
   33829
   34258
   34397
   35474
   35377
   35812
   36381
   36997
   37570
   37858
   38252
   38844
   39435
   39839
   40439
   40953
   41526
   42181
   42836
   43266
   44154
   44420
   45508
   45980
   46401
   47356
   48143
   48796
   49423
   50488
   51127
   52246
   52497
   53686
   54329
   55157
   56148
   56598
   57870
   59193
   59841
       0
       0
       0
       0
       0
       0
       0
       0
       0
       0
       0
       0
       0
       0
       0
       0
       0
       0
       0
       0
       0
       0
       0
       0
       0
       0
       0
       0
       0
       0
       0
       0
$ROI:
0
$PRESETS:
None
0
0
$ENER_FIT:
-0.169488 0.023446
$MCA_CAL:
3
-1.694878E-001 2.344633E-002 0.000000E+000 keV
$SHAPE_CAL:
3
0.000000E+000 0.000000E+000 0.000000E+000
