$SPEC_ID:
No sample description was entered.
$SPEC_REM:
DET# 4
DETDESC# JLAB-20 MCB 131
AP# Maestro Version 7.01
$DATE_MEA:
09/30/2025 00:36:44
$MEAS_TIM:
44984 46078
$DATA:
0 2047
       0
       0
       0
       0
       0
       0
       0
       0
       0
       0
       0
       0
       0
       0
       0
       0
       0
       0
       0
       0
       0
       0
       0
       0
       0
       0
       0
       0
       0
       0
       0
       0
       0
       0
       0
       0
       0
       0
       0
       0
       0
       0
       0
       0
       0
       0
       0
       0
       0
       0
       0
       0
       0
       0
       0
       0
       0
       0
       0
       0
       0
       0
       0
       1
       0
       1
       0
       0
       0
     139
    4998
    5108
    4840
    4545
    4702
    4431
    4276
    4265
    4224
    4170
    4006
    4318
    4015
    3983
    3986
    3985
    3957
    3834
    3820
    3848
    3795
    3604
    3707
    3634
    3547
    3584
    3562
    3615
    3550
    3583
    3475
    3451
    3439
    3510
    3326
    3315
    3337
    3284
    3359
    3218
    3229
    3201
    3192
    3153
    3083
    3141
    3089
    3041
    2966
    3032
    3000
    2956
    2986
    2996
    3011
    2981
    2969
    2954
    2891
    2853
    2892
    2866
    2807
    2832
    2696
    2834
    2814
    2866
    2800
    2720
    2799
    2741
    2682
    2761
    2676
    2683
    2702
    2729
    2711
    2713
    2536
    2680
    2560
    2573
    2524
    2565
    2581
    2554
    2606
    2570
    2585
    2503
    2508
    2492
    2499
    2463
    2474
    2555
    2454
    2506
    2446
    2440
    2481
    2389
    2480
    2454
    2527
    2382
    2428
    2469
    2375
    2337
    2394
    2382
    2348
    2413
    2366
    2366
    2346
    2387
    2384
    2328
    2252
    2406
    2408
    2306
    2329
    2258
    2314
    2371
    2307
    2336
    2295
    2325
    2194
    2258
    2247
    2275
    2271
    2208
    2256
    2318
    2222
    2169
    2290
    2265
    2222
    2235
    2212
    2271
    2292
    2234
    2271
    2316
    2270
    2299
    2209
    2270
    2271
    2187
    2207
    2206
    2228
    2293
    2254
    2225
    2187
    2278
    2183
    2171
    2233
    2195
    2266
    2129
    2233
    2225
    2150
    2202
    2215
    2203
    2215
    2206
    2225
    2251
    2253
    2205
    2182
    2290
    2293
    2268
    2215
    2160
    2356
    2303
    2253
    2218
    2231
    2277
    2297
    2294
    2256
    2236
    2245
    2334
    2364
    2275
    2291
    2258
    2337
    2289
    2273
    2310
    2306
    2392
    2356
    2262
    2362
    2289
    2342
    2298
    2303
    2298
    2401
    2301
    2362
    2415
    2352
    2357
    2352
    2481
    2429
    2533
    2602
    2617
    2789
    2705
    2842
    3047
    3321
    3539
    3735
    4127
    4621
    5034
    5457
    6186
    6868
    7626
    8544
    9717
   10643
   11991
   13035
   14529
   15930
   17419
   18876
   20440
   21683
   23502
   24891
   26423
   27685
   28806
   29833
   31221
   31871
   32738
   33202
   34103
   34265
   35137
   35420
   35784
   35471
   35620
   35869
   35692
   35621
   35275
   34773
   34446
   34115
   33529
   33405
   32824
   32075
   31809
   31173
   30617
   29909
   29254
   28514
   27742
   26965
   26156
   25371
   24547
   23628
   22878
   21750
   21033
   20262
   19497
   18696
   18093
   17034
   16289
   15420
   14918
   14270
   13615
   12703
   12401
   11836
   11459
   11177
   10581
   10187
    9959
    9672
    9265
    9048
    8688
    8653
    8018
    8020
    7665
    7217
    6994
    6758
    6415
    6403
    5820
    5502
    5273
    5078
    4827
    4590
    4255
    4013
    3878
    3408
    3392
    3065
    2894
    2755
    2530
    2444
    2167
    2094
    1976
    1922
    1842
    1819
    1763
    1610
    1605
    1611
    1577
    1609
    1542
    1529
    1622
    1474
    1507
    1464
    1573
    1515
    1511
    1464
    1561
    1534
    1557
    1496
    1506
    1492
    1571
    1431
    1499
    1451
    1469
    1471
    1465
    1484
    1463
    1482
    1492
    1507
    1491
    1429
    1423
    1432
    1436
    1385
    1388
    1461
    1379
    1354
    1371
    1424
    1432
    1432
    1382
    1388
    1384
    1353
    1359
    1405
    1326
    1318
    1309
    1413
    1360
    1332
    1378
    1357
    1434
    1281
    1334
    1300
    1313
    1268
    1316
    1263
    1244
    1272
    1343
    1316
    1305
    1294
    1258
    1342
    1319
    1295
    1355
    1307
    1263
    1310
    1268
    1261
    1253
    1303
    1285
    1306
    1282
    1338
    1298
    1225
    1300
    1323
    1322
    1283
    1239
    1293
    1305
    1304
    1235
    1299
    1313
    1301
    1293
    1334
    1360
    1302
    1384
    1271
    1344
    1264
    1306
    1321
    1320
    1260
    1285
    1336
    1366
    1276
    1328
    1314
    1267
    1251
    1223
    1305
    1256
    1255
    1232
    1234
    1295
    1236
    1262
    1209
    1240
    1263
    1235
    1169
    1213
    1171
    1208
    1209
    1210
    1164
    1144
    1218
    1195
    1165
    1151
    1214
    1220
    1142
    1178
    1202
    1180
    1145
    1189
    1145
    1181
    1168
    1143
    1105
    1113
    1199
    1100
    1093
    1094
    1134
    1094
    1150
    1098
    1094
    1127
    1122
    1138
    1144
    1108
    1152
    1112
    1108
    1124
    1061
    1050
    1121
    1134
    1121
    1130
    1135
    1090
    1074
    1176
    1117
    1163
    1119
    1079
    1116
    1095
    1134
    1068
    1116
    1056
    1111
    1054
    1126
    1090
    1118
    1129
    1157
    1116
    1124
    1139
    1066
    1156
    1130
    1108
    1078
    1059
    1133
    1126
    1138
    1126
    1128
    1075
    1119
    1067
    1096
    1065
    1069
    1091
    1095
    1114
    1065
    1067
    1058
    1077
    1137
    1107
    1084
    1068
    1038
    1021
    1064
    1075
    1088
    1042
    1030
    1087
    1070
    1061
    1107
    1072
    1043
    1081
    1079
    1030
    1076
    1034
    1030
    1058
    1076
    1048
    1033
    1113
    1049
    1056
    1064
    1072
    1042
    1076
    1083
    1046
    1047
    1041
     991
    1037
    1065
    1035
    1055
    1038
    1065
    1035
    1027
    1042
    1069
    1022
    1032
    1025
     987
    1025
    1033
    1069
    1077
    1045
    1076
    1011
    1021
    1042
    1032
    1044
    1019
    1048
    1043
    1011
    1020
    1006
     975
    1002
    1085
     996
    1027
    1018
    1008
    1003
    1033
     989
     998
    1019
    1015
     987
    1026
    1048
     983
    1022
    1000
    1046
     992
    1040
     946
    1003
    1006
     978
    1027
    1021
     992
     977
     997
    1071
     995
     997
     924
     981
     984
     994
    1012
     980
     977
    1035
     966
     982
     932
    1010
     994
     976
     991
     960
     941
     962
     993
     936
     946
     960
     960
    1005
     957
     952
     983
     966
    1038
     994
    1023
     918
    1013
     995
     963
     936
     985
    1007
     948
     953
     978
     946
     911
     907
     952
     898
     976
     980
    1009
     956
     952
     954
     912
     944
     952
     882
     960
     922
     914
     925
     994
     904
     938
     936
     938
     899
     915
    1004
     978
     958
     927
     968
     984
     917
     847
     937
     950
     940
     970
     940
    1000
     956
     934
     919
     969
     960
     931
     924
     904
     881
     928
     986
     945
     892
     961
     953
     959
     952
     917
     893
     972
     918
     896
     947
     941
     897
     916
     939
     920
     889
     964
     942
     906
     877
     902
     925
     862
     923
     945
     981
     933
     916
     881
     874
     892
     903
     952
     931
     941
     927
     924
     890
     883
     912
     896
     902
     907
     919
     880
     882
     914
     896
     883
     955
     936
     885
     949
     912
     881
     913
     992
     906
     893
     882
     865
     935
     934
     889
     867
     891
     949
     949
     927
     966
     999
     965
     938
     946
     992
     939
     901
     938
     947
     935
     913
     968
     949
     954
     944
     864
     927
     926
     903
     926
     974
     855
     936
     908
     972
     957
     931
     898
     911
     947
     933
     869
     894
     914
     952
     929
     924
     930
     910
     868
     973
     896
     893
     953
     934
     914
     926
     960
     894
     888
     833
     901
     847
     900
     958
     835
     853
     895
     887
     919
     907
     907
     873
     898
     844
     949
     914
     943
     857
     863
     867
     932
     883
     845
     892
     874
     925
     884
     909
     875
     952
     949
     905
     900
     962
     876
     910
     949
     910
     919
     900
     984
     917
     949
     920
     942
     906
     951
     924
     903
     940
     898
     935
     946
     930
     918
     888
     978
     941
     931
     936
     937
     943
     943
     944
     948
     926
     879
     922
     899
     922
     954
     917
     885
     934
     940
     966
     927
     959
     948
     967
     964
     922
     928
     944
     969
     913
     950
     903
     907
     880
     849
     904
     907
     945
     911
     906
     892
     920
     889
     878
     867
     885
     913
     896
     918
     835
     882
     887
     881
     834
     892
     854
     825
     879
     859
     917
     915
     903
     892
     898
     884
     911
     894
     860
     924
     973
     914
     902
     950
     950
     956
     980
     955
     983
     943
     951
     973
    1002
     979
     995
    1007
    1056
     939
    1049
    1031
     972
     963
     921
    1021
     949
     955
    1012
     927
     950
     998
    1013
     951
     980
     947
    1017
     964
     906
     942
     943
     928
     964
     911
     885
     922
     957
     880
     913
     923
     906
     875
     823
     816
     845
     885
     882
     870
     828
     851
     878
     840
     849
     800
     806
     820
     877
     837
     751
     836
     770
     847
     826
     761
     827
     795
     817
     874
     827
     823
     822
     803
     756
     846
     776
     778
     865
     787
     822
     793
     807
     826
     812
     798
     794
     821
     785
     791
     843
     747
     834
     830
     799
     781
     810
     805
     800
     815
     790
     837
     842
     808
     804
     831
     824
     834
     898
     785
     827
     817
     849
     825
     796
     758
     806
     781
     794
     781
     797
     842
     846
     809
     836
     818
     838
     802
     833
     782
     812
     837
     785
     833
     785
     820
     827
     858
     867
     829
     813
     780
     833
     846
     869
     785
     830
     846
     902
     797
     864
     847
     813
     838
     813
     837
     865
     826
     804
     843
     820
     866
     810
     835
     807
     878
     847
     885
     855
     830
     856
     885
     857
     823
     852
     858
     801
     830
     819
     808
     821
     805
     799
     864
     803
     809
     812
     835
     800
     768
     836
     785
     851
     849
     826
     866
     853
     809
     849
     823
     847
     786
     819
     859
     846
     864
     799
     814
     819
     810
     789
     777
     784
     851
     817
     856
     795
     791
     786
     852
     826
     779
     834
     842
     834
     854
     824
     797
     788
     794
     818
     822
     851
     841
     874
     823
     867
     812
     791
     835
     781
     810
     769
     825
     851
     829
     858
     823
     836
     879
     854
     873
     821
     826
     798
     815
     834
     843
     853
     831
     881
     875
     847
     883
     834
     842
     852
     868
     869
     801
     860
     860
     874
     834
     864
     870
     861
     890
     911
     872
     838
     830
     896
     849
     904
     847
     861
     861
     874
     897
     864
     867
     843
     883
     823
     872
     875
     836
     854
     895
     864
     843
     844
     939
     894
     880
     852
     857
     913
     929
     838
     862
     866
     896
     903
     915
     870
     947
     934
     888
     885
     874
     844
     869
     819
     900
     931
     941
     887
     950
     832
     924
     878
     913
     895
     908
     877
     858
     948
     943
     922
     969
     899
     888
     897
     921
     952
     888
     914
     907
     897
     867
     921
     949
     895
     902
     927
     973
     883
     978
     922
     945
     956
     987
     965
     948
     952
     918
     951
     973
    1000
     969
     982
     972
     987
     966
     919
    1001
     988
     988
     957
    1057
     933
     979
    1015
    1021
     987
     978
     980
    1033
    1036
    1010
    1051
     968
     965
     969
    1031
    1014
    1033
    1028
     997
    1024
    1069
     986
    1028
    1020
    1051
    1017
    1014
    1112
    1052
    1115
    1072
    1035
    1124
    1066
    1096
    1076
    1094
    1049
    1064
    1077
    1146
    1082
    1135
    1088
    1059
    1117
    1117
    1149
    1168
    1128
    1129
    1177
    1208
    1130
    1185
    1147
    1135
    1195
    1234
    1217
    1231
    1175
    1213
    1235
    1219
    1216
    1204
    1273
    1212
    1218
    1188
    1188
    1312
    1250
    1281
    1322
    1284
    1325
    1294
    1298
    1313
    1293
    1332
    1310
    1408
    1428
    1341
    1389
    1414
    1418
    1345
    1366
    1396
    1402
    1388
    1467
    1473
    1464
    1445
    1469
    1572
    1459
    1504
    1522
    1527
    1502
    1519
    1568
    1556
    1598
    1597
    1592
    1572
    1701
    1684
    1696
    1631
    1637
    1719
    1653
    1601
    1661
    1765
    1671
    1757
    1813
    1772
    1746
    1803
    1722
    1890
    1833
    1793
    1908
    1882
    1777
    1897
    1794
    1880
    1845
    1906
    1871
    2028
    1951
    2037
    2036
    1948
    1952
    2043
    2077
    1985
    2117
    2091
    2114
    2130
    2096
    2041
    2130
    2287
    2218
    2078
    2191
    2083
    2139
    2184
    2183
    2175
    2234
    2264
    2310
    2226
    2360
    2331
    2370
    2301
    2338
    2316
    2394
    2411
    2408
    2477
    2365
    2349
    2438
    2411
    2417
    2407
    2383
    2464
    2414
    2455
    2416
    2396
    2473
    2497
    2389
    2465
    2494
    2460
    2432
    2456
    2443
    2455
    2363
    2513
    2495
    2427
    2449
    2474
    2366
    2516
    2468
    2463
    2495
    2550
    2453
    2491
    2448
    2381
    2510
    2446
    2498
    2439
    2570
    2438
    2357
    2433
    2367
    2426
    2409
    2339
    2460
    2480
    2402
    2481
    2443
    2408
    2415
    2386
    2392
    2368
    2482
    2490
    2449
    2428
    2450
    2474
    2518
    2395
    2423
    2413
    2420
    2469
    2385
    2413
    2496
    2447
    2459
    2504
    2472
    2507
    2530
    2582
    2514
    2449
    2534
    2497
    2598
    2586
    2674
    2549
    2613
    2621
    2728
    2642
    2721
    2672
    2638
    2747
    2700
    2668
    2740
    2711
    2630
    2663
    2885
    2759
    2741
    2812
    2830
    2777
    2838
    2804
    2823
    2931
    2902
    2864
    2956
    2963
    3003
    2973
    3123
    3101
    3070
    3034
    3145
    3184
    3101
    3214
    3032
    3216
    3256
    3277
    3303
    3260
    3289
    3254
    3371
    3347
    3338
    3515
    3523
    3420
    3539
    3366
    3611
    3530
    3588
    3597
    3663
    3652
    3579
    3709
    3657
    3730
    3861
    3885
    3922
    3778
    3927
    3904
    3900
    4130
    4034
    4030
    4125
    4120
    4228
    4203
    4242
    4335
    4296
    4476
    4393
    4461
    4534
    4481
    4568
    4595
    4655
    4690
    4544
    4791
    4889
    4791
    4943
    4938
    4998
    5188
    5097
    4990
    5097
    5231
    5345
    5219
    5382
    5408
    5181
    5350
    5584
    5591
    5527
    5649
    5728
    5828
    5864
    5844
    5869
    6041
    5923
    6047
    6135
    6290
    6207
    6323
    6406
    6284
    6474
    6645
    6615
    6649
    6852
    6888
    6927
    6994
    7183
    6958
    7159
    7185
    7253
    7364
    7356
    7510
    7504
    7756
    7769
    7792
    7884
    7953
    7908
    8107
    8110
    8344
    8366
    8440
    8551
    8558
    8578
    8806
    8959
    9017
    8978
    9171
    9167
    9269
    9390
    9440
    9642
    9673
    9856
    9926
    9764
   10225
   10177
   10359
   10437
   10391
   10640
   10734
   10831
   10836
   11110
   11190
   11344
   11482
   11514
   11775
   11948
   11992
   11978
   12234
   12348
   12577
   12591
   12890
   12959
   13114
   13212
   13274
   13650
   13861
   13623
   14144
   14042
   14543
   14580
   14772
   14979
   14967
   15337
   15402
   15731
   15985
   15946
   16473
   16510
   16710
   16832
   17289
   17134
   17441
   17824
   17981
   18342
   18383
   18933
   19009
   19090
   19516
   19823
   20114
   20451
   20607
   21123
   21636
   21650
   21895
   22486
   22651
   23075
   23388
   23901
   24314
   24399
   25096
   25064
   25639
   25950
   26332
   26880
   27587
   27988
       0
       0
       0
       0
       0
       0
       0
       0
       0
       0
       0
       0
       0
       0
       0
       0
       0
       0
       0
       0
       0
       0
       0
       0
       0
       0
       0
       0
       0
       0
       0
       0
$ROI:
0
$PRESETS:
None
0
0
$ENER_FIT:
-0.169488 0.023446
$MCA_CAL:
3
-1.694878E-001 2.344633E-002 0.000000E+000 keV
$SHAPE_CAL:
3
0.000000E+000 0.000000E+000 0.000000E+000
