$SPEC_ID:
No sample description was entered.
$SPEC_REM:
DET# 4
DETDESC# JLAB-20 MCB 131
AP# Maestro Version 7.01
$DATE_MEA:
09/29/2025 13:46:44
$MEAS_TIM:
6906 7077
$DATA:
0 2047
       0
       0
       0
       0
       0
       0
       0
       0
       0
       0
       0
       0
       0
       0
       0
       0
       0
       0
       0
       0
       0
       0
       0
       0
       0
       0
       0
       0
       0
       0
       0
       0
       0
       0
       0
       0
       0
       0
       0
       0
       0
       0
       0
       0
       0
       0
       0
       0
       0
       0
       0
       0
       0
       0
       0
       0
       0
       0
       0
       0
       0
       0
       0
       0
       0
       0
       0
       0
       0
      22
     777
     797
     748
     695
     741
     694
     695
     593
     625
     654
     577
     657
     616
     603
     655
     637
     611
     618
     621
     573
     548
     567
     580
     505
     516
     565
     518
     555
     573
     574
     553
     549
     537
     534
     499
     540
     460
     494
     509
     488
     466
     474
     511
     463
     482
     499
     465
     434
     460
     490
     477
     446
     450
     445
     476
     479
     438
     476
     469
     441
     449
     472
     427
     484
     410
     465
     428
     425
     414
     428
     419
     428
     376
     470
     436
     399
     391
     410
     427
     445
     416
     402
     423
     400
     425
     380
     398
     409
     396
     371
     390
     366
     358
     380
     408
     401
     378
     389
     408
     394
     417
     364
     395
     367
     381
     371
     407
     392
     361
     413
     366
     361
     387
     343
     337
     309
     345
     394
     359
     350
     344
     362
     338
     368
     378
     359
     346
     376
     360
     362
     335
     384
     355
     382
     337
     318
     363
     366
     368
     334
     323
     345
     350
     321
     365
     322
     322
     399
     355
     352
     341
     361
     346
     363
     361
     364
     339
     375
     341
     332
     354
     336
     370
     376
     351
     380
     356
     324
     327
     307
     360
     324
     320
     325
     328
     366
     326
     310
     321
     313
     337
     330
     333
     332
     334
     342
     368
     376
     340
     343
     339
     336
     383
     356
     333
     309
     366
     337
     346
     359
     339
     365
     375
     355
     375
     355
     390
     365
     345
     356
     364
     353
     364
     350
     340
     342
     401
     366
     344
     332
     368
     335
     385
     366
     355
     412
     373
     315
     383
     418
     378
     410
     393
     394
     433
     423
     444
     470
     516
     572
     552
     646
     692
     764
     831
     888
    1092
    1158
    1299
    1484
    1617
    1759
    2001
    2147
    2400
    2646
    2750
    3070
    3293
    3447
    3871
    4066
    4163
    4230
    4592
    4798
    4810
    4938
    5066
    5331
    5331
    5376
    5414
    5604
    5232
    5480
    5598
    5411
    5481
    5421
    5329
    5269
    5306
    5237
    5110
    5020
    4943
    4959
    4808
    4717
    4605
    4551
    4309
    4318
    4169
    3933
    3984
    3810
    3695
    3484
    3379
    3220
    3096
    2982
    2895
    2837
    2584
    2564
    2376
    2319
    2230
    2120
    1929
    1994
    1887
    1836
    1844
    1601
    1538
    1559
    1536
    1395
    1430
    1352
    1360
    1226
    1292
    1228
    1086
    1160
     996
     986
    1009
     874
     841
     823
     779
     757
     751
     652
     639
     590
     569
     547
     470
     454
     457
     400
     380
     334
     328
     299
     300
     284
     293
     286
     249
     264
     241
     250
     268
     232
     236
     249
     224
     244
     201
     245
     242
     224
     217
     221
     245
     241
     211
     244
     242
     246
     211
     231
     193
     229
     224
     239
     219
     220
     248
     222
     241
     235
     215
     213
     218
     224
     203
     232
     233
     235
     228
     215
     230
     221
     219
     225
     228
     208
     219
     178
     228
     192
     208
     215
     222
     212
     207
     203
     216
     208
     188
     202
     195
     193
     198
     204
     177
     178
     196
     200
     188
     219
     220
     219
     207
     212
     202
     215
     205
     188
     188
     212
     203
     194
     223
     178
     193
     199
     215
     207
     196
     184
     185
     247
     203
     194
     199
     193
     200
     166
     186
     230
     186
     179
     200
     212
     218
     226
     184
     209
     190
     203
     203
     182
     186
     188
     190
     204
     201
     213
     210
     185
     191
     169
     206
     172
     175
     213
     174
     205
     186
     189
     183
     173
     209
     193
     165
     196
     188
     170
     195
     171
     184
     213
     193
     191
     183
     177
     181
     180
     169
     165
     185
     188
     191
     165
     172
     176
     193
     173
     179
     164
     164
     151
     187
     165
     150
     172
     147
     164
     188
     165
     180
     155
     183
     178
     198
     178
     187
     184
     156
     166
     164
     179
     175
     167
     187
     155
     165
     179
     161
     178
     164
     171
     161
     159
     178
     146
     161
     156
     173
     159
     214
     169
     182
     156
     178
     180
     188
     178
     167
     158
     168
     164
     148
     162
     162
     192
     160
     165
     175
     163
     167
     143
     170
     150
     174
     175
     175
     184
     150
     151
     163
     156
     192
     166
     136
     168
     156
     155
     165
     165
     165
     152
     141
     180
     158
     164
     157
     172
     174
     147
     186
     157
     171
     146
     174
     156
     173
     177
     150
     169
     153
     184
     166
     156
     165
     171
     169
     146
     143
     145
     166
     162
     165
     152
     164
     149
     169
     172
     171
     153
     170
     146
     168
     167
     179
     176
     156
     158
     147
     154
     183
     151
     157
     158
     150
     169
     154
     162
     151
     159
     152
     154
     146
     163
     154
     142
     167
     163
     147
     139
     171
     149
     148
     152
     165
     174
     157
     162
     155
     143
     155
     167
     137
     144
     159
     163
     159
     159
     166
     172
     148
     150
     159
     176
     140
     158
     151
     149
     147
     162
     170
     174
     170
     138
     166
     146
     144
     168
     153
     155
     161
     148
     134
     127
     136
     139
     147
     125
     150
     175
     133
     155
     165
     148
     146
     155
     157
     123
     156
     142
     169
     136
     157
     147
     154
     154
     141
     158
     138
     141
     153
     143
     141
     156
     137
     150
     153
     152
     130
     148
     137
     155
     146
     143
     153
     145
     151
     129
     133
     150
     148
     133
     145
     160
     145
     136
     127
     135
     156
     150
     126
     146
     136
     129
     163
     145
     180
     155
     143
     129
     149
     139
     150
     141
     153
     128
     132
     180
     148
     130
     154
     137
     151
     157
     134
     129
     159
     126
     132
     148
     141
     140
     147
     146
     140
     131
     138
     124
     146
     122
     166
     139
     149
     150
     168
     137
     148
     142
     141
     155
     149
     150
     161
     151
     140
     138
     153
     144
     136
     133
     145
     136
     145
     119
     121
     148
     136
     129
     128
     140
     137
     135
     153
     151
     143
     129
     152
     128
     114
     133
     124
     129
     131
     150
     146
     142
     135
     125
     145
     141
     151
     153
     148
     135
     159
     154
     133
     143
     126
     153
     143
     157
     155
     162
     139
     129
     136
     131
     144
     135
     171
     136
     166
     142
     150
     138
     147
     147
     135
     134
     161
     160
     141
     149
     141
     162
     133
     137
     119
     137
     154
     150
     150
     144
     137
     123
     125
     136
     141
     146
     128
     138
     120
     153
     138
     122
     133
     136
     146
     139
     145
     144
     144
     137
     129
     150
     134
     133
     140
     125
     135
     145
     141
     132
     122
     119
     146
     143
     135
     135
     149
     142
     139
     129
     159
     149
     148
     145
     166
     142
     119
     139
     153
     148
     135
     139
     139
     144
     135
     113
     132
     146
     130
     149
     153
     130
     141
     165
     152
     121
     127
     138
     134
     152
     134
     146
     143
     127
     147
     123
     140
     145
     135
     138
     145
     147
     157
     150
     133
     140
     160
     141
     152
     146
     150
     143
     160
     167
     142
     127
     154
     128
     154
     151
     136
     128
     134
     138
     141
     139
     136
     133
     140
     132
     140
     128
     136
     147
     102
     123
     109
     146
     112
     133
     148
     137
     164
     149
     162
     151
     145
     150
     153
     115
     122
     161
     147
     143
     167
     141
     141
     133
     136
     140
     143
     140
     135
     140
     142
     156
     169
     148
     158
     159
     167
     162
     152
     138
     140
     135
     140
     149
     160
     147
     163
     165
     167
     145
     134
     151
     157
     130
     157
     145
     149
     158
     137
     157
     114
     142
     144
     150
     128
     129
     148
     138
     127
     127
     132
     132
     138
     168
     131
     157
     145
     132
     139
     144
     122
     128
     130
     142
     103
     112
     114
     118
     126
     120
     120
     115
     117
     125
     124
     118
     112
     136
     131
     123
     126
     126
     130
     120
     129
     119
     139
     121
     119
     125
     137
     120
     122
     126
     135
     108
     128
     138
     120
     142
     121
     110
     148
     123
     120
     136
     114
     118
     126
     128
     138
     116
     147
     134
     120
     127
     125
     125
     111
     111
     119
     117
     117
     113
     125
     106
     143
     131
     138
     145
     121
     118
     128
      94
     113
     126
     123
     124
     129
     119
     132
     139
     119
     133
     135
     116
     119
     131
     141
     126
     143
     130
     137
     142
     151
     131
     111
     114
     118
     142
     130
     158
     120
     129
     137
     151
     112
     115
     125
     135
     130
     147
     125
     109
     125
     116
     138
     130
     132
     105
     119
     137
     115
     122
     123
     114
     131
     133
     101
     123
     110
     109
     127
     116
     126
     105
     133
     137
     100
     141
     135
     113
     130
     109
     146
     110
     104
     147
     132
     134
     133
     109
     111
     133
     129
     118
     120
     103
     123
     122
     133
     135
     134
     142
     151
     134
     131
     112
     153
     117
     116
     133
     126
     129
     122
     130
     140
     134
     142
     116
     136
     108
     129
     129
     119
     131
      99
     118
     130
     142
     130
     132
     133
     121
     133
     129
     125
     131
     118
     119
     135
     137
      94
     127
     122
     128
     120
     131
     126
     143
     122
     136
     131
     118
     142
     146
     120
     117
     131
     147
     138
     122
     156
     141
     126
     152
     132
     132
     144
     133
     137
     126
     135
     129
     133
     143
     130
     157
     121
     159
     139
     123
     133
     139
     145
     128
     135
     156
     134
     144
     142
     130
     138
     155
     115
     143
     138
     131
     142
     158
     141
     119
     166
     143
     118
     116
     134
     135
     141
     144
     130
     151
     149
     162
     129
     150
     136
     144
     120
     143
     135
     121
     151
     144
     136
     137
     130
     132
     132
     146
     151
     142
     134
     141
     153
     115
     140
     144
     136
     146
     142
     140
     152
     158
     159
     137
     150
     131
     155
     168
     155
     149
     129
     152
     141
     158
     175
     136
     177
     146
     141
     135
     160
     139
     138
     165
     157
     133
     148
     143
     157
     147
     179
     164
     154
     143
     161
     166
     183
     159
     171
     160
     147
     138
     157
     172
     157
     141
     159
     136
     138
     140
     153
     195
     139
     161
     160
     163
     159
     161
     163
     158
     164
     166
     148
     184
     178
     165
     158
     175
     163
     179
     178
     176
     184
     166
     177
     164
     186
     179
     199
     174
     152
     190
     208
     190
     192
     178
     168
     184
     196
     185
     218
     205
     173
     208
     166
     187
     219
     185
     166
     202
     205
     185
     195
     214
     198
     173
     197
     214
     267
     216
     215
     222
     212
     218
     196
     203
     205
     232
     182
     230
     236
     206
     213
     231
     238
     227
     229
     236
     211
     235
     229
     238
     232
     249
     256
     249
     247
     270
     267
     277
     262
     256
     267
     256
     255
     245
     278
     249
     262
     263
     285
     263
     299
     267
     294
     276
     273
     298
     279
     242
     288
     273
     297
     286
     267
     267
     306
     294
     288
     304
     306
     297
     291
     338
     311
     320
     281
     324
     318
     280
     284
     307
     348
     339
     325
     351
     316
     321
     357
     322
     330
     327
     353
     350
     349
     362
     354
     370
     370
     366
     354
     382
     353
     365
     342
     347
     341
     351
     348
     357
     369
     347
     376
     358
     397
     387
     372
     359
     367
     386
     369
     379
     376
     364
     409
     386
     366
     369
     366
     401
     358
     359
     391
     375
     389
     394
     370
     384
     392
     383
     369
     373
     407
     397
     389
     411
     362
     389
     365
     338
     353
     349
     362
     384
     388
     363
     358
     344
     367
     386
     373
     405
     369
     337
     371
     386
     394
     378
     389
     377
     389
     363
     370
     360
     362
     364
     402
     371
     351
     386
     364
     387
     401
     351
     390
     387
     394
     385
     395
     398
     387
     395
     391
     389
     406
     394
     384
     464
     437
     431
     386
     410
     418
     449
     406
     399
     423
     392
     402
     444
     429
     387
     415
     415
     421
     407
     436
     415
     427
     438
     446
     460
     421
     460
     426
     499
     472
     472
     465
     472
     498
     501
     481
     489
     474
     498
     476
     490
     463
     487
     486
     519
     537
     486
     521
     532
     532
     552
     523
     525
     592
     518
     534
     544
     579
     542
     543
     611
     565
     589
     592
     577
     578
     618
     550
     605
     619
     606
     591
     651
     616
     610
     660
     652
     664
     628
     665
     667
     672
     704
     670
     719
     683
     682
     739
     695
     667
     771
     699
     733
     765
     776
     821
     785
     741
     747
     761
     827
     803
     842
     847
     790
     807
     849
     814
     904
     868
     847
     887
     893
     928
     838
     947
     907
     894
     945
     948
     909
     941
     967
     940
     972
    1023
     979
    1012
    1044
     997
    1053
    1027
    1079
    1062
    1052
    1098
    1124
    1092
    1086
    1118
    1154
    1184
    1101
    1190
    1231
    1213
    1266
    1219
    1201
    1308
    1278
    1280
    1270
    1259
    1324
    1300
    1395
    1324
    1363
    1364
    1380
    1360
    1407
    1504
    1450
    1398
    1563
    1573
    1423
    1589
    1566
    1550
    1592
    1503
    1625
    1568
    1624
    1652
    1612
    1687
    1684
    1764
    1689
    1750
    1772
    1896
    1792
    1767
    1860
    1887
    1897
    1963
    1967
    1933
    1971
    1956
    2014
    2106
    2059
    2205
    2103
    2182
    2207
    2223
    2256
    2186
    2362
    2294
    2362
    2382
    2440
    2550
    2506
    2552
    2513
    2523
    2556
    2633
    2690
    2730
    2743
    2691
    2901
    2920
    2891
    2881
    2989
    3047
    3036
    3060
    3184
    3239
    3159
    3279
    3431
    3418
    3551
    3497
    3590
    3652
    3674
    3747
    3761
    3833
    3868
    3883
    4081
    4212
    4190
       0
       0
       0
       0
       0
       0
       0
       0
       0
       0
       0
       0
       0
       0
       0
       0
       0
       0
       0
       0
       0
       0
       0
       0
       0
       0
       0
       0
       0
       0
       0
       0
$ROI:
0
$PRESETS:
None
0
0
$ENER_FIT:
-0.169488 0.023446
$MCA_CAL:
3
-1.694878E-001 2.344633E-002 0.000000E+000 keV
$SHAPE_CAL:
3
0.000000E+000 0.000000E+000 0.000000E+000
