$SPEC_ID:
No sample description was entered.
$SPEC_REM:
DET# 4
DETDESC# JLAB-20 MCB 131
AP# Maestro Version 7.01
$DATE_MEA:
09/30/2025 01:46:44
$MEAS_TIM:
49084 50278
$DATA:
0 2047
       0
       0
       0
       0
       0
       0
       0
       0
       0
       0
       0
       0
       0
       0
       0
       0
       0
       0
       0
       0
       0
       0
       0
       0
       0
       0
       0
       0
       0
       0
       0
       0
       0
       0
       0
       0
       0
       0
       0
       0
       0
       0
       0
       0
       0
       0
       0
       0
       0
       0
       0
       0
       0
       0
       0
       0
       0
       0
       0
       0
       0
       0
       0
       1
       0
       1
       0
       0
       0
     165
    5428
    5531
    5295
    4953
    5114
    4803
    4680
    4682
    4625
    4549
    4380
    4699
    4376
    4364
    4346
    4394
    4299
    4210
    4160
    4205
    4137
    3957
    4040
    3994
    3870
    3917
    3880
    3959
    3883
    3919
    3789
    3772
    3755
    3827
    3631
    3626
    3654
    3594
    3667
    3506
    3514
    3494
    3508
    3463
    3377
    3403
    3389
    3335
    3235
    3282
    3278
    3243
    3259
    3291
    3291
    3211
    3252
    3218
    3156
    3104
    3174
    3112
    3050
    3080
    2952
    3090
    3081
    3110
    3052
    2986
    3030
    3036
    2952
    2995
    2931
    2959
    2932
    2975
    2966
    2969
    2784
    2936
    2782
    2804
    2792
    2787
    2808
    2797
    2831
    2776
    2834
    2728
    2721
    2708
    2719
    2703
    2695
    2750
    2690
    2727
    2672
    2670
    2679
    2598
    2715
    2685
    2748
    2593
    2641
    2681
    2575
    2572
    2632
    2596
    2564
    2641
    2555
    2594
    2565
    2576
    2600
    2547
    2474
    2611
    2613
    2503
    2564
    2479
    2531
    2609
    2506
    2542
    2499
    2490
    2395
    2441
    2455
    2472
    2501
    2434
    2450
    2514
    2428
    2364
    2516
    2466
    2421
    2426
    2421
    2480
    2473
    2460
    2476
    2528
    2469
    2507
    2396
    2459
    2493
    2404
    2429
    2424
    2434
    2490
    2446
    2406
    2374
    2492
    2358
    2391
    2431
    2420
    2477
    2319
    2440
    2424
    2372
    2403
    2414
    2392
    2426
    2397
    2457
    2458
    2454
    2422
    2385
    2495
    2490
    2488
    2427
    2348
    2572
    2504
    2456
    2416
    2449
    2488
    2494
    2497
    2455
    2460
    2481
    2532
    2570
    2477
    2506
    2493
    2553
    2484
    2485
    2531
    2526
    2597
    2588
    2461
    2580
    2514
    2547
    2521
    2529
    2494
    2604
    2508
    2578
    2623
    2587
    2571
    2572
    2693
    2650
    2757
    2853
    2864
    3072
    2945
    3100
    3321
    3645
    3878
    4091
    4472
    5039
    5475
    5931
    6738
    7539
    8315
    9356
   10557
   11625
   13095
   14310
   15839
   17468
   18968
   20642
   22352
   23655
   25640
   27195
   28851
   30210
   31409
   32558
   34051
   34742
   35810
   36185
   37231
   37496
   38261
   38641
   39010
   38627
   38869
   39012
   38957
   38810
   38456
   37922
   37555
   37187
   36624
   36471
   35898
   35026
   34639
   34134
   33439
   32680
   31837
   31099
   30338
   29453
   28481
   27652
   26793
   25803
   24870
   23791
   23000
   22092
   21259
   20418
   19769
   18545
   17783
   16862
   16208
   15541
   14852
   13893
   13491
   12906
   12506
   12201
   11506
   11098
   10885
   10565
   10136
    9865
    9476
    9448
    8784
    8738
    8389
    7887
    7662
    7353
    6962
    6950
    6392
    6050
    5744
    5536
    5274
    4994
    4624
    4372
    4242
    3710
    3711
    3340
    3166
    2961
    2764
    2638
    2388
    2288
    2153
    2107
    2033
    1980
    1908
    1748
    1752
    1742
    1710
    1747
    1671
    1671
    1762
    1623
    1639
    1620
    1709
    1645
    1652
    1619
    1706
    1655
    1710
    1637
    1645
    1659
    1706
    1580
    1623
    1584
    1607
    1616
    1594
    1637
    1597
    1615
    1629
    1627
    1622
    1569
    1553
    1554
    1571
    1521
    1520
    1602
    1497
    1482
    1498
    1569
    1561
    1560
    1509
    1517
    1516
    1488
    1488
    1509
    1453
    1434
    1443
    1538
    1485
    1449
    1504
    1495
    1562
    1395
    1461
    1430
    1426
    1380
    1432
    1372
    1386
    1387
    1473
    1425
    1418
    1414
    1386
    1452
    1437
    1413
    1470
    1424
    1380
    1437
    1386
    1375
    1367
    1398
    1385
    1425
    1408
    1482
    1419
    1348
    1408
    1441
    1438
    1387
    1355
    1429
    1432
    1422
    1358
    1418
    1435
    1425
    1395
    1454
    1503
    1434
    1495
    1393
    1456
    1379
    1424
    1440
    1442
    1392
    1383
    1453
    1483
    1406
    1453
    1435
    1376
    1354
    1328
    1411
    1370
    1383
    1353
    1348
    1419
    1356
    1387
    1312
    1366
    1386
    1327
    1269
    1309
    1278
    1311
    1336
    1306
    1275
    1271
    1324
    1293
    1266
    1259
    1323
    1326
    1251
    1275
    1324
    1272
    1256
    1306
    1247
    1293
    1281
    1242
    1210
    1204
    1302
    1190
    1200
    1210
    1243
    1181
    1249
    1185
    1202
    1208
    1237
    1243
    1246
    1218
    1246
    1229
    1214
    1227
    1170
    1153
    1218
    1222
    1214
    1220
    1232
    1193
    1176
    1295
    1242
    1273
    1217
    1185
    1208
    1206
    1245
    1166
    1218
    1151
    1207
    1156
    1228
    1178
    1221
    1246
    1251
    1227
    1215
    1233
    1160
    1244
    1239
    1193
    1172
    1166
    1233
    1243
    1249
    1231
    1234
    1183
    1220
    1152
    1181
    1151
    1183
    1176
    1191
    1205
    1178
    1171
    1154
    1177
    1223
    1198
    1197
    1174
    1125
    1104
    1150
    1181
    1189
    1136
    1125
    1184
    1183
    1169
    1200
    1178
    1138
    1195
    1176
    1112
    1168
    1128
    1119
    1136
    1192
    1159
    1131
    1213
    1146
    1154
    1152
    1179
    1134
    1192
    1182
    1138
    1133
    1128
    1097
    1133
    1165
    1133
    1141
    1118
    1163
    1136
    1109
    1146
    1168
    1111
    1125
    1128
    1085
    1114
    1149
    1155
    1182
    1131
    1171
    1105
    1118
    1134
    1127
    1137
    1120
    1161
    1137
    1105
    1112
    1101
    1085
    1075
    1179
    1094
    1104
    1106
    1111
    1107
    1116
    1077
    1107
    1127
    1109
    1081
    1108
    1142
    1085
    1106
    1084
    1141
    1088
    1127
    1027
    1085
    1091
    1061
    1104
    1120
    1095
    1082
    1091
    1158
    1100
    1087
    1011
    1059
    1087
    1076
    1096
    1053
    1073
    1121
    1059
    1092
    1022
    1081
    1088
    1067
    1075
    1044
    1024
    1057
    1076
    1019
    1046
    1044
    1056
    1090
    1046
    1038
    1079
    1063
    1105
    1069
    1130
    1003
    1100
    1075
    1050
    1016
    1069
    1079
    1044
    1043
    1057
    1019
     987
     984
    1023
     989
    1060
    1056
    1102
    1036
    1022
    1049
    1009
    1039
    1044
     985
    1057
    1011
     987
    1017
    1070
    1006
    1022
    1005
    1024
     983
    1009
    1087
    1065
    1048
    1006
    1043
    1062
    1005
     942
    1031
    1054
    1023
    1059
    1031
    1081
    1053
    1028
    1010
    1059
    1043
    1009
    1015
     988
     961
    1011
    1072
    1031
     971
    1067
    1024
    1042
    1042
    1009
     969
    1054
    1003
     969
    1039
    1016
     982
     993
    1009
     999
     984
    1053
    1022
    1000
     959
     982
    1018
     941
    1005
    1031
    1052
    1015
    1009
     969
     945
     970
     968
    1034
    1012
    1020
    1006
     983
     980
     965
     997
     983
     977
    1004
    1000
     968
     950
    1013
     980
     975
    1031
    1014
     962
    1032
     993
     960
     995
    1071
     983
     973
     964
     958
    1022
    1024
     971
     950
     969
    1027
    1033
    1004
    1043
    1083
    1050
    1024
    1039
    1082
    1042
     982
    1025
    1046
    1024
    1011
    1060
    1035
    1028
    1030
     951
    1006
    1020
     979
    1000
    1065
     937
    1027
     988
    1060
    1031
    1007
     990
    1002
    1028
    1016
     956
     981
     995
    1036
    1008
    1004
    1029
    1000
     935
    1049
     996
     970
    1043
    1010
     990
    1005
    1040
     978
     950
     912
     994
     928
     972
    1045
     912
     941
     979
     968
    1011
     989
     996
     976
     974
     922
    1030
     995
    1040
     928
     937
     952
    1020
     967
     923
     989
     964
    1003
     969
     986
     960
    1044
    1022
    1000
     987
    1040
     953
    1021
    1036
     999
    1005
    1004
    1068
     987
    1036
    1014
    1017
     993
    1036
    1020
     992
    1023
     980
    1032
    1034
    1007
     985
     980
    1084
    1017
    1002
    1020
    1029
    1037
    1039
    1034
    1043
    1015
     963
    1009
     993
    1008
    1040
    1028
     970
    1017
    1035
    1052
    1018
    1051
    1027
    1046
    1038
     989
    1024
    1031
    1051
     997
    1021
     972
     979
     959
     935
     980
     998
    1040
    1003
     973
     972
    1000
     971
     951
     960
     978
    1000
     968
     987
     924
     971
     966
     958
     908
     980
     931
     907
     953
     934
     996
     996
     985
     969
     985
     959
     998
     991
     952
     998
    1049
     988
     996
    1032
    1043
    1028
    1083
    1056
    1075
    1015
    1052
    1062
    1086
    1061
    1096
    1097
    1150
    1013
    1135
    1139
    1048
    1052
    1017
    1092
    1053
    1062
    1133
    1021
    1032
    1106
    1098
    1042
    1067
    1039
    1110
    1047
     989
    1044
    1027
    1016
    1043
     996
     972
     997
    1045
     969
     975
     994
    1003
     952
     905
     908
     903
     959
     970
     931
     900
     945
     946
     923
     929
     874
     889
     887
     953
     916
     829
     905
     842
     915
     888
     827
     895
     868
     891
     959
     887
     885
     906
     887
     821
     916
     841
     857
     943
     867
     896
     875
     889
     910
     892
     868
     875
     897
     859
     887
     917
     818
     899
     907
     873
     875
     896
     876
     872
     888
     873
     914
     917
     883
     869
     919
     899
     923
     963
     857
     898
     881
     903
     888
     876
     831
     879
     869
     873
     839
     880
     913
     922
     875
     914
     897
     912
     878
     903
     854
     899
     921
     838
     904
     857
     890
     924
     933
     939
     925
     888
     853
     908
     935
     941
     872
     902
     921
     990
     875
     935
     916
     886
     919
     885
     925
     948
     898
     887
     912
     909
     942
     890
     911
     897
     950
     921
     959
     933
     915
     940
     955
     939
     900
     914
     920
     877
     903
     906
     874
     901
     872
     885
     949
     858
     887
     880
     909
     868
     853
     901
     851
     929
     901
     896
     935
     923
     893
     927
     913
     901
     860
     896
     942
     916
     934
     888
     877
     899
     884
     863
     861
     844
     931
     900
     932
     861
     870
     864
     951
     907
     866
     901
     918
     911
     944
     898
     873
     856
     853
     887
     897
     920
     906
     947
     901
     939
     891
     882
     916
     858
     884
     851
     905
     950
     901
     935
     902
     925
     949
     930
     950
     901
     890
     869
     890
     891
     929
     929
     905
     961
     952
     917
     954
     910
     928
     929
     945
     944
     864
     952
     934
     948
     918
     946
     947
     928
     970
     999
     943
     909
     907
     982
     923
     973
     916
     946
     943
     961
     973
     956
     954
     926
     956
     915
     948
     958
     923
     954
     958
     957
     927
     928
    1029
     968
     972
     934
     905
     990
    1017
     918
     935
     954
     989
     983
     989
     951
    1018
    1009
     972
     987
     953
     921
     961
     903
     976
    1014
    1022
     991
    1030
     896
    1018
     961
     995
     981
     980
     961
     941
    1023
    1019
    1009
    1052
     976
     959
     993
    1016
    1019
     987
    1013
     980
     964
     944
    1007
    1020
     986
     987
    1009
    1046
     974
    1056
    1002
    1031
    1042
    1083
    1045
    1023
    1029
     995
    1042
    1061
    1093
    1066
    1068
    1044
    1077
    1060
    1006
    1077
    1074
    1086
    1055
    1144
    1008
    1067
    1105
    1123
    1085
    1065
    1110
    1132
    1126
    1101
    1154
    1072
    1055
    1057
    1123
    1100
    1125
    1130
    1087
    1114
    1163
    1088
    1121
    1123
    1144
    1106
    1118
    1201
    1154
    1214
    1183
    1122
    1220
    1173
    1182
    1174
    1197
    1147
    1144
    1191
    1232
    1188
    1215
    1187
    1164
    1207
    1217
    1249
    1287
    1227
    1234
    1296
    1313
    1237
    1280
    1245
    1226
    1297
    1342
    1320
    1334
    1269
    1340
    1345
    1315
    1336
    1315
    1387
    1320
    1340
    1307
    1316
    1413
    1385
    1379
    1445
    1396
    1445
    1425
    1419
    1435
    1413
    1463
    1426
    1541
    1550
    1460
    1507
    1535
    1544
    1459
    1500
    1538
    1538
    1512
    1587
    1582
    1585
    1587
    1601
    1718
    1605
    1632
    1640
    1662
    1630
    1651
    1701
    1706
    1735
    1741
    1717
    1718
    1836
    1839
    1839
    1778
    1783
    1881
    1798
    1749
    1813
    1924
    1849
    1895
    1952
    1946
    1913
    1954
    1880
    2045
    1996
    1971
    2059
    2025
    1945
    2088
    1960
    2065
    2011
    2080
    2037
    2182
    2128
    2218
    2223
    2114
    2117
    2207
    2286
    2175
    2312
    2282
    2299
    2331
    2292
    2225
    2324
    2455
    2405
    2255
    2374
    2282
    2333
    2371
    2387
    2393
    2445
    2476
    2526
    2410
    2548
    2513
    2572
    2535
    2551
    2518
    2619
    2631
    2632
    2693
    2592
    2572
    2655
    2648
    2625
    2633
    2616
    2691
    2637
    2664
    2637
    2618
    2703
    2718
    2591
    2678
    2712
    2682
    2653
    2686
    2660
    2660
    2558
    2739
    2694
    2619
    2660
    2686
    2567
    2745
    2709
    2693
    2715
    2777
    2675
    2698
    2656
    2617
    2727
    2663
    2712
    2686
    2771
    2651
    2588
    2643
    2583
    2658
    2641
    2550
    2666
    2698
    2632
    2691
    2667
    2626
    2651
    2608
    2627
    2580
    2713
    2693
    2673
    2630
    2667
    2692
    2759
    2600
    2653
    2625
    2628
    2689
    2619
    2647
    2714
    2656
    2699
    2731
    2669
    2734
    2778
    2823
    2761
    2697
    2748
    2726
    2839
    2821
    2887
    2774
    2842
    2855
    2950
    2871
    2961
    2887
    2894
    3015
    2948
    2937
    2964
    2964
    2900
    2951
    3148
    2998
    3010
    3047
    3063
    3019
    3086
    3050
    3089
    3208
    3171
    3120
    3231
    3223
    3278
    3229
    3436
    3383
    3337
    3311
    3439
    3485
    3390
    3510
    3308
    3490
    3553
    3590
    3577
    3576
    3625
    3549
    3644
    3673
    3654
    3836
    3831
    3724
    3843
    3708
    3923
    3839
    3904
    3911
    4035
    4005
    3914
    4035
    3991
    4078
    4230
    4240
    4280
    4145
    4297
    4276
    4247
    4496
    4412
    4395
    4467
    4487
    4612
    4594
    4647
    4749
    4704
    4846
    4822
    4849
    4926
    4887
    5017
    5001
    5067
    5095
    4953
    5188
    5326
    5234
    5363
    5397
    5438
    5664
    5554
    5439
    5554
    5740
    5773
    5698
    5858
    5879
    5676
    5838
    6113
    6121
    6008
    6133
    6254
    6364
    6360
    6410
    6413
    6619
    6480
    6573
    6719
    6838
    6796
    6867
    7009
    6854
    7090
    7245
    7238
    7238
    7460
    7481
    7532
    7657
    7812
    7530
    7809
    7825
    7933
    8049
    8048
    8189
    8206
    8459
    8453
    8557
    8578
    8682
    8612
    8859
    8841
    9101
    9145
    9166
    9380
    9302
    9344
    9599
    9782
    9776
    9821
   10027
    9977
   10197
   10235
   10343
   10484
   10537
   10706
   10843
   10692
   11170
   11130
   11302
   11437
   11321
   11619
   11638
   11824
   11815
   12179
   12190
   12374
   12478
   12548
   12883
   13039
   13110
   13060
   13315
   13485
   13725
   13708
   14033
   14118
   14325
   14390
   14412
   14871
   15114
   14910
   15391
   15295
   15832
   15949
   16156
   16357
   16316
   16764
   16782
   17038
   17458
   17433
   18036
   17954
   18265
   18358
   18883
   18722
   18982
   19485
   19580
   19993
   20057
   20658
   20787
   20808
   21239
   21651
   21986
   22347
   22549
   23115
   23584
   23623
   23919
   24509
   24677
   25139
   25653
   25988
   26526
   26598
   27451
   27399
   28002
   28318
   28713
   29321
   29987
   30539
       0
       0
       0
       0
       0
       0
       0
       0
       0
       0
       0
       0
       0
       0
       0
       0
       0
       0
       0
       0
       0
       0
       0
       0
       0
       0
       0
       0
       0
       0
       0
       0
$ROI:
0
$PRESETS:
None
0
0
$ENER_FIT:
-0.169488 0.023446
$MCA_CAL:
3
-1.694878E-001 2.344633E-002 0.000000E+000 keV
$SHAPE_CAL:
3
0.000000E+000 0.000000E+000 0.000000E+000
