$SPEC_ID:
No sample description was entered.
$SPEC_REM:
DET# 4
DETDESC# JLAB-20 MCB 131
AP# Maestro Version 7.01
$DATE_MEA:
09/30/2025 08:46:44
$MEAS_TIM:
73685 75478
$DATA:
0 2047
       0
       0
       0
       0
       0
       0
       0
       0
       0
       0
       0
       0
       0
       0
       0
       0
       0
       0
       0
       0
       0
       0
       0
       0
       0
       0
       0
       0
       0
       0
       0
       0
       0
       0
       0
       0
       0
       0
       0
       0
       0
       0
       0
       0
       0
       0
       0
       0
       0
       0
       0
       0
       1
       0
       1
       0
       0
       0
       0
       0
       0
       0
       0
       1
       0
       1
       0
       0
       0
     263
    8254
    8406
    7945
    7584
    7638
    7247
    7109
    7109
    6992
    6822
    6706
    6925
    6617
    6640
    6527
    6563
    6467
    6256
    6181
    6384
    6180
    5865
    6054
    5917
    5901
    5806
    5872
    5947
    5816
    5817
    5703
    5658
    5597
    5715
    5530
    5401
    5527
    5391
    5470
    5330
    5280
    5241
    5263
    5206
    5083
    5127
    5096
    5021
    4916
    4882
    4978
    4955
    4851
    4903
    4887
    4846
    4954
    4790
    4730
    4695
    4800
    4692
    4532
    4627
    4490
    4595
    4582
    4626
    4549
    4455
    4512
    4523
    4420
    4418
    4429
    4408
    4414
    4473
    4396
    4452
    4228
    4419
    4143
    4322
    4196
    4218
    4221
    4236
    4268
    4103
    4179
    4106
    4111
    4080
    4150
    4096
    4126
    4137
    4089
    4090
    4004
    3975
    4007
    3927
    4067
    4008
    4031
    3893
    4000
    4002
    3886
    3897
    4000
    3878
    3840
    3938
    3848
    3851
    3866
    3831
    3802
    3809
    3716
    3870
    3929
    3776
    3883
    3746
    3802
    3892
    3775
    3808
    3814
    3841
    3693
    3722
    3706
    3673
    3762
    3677
    3699
    3780
    3648
    3555
    3780
    3709
    3681
    3670
    3668
    3766
    3755
    3694
    3661
    3758
    3726
    3738
    3626
    3674
    3722
    3636
    3651
    3655
    3593
    3694
    3722
    3640
    3566
    3712
    3571
    3645
    3632
    3667
    3637
    3524
    3675
    3665
    3601
    3614
    3699
    3607
    3652
    3603
    3651
    3680
    3653
    3628
    3635
    3708
    3738
    3698
    3628
    3601
    3792
    3755
    3704
    3689
    3663
    3759
    3819
    3767
    3659
    3703
    3704
    3793
    3831
    3739
    3746
    3768
    3784
    3782
    3777
    3766
    3819
    3857
    3791
    3703
    3837
    3788
    3778
    3821
    3853
    3723
    3855
    3867
    3829
    3915
    3890
    3894
    3932
    4025
    3964
    4115
    4217
    4283
    4544
    4539
    4679
    5023
    5332
    5799
    6171
    6743
    7556
    8115
    8992
   10065
   11390
   12624
   14078
   15738
   17458
   19592
   21513
   23779
   26383
   28620
   31099
   33350
   35598
   38404
   40830
   43231
   45192
   47012
   48974
   51089
   51964
   53833
   54584
   55771
   56430
   57114
   57975
   58217
   58041
   58342
   58419
   58348
   58112
   57706
   56962
   56602
   56056
   55204
   54586
   53996
   52781
   52033
   50945
   50037
   49141
   47731
   46575
   45667
   44305
   42871
   41440
   40412
   38834
   37303
   35612
   34396
   33415
   31942
   30658
   29598
   28046
   26817
   25366
   24298
   23227
   22297
   21085
   20248
   19425
   18733
   18311
   17363
   16777
   16391
   15850
   15220
   14950
   14259
   14093
   13248
   13021
   12525
   11895
   11540
   11097
   10593
   10444
    9695
    9139
    8638
    8329
    7868
    7497
    6956
    6521
    6264
    5637
    5577
    5056
    4750
    4452
    4188
    3978
    3630
    3471
    3247
    3164
    3065
    2964
    2862
    2692
    2639
    2582
    2554
    2556
    2543
    2463
    2568
    2452
    2447
    2386
    2519
    2519
    2479
    2436
    2519
    2510
    2561
    2445
    2491
    2487
    2538
    2347
    2474
    2431
    2453
    2450
    2369
    2452
    2374
    2421
    2386
    2455
    2462
    2338
    2378
    2360
    2327
    2273
    2336
    2359
    2298
    2272
    2319
    2297
    2294
    2335
    2286
    2247
    2234
    2213
    2216
    2284
    2205
    2217
    2163
    2259
    2187
    2202
    2195
    2216
    2288
    2117
    2213
    2187
    2127
    2149
    2175
    2027
    2135
    2079
    2188
    2131
    2061
    2110
    2101
    2168
    2145
    2133
    2211
    2101
    2044
    2144
    2051
    2077
    2038
    2160
    2117
    2159
    2113
    2115
    2136
    2013
    2054
    2150
    2174
    2092
    2066
    2163
    2140
    2121
    2052
    2120
    2165
    2156
    2094
    2181
    2222
    2099
    2196
    2145
    2122
    2107
    2115
    2172
    2150
    2098
    2059
    2180
    2142
    2092
    2155
    2114
    2095
    2077
    2097
    2095
    2042
    2090
    2012
    2000
    2085
    2058
    2063
    1955
    2005
    2033
    1985
    1931
    1954
    1948
    1950
    1957
    1980
    1976
    1902
    1969
    1910
    1925
    1898
    1990
    1942
    1919
    1953
    1962
    1885
    1890
    1935
    1886
    1880
    1901
    1875
    1840
    1794
    1884
    1826
    1829
    1823
    1891
    1812
    1878
    1800
    1814
    1801
    1856
    1876
    1827
    1826
    1874
    1854
    1819
    1843
    1743
    1789
    1799
    1823
    1806
    1796
    1836
    1804
    1754
    1877
    1860
    1883
    1819
    1814
    1770
    1836
    1837
    1790
    1843
    1788
    1832
    1754
    1824
    1785
    1807
    1875
    1856
    1835
    1795
    1853
    1770
    1839
    1825
    1795
    1768
    1768
    1792
    1822
    1853
    1844
    1847
    1752
    1824
    1749
    1793
    1735
    1780
    1789
    1777
    1768
    1774
    1764
    1760
    1796
    1790
    1792
    1757
    1741
    1746
    1676
    1760
    1758
    1749
    1707
    1716
    1756
    1761
    1737
    1733
    1768
    1755
    1812
    1777
    1675
    1757
    1719
    1725
    1678
    1785
    1694
    1673
    1783
    1686
    1714
    1686
    1777
    1686
    1756
    1767
    1756
    1704
    1725
    1657
    1720
    1769
    1688
    1767
    1671
    1717
    1692
    1709
    1732
    1759
    1704
    1679
    1721
    1618
    1696
    1710
    1768
    1777
    1675
    1724
    1664
    1700
    1686
    1726
    1703
    1684
    1708
    1697
    1642
    1702
    1642
    1622
    1619
    1729
    1652
    1663
    1658
    1684
    1658
    1630
    1631
    1661
    1692
    1731
    1650
    1706
    1685
    1649
    1659
    1628
    1681
    1643
    1709
    1604
    1607
    1627
    1601
    1660
    1655
    1652
    1604
    1674
    1706
    1616
    1622
    1609
    1615
    1584
    1626
    1575
    1629
    1596
    1673
    1603
    1610
    1571
    1612
    1641
    1607
    1605
    1559
    1537
    1606
    1574
    1549
    1565
    1571
    1615
    1580
    1633
    1544
    1626
    1589
    1683
    1626
    1644
    1528
    1613
    1612
    1583
    1540
    1609
    1578
    1567
    1604
    1631
    1578
    1518
    1522
    1527
    1519
    1600
    1570
    1621
    1579
    1562
    1564
    1555
    1518
    1593
    1490
    1541
    1534
    1517
    1521
    1591
    1535
    1518
    1534
    1567
    1518
    1540
    1581
    1576
    1544
    1559
    1548
    1549
    1496
    1423
    1527
    1537
    1533
    1595
    1499
    1612
    1561
    1571
    1512
    1564
    1538
    1515
    1522
    1524
    1453
    1541
    1584
    1585
    1460
    1570
    1516
    1522
    1536
    1494
    1466
    1560
    1512
    1505
    1578
    1522
    1468
    1507
    1512
    1533
    1500
    1557
    1526
    1519
    1526
    1518
    1574
    1464
    1516
    1532
    1557
    1543
    1500
    1484
    1459
    1440
    1454
    1544
    1547
    1534
    1491
    1491
    1489
    1491
    1487
    1471
    1478
    1443
    1507
    1461
    1446
    1488
    1504
    1442
    1506
    1478
    1468
    1545
    1525
    1468
    1515
    1547
    1465
    1466
    1420
    1481
    1531
    1510
    1473
    1447
    1453
    1507
    1495
    1523
    1553
    1605
    1588
    1516
    1520
    1609
    1525
    1485
    1534
    1579
    1512
    1524
    1566
    1536
    1540
    1508
    1483
    1527
    1522
    1492
    1515
    1563
    1448
    1534
    1487
    1578
    1540
    1499
    1464
    1478
    1478
    1519
    1451
    1461
    1505
    1520
    1516
    1498
    1570
    1504
    1468
    1567
    1532
    1440
    1489
    1494
    1485
    1477
    1521
    1474
    1432
    1407
    1458
    1434
    1472
    1520
    1395
    1421
    1453
    1442
    1501
    1472
    1453
    1469
    1493
    1398
    1509
    1505
    1532
    1411
    1408
    1449
    1504
    1427
    1403
    1506
    1461
    1510
    1430
    1467
    1458
    1516
    1549
    1505
    1483
    1577
    1491
    1494
    1527
    1516
    1501
    1482
    1603
    1496
    1544
    1544
    1527
    1498
    1545
    1506
    1519
    1539
    1456
    1536
    1512
    1566
    1508
    1501
    1568
    1516
    1518
    1547
    1512
    1545
    1571
    1536
    1564
    1520
    1473
    1495
    1505
    1488
    1583
    1502
    1467
    1534
    1522
    1579
    1490
    1580
    1569
    1543
    1517
    1488
    1533
    1546
    1526
    1486
    1537
    1482
    1482
    1449
    1438
    1499
    1496
    1546
    1464
    1466
    1439
    1547
    1452
    1430
    1437
    1441
    1480
    1437
    1468
    1410
    1470
    1455
    1426
    1379
    1466
    1437
    1371
    1427
    1454
    1510
    1478
    1446
    1476
    1433
    1418
    1492
    1518
    1447
    1518
    1540
    1457
    1519
    1597
    1558
    1533
    1599
    1571
    1602
    1587
    1607
    1608
    1622
    1636
    1629
    1677
    1680
    1510
    1681
    1708
    1588
    1616
    1560
    1659
    1617
    1615
    1686
    1535
    1601
    1693
    1664
    1594
    1599
    1570
    1661
    1558
    1453
    1569
    1529
    1543
    1559
    1495
    1455
    1499
    1549
    1441
    1469
    1467
    1519
    1457
    1347
    1395
    1374
    1435
    1449
    1391
    1337
    1396
    1369
    1380
    1384
    1326
    1290
    1362
    1419
    1368
    1282
    1311
    1279
    1334
    1345
    1297
    1324
    1302
    1339
    1415
    1355
    1330
    1346
    1294
    1294
    1371
    1283
    1309
    1378
    1309
    1360
    1313
    1340
    1340
    1341
    1328
    1348
    1341
    1282
    1285
    1357
    1278
    1319
    1331
    1291
    1286
    1329
    1370
    1318
    1341
    1338
    1360
    1370
    1317
    1336
    1373
    1349
    1371
    1442
    1303
    1334
    1325
    1366
    1324
    1316
    1256
    1319
    1308
    1281
    1309
    1321
    1362
    1403
    1354
    1333
    1364
    1382
    1275
    1333
    1295
    1321
    1368
    1329
    1353
    1287
    1369
    1355
    1388
    1408
    1348
    1316
    1339
    1373
    1405
    1378
    1326
    1384
    1365
    1494
    1353
    1400
    1360
    1319
    1363
    1351
    1403
    1413
    1340
    1341
    1373
    1390
    1425
    1385
    1374
    1385
    1436
    1383
    1419
    1396
    1365
    1378
    1409
    1394
    1343
    1364
    1338
    1339
    1357
    1323
    1340
    1347
    1338
    1332
    1405
    1284
    1341
    1324
    1344
    1315
    1301
    1344
    1313
    1392
    1369
    1382
    1375
    1359
    1346
    1364
    1338
    1364
    1300
    1320
    1387
    1389
    1371
    1297
    1349
    1370
    1327
    1284
    1305
    1272
    1357
    1360
    1419
    1318
    1310
    1311
    1390
    1337
    1285
    1346
    1325
    1350
    1381
    1337
    1300
    1297
    1317
    1326
    1349
    1373
    1357
    1411
    1382
    1384
    1350
    1301
    1364
    1311
    1342
    1295
    1381
    1383
    1332
    1381
    1397
    1428
    1400
    1342
    1426
    1342
    1384
    1337
    1363
    1349
    1400
    1383
    1358
    1472
    1432
    1360
    1437
    1378
    1427
    1423
    1437
    1416
    1293
    1419
    1418
    1419
    1374
    1417
    1395
    1411
    1465
    1438
    1415
    1385
    1348
    1460
    1389
    1434
    1361
    1404
    1419
    1425
    1432
    1411
    1364
    1400
    1423
    1417
    1408
    1426
    1400
    1452
    1443
    1456
    1420
    1434
    1510
    1442
    1474
    1436
    1399
    1477
    1489
    1411
    1441
    1438
    1502
    1472
    1507
    1459
    1535
    1517
    1475
    1460
    1436
    1403
    1467
    1417
    1487
    1509
    1498
    1491
    1505
    1364
    1524
    1448
    1527
    1514
    1452
    1425
    1404
    1504
    1521
    1490
    1549
    1463
    1481
    1475
    1482
    1527
    1472
    1517
    1484
    1480
    1481
    1544
    1497
    1478
    1493
    1520
    1520
    1552
    1557
    1533
    1503
    1534
    1634
    1550
    1543
    1536
    1507
    1556
    1595
    1622
    1613
    1582
    1564
    1606
    1563
    1573
    1655
    1627
    1641
    1619
    1680
    1539
    1575
    1627
    1637
    1598
    1576
    1631
    1655
    1620
    1688
    1754
    1654
    1587
    1576
    1675
    1662
    1698
    1710
    1650
    1631
    1732
    1613
    1740
    1684
    1732
    1648
    1713
    1751
    1778
    1834
    1782
    1751
    1801
    1774
    1771
    1755
    1778
    1767
    1748
    1765
    1852
    1760
    1825
    1832
    1839
    1857
    1819
    1853
    1899
    1804
    1880
    1921
    1932
    1915
    1915
    1884
    1851
    1978
    2012
    1951
    1981
    1963
    1994
    2036
    1955
    1972
    1973
    2059
    1986
    2026
    1947
    1957
    2133
    2064
    2044
    2112
    2149
    2134
    2122
    2122
    2114
    2161
    2234
    2153
    2273
    2334
    2243
    2306
    2290
    2360
    2246
    2237
    2357
    2300
    2338
    2405
    2432
    2361
    2390
    2402
    2536
    2418
    2443
    2459
    2463
    2428
    2474
    2556
    2530
    2630
    2653
    2609
    2607
    2727
    2753
    2753
    2684
    2662
    2788
    2775
    2687
    2733
    2847
    2828
    2842
    2913
    2906
    2845
    2963
    2893
    2976
    3000
    2966
    3041
    3049
    2929
    3065
    3005
    3056
    3060
    3157
    3089
    3198
    3182
    3334
    3279
    3204
    3215
    3277
    3428
    3279
    3505
    3421
    3432
    3500
    3410
    3439
    3474
    3658
    3546
    3428
    3596
    3434
    3554
    3574
    3612
    3662
    3641
    3792
    3751
    3676
    3802
    3788
    3797
    3745
    3761
    3784
    3811
    3934
    3925
    3945
    3936
    3926
    3989
    3989
    3923
    4019
    3911
    4005
    3950
    3977
    4015
    3986
    4111
    4054
    3999
    4023
    4075
    3978
    3990
    4084
    4078
    3975
    3824
    4085
    4007
    3933
    3985
    4064
    3940
    4079
    4050
    4024
    4005
    4083
    4041
    4002
    3972
    3986
    4073
    3980
    4100
    4000
    4041
    4024
    3910
    3998
    3895
    4060
    3884
    3909
    4054
    3951
    3921
    4006
    3977
    3957
    3948
    3950
    4007
    3912
    4115
    3961
    4027
    3959
    3986
    4067
    4067
    3933
    3990
    3898
    3943
    4075
    4022
    3940
    4033
    3981
    4036
    4083
    4039
    4084
    4162
    4171
    4160
    4051
    4197
    4120
    4268
    4288
    4308
    4208
    4198
    4300
    4376
    4319
    4368
    4347
    4362
    4500
    4416
    4458
    4395
    4472
    4402
    4454
    4636
    4498
    4511
    4523
    4623
    4579
    4725
    4610
    4713
    4785
    4755
    4708
    4839
    4749
    4869
    4938
    5080
    5054
    4991
    4939
    5167
    5184
    4989
    5264
    5073
    5222
    5310
    5358
    5351
    5332
    5436
    5382
    5472
    5506
    5519
    5759
    5793
    5608
    5644
    5555
    5920
    5854
    5880
    5906
    5999
    6032
    5946
    6101
    5978
    6091
    6259
    6362
    6392
    6258
    6438
    6433
    6504
    6647
    6615
    6712
    6695
    6785
    6902
    6797
    6961
    7088
    7030
    7350
    7193
    7293
    7381
    7429
    7470
    7479
    7590
    7625
    7524
    7761
    8012
    7804
    8060
    8049
    8235
    8412
    8275
    8182
    8357
    8539
    8618
    8574
    8729
    8781
    8552
    8897
    9095
    9177
    9034
    9258
    9534
    9524
    9556
    9661
    9693
    9838
    9764
    9864
   10001
   10230
   10153
   10386
   10494
   10433
   10574
   10758
   10950
   10967
   11042
   11291
   11142
   11507
   11597
   11419
   11661
   11667
   11853
   12024
   12229
   12255
   12287
   12623
   12717
   12849
   12953
   13026
   12920
   13228
   13460
   13630
   13678
   13806
   14070
   14015
   13991
   14408
   14502
   14554
   14788
   15076
   14840
   15366
   15279
   15476
   15748
   15763
   16000
   16132
   16129
   16747
   16655
   17045
   17014
   17088
   17445
   17562
   17798
   17812
   18082
   18343
   18533
   18680
   18944
   19334
   19433
   19696
   19865
   19927
   20220
   20447
   20612
   20900
   21141
   21466
   21537
   21810
   22166
   22575
   22407
   23065
   23100
   23702
   23941
   24027
   24469
   24541
   25150
   25226
   25514
   26175
   26180
   27033
   26898
   27324
   27518
   28215
   28387
   28737
   29133
   29591
   30055
   30283
   30811
   31039
   31414
   32061
   32470
   32903
   33387
   33865
   34508
   35171
   35272
   35982
   36625
   37195
   37698
   38277
   38703
   39904
   39820
   40933
   41121
   41930
   42527
   42854
   43745
   44892
   45415
       0
       0
       0
       0
       0
       0
       0
       0
       0
       0
       0
       0
       0
       0
       0
       0
       0
       0
       0
       0
       0
       0
       0
       0
       0
       0
       0
       0
       0
       0
       0
       0
$ROI:
0
$PRESETS:
None
0
0
$ENER_FIT:
-0.169488 0.023446
$MCA_CAL:
3
-1.694878E-001 2.344633E-002 0.000000E+000 keV
$SHAPE_CAL:
3
0.000000E+000 0.000000E+000 0.000000E+000
