$SPEC_ID:
No sample description was entered.
$SPEC_REM:
DET# 4
DETDESC# JLAB-20 MCB 131
AP# Maestro Version 7.01
$DATE_MEA:
09/30/2025 23:36:44
$MEAS_TIM:
125834 128880
$DATA:
0 2047
       0
       0
       0
       0
       0
       0
       0
       0
       0
       0
       0
       0
       0
       0
       0
       0
       0
       0
       0
       0
       0
       0
       0
       0
       0
       0
       0
       0
       0
       0
       0
       0
       0
       0
       0
       0
       0
       0
       0
       0
       0
       0
       0
       0
       0
       0
       0
       0
       0
       0
       0
       1
       2
       0
       1
       1
       0
       1
       0
       0
       0
       0
       0
       1
       0
       1
       1
       1
       0
     486
   14179
   14344
   13520
   13108
   12883
   12343
   12119
   12090
   11879
   11736
   11553
   11489
   11357
   11323
   11162
   11060
   10856
   10646
   10628
   10829
   10600
   10226
   10357
   10186
   10102
    9903
    9961
   10052
    9816
    9857
    9716
    9689
    9551
    9708
    9376
    9234
    9268
    9235
    9182
    9047
    8988
    8994
    9037
    8962
    8722
    8835
    8670
    8666
    8601
    8389
    8488
    8390
    8418
    8340
    8241
    8240
    8377
    8196
    8104
    7934
    8154
    8037
    7752
    7894
    7775
    7872
    7827
    7877
    7662
    7639
    7713
    7629
    7503
    7491
    7490
    7435
    7511
    7687
    7433
    7580
    7314
    7488
    7212
    7382
    7196
    7151
    7183
    7235
    7202
    7114
    7146
    6942
    7034
    6998
    7098
    6923
    6994
    6998
    6880
    6939
    6799
    6794
    6858
    6726
    6901
    6834
    6760
    6788
    6765
    6721
    6620
    6652
    6746
    6646
    6578
    6673
    6562
    6617
    6626
    6574
    6503
    6535
    6439
    6614
    6675
    6473
    6579
    6398
    6445
    6549
    6409
    6457
    6459
    6487
    6309
    6222
    6269
    6330
    6264
    6303
    6304
    6366
    6386
    6265
    6432
    6264
    6263
    6385
    6278
    6335
    6445
    6330
    6323
    6446
    6271
    6254
    6213
    6259
    6313
    6254
    6251
    6228
    6178
    6330
    6308
    6189
    6175
    6281
    6128
    6189
    6187
    6172
    6265
    6073
    6273
    6230
    6159
    6184
    6301
    6191
    6251
    6188
    6238
    6249
    6223
    6274
    6273
    6358
    6309
    6318
    6250
    6156
    6345
    6362
    6395
    6357
    6310
    6470
    6479
    6421
    6345
    6329
    6436
    6437
    6416
    6341
    6470
    6483
    6368
    6419
    6389
    6442
    6578
    6607
    6451
    6385
    6530
    6477
    6515
    6521
    6542
    6438
    6523
    6572
    6504
    6629
    6615
    6666
    6709
    6817
    6899
    7064
    7103
    7312
    7533
    7754
    7997
    8667
    9094
    9829
   10547
   11359
   12684
   13865
   15407
   17144
   19383
   21655
   24089
   26846
   30049
   33533
   36743
   40541
   45146
   49023
   53077
   57141
   60821
   65334
   69381
   73213
   77160
   80447
   83813
   86808
   88768
   91814
   93021
   95019
   96069
   97444
   98648
   99607
   99173
   99693
   99644
   99331
   98989
   98191
   97369
   96643
   95655
   94633
   93454
   92115
   90305
   89093
   87121
   85474
   83779
   81729
   79691
   78116
   75376
   72927
   70908
   69092
   66205
   63949
   61362
   59355
   57139
   54673
   52441
   49941
   47698
   45396
   43394
   41538
   39520
   38033
   35897
   34643
   33058
   32084
   30892
   29729
   28606
   28154
   27170
   26001
   25442
   24482
   23729
   22801
   22214
   21367
   20416
   19701
   19116
   18216
   17589
   16525
   15756
   14880
   14378
   13460
   12819
   11893
   11158
   10605
    9792
    9343
    8632
    8058
    7614
    7222
    6850
    6216
    6005
    5578
    5391
    5200
    5142
    4932
    4633
    4471
    4462
    4379
    4340
    4276
    4341
    4382
    4248
    4279
    4154
    4300
    4243
    4221
    4111
    4267
    4199
    4305
    4153
    4227
    4274
    4309
    4015
    4225
    4199
    4265
    4208
    4057
    4131
    4034
    4097
    4075
    4140
    4147
    3964
    4066
    4061
    3980
    3941
    3999
    4004
    3893
    3885
    3873
    3931
    3927
    3932
    3874
    3877
    3859
    3784
    3806
    3895
    3775
    3790
    3702
    3887
    3814
    3738
    3701
    3740
    3811
    3630
    3787
    3764
    3599
    3676
    3711
    3548
    3629
    3629
    3676
    3654
    3572
    3674
    3680
    3672
    3575
    3635
    3759
    3598
    3557
    3541
    3573
    3619
    3544
    3658
    3662
    3621
    3607
    3672
    3584
    3497
    3507
    3672
    3695
    3686
    3579
    3647
    3616
    3620
    3583
    3599
    3658
    3673
    3594
    3735
    3679
    3595
    3687
    3640
    3608
    3599
    3581
    3628
    3622
    3618
    3502
    3667
    3622
    3524
    3629
    3599
    3570
    3635
    3595
    3586
    3550
    3528
    3471
    3444
    3495
    3519
    3444
    3313
    3430
    3374
    3431
    3327
    3377
    3334
    3267
    3351
    3330
    3362
    3236
    3311
    3311
    3251
    3283
    3355
    3278
    3318
    3348
    3298
    3226
    3249
    3220
    3183
    3171
    3241
    3180
    3115
    3086
    3160
    3135
    3093
    3227
    3145
    3066
    3132
    3038
    3147
    3138
    3165
    3177
    3137
    3170
    3191
    3170
    3068
    3130
    3034
    3055
    3080
    3102
    3074
    3056
    3130
    3098
    3056
    3182
    3183
    3158
    3122
    3149
    3032
    3152
    3098
    3122
    3126
    3089
    3145
    3060
    3062
    3044
    3047
    3195
    3170
    3072
    3094
    3209
    3079
    3127
    3135
    3089
    3032
    3009
    3095
    3081
    3108
    3060
    3122
    2980
    3110
    3044
    3053
    2971
    2991
    3034
    3062
    2965
    3007
    3003
    2968
    3021
    3005
    3035
    3002
    2952
    2976
    2948
    2974
    2983
    3016
    2916
    3020
    3012
    3011
    2968
    2918
    2926
    2948
    3104
    2932
    2866
    2988
    2932
    3004
    2871
    3003
    2848
    2937
    3005
    2906
    2891
    2922
    2987
    2985
    3031
    2938
    2989
    2855
    2957
    2876
    2975
    2970
    2858
    2917
    2829
    2961
    2844
    2917
    2987
    2992
    2950
    2838
    2906
    2856
    2910
    2943
    2937
    2974
    2894
    2939
    2895
    2910
    2939
    2942
    2921
    2796
    2910
    2904
    2781
    2864
    2843
    2782
    2763
    2903
    2813
    2822
    2783
    2832
    2824
    2760
    2818
    2871
    2860
    2937
    2852
    2846
    2894
    2809
    2808
    2765
    2844
    2809
    2877
    2817
    2808
    2812
    2739
    2752
    2757
    2835
    2761
    2856
    2883
    2798
    2750
    2763
    2740
    2760
    2775
    2695
    2769
    2757
    2753
    2729
    2725
    2706
    2772
    2796
    2760
    2733
    2729
    2659
    2723
    2648
    2623
    2717
    2640
    2735
    2695
    2741
    2589
    2786
    2643
    2811
    2694
    2782
    2658
    2745
    2700
    2653
    2636
    2660
    2639
    2682
    2694
    2730
    2666
    2622
    2604
    2656
    2620
    2705
    2716
    2679
    2786
    2613
    2718
    2598
    2653
    2710
    2568
    2630
    2632
    2617
    2592
    2625
    2613
    2563
    2626
    2660
    2635
    2614
    2685
    2630
    2610
    2674
    2627
    2611
    2590
    2554
    2626
    2657
    2663
    2739
    2628
    2658
    2659
    2670
    2611
    2611
    2613
    2596
    2574
    2633
    2506
    2603
    2629
    2674
    2514
    2638
    2587
    2586
    2628
    2475
    2570
    2606
    2571
    2605
    2662
    2609
    2519
    2523
    2622
    2598
    2633
    2595
    2651
    2606
    2599
    2566
    2684
    2538
    2585
    2543
    2588
    2611
    2552
    2551
    2493
    2542
    2522
    2632
    2604
    2592
    2539
    2508
    2559
    2526
    2547
    2516
    2519
    2543
    2562
    2533
    2496
    2520
    2595
    2475
    2562
    2478
    2463
    2578
    2601
    2554
    2553
    2576
    2465
    2520
    2545
    2509
    2650
    2520
    2498
    2489
    2531
    2551
    2578
    2627
    2621
    2688
    2677
    2584
    2592
    2705
    2618
    2589
    2596
    2619
    2575
    2587
    2628
    2600
    2560
    2575
    2562
    2619
    2563
    2593
    2619
    2675
    2502
    2672
    2526
    2610
    2572
    2569
    2489
    2550
    2509
    2510
    2472
    2502
    2554
    2550
    2578
    2514
    2630
    2552
    2514
    2633
    2575
    2450
    2462
    2489
    2439
    2494
    2553
    2495
    2487
    2470
    2515
    2519
    2544
    2593
    2480
    2406
    2481
    2464
    2584
    2489
    2463
    2459
    2440
    2433
    2474
    2529
    2533
    2390
    2440
    2456
    2544
    2512
    2430
    2518
    2508
    2564
    2453
    2546
    2528
    2572
    2579
    2549
    2523
    2683
    2549
    2534
    2613
    2527
    2557
    2573
    2677
    2569
    2592
    2606
    2585
    2578
    2659
    2515
    2536
    2640
    2568
    2627
    2632
    2644
    2581
    2573
    2651
    2562
    2633
    2639
    2574
    2597
    2743
    2647
    2611
    2573
    2506
    2555
    2547
    2517
    2673
    2541
    2508
    2524
    2607
    2595
    2548
    2626
    2641
    2568
    2594
    2578
    2568
    2583
    2526
    2593
    2581
    2575
    2524
    2496
    2536
    2613
    2545
    2581
    2562
    2566
    2466
    2544
    2446
    2496
    2512
    2460
    2505
    2446
    2494
    2427
    2506
    2500
    2448
    2355
    2463
    2492
    2360
    2416
    2447
    2560
    2506
    2460
    2480
    2528
    2499
    2606
    2550
    2504
    2556
    2593
    2539
    2625
    2612
    2574
    2640
    2731
    2722
    2713
    2737
    2758
    2730
    2756
    2780
    2752
    2864
    2877
    2694
    2817
    2869
    2747
    2837
    2734
    2862
    2838
    2764
    2820
    2750
    2687
    2837
    2803
    2750
    2702
    2674
    2800
    2626
    2593
    2687
    2565
    2616
    2676
    2646
    2555
    2523
    2600
    2490
    2456
    2527
    2562
    2448
    2349
    2356
    2339
    2405
    2430
    2341
    2270
    2416
    2349
    2355
    2374
    2256
    2196
    2274
    2382
    2268
    2188
    2240
    2228
    2287
    2300
    2204
    2229
    2282
    2259
    2295
    2236
    2247
    2279
    2221
    2215
    2313
    2212
    2254
    2299
    2209
    2285
    2284
    2282
    2277
    2266
    2250
    2262
    2277
    2207
    2228
    2247
    2254
    2268
    2248
    2191
    2158
    2249
    2360
    2273
    2245
    2339
    2322
    2336
    2294
    2279
    2283
    2282
    2280
    2430
    2252
    2288
    2235
    2328
    2340
    2244
    2209
    2265
    2272
    2275
    2268
    2263
    2316
    2359
    2330
    2263
    2359
    2348
    2145
    2313
    2274
    2269
    2278
    2333
    2349
    2296
    2327
    2309
    2330
    2416
    2306
    2285
    2276
    2351
    2345
    2307
    2248
    2337
    2318
    2443
    2339
    2313
    2353
    2255
    2312
    2335
    2398
    2420
    2330
    2325
    2314
    2360
    2439
    2333
    2406
    2387
    2388
    2364
    2358
    2402
    2388
    2352
    2306
    2331
    2277
    2384
    2363
    2282
    2352
    2264
    2294
    2276
    2322
    2281
    2374
    2292
    2279
    2319
    2293
    2346
    2220
    2250
    2261
    2403
    2288
    2353
    2363
    2317
    2326
    2274
    2298
    2324
    2240
    2260
    2374
    2340
    2287
    2234
    2282
    2320
    2278
    2229
    2195
    2251
    2271
    2325
    2360
    2315
    2260
    2269
    2309
    2280
    2208
    2302
    2210
    2273
    2323
    2270
    2258
    2290
    2197
    2326
    2249
    2244
    2303
    2377
    2323
    2318
    2291
    2260
    2319
    2281
    2362
    2251
    2243
    2364
    2262
    2382
    2389
    2352
    2367
    2309
    2373
    2283
    2368
    2305
    2333
    2310
    2378
    2374
    2349
    2442
    2402
    2351
    2404
    2339
    2383
    2410
    2465
    2396
    2314
    2397
    2374
    2398
    2395
    2378
    2369
    2345
    2419
    2440
    2448
    2339
    2286
    2455
    2388
    2458
    2359
    2422
    2382
    2434
    2456
    2447
    2346
    2433
    2394
    2435
    2448
    2415
    2388
    2469
    2466
    2463
    2469
    2469
    2513
    2479
    2482
    2434
    2392
    2495
    2487
    2442
    2473
    2475
    2481
    2526
    2493
    2482
    2597
    2559
    2548
    2518
    2412
    2461
    2514
    2487
    2526
    2503
    2480
    2576
    2539
    2365
    2535
    2490
    2510
    2594
    2449
    2470
    2524
    2524
    2590
    2532
    2623
    2507
    2513
    2531
    2544
    2578
    2521
    2589
    2555
    2529
    2515
    2618
    2573
    2556
    2539
    2619
    2585
    2617
    2611
    2563
    2653
    2611
    2707
    2651
    2669
    2556
    2554
    2632
    2708
    2779
    2733
    2692
    2696
    2678
    2743
    2723
    2765
    2721
    2692
    2746
    2834
    2672
    2722
    2789
    2777
    2742
    2721
    2765
    2829
    2768
    2859
    2918
    2817
    2796
    2766
    2839
    2781
    2935
    2907
    2802
    2846
    2985
    2860
    2964
    2873
    2970
    2840
    2895
    3024
    2991
    3131
    3019
    3026
    3077
    3073
    3081
    2984
    3101
    3022
    3006
    3007
    3185
    3059
    3151
    3067
    3046
    3156
    3155
    3196
    3214
    3117
    3187
    3240
    3240
    3259
    3346
    3293
    3210
    3404
    3383
    3358
    3372
    3287
    3391
    3424
    3320
    3388
    3381
    3474
    3414
    3463
    3442
    3415
    3737
    3487
    3543
    3585
    3610
    3662
    3752
    3613
    3651
    3768
    3754
    3692
    3822
    3913
    3852
    3842
    3873
    3980
    3855
    3825
    4030
    4010
    3948
    4077
    4137
    4031
    3974
    4093
    4262
    4146
    4108
    4210
    4240
    4291
    4203
    4340
    4351
    4401
    4471
    4487
    4464
    4567
    4638
    4640
    4587
    4629
    4765
    4703
    4730
    4708
    4886
    4861
    4850
    4828
    4911
    4842
    4974
    4913
    5054
    5064
    5066
    5159
    5210
    5093
    5162
    5104
    5338
    5257
    5399
    5337
    5520
    5472
    5515
    5473
    5505
    5496
    5605
    5738
    5647
    5827
    5822
    5823
    5839
    5827
    5899
    5997
    6205
    5992
    5934
    6158
    6026
    6047
    6145
    6179
    6276
    6158
    6328
    6335
    6368
    6438
    6527
    6484
    6441
    6515
    6404
    6495
    6609
    6697
    6710
    6641
    6634
    6701
    6772
    6665
    6854
    6648
    6788
    6758
    6754
    6890
    6773
    6880
    6843
    6870
    6853
    6835
    6849
    6860
    6918
    6977
    6818
    6617
    6909
    6863
    6765
    6842
    6929
    6709
    6847
    6855
    6870
    6796
    6987
    6976
    6787
    6829
    6826
    6846
    6790
    6925
    6704
    6803
    6913
    6712
    6856
    6612
    6862
    6598
    6782
    6869
    6816
    6785
    6781
    6887
    6893
    6809
    6819
    6745
    6734
    6921
    6706
    6912
    6698
    6869
    6930
    6978
    6742
    6842
    6752
    6808
    6756
    6878
    6879
    6921
    6902
    6909
    6972
    7019
    6990
    7133
    7080
    7045
    6886
    7130
    7097
    7287
    7206
    7165
    7188
    7274
    7319
    7365
    7350
    7431
    7413
    7471
    7583
    7576
    7626
    7589
    7591
    7507
    7693
    7735
    7787
    7831
    7846
    7739
    7871
    8087
    8106
    8084
    8002
    8196
    8064
    8237
    8257
    8314
    8440
    8614
    8593
    8474
    8563
    8714
    8733
    8676
    8880
    8699
    8932
    9154
    9187
    9112
    9131
    9216
    9225
    9315
    9426
    9496
    9760
    9803
    9676
    9653
    9565
   10087
    9926
   10047
   10046
   10143
   10228
   10226
   10405
   10301
   10413
   10605
   10825
   10777
   10650
   10948
   10967
   11208
   11387
   11354
   11498
   11516
   11597
   11659
   11642
   11877
   12073
   12024
   12396
   12422
   12322
   12486
   12613
   12811
   12849
   13003
   12925
   12959
   13189
   13600
   13287
   13804
   13723
   13908
   14300
   14068
   14138
   14228
   14420
   14738
   14703
   14822
   15121
   14841
   15291
   15544
   15654
   15577
   15844
   16146
   16198
   16458
   16535
   16418
   16670
   16671
   16897
   17005
   17497
   17326
   17806
   17809
   17991
   18143
   18479
   18563
   18776
   18891
   19092
   19017
   19710
   19693
   19516
   19891
   19966
   20255
   20378
   20831
   20904
   20998
   21318
   21758
   21850
   22045
   22056
   22088
   22735
   22866
   23101
   23292
   23557
   23893
   23920
   24112
   24505
   24789
   24844
   25381
   25492
   25430
   26082
   25959
   26375
   26729
   26807
   27064
   27445
   27385
   28364
   28434
   28851
   28985
   29128
   29787
   29744
   30192
   30656
   30875
   31055
   31452
   31770
   32341
   32954
   33323
   33473
   33811
   33990
   34561
   35021
   35082
   35581
   36035
   36580
   36700
   37392
   37853
   38346
   38595
   39271
   39709
   40500
   40769
   41047
   41508
   42076
   42721
   42898
   43895
   44497
   44648
   45839
   45960
   46287
   46958
   47665
   48670
   49069
   49756
   50216
   50925
   51433
   52341
   53022
   53540
   54549
   55396
   56045
   57129
   57714
   58838
   59676
   60315
   61145
   62256
   63332
   63978
   65232
   66021
   67808
   67911
   69479
   70156
   71694
   72760
   73185
   75013
   76713
   77500
       0
       0
       0
       0
       0
       0
       0
       0
       0
       0
       0
       0
       0
       0
       0
       0
       0
       0
       0
       0
       0
       0
       0
       0
       0
       0
       0
       0
       0
       0
       0
       0
$ROI:
0
$PRESETS:
None
0
0
$ENER_FIT:
-0.169488 0.023446
$MCA_CAL:
3
-1.694878E-001 2.344633E-002 0.000000E+000 keV
$SHAPE_CAL:
3
0.000000E+000 0.000000E+000 0.000000E+000
