$SPEC_ID:
No sample description was entered.
$SPEC_REM:
DET# 4
DETDESC# JLAB-20 MCB 131
AP# Maestro Version 7.01
$DATE_MEA:
09/30/2025 01:16:44
$MEAS_TIM:
47327 48478
$DATA:
0 2047
       0
       0
       0
       0
       0
       0
       0
       0
       0
       0
       0
       0
       0
       0
       0
       0
       0
       0
       0
       0
       0
       0
       0
       0
       0
       0
       0
       0
       0
       0
       0
       0
       0
       0
       0
       0
       0
       0
       0
       0
       0
       0
       0
       0
       0
       0
       0
       0
       0
       0
       0
       0
       0
       0
       0
       0
       0
       0
       0
       0
       0
       0
       0
       1
       0
       1
       0
       0
       0
     151
    5246
    5354
    5093
    4775
    4947
    4643
    4487
    4503
    4457
    4382
    4224
    4549
    4208
    4194
    4199
    4211
    4179
    4045
    4007
    4047
    3993
    3803
    3890
    3860
    3733
    3787
    3742
    3817
    3735
    3789
    3654
    3642
    3624
    3681
    3503
    3484
    3521
    3459
    3525
    3380
    3389
    3380
    3374
    3341
    3248
    3296
    3264
    3211
    3121
    3183
    3160
    3114
    3134
    3156
    3171
    3107
    3135
    3106
    3040
    3000
    3060
    3000
    2933
    2981
    2844
    2982
    2951
    3006
    2950
    2862
    2932
    2911
    2836
    2890
    2829
    2827
    2836
    2867
    2858
    2860
    2679
    2828
    2668
    2712
    2693
    2696
    2712
    2686
    2723
    2686
    2735
    2627
    2619
    2611
    2631
    2595
    2614
    2661
    2587
    2623
    2575
    2565
    2597
    2499
    2607
    2592
    2650
    2503
    2549
    2587
    2478
    2487
    2525
    2499
    2484
    2542
    2475
    2490
    2463
    2488
    2499
    2451
    2393
    2529
    2526
    2411
    2462
    2394
    2436
    2524
    2433
    2445
    2403
    2409
    2301
    2350
    2370
    2391
    2415
    2335
    2369
    2435
    2331
    2285
    2413
    2379
    2326
    2340
    2321
    2404
    2385
    2358
    2379
    2439
    2391
    2424
    2315
    2378
    2399
    2311
    2334
    2327
    2345
    2410
    2364
    2325
    2299
    2390
    2278
    2300
    2344
    2310
    2394
    2243
    2339
    2336
    2274
    2305
    2328
    2310
    2337
    2315
    2353
    2378
    2369
    2325
    2303
    2396
    2407
    2392
    2323
    2281
    2479
    2423
    2364
    2342
    2352
    2393
    2407
    2407
    2365
    2355
    2365
    2459
    2494
    2393
    2405
    2400
    2460
    2395
    2400
    2446
    2434
    2508
    2488
    2371
    2499
    2412
    2457
    2413
    2431
    2413
    2519
    2423
    2482
    2534
    2485
    2495
    2479
    2607
    2553
    2652
    2740
    2756
    2951
    2844
    2979
    3223
    3506
    3730
    3911
    4322
    4855
    5271
    5723
    6498
    7245
    8014
    8981
   10221
   11206
   12616
   13781
   15278
   16811
   18272
   19884
   21575
   22828
   24741
   26174
   27803
   29111
   30265
   31355
   32836
   33511
   34486
   34884
   35853
   36092
   36910
   37264
   37620
   37256
   37445
   37658
   37570
   37449
   37079
   36558
   36239
   35826
   35345
   35156
   34598
   33717
   33432
   32853
   32201
   31497
   30724
   29976
   29215
   28402
   27528
   26694
   25836
   24890
   24042
   22904
   22182
   21329
   20489
   19678
   19060
   17899
   17140
   16225
   15648
   15007
   14318
   13378
   13012
   12476
   12074
   11761
   11113
   10705
   10481
   10178
    9775
    9499
    9134
    9087
    8469
    8419
    8085
    7586
    7379
    7098
    6717
    6713
    6142
    5808
    5554
    5351
    5108
    4831
    4470
    4212
    4078
    3582
    3571
    3227
    3050
    2876
    2665
    2559
    2290
    2212
    2073
    2020
    1944
    1906
    1839
    1684
    1685
    1687
    1655
    1684
    1612
    1612
    1691
    1567
    1572
    1556
    1655
    1598
    1599
    1556
    1640
    1603
    1646
    1586
    1588
    1594
    1640
    1516
    1563
    1514
    1556
    1552
    1538
    1573
    1539
    1549
    1575
    1568
    1559
    1501
    1504
    1502
    1512
    1460
    1462
    1537
    1442
    1430
    1447
    1509
    1501
    1502
    1450
    1463
    1457
    1429
    1433
    1470
    1400
    1388
    1386
    1482
    1435
    1399
    1444
    1438
    1504
    1357
    1403
    1381
    1366
    1337
    1381
    1334
    1322
    1337
    1412
    1371
    1372
    1359
    1328
    1398
    1394
    1360
    1423
    1380
    1332
    1383
    1336
    1319
    1314
    1354
    1352
    1377
    1352
    1408
    1369
    1295
    1361
    1393
    1385
    1339
    1302
    1372
    1376
    1368
    1303
    1378
    1387
    1371
    1348
    1407
    1450
    1381
    1439
    1341
    1403
    1329
    1371
    1393
    1382
    1325
    1342
    1402
    1433
    1338
    1404
    1389
    1319
    1307
    1281
    1369
    1320
    1331
    1302
    1305
    1357
    1300
    1334
    1270
    1310
    1330
    1291
    1227
    1276
    1237
    1279
    1275
    1265
    1222
    1219
    1277
    1255
    1224
    1213
    1278
    1280
    1198
    1233
    1271
    1236
    1208
    1254
    1202
    1244
    1229
    1197
    1161
    1166
    1255
    1156
    1150
    1156
    1204
    1137
    1207
    1145
    1152
    1173
    1178
    1200
    1203
    1179
    1203
    1174
    1164
    1180
    1123
    1120
    1180
    1179
    1178
    1189
    1191
    1151
    1129
    1237
    1193
    1228
    1182
    1144
    1174
    1152
    1199
    1124
    1172
    1104
    1165
    1127
    1181
    1149
    1186
    1187
    1206
    1177
    1179
    1190
    1119
    1214
    1179
    1164
    1129
    1126
    1192
    1188
    1200
    1193
    1187
    1138
    1182
    1115
    1141
    1113
    1139
    1139
    1148
    1166
    1134
    1131
    1118
    1136
    1189
    1157
    1149
    1120
    1094
    1072
    1118
    1129
    1149
    1088
    1094
    1142
    1147
    1123
    1157
    1137
    1101
    1151
    1130
    1075
    1129
    1085
    1081
    1104
    1149
    1104
    1083
    1163
    1106
    1112
    1106
    1135
    1094
    1150
    1141
    1092
    1102
    1101
    1053
    1080
    1118
    1091
    1107
    1087
    1125
    1097
    1071
    1102
    1125
    1079
    1080
    1077
    1050
    1079
    1098
    1119
    1144
    1088
    1140
    1056
    1077
    1092
    1085
    1093
    1078
    1115
    1098
    1066
    1073
    1066
    1036
    1039
    1147
    1053
    1070
    1064
    1069
    1067
    1075
    1036
    1061
    1076
    1068
    1039
    1072
    1106
    1040
    1072
    1055
    1103
    1051
    1088
     997
    1054
    1058
    1028
    1073
    1074
    1053
    1040
    1053
    1123
    1061
    1046
     979
    1032
    1049
    1041
    1062
    1018
    1038
    1081
    1016
    1045
     991
    1046
    1045
    1025
    1040
    1011
     980
    1016
    1041
     983
    1003
    1011
    1022
    1045
    1007
    1002
    1036
    1023
    1070
    1049
    1079
     960
    1062
    1044
    1014
     978
    1041
    1049
     998
    1003
    1019
     987
     951
     949
     994
     951
    1026
    1022
    1069
    1002
     984
    1009
     972
    1003
    1011
     938
    1020
     982
     958
     988
    1036
     961
     996
     976
     988
     954
     962
    1059
    1034
    1007
     976
    1016
    1025
     960
     903
     993
    1015
     974
    1019
     991
    1049
    1008
     989
     974
    1019
    1001
     974
     981
     953
     927
     971
    1044
     997
     928
    1027
     994
    1012
    1007
     978
     932
    1025
     965
     925
    1007
     979
     939
     960
     980
     966
     955
    1010
     988
     963
     931
     950
     983
     913
     972
     994
    1022
     974
     958
     934
     922
     943
     935
     991
     975
     988
     974
     954
     939
     929
     967
     947
     946
     961
     963
     938
     913
     972
     948
     935
     992
     975
     927
    1002
     957
     922
     962
    1037
     948
     940
     930
     921
     990
     981
     938
     912
     931
    1002
     998
     972
    1015
    1047
    1016
     982
    1005
    1044
     998
     944
     995
    1009
     992
     970
    1015
     998
    1001
     997
     904
     966
     978
     946
     972
    1037
     909
     979
     963
    1021
     997
     972
     948
     959
     989
     981
     926
     945
     965
    1001
     977
     965
     988
     962
     908
    1012
     952
     938
    1006
     973
     961
     965
    1003
     939
     926
     876
     958
     896
     945
    1006
     879
     892
     945
     935
     975
     949
     955
     934
     944
     891
     997
     951
    1003
     898
     898
     911
     987
     934
     898
     947
     923
     973
     927
     955
     929
    1008
     995
     955
     947
    1004
     916
     966
     999
     952
     964
     951
    1036
     950
     999
     973
     987
     956
     998
     978
     959
     994
     945
     990
     992
     972
     962
     941
    1038
     992
     972
     979
     985
    1001
    1002
     997
    1005
     972
     931
     972
     957
     965
    1000
     979
     939
     979
     995
    1017
     977
    1012
     996
    1008
     998
     960
     985
    1000
    1017
     957
    1001
     948
     947
     918
     896
     948
     965
     995
     961
     947
     942
     968
     936
     916
     923
     941
     961
     937
     966
     883
     933
     936
     923
     875
     945
     891
     868
     923
     903
     963
     963
     950
     939
     943
     933
     955
     941
     914
     970
    1023
     954
     955
    1002
    1006
     999
    1035
    1007
    1032
     987
    1013
    1023
    1055
    1024
    1044
    1055
    1109
     981
    1095
    1092
    1013
    1014
     979
    1057
    1012
    1020
    1080
     977
    1000
    1053
    1059
     998
    1027
    1008
    1071
    1015
     948
    1008
     993
     978
    1011
     949
     937
     965
    1008
     928
     948
     963
     965
     918
     875
     869
     880
     928
     930
     903
     864
     901
     921
     881
     903
     842
     860
     864
     924
     880
     798
     875
     816
     888
     859
     809
     862
     834
     863
     921
     861
     862
     869
     850
     793
     887
     818
     827
     911
     833
     856
     847
     862
     873
     852
     838
     842
     863
     828
     849
     887
     789
     871
     866
     843
     831
     868
     854
     843
     855
     838
     888
     884
     847
     839
     888
     873
     885
     932
     820
     872
     854
     886
     857
     841
     797
     847
     828
     837
     812
     850
     885
     887
     849
     878
     863
     879
     842
     873
     827
     856
     885
     814
     877
     820
     867
     893
     900
     923
     887
     853
     825
     875
     899
     913
     833
     876
     887
     950
     846
     905
     885
     852
     880
     849
     889
     915
     868
     852
     889
     872
     912
     855
     884
     856
     922
     890
     930
     896
     877
     903
     931
     899
     871
     875
     893
     841
     876
     862
     851
     859
     848
     848
     914
     839
     860
     850
     878
     835
     823
     872
     822
     894
     882
     863
     908
     896
     853
     895
     881
     874
     835
     865
     910
     893
     900
     850
     850
     867
     855
     833
     819
     819
     904
     866
     900
     840
     837
     831
     904
     874
     833
     868
     874
     880
     901
     867
     843
     827
     820
     865
     861
     890
     882
     920
     870
     913
     855
     841
     890
     827
     854
     820
     873
     907
     872
     904
     870
     896
     920
     900
     913
     864
     863
     837
     854
     859
     893
     896
     876
     927
     926
     883
     924
     876
     894
     892
     907
     914
     840
     905
     900
     918
     881
     912
     911
     899
     935
     960
     907
     881
     877
     952
     893
     939
     888
     906
     901
     927
     942
     913
     930
     885
     928
     873
     913
     919
     883
     905
     936
     915
     899
     895
     990
     932
     938
     905
     888
     956
     976
     890
     904
     921
     944
     945
     952
     917
     986
     975
     943
     949
     922
     899
     926
     859
     947
     976
     987
     946
    1002
     864
     978
     921
     959
     948
     956
     919
     900
     990
     985
     973
    1016
     945
     929
     965
     977
     993
     951
     970
     951
     940
     908
     969
     992
     954
     955
     972
    1007
     929
    1021
     969
     992
    1009
    1038
    1001
     991
     996
     969
    1003
    1023
    1065
    1027
    1033
    1012
    1036
    1012
     964
    1042
    1038
    1038
    1017
    1101
     981
    1029
    1069
    1082
    1040
    1025
    1048
    1088
    1093
    1066
    1110
    1037
    1016
    1014
    1088
    1072
    1093
    1090
    1043
    1077
    1123
    1038
    1074
    1075
    1098
    1067
    1074
    1163
    1121
    1175
    1130
    1082
    1174
    1127
    1148
    1131
    1147
    1098
    1111
    1141
    1201
    1141
    1182
    1145
    1129
    1166
    1179
    1215
    1231
    1181
    1194
    1244
    1265
    1195
    1243
    1208
    1187
    1252
    1289
    1277
    1300
    1229
    1287
    1304
    1272
    1285
    1270
    1346
    1269
    1289
    1263
    1262
    1368
    1333
    1332
    1396
    1345
    1390
    1365
    1362
    1376
    1365
    1411
    1375
    1485
    1495
    1408
    1458
    1482
    1481
    1410
    1440
    1480
    1494
    1458
    1535
    1533
    1531
    1531
    1538
    1665
    1544
    1576
    1588
    1608
    1570
    1584
    1646
    1635
    1681
    1675
    1661
    1665
    1780
    1772
    1780
    1702
    1725
    1811
    1732
    1688
    1749
    1859
    1775
    1843
    1884
    1882
    1851
    1888
    1807
    1982
    1924
    1892
    2006
    1957
    1863
    2011
    1886
    1994
    1944
    2014
    1976
    2117
    2064
    2133
    2146
    2041
    2056
    2139
    2196
    2098
    2223
    2202
    2216
    2256
    2201
    2146
    2250
    2378
    2332
    2166
    2285
    2191
    2245
    2292
    2309
    2309
    2361
    2400
    2429
    2337
    2466
    2441
    2473
    2423
    2453
    2440
    2524
    2548
    2529
    2592
    2498
    2470
    2571
    2542
    2544
    2540
    2520
    2596
    2545
    2579
    2546
    2525
    2599
    2621
    2497
    2599
    2625
    2587
    2563
    2598
    2582
    2566
    2476
    2636
    2617
    2531
    2563
    2595
    2474
    2639
    2614
    2589
    2627
    2673
    2584
    2610
    2572
    2507
    2623
    2569
    2616
    2579
    2682
    2567
    2495
    2545
    2502
    2562
    2543
    2466
    2588
    2598
    2531
    2606
    2569
    2532
    2545
    2521
    2531
    2493
    2623
    2602
    2567
    2542
    2558
    2600
    2662
    2514
    2554
    2531
    2542
    2592
    2499
    2553
    2619
    2573
    2596
    2628
    2587
    2643
    2679
    2717
    2654
    2588
    2654
    2620
    2744
    2711
    2806
    2673
    2747
    2747
    2868
    2770
    2871
    2794
    2769
    2903
    2867
    2829
    2851
    2856
    2788
    2836
    3025
    2898
    2889
    2932
    2958
    2911
    2979
    2955
    2975
    3092
    3065
    3024
    3110
    3103
    3169
    3131
    3314
    3275
    3228
    3183
    3317
    3360
    3272
    3387
    3176
    3367
    3417
    3444
    3465
    3444
    3463
    3424
    3515
    3538
    3507
    3701
    3715
    3602
    3714
    3546
    3800
    3725
    3779
    3780
    3863
    3864
    3792
    3895
    3848
    3944
    4072
    4084
    4130
    4003
    4132
    4116
    4085
    4339
    4246
    4229
    4319
    4334
    4450
    4415
    4469
    4590
    4524
    4683
    4635
    4674
    4753
    4705
    4808
    4835
    4897
    4930
    4775
    5020
    5147
    5047
    5187
    5203
    5246
    5470
    5346
    5250
    5353
    5522
    5578
    5485
    5639
    5678
    5472
    5637
    5881
    5890
    5796
    5923
    6017
    6126
    6152
    6162
    6170
    6370
    6246
    6350
    6462
    6609
    6546
    6642
    6744
    6609
    6837
    7002
    6962
    6978
    7201
    7213
    7271
    7375
    7537
    7274
    7530
    7554
    7655
    7753
    7757
    7915
    7910
    8134
    8151
    8246
    8271
    8382
    8305
    8528
    8538
    8760
    8833
    8854
    9023
    8969
    9015
    9254
    9422
    9451
    9456
    9661
    9641
    9803
    9858
    9948
   10092
   10138
   10336
   10460
   10318
   10749
   10730
   10887
   10994
   10947
   11174
   11235
   11414
   11389
   11710
   11736
   11937
   12060
   12125
   12417
   12593
   12628
   12609
   12882
   13013
   13225
   13218
   13552
   13640
   13815
   13874
   13935
   14322
   14574
   14368
   14841
   14784
   15278
   15387
   15567
   15743
   15739
   16153
   16187
   16463
   16826
   16799
   17356
   17343
   17583
   17696
   18174
   18009
   18317
   18785
   18897
   19301
   19343
   19905
   20001
   20083
   20507
   20848
   21186
   21510
   21701
   22274
   22734
   22791
   23053
   23647
   23811
   24235
   24698
   25096
   25578
   25643
   26450
   26411
   26947
   27324
   27731
   28313
   28954
   29465
       0
       0
       0
       0
       0
       0
       0
       0
       0
       0
       0
       0
       0
       0
       0
       0
       0
       0
       0
       0
       0
       0
       0
       0
       0
       0
       0
       0
       0
       0
       0
       0
$ROI:
0
$PRESETS:
None
0
0
$ENER_FIT:
-0.169488 0.023446
$MCA_CAL:
3
-1.694878E-001 2.344633E-002 0.000000E+000 keV
$SHAPE_CAL:
3
0.000000E+000 0.000000E+000 0.000000E+000
