$SPEC_ID:
No sample description was entered.
$SPEC_REM:
DET# 4
DETDESC# JLAB-20 MCB 131
AP# Maestro Version 7.01
$DATE_MEA:
10/01/2025 01:46:44
$MEAS_TIM:
133446 136679
$DATA:
0 2047
       0
       0
       0
       0
       0
       0
       0
       0
       0
       0
       0
       0
       0
       0
       0
       0
       0
       0
       0
       0
       0
       0
       0
       0
       0
       0
       0
       0
       0
       0
       0
       0
       0
       0
       0
       0
       0
       0
       0
       0
       0
       0
       0
       0
       0
       0
       0
       0
       0
       0
       0
       1
       2
       0
       1
       1
       0
       1
       0
       0
       0
       0
       0
       1
       0
       1
       1
       1
       1
     509
   15077
   15183
   14324
   13893
   13647
   13105
   12821
   12844
   12609
   12446
   12202
   12203
   12003
   11985
   11784
   11732
   11540
   11294
   11317
   11492
   11196
   10831
   10997
   10813
   10687
   10533
   10594
   10654
   10413
   10460
   10307
   10283
   10123
   10280
    9931
    9794
    9835
    9782
    9738
    9573
    9489
    9518
    9606
    9495
    9267
    9373
    9196
    9199
    9093
    8909
    9000
    8901
    8912
    8851
    8729
    8744
    8908
    8669
    8598
    8390
    8671
    8534
    8190
    8381
    8266
    8344
    8289
    8367
    8113
    8095
    8196
    8082
    7967
    7923
    7935
    7874
    7948
    8096
    7862
    8035
    7803
    7892
    7677
    7829
    7649
    7584
    7575
    7663
    7663
    7549
    7540
    7368
    7459
    7441
    7499
    7327
    7393
    7423
    7287
    7331
    7211
    7215
    7300
    7152
    7313
    7248
    7187
    7167
    7158
    7122
    7030
    7049
    7154
    7056
    6978
    7085
    6949
    7021
    7023
    6981
    6916
    6952
    6834
    7024
    7071
    6857
    6920
    6771
    6864
    6923
    6797
    6852
    6849
    6865
    6683
    6592
    6660
    6712
    6673
    6687
    6697
    6766
    6763
    6665
    6810
    6610
    6701
    6789
    6649
    6701
    6868
    6683
    6738
    6804
    6639
    6607
    6572
    6620
    6712
    6672
    6620
    6609
    6556
    6719
    6672
    6553
    6554
    6662
    6484
    6552
    6579
    6549
    6647
    6465
    6655
    6590
    6548
    6561
    6674
    6562
    6643
    6581
    6612
    6593
    6609
    6659
    6646
    6722
    6684
    6714
    6638
    6515
    6740
    6758
    6773
    6721
    6683
    6850
    6866
    6795
    6711
    6748
    6842
    6847
    6796
    6705
    6844
    6871
    6774
    6802
    6773
    6849
    6956
    6972
    6851
    6800
    6948
    6857
    6900
    6922
    6931
    6851
    6907
    6969
    6928
    6988
    7030
    7084
    7104
    7247
    7304
    7525
    7505
    7757
    7971
    8215
    8502
    9182
    9655
   10447
   11215
   12105
   13466
   14723
   16355
   18246
   20597
   23005
   25618
   28565
   31902
   35568
   39016
   43019
   47835
   52007
   56308
   60593
   64531
   69335
   73623
   77567
   81768
   85240
   88952
   91919
   94108
   97393
   98637
  100769
  101999
  103411
  104778
  105686
  105164
  105723
  105576
  105296
  105076
  104063
  103265
  102552
  101391
  100356
   99078
   97699
   95969
   94420
   92320
   90759
   88861
   86711
   84526
   82888
   79989
   77416
   75199
   73180
   70308
   67920
   65099
   62951
   60594
   57936
   55569
   52925
   50643
   48242
   46021
   44049
   41911
   40289
   38036
   36764
   35138
   34013
   32757
   31570
   30348
   29847
   28790
   27567
   27013
   25961
   25237
   24172
   23551
   22718
   21646
   20887
   20258
   19287
   18633
   17533
   16749
   15787
   15269
   14251
   13580
   12645
   11825
   11270
   10338
    9938
    9176
    8560
    8122
    7671
    7266
    6580
    6362
    5925
    5721
    5535
    5441
    5244
    4927
    4766
    4726
    4662
    4618
    4528
    4609
    4663
    4514
    4532
    4385
    4551
    4521
    4479
    4402
    4519
    4445
    4549
    4411
    4486
    4541
    4563
    4268
    4477
    4444
    4524
    4460
    4316
    4388
    4261
    4350
    4333
    4367
    4360
    4214
    4324
    4310
    4249
    4195
    4255
    4257
    4119
    4134
    4078
    4180
    4184
    4156
    4121
    4109
    4115
    4051
    4032
    4101
    4028
    4044
    3926
    4122
    4045
    3978
    3925
    3972
    4029
    3853
    3985
    4001
    3801
    3896
    3919
    3770
    3814
    3859
    3894
    3843
    3805
    3896
    3911
    3878
    3786
    3842
    3987
    3800
    3781
    3759
    3810
    3825
    3773
    3861
    3897
    3830
    3799
    3921
    3818
    3699
    3729
    3889
    3911
    3887
    3815
    3864
    3840
    3846
    3792
    3828
    3921
    3911
    3807
    3957
    3906
    3799
    3913
    3858
    3820
    3824
    3791
    3856
    3827
    3838
    3700
    3893
    3862
    3746
    3846
    3815
    3771
    3845
    3802
    3779
    3772
    3739
    3670
    3652
    3698
    3719
    3658
    3507
    3625
    3595
    3643
    3542
    3602
    3552
    3458
    3553
    3512
    3560
    3432
    3507
    3507
    3452
    3509
    3580
    3473
    3506
    3569
    3486
    3401
    3437
    3418
    3381
    3380
    3471
    3380
    3320
    3289
    3344
    3316
    3279
    3400
    3353
    3282
    3332
    3235
    3334
    3340
    3332
    3383
    3339
    3349
    3373
    3377
    3254
    3309
    3209
    3257
    3271
    3280
    3271
    3246
    3319
    3295
    3243
    3366
    3375
    3372
    3313
    3347
    3212
    3342
    3287
    3297
    3296
    3286
    3336
    3238
    3252
    3221
    3220
    3381
    3371
    3268
    3283
    3384
    3233
    3307
    3336
    3260
    3219
    3189
    3253
    3265
    3293
    3260
    3291
    3182
    3271
    3216
    3246
    3165
    3169
    3206
    3249
    3135
    3192
    3188
    3152
    3190
    3199
    3178
    3177
    3149
    3153
    3125
    3154
    3169
    3192
    3100
    3198
    3193
    3179
    3153
    3122
    3125
    3114
    3262
    3099
    3057
    3166
    3112
    3201
    3058
    3188
    3046
    3126
    3192
    3078
    3101
    3108
    3170
    3181
    3215
    3095
    3185
    3032
    3145
    3064
    3138
    3161
    3026
    3085
    2992
    3144
    3027
    3102
    3179
    3160
    3122
    3002
    3104
    3026
    3081
    3118
    3117
    3144
    3065
    3101
    3075
    3079
    3095
    3104
    3097
    2978
    3063
    3087
    2944
    3054
    3011
    2956
    2949
    3053
    2981
    3009
    2960
    2992
    2979
    2929
    3010
    3047
    3042
    3109
    3027
    3033
    3073
    2980
    3009
    2949
    3018
    2978
    3061
    2999
    2972
    2975
    2896
    2921
    2944
    2992
    2940
    3016
    3044
    2960
    2931
    2943
    2919
    2940
    2941
    2882
    2925
    2915
    2904
    2896
    2907
    2907
    2927
    2952
    2924
    2897
    2891
    2830
    2895
    2790
    2805
    2866
    2802
    2916
    2880
    2914
    2739
    2953
    2800
    2961
    2853
    2952
    2844
    2896
    2866
    2811
    2804
    2840
    2806
    2829
    2846
    2896
    2825
    2793
    2751
    2802
    2770
    2874
    2879
    2842
    2934
    2775
    2898
    2761
    2811
    2880
    2728
    2803
    2783
    2792
    2742
    2769
    2744
    2708
    2772
    2813
    2784
    2782
    2858
    2793
    2773
    2835
    2773
    2780
    2744
    2724
    2805
    2808
    2811
    2911
    2790
    2821
    2826
    2826
    2759
    2759
    2773
    2749
    2748
    2785
    2680
    2758
    2783
    2836
    2668
    2814
    2737
    2727
    2806
    2641
    2741
    2774
    2730
    2768
    2812
    2754
    2689
    2677
    2768
    2729
    2794
    2781
    2797
    2769
    2746
    2731
    2829
    2708
    2727
    2684
    2726
    2771
    2699
    2680
    2642
    2689
    2688
    2778
    2739
    2760
    2688
    2671
    2688
    2692
    2696
    2676
    2671
    2710
    2735
    2693
    2666
    2663
    2745
    2633
    2720
    2644
    2660
    2714
    2751
    2700
    2707
    2736
    2581
    2669
    2692
    2663
    2804
    2694
    2652
    2657
    2694
    2688
    2744
    2789
    2785
    2834
    2828
    2712
    2745
    2865
    2765
    2754
    2754
    2782
    2737
    2734
    2796
    2768
    2716
    2742
    2715
    2771
    2700
    2744
    2783
    2828
    2654
    2823
    2669
    2779
    2745
    2733
    2649
    2704
    2663
    2669
    2624
    2645
    2714
    2692
    2731
    2687
    2772
    2718
    2688
    2793
    2750
    2589
    2637
    2624
    2595
    2655
    2694
    2641
    2637
    2622
    2653
    2672
    2701
    2735
    2640
    2558
    2638
    2591
    2712
    2635
    2598
    2609
    2589
    2577
    2628
    2675
    2695
    2533
    2601
    2601
    2686
    2665
    2592
    2652
    2674
    2715
    2595
    2701
    2696
    2719
    2726
    2711
    2680
    2836
    2726
    2692
    2777
    2680
    2725
    2736
    2839
    2728
    2754
    2752
    2739
    2744
    2803
    2666
    2693
    2793
    2731
    2783
    2789
    2820
    2756
    2759
    2812
    2729
    2792
    2832
    2722
    2762
    2896
    2807
    2775
    2748
    2691
    2708
    2712
    2658
    2821
    2683
    2668
    2667
    2795
    2741
    2719
    2771
    2776
    2704
    2730
    2710
    2743
    2728
    2693
    2728
    2733
    2725
    2650
    2667
    2690
    2784
    2686
    2720
    2691
    2724
    2614
    2690
    2576
    2660
    2661
    2594
    2665
    2592
    2663
    2595
    2648
    2639
    2599
    2508
    2619
    2642
    2491
    2559
    2593
    2707
    2659
    2611
    2630
    2666
    2637
    2783
    2681
    2680
    2733
    2747
    2699
    2761
    2760
    2750
    2821
    2881
    2892
    2859
    2907
    2939
    2916
    2932
    2931
    2922
    3031
    3047
    2859
    2986
    3028
    2928
    3007
    2924
    3003
    3012
    2914
    3000
    2917
    2844
    3014
    2966
    2915
    2884
    2828
    2968
    2804
    2763
    2848
    2741
    2778
    2837
    2794
    2717
    2668
    2792
    2643
    2591
    2686
    2710
    2592
    2487
    2498
    2482
    2547
    2562
    2497
    2433
    2561
    2497
    2488
    2505
    2381
    2331
    2405
    2521
    2413
    2324
    2387
    2358
    2413
    2442
    2333
    2376
    2411
    2395
    2445
    2367
    2396
    2395
    2356
    2351
    2440
    2371
    2404
    2427
    2365
    2415
    2417
    2402
    2405
    2412
    2391
    2386
    2418
    2323
    2351
    2403
    2397
    2417
    2390
    2323
    2293
    2398
    2490
    2434
    2376
    2475
    2459
    2461
    2442
    2415
    2417
    2420
    2413
    2567
    2409
    2435
    2376
    2504
    2483
    2381
    2347
    2400
    2407
    2413
    2421
    2392
    2445
    2462
    2435
    2392
    2490
    2503
    2281
    2443
    2413
    2429
    2393
    2463
    2474
    2436
    2504
    2435
    2441
    2548
    2432
    2398
    2417
    2479
    2493
    2414
    2397
    2506
    2455
    2599
    2483
    2448
    2487
    2385
    2432
    2485
    2540
    2580
    2472
    2457
    2455
    2521
    2578
    2478
    2541
    2525
    2540
    2499
    2510
    2538
    2547
    2491
    2470
    2462
    2421
    2535
    2492
    2421
    2464
    2388
    2423
    2406
    2472
    2439
    2515
    2425
    2447
    2456
    2454
    2481
    2353
    2380
    2408
    2552
    2425
    2475
    2504
    2476
    2448
    2402
    2420
    2474
    2375
    2395
    2515
    2476
    2432
    2383
    2410
    2469
    2423
    2352
    2308
    2411
    2391
    2453
    2488
    2442
    2379
    2402
    2443
    2424
    2344
    2460
    2329
    2427
    2449
    2417
    2407
    2439
    2331
    2473
    2382
    2388
    2428
    2518
    2464
    2459
    2442
    2428
    2477
    2418
    2509
    2404
    2405
    2511
    2422
    2520
    2527
    2491
    2527
    2449
    2504
    2412
    2509
    2442
    2454
    2449
    2514
    2518
    2496
    2582
    2561
    2505
    2543
    2458
    2510
    2559
    2584
    2559
    2464
    2543
    2507
    2554
    2533
    2525
    2524
    2503
    2591
    2590
    2587
    2509
    2436
    2604
    2537
    2571
    2498
    2575
    2519
    2587
    2600
    2608
    2478
    2575
    2558
    2578
    2599
    2559
    2521
    2608
    2603
    2635
    2612
    2626
    2646
    2623
    2629
    2583
    2546
    2639
    2623
    2601
    2642
    2625
    2630
    2679
    2642
    2622
    2746
    2708
    2701
    2670
    2546
    2625
    2670
    2643
    2683
    2649
    2605
    2723
    2688
    2522
    2681
    2636
    2643
    2749
    2610
    2605
    2686
    2682
    2734
    2675
    2773
    2656
    2686
    2694
    2705
    2730
    2673
    2734
    2702
    2661
    2657
    2759
    2723
    2693
    2696
    2768
    2759
    2765
    2767
    2706
    2806
    2755
    2852
    2800
    2835
    2722
    2714
    2806
    2866
    2961
    2901
    2861
    2877
    2842
    2927
    2876
    2920
    2876
    2859
    2912
    3004
    2840
    2898
    2945
    2955
    2900
    2880
    2929
    3000
    2950
    3015
    3104
    2980
    2979
    2947
    3041
    2916
    3113
    3071
    2969
    3014
    3158
    3018
    3115
    3027
    3136
    3032
    3089
    3204
    3162
    3295
    3196
    3209
    3243
    3256
    3264
    3189
    3286
    3198
    3199
    3215
    3376
    3243
    3340
    3269
    3244
    3361
    3361
    3408
    3425
    3308
    3406
    3427
    3397
    3463
    3545
    3484
    3407
    3594
    3575
    3569
    3593
    3497
    3604
    3625
    3508
    3581
    3602
    3703
    3611
    3679
    3663
    3620
    3956
    3736
    3760
    3800
    3835
    3858
    3979
    3827
    3852
    3976
    3987
    3873
    4058
    4130
    4097
    4073
    4121
    4239
    4063
    4080
    4271
    4261
    4201
    4335
    4355
    4297
    4209
    4325
    4523
    4401
    4342
    4482
    4504
    4550
    4450
    4633
    4615
    4638
    4735
    4765
    4707
    4855
    4924
    4942
    4876
    4862
    5059
    5001
    5020
    4981
    5172
    5140
    5184
    5143
    5197
    5145
    5260
    5207
    5375
    5381
    5399
    5466
    5578
    5415
    5491
    5406
    5639
    5584
    5721
    5681
    5874
    5806
    5842
    5857
    5830
    5824
    5984
    6081
    6010
    6186
    6198
    6166
    6185
    6179
    6279
    6317
    6550
    6358
    6278
    6505
    6411
    6389
    6492
    6572
    6646
    6505
    6778
    6744
    6744
    6795
    6898
    6852
    6790
    6936
    6815
    6880
    6996
    7085
    7091
    7052
    7044
    7103
    7172
    7095
    7281
    7053
    7197
    7184
    7160
    7296
    7182
    7330
    7236
    7275
    7248
    7269
    7266
    7260
    7317
    7385
    7247
    7026
    7334
    7265
    7174
    7274
    7336
    7131
    7230
    7268
    7257
    7234
    7433
    7402
    7193
    7221
    7257
    7217
    7210
    7357
    7126
    7253
    7325
    7143
    7275
    6992
    7302
    7013
    7145
    7290
    7225
    7208
    7199
    7309
    7270
    7194
    7229
    7153
    7198
    7315
    7128
    7304
    7087
    7283
    7357
    7392
    7150
    7246
    7172
    7232
    7202
    7311
    7342
    7329
    7351
    7357
    7409
    7429
    7418
    7570
    7515
    7446
    7322
    7556
    7507
    7730
    7676
    7634
    7599
    7710
    7768
    7791
    7785
    7863
    7849
    7905
    8050
    8023
    8095
    8052
    8030
    8006
    8129
    8188
    8252
    8300
    8308
    8259
    8359
    8580
    8637
    8552
    8518
    8728
    8558
    8695
    8750
    8807
    8948
    9108
    9069
    8981
    9085
    9235
    9276
    9229
    9400
    9229
    9453
    9718
    9731
    9649
    9698
    9763
    9770
    9898
   10004
   10069
   10410
   10318
   10228
   10244
   10133
   10749
   10521
   10674
   10707
   10715
   10811
   10877
   11054
   10905
   11002
   11219
   11431
   11452
   11322
   11576
   11607
   11826
   12040
   12041
   12192
   12240
   12280
   12363
   12333
   12586
   12757
   12762
   13116
   13190
   13051
   13244
   13405
   13523
   13643
   13800
   13729
   13730
   14023
   14446
   14103
   14686
   14529
   14758
   15139
   14893
   14997
   15095
   15323
   15623
   15626
   15765
   16096
   15714
   16195
   16511
   16563
   16495
   16799
   17165
   17162
   17431
   17581
   17432
   17674
   17727
   17926
   17980
   18529
   18317
   18956
   18854
   19073
   19250
   19628
   19683
   19912
   20018
   20271
   20156
   20926
   20872
   20756
   21070
   21189
   21473
   21603
   22138
   22123
   22235
   22570
   23038
   23149
   23377
   23421
   23418
   24115
   24323
   24507
   24677
   24928
   25315
   25397
   25600
   25996
   26216
   26407
   26873
   27053
   27013
   27687
   27593
   27943
   28275
   28419
   28715
   29176
   29052
   30116
   30184
   30547
   30697
   30907
   31582
   31495
   32047
   32496
   32743
   32918
   33365
   33697
   34284
   34964
   35285
   35462
   35813
   36082
   36677
   37157
   37264
   37788
   38280
   38825
   38912
   39658
   40108
   40601
   40937
   41615
   42122
   43022
   43255
   43515
   43981
   44567
   45293
   45447
   46573
   47177
   47262
   48502
   48666
   49111
   49742
   50549
   51588
   52027
   52779
   53232
   54049
   54592
   55458
   56212
   56754
   57932
   58742
   59509
   60631
   61214
   62407
   63138
   63894
   64941
   65874
   67209
   67871
   69145
   70009
   71831
   72085
   73830
   74498
   76019
   77115
   77510
   79499
   81275
   82281
       0
       0
       0
       0
       0
       0
       0
       0
       0
       0
       0
       0
       0
       0
       0
       0
       0
       0
       0
       0
       0
       0
       0
       0
       0
       0
       0
       0
       0
       0
       0
       0
$ROI:
0
$PRESETS:
None
0
0
$ENER_FIT:
-0.169488 0.023446
$MCA_CAL:
3
-1.694878E-001 2.344633E-002 0.000000E+000 keV
$SHAPE_CAL:
3
0.000000E+000 0.000000E+000 0.000000E+000
