$SPEC_ID:
No sample description was entered.
$SPEC_REM:
DET# 4
DETDESC# JLAB-20 MCB 131
AP# Maestro Version 7.01
$DATE_MEA:
10/01/2025 07:46:44
$MEAS_TIM:
154532 158280
$DATA:
0 2047
       0
       0
       0
       0
       0
       0
       0
       0
       0
       0
       0
       0
       0
       0
       0
       0
       0
       0
       0
       0
       0
       0
       0
       0
       0
       0
       0
       0
       0
       0
       0
       0
       0
       0
       0
       0
       0
       0
       0
       0
       0
       0
       0
       0
       0
       0
       0
       0
       0
       0
       0
       1
       2
       0
       1
       1
       0
       1
       0
       0
       0
       0
       0
       1
       0
       1
       1
       1
       1
     604
   17390
   17501
   16606
   16052
   15730
   15112
   14771
   14830
   14537
   14464
   14189
   14178
   13853
   13794
   13634
   13631
   13388
   13065
   13104
   13248
   12920
   12515
   12711
   12545
   12446
   12271
   12256
   12335
   12119
   12119
   11999
   11876
   11760
   11888
   11554
   11337
   11315
   11315
   11268
   11156
   11006
   10994
   11168
   10920
   10791
   10842
   10637
   10661
   10568
   10337
   10444
   10253
   10288
   10225
   10111
   10092
   10369
   10063
   10006
    9761
   10036
    9857
    9525
    9743
    9554
    9599
    9621
    9737
    9405
    9422
    9487
    9333
    9227
    9179
    9216
    9145
    9278
    9303
    9045
    9305
    9008
    9115
    8909
    9025
    8907
    8796
    8739
    8832
    8878
    8688
    8720
    8547
    8650
    8620
    8632
    8546
    8555
    8592
    8459
    8474
    8305
    8381
    8418
    8298
    8390
    8385
    8290
    8229
    8307
    8243
    8120
    8165
    8254
    8131
    8100
    8181
    8074
    8026
    8132
    8037
    8056
    8060
    7944
    8115
    8193
    7951
    8012
    7870
    8005
    7962
    7938
    7919
    7879
    7976
    7776
    7651
    7812
    7824
    7669
    7767
    7802
    7871
    7862
    7715
    7891
    7681
    7741
    7869
    7661
    7738
    7877
    7784
    7777
    7858
    7718
    7641
    7622
    7694
    7771
    7744
    7752
    7667
    7618
    7795
    7734
    7567
    7627
    7672
    7546
    7604
    7575
    7514
    7708
    7479
    7640
    7571
    7577
    7558
    7708
    7608
    7700
    7618
    7684
    7648
    7708
    7718
    7704
    7808
    7740
    7717
    7728
    7526
    7820
    7706
    7839
    7812
    7755
    7886
    7916
    7874
    7801
    7780
    7915
    7869
    7827
    7768
    7964
    7982
    7800
    7941
    7898
    7901
    8051
    8048
    7948
    7902
    8053
    7958
    8027
    8007
    8009
    7944
    8010
    8105
    8037
    8164
    8164
    8190
    8228
    8441
    8521
    8699
    8704
    9010
    9199
    9536
    9971
   10651
   11249
   12180
   13129
   14043
   15717
   17136
   19110
   21320
   23974
   26732
   29860
   33308
   37257
   41400
   45402
   50171
   55604
   60338
   65512
   70403
   74938
   80595
   85434
   89916
   94710
   99159
  103222
  106507
  109012
  112630
  114059
  116692
  118342
  119685
  121496
  122018
  121827
  122173
  122152
  121861
  121334
  120616
  119345
  118762
  117146
  116222
  114545
  113089
  110923
  109328
  106805
  105042
  102721
  100389
   97868
   95936
   92630
   89615
   87034
   84493
   81302
   78517
   75457
   72749
   69819
   66897
   64113
   60995
   58517
   55837
   53152
   50886
   48378
   46541
   43969
   42500
   40614
   39284
   37788
   36506
   35111
   34430
   33282
   31807
   31157
   29893
   29189
   28000
   27243
   26173
   24936
   24247
   23309
   22360
   21510
   20263
   19365
   18332
   17648
   16461
   15721
   14609
   13682
   12987
   11920
   11458
   10567
    9891
    9334
    8813
    8352
    7618
    7337
    6822
    6566
    6426
    6245
    6046
    5690
    5541
    5464
    5387
    5303
    5228
    5368
    5372
    5226
    5206
    5131
    5213
    5181
    5174
    5059
    5256
    5171
    5241
    5143
    5177
    5216
    5287
    4984
    5161
    5139
    5205
    5145
    4986
    5087
    4974
    5048
    4984
    5016
    5029
    4887
    5041
    5043
    4893
    4906
    4968
    4899
    4752
    4823
    4726
    4815
    4870
    4773
    4788
    4717
    4723
    4710
    4690
    4749
    4617
    4688
    4557
    4765
    4713
    4591
    4581
    4593
    4644
    4447
    4605
    4605
    4404
    4473
    4536
    4378
    4418
    4468
    4466
    4450
    4412
    4533
    4501
    4473
    4418
    4479
    4604
    4417
    4394
    4388
    4385
    4422
    4340
    4451
    4491
    4438
    4378
    4518
    4373
    4348
    4329
    4506
    4548
    4497
    4408
    4453
    4400
    4439
    4339
    4403
    4535
    4505
    4432
    4531
    4510
    4397
    4535
    4452
    4401
    4430
    4396
    4471
    4427
    4430
    4304
    4510
    4517
    4356
    4482
    4387
    4351
    4459
    4407
    4327
    4366
    4285
    4192
    4208
    4323
    4280
    4222
    4090
    4188
    4164
    4176
    4129
    4200
    4099
    3994
    4098
    4070
    4096
    3999
    4046
    4052
    3989
    4013
    4117
    4010
    4061
    4147
    3987
    3928
    3958
    3996
    3938
    3898
    3998
    3888
    3873
    3815
    3862
    3839
    3770
    3889
    3907
    3817
    3843
    3765
    3873
    3925
    3899
    3918
    3857
    3824
    3841
    3895
    3775
    3790
    3692
    3779
    3835
    3803
    3782
    3785
    3811
    3802
    3768
    3903
    3913
    3895
    3812
    3918
    3713
    3870
    3797
    3808
    3842
    3821
    3847
    3731
    3746
    3747
    3756
    3929
    3871
    3785
    3809
    3920
    3727
    3819
    3842
    3769
    3718
    3691
    3733
    3795
    3785
    3768
    3819
    3667
    3790
    3748
    3756
    3637
    3703
    3748
    3750
    3634
    3714
    3698
    3688
    3678
    3707
    3681
    3670
    3653
    3659
    3571
    3646
    3662
    3682
    3627
    3715
    3665
    3668
    3629
    3613
    3606
    3613
    3742
    3569
    3569
    3630
    3592
    3669
    3512
    3674
    3542
    3634
    3717
    3540
    3569
    3640
    3639
    3667
    3686
    3586
    3674
    3553
    3642
    3554
    3642
    3660
    3532
    3556
    3537
    3660
    3518
    3568
    3660
    3683
    3627
    3469
    3568
    3534
    3559
    3596
    3607
    3604
    3571
    3598
    3564
    3546
    3603
    3530
    3586
    3495
    3516
    3516
    3402
    3529
    3494
    3400
    3446
    3561
    3459
    3502
    3421
    3451
    3432
    3380
    3488
    3517
    3521
    3585
    3489
    3512
    3515
    3421
    3467
    3432
    3521
    3456
    3558
    3458
    3432
    3470
    3391
    3358
    3405
    3426
    3433
    3474
    3536
    3406
    3386
    3397
    3350
    3377
    3350
    3346
    3388
    3360
    3356
    3349
    3335
    3364
    3370
    3420
    3371
    3355
    3330
    3277
    3358
    3256
    3278
    3296
    3244
    3349
    3254
    3382
    3170
    3379
    3258
    3433
    3286
    3407
    3262
    3376
    3298
    3227
    3238
    3310
    3201
    3266
    3305
    3369
    3317
    3240
    3207
    3272
    3219
    3321
    3333
    3310
    3404
    3256
    3337
    3189
    3297
    3319
    3169
    3262
    3232
    3261
    3214
    3272
    3211
    3126
    3227
    3257
    3214
    3235
    3296
    3212
    3209
    3282
    3198
    3171
    3206
    3134
    3195
    3242
    3239
    3359
    3215
    3273
    3230
    3259
    3197
    3172
    3212
    3150
    3205
    3257
    3131
    3222
    3195
    3246
    3134
    3232
    3140
    3162
    3268
    3035
    3178
    3219
    3187
    3213
    3232
    3197
    3125
    3089
    3205
    3163
    3204
    3239
    3202
    3172
    3158
    3190
    3272
    3129
    3131
    3068
    3160
    3205
    3162
    3088
    3104
    3136
    3101
    3208
    3172
    3189
    3091
    3092
    3107
    3132
    3133
    3121
    3087
    3096
    3103
    3120
    3084
    3030
    3148
    3045
    3150
    3037
    3105
    3136
    3196
    3097
    3149
    3163
    3003
    3102
    3099
    3119
    3243
    3116
    3092
    3112
    3135
    3138
    3193
    3208
    3237
    3244
    3301
    3118
    3159
    3285
    3244
    3197
    3226
    3242
    3167
    3163
    3226
    3215
    3154
    3183
    3145
    3198
    3135
    3153
    3231
    3296
    3099
    3293
    3075
    3195
    3175
    3205
    3103
    3145
    3075
    3062
    3072
    3055
    3165
    3157
    3176
    3105
    3216
    3134
    3116
    3210
    3156
    3020
    3052
    3001
    3023
    3029
    3109
    3032
    3074
    3004
    3047
    3071
    3128
    3114
    3014
    3012
    3048
    3000
    3104
    3075
    3025
    3058
    3003
    3029
    3044
    3110
    3101
    2922
    3018
    2969
    3141
    3083
    3000
    3060
    3101
    3151
    3052
    3145
    3116
    3135
    3186
    3163
    3107
    3268
    3166
    3102
    3210
    3150
    3207
    3167
    3288
    3137
    3154
    3194
    3203
    3188
    3292
    3094
    3157
    3222
    3164
    3235
    3241
    3257
    3208
    3192
    3258
    3159
    3207
    3263
    3147
    3204
    3300
    3280
    3220
    3223
    3143
    3147
    3120
    3118
    3265
    3144
    3094
    3084
    3234
    3120
    3129
    3211
    3252
    3127
    3116
    3127
    3154
    3176
    3102
    3197
    3169
    3166
    3070
    3075
    3090
    3209
    3099
    3125
    3076
    3168
    3046
    3100
    2985
    3071
    3083
    2992
    3058
    3026
    3067
    2978
    3043
    3036
    3032
    2902
    3057
    3054
    2909
    2953
    2985
    3157
    3067
    3033
    3019
    3067
    3032
    3193
    3110
    3104
    3182
    3223
    3140
    3183
    3201
    3222
    3271
    3328
    3351
    3302
    3362
    3377
    3390
    3417
    3383
    3383
    3524
    3504
    3343
    3442
    3538
    3378
    3470
    3396
    3519
    3470
    3415
    3441
    3363
    3342
    3432
    3389
    3369
    3343
    3301
    3403
    3290
    3179
    3277
    3185
    3192
    3270
    3226
    3133
    3112
    3230
    3089
    2989
    3109
    3120
    3012
    2927
    2911
    2887
    2941
    2954
    2865
    2817
    2959
    2898
    2890
    2899
    2772
    2734
    2817
    2887
    2794
    2728
    2789
    2723
    2767
    2864
    2684
    2778
    2766
    2746
    2792
    2724
    2789
    2768
    2752
    2743
    2810
    2748
    2771
    2822
    2771
    2832
    2791
    2769
    2782
    2805
    2755
    2746
    2778
    2722
    2770
    2777
    2771
    2776
    2803
    2722
    2664
    2792
    2874
    2806
    2723
    2813
    2875
    2863
    2809
    2808
    2776
    2761
    2808
    2969
    2769
    2813
    2751
    2860
    2891
    2755
    2712
    2758
    2795
    2840
    2774
    2789
    2803
    2870
    2857
    2776
    2861
    2890
    2671
    2797
    2768
    2832
    2772
    2840
    2877
    2809
    2889
    2827
    2803
    2916
    2823
    2771
    2814
    2841
    2853
    2801
    2816
    2865
    2854
    3021
    2865
    2834
    2888
    2764
    2807
    2861
    2952
    2983
    2860
    2855
    2814
    2908
    2968
    2863
    2968
    2952
    2983
    2916
    2891
    2954
    2924
    2912
    2848
    2862
    2839
    2938
    2900
    2843
    2859
    2790
    2807
    2824
    2913
    2839
    2904
    2816
    2845
    2862
    2820
    2871
    2744
    2759
    2785
    2893
    2816
    2845
    2869
    2838
    2826
    2782
    2847
    2859
    2742
    2764
    2885
    2842
    2818
    2777
    2791
    2841
    2786
    2734
    2682
    2769
    2782
    2826
    2878
    2799
    2745
    2771
    2844
    2769
    2720
    2833
    2711
    2781
    2831
    2824
    2764
    2803
    2724
    2842
    2772
    2793
    2815
    2897
    2876
    2856
    2800
    2826
    2881
    2823
    2894
    2771
    2809
    2883
    2822
    2917
    2921
    2873
    2938
    2826
    2893
    2798
    2897
    2860
    2852
    2834
    2894
    2945
    2907
    3016
    2951
    2936
    2948
    2845
    2916
    2968
    2967
    2936
    2829
    2963
    2914
    2939
    2934
    2894
    2929
    2881
    3003
    2993
    2992
    2903
    2814
    2997
    2922
    2975
    2881
    2970
    2958
    2995
    3023
    2995
    2898
    2958
    2972
    2979
    3057
    2973
    2928
    3004
    2986
    3042
    3035
    3050
    3061
    3022
    3047
    2996
    2986
    3090
    2999
    2971
    3068
    3042
    3087
    3091
    3065
    3032
    3215
    3135
    3127
    3075
    2919
    3024
    3090
    3038
    3087
    3058
    3033
    3116
    3046
    2909
    3104
    3102
    3058
    3189
    3030
    3034
    3139
    3110
    3153
    3082
    3189
    3051
    3092
    3141
    3124
    3199
    3093
    3208
    3152
    3090
    3107
    3209
    3146
    3105
    3125
    3229
    3199
    3219
    3222
    3136
    3253
    3171
    3338
    3239
    3263
    3206
    3197
    3262
    3315
    3389
    3350
    3311
    3329
    3305
    3371
    3304
    3392
    3353
    3287
    3354
    3473
    3257
    3365
    3499
    3413
    3356
    3326
    3405
    3474
    3427
    3451
    3584
    3427
    3447
    3384
    3469
    3389
    3611
    3550
    3447
    3521
    3644
    3498
    3573
    3552
    3642
    3546
    3548
    3684
    3674
    3797
    3685
    3711
    3740
    3766
    3796
    3770
    3783
    3700
    3731
    3754
    3900
    3754
    3830
    3759
    3772
    3856
    3911
    3929
    3947
    3816
    3936
    3975
    3955
    3998
    4101
    4018
    3971
    4166
    4151
    4143
    4127
    4045
    4202
    4185
    4102
    4157
    4159
    4326
    4172
    4261
    4267
    4224
    4550
    4292
    4366
    4388
    4485
    4446
    4573
    4451
    4460
    4583
    4635
    4535
    4694
    4776
    4757
    4736
    4791
    4928
    4713
    4737
    4908
    4948
    4889
    5032
    5050
    4993
    4960
    4993
    5263
    5065
    5064
    5220
    5201
    5310
    5184
    5388
    5332
    5361
    5498
    5538
    5478
    5655
    5690
    5696
    5677
    5646
    5859
    5777
    5818
    5821
    5982
    5937
    5997
    5967
    6002
    5985
    6048
    6052
    6229
    6221
    6276
    6340
    6491
    6296
    6371
    6282
    6558
    6502
    6605
    6559
    6781
    6725
    6793
    6769
    6740
    6757
    6956
    7029
    6956
    7220
    7169
    7203
    7124
    7161
    7276
    7333
    7579
    7347
    7310
    7564
    7426
    7418
    7541
    7610
    7716
    7567
    7856
    7895
    7842
    7859
    7954
    7975
    7864
    8020
    7892
    7952
    8070
    8219
    8163
    8142
    8184
    8185
    8318
    8266
    8360
    8228
    8383
    8348
    8321
    8414
    8302
    8475
    8351
    8416
    8380
    8372
    8469
    8416
    8431
    8556
    8314
    8204
    8489
    8400
    8406
    8441
    8488
    8281
    8339
    8381
    8383
    8377
    8588
    8566
    8338
    8375
    8444
    8364
    8369
    8470
    8307
    8419
    8455
    8223
    8451
    8144
    8442
    8153
    8352
    8476
    8414
    8405
    8330
    8466
    8366
    8325
    8400
    8309
    8321
    8467
    8212
    8423
    8195
    8419
    8537
    8511
    8242
    8448
    8254
    8407
    8348
    8479
    8483
    8533
    8549
    8520
    8635
    8647
    8614
    8730
    8693
    8649
    8554
    8797
    8768
    8968
    8933
    8894
    8775
    8972
    9012
    9046
    8959
    9136
    9082
    9107
    9279
    9300
    9381
    9393
    9335
    9348
    9451
    9501
    9557
    9625
    9612
    9564
    9750
    9981
   10004
    9958
    9879
   10117
    9929
   10073
   10129
   10181
   10365
   10536
   10469
   10387
   10569
   10723
   10738
   10698
   10926
   10745
   10967
   11275
   11242
   11232
   11218
   11327
   11356
   11487
   11617
   11693
   12017
   11944
   11857
   11978
   11807
   12386
   12167
   12374
   12446
   12408
   12556
   12665
   12828
   12666
   12754
   13070
   13268
   13343
   13192
   13401
   13462
   13676
   14016
   13990
   14108
   14277
   14249
   14317
   14387
   14667
   14823
   14728
   15220
   15410
   15281
   15321
   15561
   15678
   15862
   16056
   15996
   15955
   16270
   16713
   16476
   17032
   16896
   17087
   17563
   17190
   17416
   17487
   17822
   18161
   18172
   18347
   18662
   18241
   18703
   19140
   19216
   19189
   19542
   19827
   19976
   20231
   20458
   20294
   20604
   20592
   20835
   20900
   21497
   21241
   22016
   21867
   22132
   22367
   22643
   22834
   23081
   23209
   23521
   23371
   24312
   24394
   24126
   24432
   24574
   24902
   25081
   25680
   25708
   25947
   26304
   26753
   26928
   27074
   27221
   27233
   27894
   28203
   28427
   28736
   28971
   29427
   29472
   29765
   30200
   30440
   30670
   31284
   31364
   31429
   32086
   32068
   32526
   32793
   32977
   33370
   33945
   33673
   34775
   35004
   35408
   35712
   35953
   36574
   36664
   37392
   37705
   37926
   38413
   38775
   39112
   39832
   40569
   41018
   41209
   41632
   41842
   42602
   43173
   43472
   43822
   44514
   45003
   45207
   46165
   46582
   47261
   47488
   48249
   48890
   50013
   50296
   50608
   51194
   51719
   52668
   52885
   54184
   54680
   54824
   56249
   56570
   57044
   58137
   58845
   60018
   60535
   61301
   61804
   62861
   63507
   64536
   65367
   65910
   67355
   68262
   69164
   70637
   71076
   72422
   73316
   74449
   75445
   76600
   78265
   78968
   80623
   81545
   83559
   83790
   86032
   86614
   88270
   89733
   90139
   92428
   94472
   95610
       0
       0
       0
       0
       0
       0
       0
       0
       0
       0
       0
       0
       0
       0
       0
       0
       0
       0
       0
       0
       0
       0
       0
       0
       0
       0
       0
       0
       0
       0
       0
       0
$ROI:
0
$PRESETS:
None
0
0
$ENER_FIT:
-0.169488 0.023446
$MCA_CAL:
3
-1.694878E-001 2.344633E-002 0.000000E+000 keV
$SHAPE_CAL:
3
0.000000E+000 0.000000E+000 0.000000E+000
