$SPEC_ID:
No sample description was entered.
$SPEC_REM:
DET# 4
DETDESC# JLAB-20 MCB 131
AP# Maestro Version 7.01
$DATE_MEA:
09/30/2025 21:06:44
$MEAS_TIM:
117046 119879
$DATA:
0 2047
       0
       0
       0
       0
       0
       0
       0
       0
       0
       0
       0
       0
       0
       0
       0
       0
       0
       0
       0
       0
       0
       0
       0
       0
       0
       0
       0
       0
       0
       0
       0
       0
       0
       0
       0
       0
       0
       0
       0
       0
       0
       0
       0
       0
       0
       0
       0
       0
       0
       0
       0
       1
       2
       0
       1
       1
       0
       1
       0
       0
       0
       0
       0
       1
       0
       1
       1
       1
       0
     453
   13238
   13331
   12620
   12146
   12038
   11529
   11333
   11256
   11043
   10980
   10725
   10754
   10581
   10497
   10400
   10302
   10123
    9884
    9880
   10065
    9863
    9485
    9620
    9442
    9387
    9262
    9269
    9326
    9146
    9158
    9074
    8979
    8898
    9037
    8717
    8600
    8628
    8593
    8554
    8405
    8348
    8348
    8434
    8327
    8110
    8216
    8025
    8050
    8010
    7775
    7863
    7809
    7793
    7755
    7695
    7655
    7807
    7625
    7561
    7351
    7597
    7489
    7217
    7313
    7198
    7320
    7258
    7370
    7123
    7077
    7149
    7064
    6957
    7000
    6931
    6980
    6978
    7138
    6887
    7062
    6793
    6967
    6712
    6863
    6719
    6637
    6705
    6725
    6713
    6622
    6666
    6464
    6564
    6478
    6565
    6450
    6522
    6544
    6410
    6472
    6339
    6299
    6363
    6272
    6441
    6370
    6309
    6296
    6314
    6267
    6163
    6204
    6311
    6179
    6153
    6243
    6091
    6144
    6140
    6112
    6070
    6106
    5978
    6158
    6254
    5977
    6126
    5977
    6008
    6100
    5952
    6007
    5996
    6015
    5842
    5837
    5823
    5881
    5839
    5865
    5887
    5914
    5940
    5813
    5986
    5838
    5861
    5887
    5837
    5910
    5984
    5871
    5844
    6006
    5863
    5861
    5811
    5791
    5870
    5819
    5791
    5785
    5775
    5849
    5881
    5779
    5729
    5842
    5714
    5768
    5761
    5762
    5782
    5636
    5841
    5804
    5714
    5727
    5860
    5729
    5810
    5744
    5784
    5823
    5791
    5844
    5831
    5955
    5880
    5870
    5811
    5685
    5927
    5914
    5966
    5914
    5848
    5994
    6060
    6013
    5885
    5902
    5961
    5982
    6000
    5894
    6031
    5984
    5924
    5968
    5935
    5978
    6117
    6120
    6009
    5967
    6053
    6037
    6098
    6046
    6107
    5972
    6040
    6134
    6048
    6144
    6155
    6146
    6241
    6347
    6398
    6588
    6629
    6772
    7048
    7187
    7455
    8050
    8468
    9166
    9830
   10628
   11756
   12909
   14311
   15884
   18021
   20160
   22425
   24911
   27910
   31145
   34232
   37725
   41925
   45559
   49325
   53174
   56564
   60821
   64458
   68151
   71746
   74804
   77936
   80815
   82501
   85410
   86614
   88408
   89370
   90674
   91882
   92672
   92340
   92707
   92695
   92620
   92035
   91575
   90654
   90014
   88971
   87892
   86942
   85732
   84043
   82871
   80869
   79395
   77880
   75999
   74213
   72561
   70155
   67895
   65853
   64251
   61539
   59397
   56964
   55135
   53155
   50879
   48832
   46465
   44420
   42190
   40383
   38640
   36760
   35380
   33347
   32229
   30769
   29802
   28793
   27681
   26565
   26146
   25228
   24230
   23671
   22737
   22105
   21196
   20609
   19880
   19052
   18333
   17727
   17019
   16347
   15328
   14626
   13839
   13327
   12516
   11969
   11067
   10409
    9839
    9066
    8733
    8005
    7531
    7112
    6739
    6374
    5793
    5576
    5173
    4999
    4821
    4784
    4588
    4295
    4169
    4128
    4064
    4036
    3983
    3995
    4047
    3963
    3985
    3864
    4007
    3934
    3894
    3823
    3990
    3905
    4010
    3883
    3931
    3989
    4032
    3704
    3924
    3885
    3974
    3909
    3793
    3841
    3725
    3811
    3790
    3851
    3857
    3654
    3786
    3762
    3718
    3648
    3727
    3747
    3622
    3619
    3614
    3628
    3667
    3656
    3592
    3586
    3592
    3495
    3539
    3609
    3491
    3527
    3417
    3598
    3528
    3499
    3455
    3498
    3565
    3371
    3531
    3499
    3349
    3402
    3440
    3289
    3364
    3352
    3422
    3391
    3332
    3416
    3425
    3407
    3344
    3397
    3486
    3343
    3309
    3298
    3335
    3332
    3311
    3417
    3386
    3365
    3365
    3408
    3315
    3233
    3267
    3416
    3425
    3432
    3324
    3404
    3390
    3381
    3345
    3330
    3395
    3405
    3320
    3485
    3448
    3324
    3449
    3388
    3373
    3350
    3332
    3378
    3381
    3364
    3259
    3382
    3392
    3278
    3349
    3326
    3345
    3363
    3368
    3341
    3311
    3297
    3230
    3202
    3245
    3239
    3215
    3078
    3211
    3146
    3201
    3097
    3151
    3083
    3043
    3132
    3138
    3108
    3020
    3077
    3092
    3044
    3068
    3135
    3060
    3108
    3120
    3070
    3024
    3009
    2992
    2942
    2972
    3023
    2944
    2913
    2860
    2961
    2913
    2895
    3017
    2921
    2871
    2912
    2836
    2926
    2912
    2925
    2955
    2905
    2921
    2965
    2959
    2882
    2902
    2802
    2838
    2864
    2885
    2862
    2850
    2911
    2878
    2816
    2936
    2962
    2931
    2914
    2933
    2827
    2922
    2916
    2892
    2892
    2875
    2930
    2854
    2870
    2814
    2823
    2962
    2928
    2846
    2879
    2980
    2841
    2892
    2942
    2868
    2828
    2790
    2877
    2870
    2917
    2873
    2917
    2760
    2884
    2846
    2860
    2756
    2786
    2836
    2854
    2772
    2805
    2798
    2731
    2830
    2830
    2842
    2787
    2743
    2768
    2738
    2790
    2791
    2800
    2739
    2796
    2797
    2801
    2775
    2707
    2716
    2759
    2873
    2705
    2672
    2784
    2731
    2796
    2653
    2788
    2650
    2719
    2814
    2667
    2674
    2717
    2770
    2788
    2824
    2719
    2753
    2677
    2742
    2670
    2768
    2775
    2656
    2715
    2655
    2753
    2648
    2732
    2781
    2761
    2758
    2642
    2673
    2650
    2695
    2720
    2765
    2792
    2704
    2725
    2695
    2709
    2728
    2737
    2722
    2614
    2716
    2696
    2602
    2683
    2650
    2577
    2563
    2707
    2622
    2636
    2587
    2650
    2631
    2583
    2616
    2665
    2663
    2728
    2653
    2654
    2689
    2595
    2604
    2571
    2649
    2612
    2678
    2631
    2589
    2628
    2531
    2569
    2570
    2633
    2551
    2655
    2680
    2609
    2538
    2556
    2531
    2553
    2585
    2501
    2593
    2578
    2547
    2525
    2540
    2494
    2596
    2584
    2558
    2548
    2498
    2484
    2540
    2466
    2457
    2512
    2473
    2549
    2494
    2571
    2430
    2582
    2461
    2622
    2517
    2587
    2461
    2574
    2523
    2482
    2432
    2472
    2464
    2499
    2527
    2538
    2480
    2465
    2416
    2480
    2424
    2534
    2520
    2503
    2572
    2424
    2533
    2432
    2451
    2527
    2396
    2435
    2449
    2455
    2430
    2454
    2414
    2369
    2436
    2481
    2448
    2441
    2493
    2434
    2426
    2482
    2434
    2432
    2398
    2355
    2414
    2473
    2475
    2543
    2412
    2484
    2450
    2476
    2414
    2435
    2428
    2413
    2400
    2443
    2311
    2407
    2460
    2488
    2344
    2465
    2409
    2411
    2458
    2326
    2366
    2435
    2391
    2435
    2475
    2413
    2342
    2343
    2435
    2403
    2426
    2414
    2478
    2438
    2389
    2390
    2495
    2373
    2386
    2393
    2423
    2443
    2387
    2362
    2304
    2357
    2327
    2440
    2416
    2408
    2352
    2337
    2378
    2334
    2362
    2351
    2342
    2354
    2386
    2356
    2307
    2347
    2410
    2308
    2393
    2314
    2302
    2405
    2434
    2363
    2389
    2404
    2296
    2348
    2334
    2341
    2468
    2342
    2335
    2307
    2355
    2364
    2389
    2454
    2462
    2514
    2484
    2415
    2404
    2525
    2433
    2401
    2391
    2464
    2377
    2411
    2458
    2410
    2392
    2402
    2390
    2433
    2373
    2414
    2437
    2510
    2306
    2482
    2368
    2433
    2397
    2376
    2312
    2370
    2334
    2360
    2285
    2303
    2380
    2371
    2390
    2326
    2432
    2400
    2347
    2450
    2386
    2281
    2287
    2315
    2278
    2326
    2374
    2333
    2294
    2282
    2331
    2336
    2362
    2409
    2279
    2246
    2291
    2296
    2393
    2321
    2277
    2296
    2304
    2238
    2314
    2346
    2363
    2229
    2270
    2282
    2370
    2329
    2248
    2342
    2309
    2381
    2282
    2364
    2349
    2393
    2402
    2361
    2343
    2467
    2385
    2363
    2428
    2366
    2383
    2397
    2471
    2382
    2397
    2428
    2412
    2386
    2476
    2361
    2375
    2450
    2369
    2423
    2450
    2461
    2382
    2393
    2460
    2397
    2461
    2449
    2400
    2435
    2552
    2467
    2430
    2402
    2315
    2359
    2368
    2359
    2502
    2353
    2344
    2345
    2435
    2415
    2376
    2425
    2466
    2391
    2429
    2387
    2386
    2421
    2366
    2376
    2423
    2402
    2340
    2328
    2366
    2417
    2383
    2428
    2372
    2391
    2316
    2388
    2267
    2305
    2330
    2305
    2346
    2295
    2338
    2261
    2321
    2341
    2277
    2180
    2279
    2292
    2187
    2249
    2270
    2381
    2329
    2289
    2330
    2338
    2337
    2388
    2382
    2337
    2386
    2409
    2340
    2432
    2448
    2407
    2451
    2540
    2519
    2534
    2534
    2569
    2556
    2581
    2593
    2562
    2645
    2688
    2519
    2633
    2673
    2553
    2634
    2525
    2665
    2633
    2563
    2648
    2535
    2512
    2648
    2611
    2551
    2525
    2484
    2608
    2452
    2379
    2512
    2413
    2416
    2484
    2440
    2370
    2349
    2423
    2316
    2291
    2344
    2375
    2305
    2179
    2200
    2166
    2255
    2287
    2196
    2121
    2242
    2166
    2187
    2210
    2086
    2047
    2112
    2214
    2106
    2029
    2082
    2054
    2139
    2159
    2043
    2082
    2096
    2098
    2132
    2080
    2094
    2119
    2052
    2046
    2153
    2059
    2090
    2144
    2068
    2138
    2110
    2120
    2124
    2124
    2095
    2105
    2133
    2040
    2050
    2117
    2086
    2122
    2099
    2055
    2007
    2121
    2169
    2128
    2089
    2176
    2140
    2168
    2131
    2120
    2128
    2111
    2147
    2264
    2096
    2148
    2093
    2159
    2164
    2077
    2027
    2123
    2109
    2101
    2118
    2115
    2161
    2176
    2173
    2096
    2177
    2201
    1994
    2153
    2097
    2118
    2126
    2168
    2177
    2101
    2170
    2150
    2156
    2241
    2151
    2143
    2131
    2192
    2207
    2150
    2081
    2183
    2150
    2294
    2166
    2164
    2204
    2094
    2148
    2158
    2207
    2244
    2155
    2138
    2136
    2203
    2268
    2154
    2218
    2213
    2222
    2195
    2194
    2234
    2208
    2186
    2184
    2152
    2108
    2222
    2206
    2113
    2176
    2104
    2133
    2127
    2177
    2131
    2224
    2122
    2119
    2167
    2155
    2168
    2049
    2080
    2103
    2258
    2112
    2184
    2206
    2153
    2170
    2129
    2128
    2160
    2096
    2119
    2188
    2168
    2124
    2080
    2129
    2161
    2125
    2068
    2027
    2072
    2112
    2156
    2203
    2153
    2100
    2103
    2167
    2134
    2053
    2133
    2073
    2116
    2151
    2094
    2096
    2123
    2069
    2164
    2083
    2094
    2151
    2230
    2149
    2142
    2145
    2125
    2162
    2128
    2175
    2099
    2100
    2183
    2112
    2214
    2230
    2198
    2234
    2155
    2204
    2115
    2207
    2157
    2153
    2144
    2206
    2197
    2172
    2266
    2237
    2170
    2238
    2174
    2225
    2241
    2247
    2244
    2136
    2235
    2213
    2249
    2218
    2215
    2193
    2188
    2262
    2277
    2277
    2176
    2126
    2276
    2219
    2270
    2212
    2257
    2231
    2252
    2290
    2282
    2191
    2268
    2194
    2270
    2267
    2245
    2224
    2306
    2317
    2313
    2281
    2299
    2374
    2321
    2322
    2266
    2236
    2333
    2324
    2286
    2313
    2314
    2301
    2348
    2322
    2303
    2414
    2389
    2365
    2337
    2249
    2265
    2349
    2306
    2375
    2335
    2305
    2383
    2373
    2210
    2368
    2322
    2331
    2410
    2278
    2305
    2335
    2358
    2408
    2351
    2456
    2325
    2343
    2343
    2371
    2398
    2368
    2385
    2360
    2342
    2335
    2442
    2401
    2389
    2355
    2421
    2386
    2435
    2434
    2381
    2479
    2412
    2536
    2473
    2465
    2366
    2373
    2474
    2511
    2574
    2537
    2513
    2489
    2486
    2562
    2524
    2595
    2526
    2519
    2542
    2635
    2481
    2553
    2579
    2599
    2563
    2538
    2571
    2635
    2589
    2665
    2743
    2619
    2565
    2568
    2635
    2610
    2723
    2695
    2602
    2621
    2802
    2655
    2762
    2677
    2753
    2669
    2681
    2813
    2772
    2909
    2811
    2836
    2877
    2832
    2842
    2773
    2890
    2796
    2786
    2772
    2956
    2851
    2931
    2855
    2851
    2929
    2927
    2972
    2997
    2900
    2957
    3023
    3031
    3053
    3106
    3075
    2978
    3170
    3142
    3121
    3135
    3063
    3146
    3190
    3081
    3154
    3137
    3231
    3170
    3224
    3181
    3155
    3476
    3255
    3302
    3341
    3386
    3436
    3465
    3368
    3383
    3483
    3477
    3412
    3567
    3640
    3566
    3576
    3620
    3741
    3581
    3557
    3767
    3712
    3668
    3788
    3834
    3723
    3692
    3798
    3963
    3852
    3853
    3917
    3942
    3952
    3911
    4056
    4033
    4096
    4169
    4156
    4157
    4241
    4333
    4324
    4265
    4264
    4459
    4373
    4394
    4410
    4566
    4523
    4504
    4516
    4593
    4481
    4622
    4565
    4659
    4707
    4694
    4783
    4855
    4748
    4827
    4750
    4949
    4862
    5031
    4965
    5105
    5074
    5154
    5076
    5129
    5104
    5198
    5367
    5247
    5399
    5395
    5434
    5465
    5383
    5467
    5582
    5781
    5573
    5513
    5700
    5534
    5613
    5704
    5774
    5826
    5742
    5906
    5907
    5954
    6022
    6089
    6078
    6017
    6032
    5978
    6070
    6169
    6220
    6243
    6201
    6204
    6277
    6310
    6226
    6412
    6195
    6314
    6302
    6277
    6381
    6298
    6404
    6394
    6404
    6368
    6361
    6378
    6362
    6465
    6470
    6339
    6157
    6406
    6394
    6290
    6345
    6456
    6263
    6342
    6353
    6385
    6308
    6489
    6474
    6342
    6368
    6366
    6377
    6343
    6467
    6233
    6342
    6449
    6216
    6366
    6139
    6367
    6123
    6299
    6381
    6320
    6290
    6297
    6379
    6401
    6340
    6369
    6312
    6267
    6463
    6228
    6435
    6220
    6404
    6456
    6502
    6269
    6352
    6218
    6318
    6311
    6405
    6393
    6368
    6409
    6410
    6471
    6506
    6493
    6625
    6568
    6569
    6412
    6683
    6605
    6759
    6728
    6654
    6692
    6764
    6788
    6825
    6876
    6933
    6862
    6910
    7072
    7002
    7109
    7037
    7051
    6991
    7113
    7230
    7196
    7236
    7315
    7207
    7317
    7520
    7485
    7487
    7444
    7621
    7482
    7668
    7670
    7718
    7885
    8022
    8011
    7894
    7946
    8092
    8132
    8068
    8273
    8125
    8285
    8472
    8522
    8458
    8459
    8600
    8599
    8638
    8763
    8836
    9103
    9131
    9008
    8966
    8895
    9385
    9228
    9369
    9305
    9416
    9514
    9515
    9672
    9607
    9650
    9848
   10031
   10044
    9869
   10185
   10194
   10410
   10614
   10569
   10687
   10736
   10780
   10865
   10801
   11062
   11262
   11202
   11618
   11531
   11450
   11624
   11746
   11921
   11959
   12077
   12013
   12046
   12225
   12657
   12354
   12849
   12734
   12945
   13261
   13119
   13146
   13278
   13468
   13705
   13672
   13815
   14056
   13743
   14226
   14459
   14557
   14438
   14742
   15064
   14996
   15290
   15376
   15294
   15468
   15491
   15749
   15862
   16271
   16087
   16498
   16550
   16706
   16812
   17124
   17301
   17437
   17614
   17769
   17668
   18282
   18384
   18221
   18484
   18550
   18818
   18992
   19398
   19490
   19555
   19901
   20263
   20347
   20500
   20568
   20593
   21145
   21291
   21504
   21668
   21927
   22238
   22261
   22419
   22797
   23097
   23133
   23591
   23717
   23608
   24267
   24146
   24584
   24907
   24893
   25228
   25523
   25436
   26444
   26419
   26891
   26935
   27095
   27663
   27718
   28088
   28532
   28678
   28955
   29243
   29549
   30122
   30616
   30956
   31173
   31472
   31694
   32125
   32547
   32579
   33113
   33547
   34105
   34121
   34732
   35274
   35689
   35893
   36525
   36866
   37719
   37962
   38195
   38660
   39068
   39829
   39988
   40822
   41307
   41497
   42680
   42720
   43119
   43721
   44362
   45258
   45674
   46279
   46758
   47461
   47920
   48733
   49310
   49903
   50763
   51539
   52207
   53134
   53624
   54703
   55555
   56027
   56910
   57991
   58933
   59466
   60762
   61512
   63123
   63224
   64694
   65301
   66582
   67780
   68068
   69766
   71330
   72120
       0
       0
       0
       0
       0
       0
       0
       0
       0
       0
       0
       0
       0
       0
       0
       0
       0
       0
       0
       0
       0
       0
       0
       0
       0
       0
       0
       0
       0
       0
       0
       0
$ROI:
0
$PRESETS:
None
0
0
$ENER_FIT:
-0.169488 0.023446
$MCA_CAL:
3
-1.694878E-001 2.344633E-002 0.000000E+000 keV
$SHAPE_CAL:
3
0.000000E+000 0.000000E+000 0.000000E+000
