$SPEC_ID:
No sample description was entered.
$SPEC_REM:
DET# 4
DETDESC# JLAB-20 MCB 131
AP# Maestro Version 7.01
$DATE_MEA:
09/30/2025 19:46:44
$MEAS_TIM:
112357 115079
$DATA:
0 2047
       0
       0
       0
       0
       0
       0
       0
       0
       0
       0
       0
       0
       0
       0
       0
       0
       0
       0
       0
       0
       0
       0
       0
       0
       0
       0
       0
       0
       0
       0
       0
       0
       0
       0
       0
       0
       0
       0
       0
       0
       0
       0
       0
       0
       0
       0
       0
       0
       0
       0
       0
       1
       2
       0
       1
       1
       0
       1
       0
       0
       0
       0
       0
       1
       0
       1
       1
       1
       0
     432
   12730
   12821
   12151
   11676
   11579
   11043
   10902
   10817
   10576
   10549
   10291
   10342
   10161
   10082
   10034
    9911
    9716
    9510
    9484
    9686
    9475
    9106
    9238
    9054
    9040
    8896
    8878
    8953
    8759
    8776
    8716
    8677
    8551
    8628
    8410
    8263
    8302
    8221
    8198
    8056
    8001
    8004
    8094
    7964
    7809
    7912
    7711
    7718
    7676
    7452
    7562
    7476
    7452
    7463
    7378
    7368
    7509
    7344
    7265
    7068
    7276
    7196
    6895
    7059
    6907
    7034
    6958
    7061
    6834
    6777
    6835
    6778
    6700
    6692
    6646
    6697
    6711
    6847
    6619
    6785
    6490
    6699
    6433
    6579
    6449
    6359
    6447
    6451
    6456
    6346
    6409
    6210
    6305
    6202
    6289
    6177
    6251
    6269
    6163
    6215
    6086
    6045
    6109
    5983
    6189
    6129
    6054
    6025
    6062
    6022
    5911
    5962
    6079
    5940
    5910
    5995
    5850
    5903
    5913
    5858
    5820
    5855
    5715
    5915
    5996
    5722
    5884
    5734
    5772
    5845
    5706
    5756
    5770
    5800
    5627
    5611
    5603
    5662
    5600
    5617
    5666
    5677
    5684
    5571
    5744
    5627
    5621
    5657
    5631
    5657
    5758
    5631
    5608
    5756
    5622
    5591
    5598
    5537
    5650
    5586
    5541
    5538
    5521
    5622
    5638
    5571
    5503
    5599
    5483
    5525
    5519
    5516
    5540
    5400
    5620
    5567
    5466
    5504
    5638
    5509
    5590
    5519
    5540
    5566
    5567
    5576
    5592
    5699
    5636
    5607
    5559
    5452
    5682
    5665
    5737
    5656
    5627
    5759
    5825
    5788
    5662
    5680
    5728
    5749
    5780
    5655
    5787
    5721
    5696
    5724
    5695
    5711
    5862
    5873
    5798
    5733
    5804
    5775
    5842
    5804
    5874
    5758
    5793
    5915
    5794
    5912
    5926
    5890
    6000
    6105
    6141
    6321
    6356
    6507
    6770
    6926
    7151
    7712
    8125
    8779
    9427
   10196
   11281
   12412
   13729
   15221
   17321
   19367
   21494
   23939
   26773
   29895
   32812
   36235
   40279
   43749
   47309
   50993
   54243
   58429
   61828
   65437
   68786
   71956
   74767
   77537
   79177
   81974
   83267
   84924
   85783
   86995
   88236
   88828
   88668
   88990
   89023
   88863
   88398
   87873
   86959
   86459
   85425
   84374
   83297
   82331
   80640
   79507
   77608
   76238
   74814
   72940
   71126
   69570
   67335
   65261
   63145
   61667
   59068
   56962
   54669
   52905
   51024
   48822
   46912
   44631
   42668
   40501
   38780
   37087
   35270
   34057
   32026
   30988
   29533
   28620
   27634
   26516
   25513
   25125
   24167
   23265
   22720
   21800
   21231
   20276
   19780
   19079
   18261
   17639
   17015
   16338
   15706
   14711
   14013
   13252
   12786
   12003
   11500
   10584
   10028
    9430
    8708
    8397
    7675
    7216
    6845
    6429
    6131
    5547
    5367
    4956
    4798
    4626
    4604
    4408
    4146
    4005
    3955
    3880
    3883
    3830
    3834
    3859
    3815
    3811
    3704
    3876
    3766
    3736
    3676
    3822
    3754
    3865
    3725
    3791
    3820
    3875
    3537
    3762
    3716
    3804
    3747
    3634
    3713
    3582
    3660
    3630
    3693
    3682
    3501
    3660
    3608
    3577
    3503
    3589
    3599
    3498
    3472
    3477
    3460
    3510
    3516
    3456
    3441
    3424
    3361
    3407
    3456
    3364
    3362
    3293
    3447
    3399
    3367
    3335
    3356
    3432
    3253
    3382
    3364
    3206
    3266
    3323
    3164
    3223
    3216
    3275
    3235
    3203
    3285
    3281
    3271
    3227
    3262
    3355
    3221
    3177
    3171
    3177
    3207
    3188
    3287
    3239
    3249
    3227
    3250
    3195
    3113
    3127
    3279
    3286
    3283
    3180
    3265
    3259
    3243
    3185
    3197
    3252
    3250
    3196
    3347
    3320
    3201
    3301
    3262
    3261
    3230
    3207
    3264
    3238
    3236
    3125
    3254
    3256
    3152
    3222
    3186
    3217
    3222
    3245
    3204
    3163
    3158
    3087
    3061
    3144
    3115
    3089
    2938
    3082
    3012
    3075
    2991
    3015
    2966
    2926
    3005
    3004
    2991
    2911
    2951
    2949
    2923
    2938
    3024
    2936
    2968
    2989
    2958
    2908
    2907
    2893
    2833
    2857
    2900
    2833
    2810
    2752
    2860
    2816
    2772
    2889
    2806
    2764
    2804
    2709
    2811
    2803
    2818
    2832
    2773
    2819
    2844
    2833
    2758
    2781
    2698
    2713
    2733
    2779
    2736
    2717
    2802
    2772
    2686
    2827
    2835
    2817
    2788
    2827
    2711
    2808
    2816
    2771
    2772
    2749
    2806
    2757
    2755
    2712
    2710
    2837
    2811
    2731
    2777
    2870
    2713
    2773
    2821
    2747
    2727
    2673
    2767
    2756
    2801
    2765
    2794
    2657
    2763
    2733
    2734
    2643
    2685
    2719
    2733
    2664
    2698
    2670
    2637
    2722
    2718
    2732
    2666
    2628
    2672
    2613
    2691
    2677
    2684
    2629
    2692
    2687
    2696
    2664
    2606
    2605
    2668
    2763
    2615
    2565
    2672
    2615
    2665
    2552
    2681
    2538
    2615
    2710
    2574
    2573
    2610
    2647
    2670
    2686
    2622
    2638
    2583
    2632
    2551
    2654
    2650
    2566
    2614
    2548
    2651
    2557
    2625
    2684
    2660
    2658
    2539
    2563
    2532
    2594
    2601
    2643
    2674
    2600
    2621
    2581
    2606
    2601
    2619
    2609
    2510
    2596
    2603
    2499
    2575
    2552
    2466
    2465
    2580
    2512
    2512
    2475
    2557
    2526
    2471
    2493
    2565
    2564
    2637
    2548
    2552
    2591
    2486
    2508
    2462
    2544
    2504
    2589
    2502
    2512
    2527
    2432
    2471
    2464
    2528
    2436
    2545
    2574
    2501
    2428
    2462
    2451
    2455
    2481
    2396
    2492
    2467
    2453
    2431
    2443
    2389
    2483
    2484
    2451
    2432
    2385
    2376
    2430
    2368
    2353
    2397
    2371
    2466
    2391
    2471
    2329
    2474
    2361
    2520
    2413
    2485
    2354
    2470
    2436
    2394
    2332
    2383
    2373
    2392
    2419
    2453
    2386
    2352
    2334
    2363
    2329
    2461
    2430
    2413
    2461
    2333
    2432
    2347
    2344
    2415
    2294
    2346
    2354
    2360
    2339
    2358
    2333
    2291
    2347
    2397
    2353
    2349
    2393
    2360
    2329
    2394
    2342
    2335
    2290
    2259
    2315
    2367
    2370
    2435
    2297
    2387
    2357
    2367
    2319
    2343
    2328
    2326
    2324
    2344
    2226
    2305
    2368
    2389
    2253
    2359
    2327
    2313
    2347
    2228
    2261
    2334
    2268
    2332
    2377
    2328
    2243
    2247
    2352
    2312
    2325
    2324
    2362
    2349
    2303
    2277
    2400
    2272
    2294
    2311
    2324
    2337
    2290
    2267
    2194
    2280
    2229
    2334
    2319
    2315
    2255
    2258
    2285
    2243
    2260
    2259
    2234
    2249
    2289
    2270
    2199
    2249
    2322
    2220
    2296
    2218
    2222
    2308
    2350
    2258
    2298
    2309
    2221
    2263
    2253
    2240
    2360
    2254
    2231
    2220
    2252
    2281
    2280
    2379
    2370
    2413
    2380
    2324
    2312
    2421
    2318
    2299
    2296
    2366
    2278
    2333
    2344
    2309
    2318
    2303
    2297
    2340
    2280
    2304
    2339
    2415
    2207
    2385
    2273
    2338
    2294
    2288
    2218
    2266
    2225
    2276
    2194
    2203
    2287
    2282
    2275
    2239
    2332
    2298
    2249
    2353
    2297
    2189
    2192
    2213
    2206
    2238
    2271
    2237
    2198
    2181
    2250
    2224
    2255
    2295
    2171
    2152
    2218
    2202
    2287
    2214
    2176
    2216
    2210
    2161
    2241
    2264
    2283
    2145
    2170
    2206
    2274
    2222
    2170
    2251
    2207
    2306
    2186
    2277
    2276
    2316
    2315
    2273
    2256
    2349
    2292
    2281
    2341
    2278
    2290
    2285
    2392
    2286
    2305
    2340
    2327
    2291
    2374
    2275
    2280
    2349
    2273
    2320
    2358
    2364
    2292
    2302
    2367
    2299
    2356
    2349
    2309
    2337
    2442
    2359
    2330
    2315
    2224
    2273
    2278
    2275
    2407
    2249
    2249
    2265
    2332
    2310
    2287
    2329
    2389
    2298
    2343
    2287
    2290
    2329
    2287
    2266
    2334
    2296
    2243
    2236
    2257
    2324
    2292
    2331
    2269
    2301
    2224
    2291
    2193
    2214
    2211
    2217
    2259
    2212
    2239
    2174
    2235
    2251
    2179
    2093
    2188
    2201
    2096
    2172
    2179
    2262
    2236
    2199
    2260
    2240
    2233
    2305
    2287
    2244
    2299
    2320
    2236
    2337
    2367
    2324
    2355
    2440
    2403
    2433
    2417
    2459
    2449
    2492
    2492
    2451
    2533
    2580
    2413
    2532
    2566
    2450
    2527
    2423
    2557
    2535
    2467
    2524
    2413
    2419
    2544
    2500
    2445
    2424
    2361
    2523
    2362
    2280
    2423
    2320
    2335
    2372
    2340
    2266
    2247
    2324
    2217
    2215
    2261
    2279
    2186
    2072
    2127
    2101
    2170
    2195
    2111
    2033
    2151
    2077
    2093
    2125
    2009
    1963
    2027
    2122
    2029
    1955
    1998
    1964
    2061
    2076
    1968
    2001
    2010
    1996
    2059
    1995
    2006
    2044
    1971
    1959
    2064
    1994
    2004
    2059
    1993
    2066
    2028
    2043
    2039
    2032
    1998
    2030
    2042
    1950
    1973
    2032
    1993
    2027
    2020
    1954
    1936
    2023
    2077
    2048
    2022
    2080
    2061
    2080
    2055
    2038
    2050
    2029
    2070
    2188
    2013
    2067
    2021
    2069
    2074
    1989
    1947
    2037
    2012
    2015
    2012
    2030
    2078
    2075
    2071
    2009
    2091
    2100
    1930
    2065
    2009
    2033
    2030
    2083
    2087
    2013
    2080
    2057
    2080
    2140
    2054
    2045
    2031
    2097
    2115
    2064
    1997
    2096
    2086
    2207
    2092
    2068
    2090
    2012
    2062
    2077
    2106
    2156
    2056
    2045
    2064
    2119
    2184
    2060
    2122
    2124
    2111
    2108
    2118
    2139
    2120
    2095
    2098
    2068
    2024
    2132
    2119
    2034
    2090
    2021
    2049
    2039
    2080
    2063
    2129
    2026
    2039
    2071
    2055
    2079
    1951
    2006
    2040
    2159
    2019
    2098
    2115
    2082
    2087
    2034
    2040
    2073
    1992
    2040
    2106
    2088
    2054
    1985
    2040
    2060
    2048
    1971
    1956
    1977
    2016
    2066
    2098
    2051
    2004
    2007
    2084
    2042
    1960
    2053
    1991
    2033
    2068
    2017
    2009
    2040
    1996
    2076
    2011
    2020
    2070
    2142
    2060
    2044
    2058
    2028
    2085
    2044
    2100
    2027
    2033
    2109
    2031
    2115
    2130
    2122
    2129
    2059
    2114
    2013
    2129
    2057
    2068
    2065
    2128
    2112
    2088
    2191
    2158
    2082
    2143
    2082
    2140
    2150
    2153
    2152
    2034
    2142
    2138
    2145
    2141
    2129
    2096
    2105
    2176
    2190
    2183
    2095
    2037
    2190
    2121
    2181
    2129
    2161
    2138
    2171
    2194
    2176
    2108
    2175
    2101
    2165
    2169
    2155
    2141
    2209
    2228
    2226
    2179
    2207
    2287
    2231
    2232
    2177
    2146
    2246
    2245
    2209
    2241
    2208
    2216
    2269
    2240
    2209
    2329
    2297
    2266
    2244
    2166
    2177
    2261
    2198
    2275
    2243
    2216
    2285
    2270
    2113
    2285
    2225
    2254
    2298
    2174
    2206
    2229
    2281
    2319
    2233
    2377
    2237
    2232
    2244
    2287
    2312
    2278
    2287
    2255
    2252
    2241
    2344
    2303
    2281
    2270
    2334
    2303
    2337
    2342
    2304
    2371
    2323
    2436
    2397
    2366
    2292
    2273
    2369
    2417
    2480
    2431
    2405
    2367
    2385
    2462
    2417
    2505
    2434
    2414
    2451
    2514
    2378
    2433
    2490
    2485
    2446
    2421
    2470
    2527
    2463
    2567
    2634
    2515
    2463
    2459
    2538
    2508
    2622
    2597
    2501
    2525
    2688
    2552
    2660
    2580
    2636
    2564
    2569
    2686
    2679
    2793
    2705
    2724
    2763
    2713
    2726
    2663
    2745
    2686
    2662
    2672
    2818
    2723
    2820
    2729
    2738
    2821
    2802
    2863
    2881
    2776
    2853
    2907
    2925
    2920
    2965
    2933
    2843
    3044
    3019
    3001
    2988
    2933
    3039
    3072
    2960
    3026
    3010
    3118
    3044
    3092
    3046
    3051
    3331
    3134
    3158
    3198
    3241
    3299
    3305
    3232
    3243
    3356
    3337
    3268
    3406
    3488
    3429
    3454
    3470
    3598
    3427
    3418
    3604
    3557
    3519
    3628
    3683
    3570
    3552
    3651
    3801
    3692
    3701
    3766
    3765
    3799
    3760
    3921
    3854
    3954
    3991
    3999
    3981
    4088
    4152
    4163
    4101
    4108
    4267
    4224
    4211
    4238
    4365
    4336
    4303
    4325
    4429
    4295
    4450
    4387
    4478
    4538
    4477
    4584
    4654
    4537
    4629
    4563
    4758
    4678
    4841
    4751
    4904
    4881
    4963
    4900
    4928
    4892
    4981
    5189
    5051
    5216
    5202
    5211
    5229
    5165
    5255
    5366
    5576
    5385
    5280
    5480
    5318
    5397
    5501
    5532
    5646
    5506
    5690
    5670
    5700
    5785
    5852
    5859
    5779
    5776
    5728
    5839
    5917
    5972
    5988
    5947
    5963
    6036
    6050
    5993
    6164
    5957
    6047
    6057
    6023
    6116
    6059
    6183
    6134
    6157
    6111
    6093
    6141
    6094
    6222
    6204
    6075
    5889
    6139
    6144
    6064
    6091
    6163
    5984
    6107
    6097
    6120
    6051
    6207
    6208
    6103
    6124
    6106
    6138
    6062
    6222
    6004
    6108
    6187
    5993
    6130
    5890
    6120
    5880
    6040
    6141
    6058
    6028
    6042
    6125
    6134
    6095
    6114
    6053
    5992
    6206
    5974
    6137
    5973
    6165
    6206
    6239
    6013
    6103
    5984
    6063
    6070
    6146
    6147
    6108
    6157
    6152
    6191
    6261
    6222
    6363
    6300
    6311
    6178
    6427
    6328
    6493
    6472
    6393
    6435
    6493
    6551
    6566
    6599
    6669
    6616
    6646
    6790
    6741
    6835
    6739
    6781
    6731
    6850
    6942
    6893
    6959
    7039
    6922
    7029
    7240
    7170
    7177
    7163
    7296
    7196
    7390
    7376
    7403
    7567
    7689
    7711
    7590
    7627
    7782
    7797
    7751
    7965
    7773
    7980
    8095
    8179
    8110
    8144
    8268
    8249
    8276
    8393
    8492
    8773
    8780
    8636
    8571
    8564
    9028
    8835
    8984
    8949
    9046
    9152
    9151
    9297
    9219
    9284
    9449
    9645
    9641
    9496
    9776
    9814
   10020
   10141
   10103
   10256
   10262
   10368
   10434
   10356
   10614
   10837
   10785
   11174
   11068
   10994
   11144
   11250
   11429
   11477
   11560
   11513
   11552
   11752
   12166
   11893
   12334
   12262
   12450
   12731
   12607
   12601
   12757
   12970
   13155
   13113
   13269
   13519
   13158
   13635
   13948
   14020
   13863
   14145
   14462
   14385
   14657
   14805
   14714
   14867
   14843
   15073
   15218
   15614
   15421
   15881
   15870
   16051
   16099
   16429
   16616
   16733
   16896
   17079
   16956
   17575
   17664
   17504
   17744
   17811
   18107
   18237
   18612
   18696
   18728
   19129
   19474
   19537
   19706
   19760
   19734
   20267
   20415
   20626
   20794
   21002
   21383
   21368
   21544
   21912
   22200
   22210
   22645
   22782
   22639
   23362
   23139
   23576
   23910
   23889
   24254
   24509
   24433
   25348
   25362
   25827
   25818
   26016
   26524
   26661
   26982
   27366
   27587
   27815
   28048
   28357
   28894
   29433
   29825
   29892
   30193
   30427
   30816
   31252
   31351
   31827
   32201
   32842
   32731
   33344
   33815
   34216
   34487
   35041
   35402
   36258
   36464
   36650
   37074
   37493
   38256
   38414
   39131
   39603
   39817
   40996
   41003
   41451
   41981
   42662
   43467
   43822
   44358
   44915
   45605
   46030
   46829
   47305
   47873
   48713
   49510
   50076
   51017
   51454
   52620
   53302
   53762
   54623
   55665
   56524
   57166
   58446
   59093
   60475
   60729
   62124
   62689
   63937
   65024
   65362
   66946
   68422
   69220
       0
       0
       0
       0
       0
       0
       0
       0
       0
       0
       0
       0
       0
       0
       0
       0
       0
       0
       0
       0
       0
       0
       0
       0
       0
       0
       0
       0
       0
       0
       0
       0
$ROI:
0
$PRESETS:
None
0
0
$ENER_FIT:
-0.169488 0.023446
$MCA_CAL:
3
-1.694878E-001 2.344633E-002 0.000000E+000 keV
$SHAPE_CAL:
3
0.000000E+000 0.000000E+000 0.000000E+000
