$SPEC_ID:
No sample description was entered.
$SPEC_REM:
DET# 4
DETDESC# JLAB-20 MCB 131
AP# Maestro Version 7.01
$DATE_MEA:
09/29/2025 18:06:44
$MEAS_TIM:
22137 22678
$DATA:
0 2047
       0
       0
       0
       0
       0
       0
       0
       0
       0
       0
       0
       0
       0
       0
       0
       0
       0
       0
       0
       0
       0
       0
       0
       0
       0
       0
       0
       0
       0
       0
       0
       0
       0
       0
       0
       0
       0
       0
       0
       0
       0
       0
       0
       0
       0
       0
       0
       0
       0
       0
       0
       0
       0
       0
       0
       0
       0
       0
       0
       0
       0
       0
       0
       0
       0
       0
       0
       0
       0
      54
    2421
    2503
    2424
    2210
    2329
    2198
    2130
    1996
    2079
    2067
    1973
    2099
    1955
    1932
    1920
    1929
    1905
    1923
    1925
    1897
    1855
    1798
    1764
    1728
    1700
    1748
    1699
    1743
    1714
    1747
    1679
    1697
    1658
    1697
    1608
    1629
    1647
    1624
    1586
    1524
    1549
    1573
    1603
    1547
    1503
    1548
    1504
    1492
    1458
    1496
    1430
    1424
    1468
    1471
    1475
    1485
    1471
    1467
    1420
    1419
    1377
    1438
    1413
    1411
    1317
    1427
    1399
    1418
    1389
    1328
    1346
    1300
    1322
    1354
    1329
    1290
    1339
    1371
    1324
    1350
    1282
    1318
    1292
    1276
    1257
    1243
    1226
    1315
    1270
    1214
    1288
    1221
    1218
    1214
    1249
    1191
    1234
    1264
    1244
    1263
    1215
    1201
    1243
    1148
    1220
    1179
    1240
    1160
    1192
    1250
    1142
    1169
    1205
    1156
    1169
    1171
    1134
    1177
    1130
    1162
    1164
    1158
    1104
    1196
    1174
    1164
    1113
    1135
    1109
    1158
    1090
    1198
    1158
    1164
    1055
    1109
    1109
    1121
    1095
    1117
    1104
    1108
    1078
    1078
    1104
    1093
    1066
    1117
    1104
    1116
    1112
    1100
    1103
    1098
    1098
    1173
    1109
    1123
    1086
    1082
    1107
    1073
    1094
    1168
    1096
    1103
    1075
    1091
    1052
    1066
    1117
    1064
    1097
    1050
    1075
    1081
    1037
    1063
    1058
    1040
    1102
    1058
    1078
    1109
    1088
    1084
    1112
    1165
    1108
    1105
    1081
    1094
    1186
    1142
    1115
    1111
    1126
    1149
    1110
    1084
    1131
    1100
    1119
    1148
    1180
    1108
    1143
    1101
    1091
    1159
    1109
    1163
    1168
    1156
    1116
    1085
    1177
    1174
    1142
    1117
    1187
    1125
    1218
    1211
    1180
    1208
    1167
    1102
    1178
    1270
    1200
    1217
    1298
    1255
    1362
    1349
    1379
    1475
    1603
    1717
    1871
    1996
    2248
    2432
    2653
    3046
    3413
    3676
    4214
    4651
    5189
    5860
    6347
    7053
    7882
    8425
    9218
   10064
   10487
   11519
   12260
   12923
   13550
   14008
   14695
   15387
   15541
   15901
   16325
   16856
   16959
   17280
   17565
   17465
   17398
   17552
   17782
   17619
   17540
   17371
   17104
   17056
   16936
   16524
   16481
   16103
   15848
   15748
   15303
   15019
   14684
   14419
   14012
   13647
   13456
   12855
   12517
   12093
   11713
   11229
   10638
   10304
    9996
    9539
    9160
    8918
    8310
    8047
    7592
    7318
    7111
    6732
    6222
    6206
    5905
    5707
    5569
    5219
    4943
    4972
    4802
    4486
    4458
    4312
    4313
    3882
    3988
    3789
    3603
    3502
    3363
    3126
    3130
    2882
    2718
    2630
    2494
    2396
    2316
    2121
    1948
    1911
    1689
    1705
    1542
    1441
    1364
    1260
    1236
    1072
    1057
     972
     964
     921
     906
     888
     775
     801
     804
     799
     816
     783
     749
     778
     728
     749
     688
     764
     725
     746
     704
     722
     776
     745
     722
     760
     734
     786
     676
     746
     675
     721
     715
     747
     730
     700
     736
     719
     743
     730
     728
     670
     724
     699
     642
     700
     740
     670
     668
     659
     681
     685
     709
     706
     650
     728
     677
     619
     694
     635
     662
     685
     697
     670
     654
     682
     670
     677
     618
     667
     626
     648
     624
     640
     611
     619
     604
     665
     642
     661
     675
     618
     662
     664
     655
     690
     677
     589
     617
     647
     630
     615
     654
     619
     627
     629
     659
     644
     607
     600
     665
     701
     630
     617
     623
     617
     639
     575
     632
     645
     625
     623
     632
     668
     660
     702
     621
     653
     636
     638
     668
     634
     590
     641
     660
     667
     588
     663
     677
     628
     642
     581
     665
     617
     623
     629
     598
     629
     596
     624
     595
     601
     633
     626
     566
     575
     561
     578
     606
     579
     593
     576
     604
     576
     572
     547
     587
     585
     560
     546
     580
     601
     575
     562
     579
     580
     572
     580
     533
     545
     554
     553
     546
     502
     553
     524
     523
     540
     554
     546
     521
     535
     550
     573
     586
     559
     550
     544
     503
     485
     546
     556
     559
     560
     589
     529
     523
     589
     547
     603
     544
     513
     541
     544
     570
     518
     524
     528
     550
     523
     543
     532
     586
     541
     572
     559
     534
     557
     531
     576
     564
     527
     518
     539
     555
     569
     557
     558
     555
     557
     553
     494
     540
     536
     541
     555
     550
     564
     523
     522
     503
     527
     551
     548
     525
     530
     504
     473
     524
     526
     527
     501
     498
     519
     515
     532
     523
     520
     545
     505
     525
     495
     499
     503
     508
     523
     528
     512
     488
     534
     510
     544
     528
     505
     521
     527
     509
     488
     489
     527
     494
     544
     547
     522
     546
     509
     521
     514
     499
     494
     519
     492
     504
     502
     523
     491
     474
     511
     523
     498
     533
     500
     517
     511
     516
     516
     497
     526
     510
     505
     507
     497
     470
     495
     513
     499
     538
     527
     494
     455
     528
     488
     490
     490
     510
     493
     499
     516
     484
     475
     499
     545
     484
     505
     492
     493
     517
     489
     529
     522
     480
     500
     503
     524
     477
     491
     451
     507
     498
     493
     510
     485
     476
     510
     479
     463
     449
     493
     492
     468
     492
     452
     422
     467
     472
     438
     476
     462
     479
     495
     455
     498
     513
     481
     491
     497
     513
     424
     504
     482
     495
     465
     475
     469
     490
     474
     496
     490
     439
     434
     472
     469
     471
     490
     467
     482
     486
     469
     437
     483
     473
     451
     435
     475
     443
     433
     502
     450
     444
     480
     448
     450
     469
     500
     491
     482
     439
     478
     496
     434
     415
     450
     461
     451
     493
     436
     529
     474
     452
     455
     489
     482
     488
     464
     441
     440
     471
     484
     473
     418
     469
     452
     491
     489
     462
     462
     468
     446
     445
     453
     438
     434
     472
     467
     461
     457
     461
     429
     449
     415
     466
     439
     446
     459
     483
     451
     437
     448
     438
     444
     427
     471
     479
     438
     451
     454
     450
     435
     442
     444
     459
     451
     447
     427
     427
     433
     445
     440
     425
     433
     474
     432
     466
     464
     450
     442
     498
     428
     436
     442
     415
     456
     468
     436
     432
     459
     467
     457
     437
     476
     507
     473
     468
     457
     480
     439
     453
     464
     453
     490
     473
     461
     451
     511
     463
     411
     438
     476
     439
     476
     507
     418
     473
     439
     481
     445
     454
     459
     428
     474
     465
     425
     422
     434
     511
     480
     449
     452
     421
     431
     460
     467
     425
     477
     448
     441
     451
     472
     465
     447
     409
     438
     407
     454
     452
     406
     415
     427
     456
     467
     445
     451
     429
     435
     419
     468
     454
     451
     441
     422
     416
     446
     446
     420
     438
     416
     460
     436
     439
     461
     453
     469
     462
     448
     471
     456
     452
     459
     455
     457
     419
     439
     456
     457
     422
     467
     449
     469
     441
     432
     458
     443
     462
     467
     488
     440
     427
     493
     451
     450
     462
     431
     457
     470
     466
     474
     447
     441
     458
     454
     443
     456
     452
     442
     455
     424
     509
     461
     453
     452
     475
     466
     474
     446
     459
     484
     462
     469
     465
     425
     453
     418
     457
     472
     468
     421
     449
     442
     453
     447
     431
     403
     438
     469
     448
     435
     426
     445
     435
     426
     399
     455
     407
     412
     479
     441
     468
     459
     451
     438
     427
     454
     459
     429
     403
     464
     515
     429
     478
     502
     456
     453
     452
     453
     461
     451
     456
     476
     478
     497
     487
     491
     547
     451
     514
     506
     447
     466
     449
     468
     438
     486
     496
     459
     473
     493
     514
     472
     490
     455
     515
     480
     455
     463
     479
     465
     477
     466
     426
     448
     494
     426
     432
     477
     452
     432
     394
     418
     427
     453
     445
     445
     401
     436
     418
     414
     460
     403
     397
     419
     449
     417
     343
     389
     379
     418
     402
     357
     391
     392
     384
     432
     386
     390
     379
     411
     353
     430
     376
     389
     417
     371
     417
     397
     406
     380
     410
     370
     396
     406
     371
     375
     423
     358
     408
     421
     384
     375
     391
     400
     415
     393
     393
     429
     393
     386
     387
     394
     419
     403
     454
     379
     419
     412
     413
     405
     386
     371
     387
     386
     359
     384
     408
     393
     437
     385
     410
     403
     388
     377
     424
     365
     387
     407
     398
     427
     396
     388
     415
     436
     433
     407
     394
     374
     416
     406
     449
     385
     417
     413
     435
     383
     443
     417
     380
     410
     405
     411
     444
     438
     392
     442
     407
     457
     382
     398
     390
     439
     419
     443
     412
     406
     417
     418
     383
     399
     412
     415
     400
     407
     409
     373
     415
     372
     388
     454
     368
     384
     405
     385
     370
     373
     417
     395
     421
     435
     386
     439
     442
     398
     416
     406
     431
     413
     380
     431
     409
     428
     408
     394
     372
     398
     381
     390
     389
     392
     389
     402
     382
     388
     367
     423
     423
     384
     389
     402
     428
     421
     396
     391
     401
     394
     404
     398
     433
     410
     438
     381
     441
     396
     389
     426
     393
     412
     365
     400
     424
     425
     415
     404
     417
     434
     436
     438
     411
     402
     398
     403
     408
     432
     403
     376
     445
     416
     414
     433
     408
     409
     442
     435
     415
     394
     432
     454
     419
     422
     428
     420
     434
     419
     458
     409
     407
     438
     423
     421
     429
     445
     412
     419
     417
     436
     429
     412
     420
     460
     374
     453
     445
     401
     418
     444
     434
     402
     429
     457
     418
     432
     436
     439
     451
     460
     422
     413
     432
     439
     442
     458
     438
     465
     448
     450
     425
     454
     417
     407
     412
     429
     444
     477
     464
     456
     404
     460
     447
     429
     445
     434
     419
     427
     467
     471
     452
     480
     442
     424
     426
     436
     472
     434
     457
     456
     473
     426
     464
     463
     432
     442
     456
     488
     457
     503
     450
     429
     475
     482
     486
     468
     471
     479
     451
     485
     512
     510
     498
     495
     495
     449
     461
     491
     508
     454
     483
     519
     476
     463
     491
     491
     475
     482
     485
     498
     511
     484
     498
     500
     470
     464
     527
     492
     530
     504
     480
     538
     555
     475
     513
     458
     486
     511
     499
     526
     510
     551
     517
     517
     557
     532
     520
     520
     533
     525
     524
     534
     569
     533
     534
     526
     555
     570
     537
     580
     605
     533
     547
     566
     608
     553
     612
     575
     549
     593
     617
     594
     572
     604
     589
     621
     600
     617
     612
     667
     610
     634
     570
     579
     668
     614
     662
     638
     644
     649
     657
     643
     674
     623
     662
     646
     744
     710
     663
     673
     703
     688
     644
     676
     686
     705
     685
     715
     736
     691
     728
     715
     776
     722
     697
     730
     719
     755
     748
     760
     752
     798
     810
     784
     786
     860
     848
     847
     830
     807
     818
     786
     831
     831
     870
     832
     862
     850
     881
     835
     933
     846
     963
     899
     872
     915
     934
     860
     922
     862
     945
     954
     932
     894
     987
     947
    1037
    1000
     970
     950
     994
    1023
     993
    1055
    1034
    1058
    1037
    1015
     995
    1038
    1132
    1090
    1032
    1064
    1033
    1020
    1098
    1062
    1040
    1070
    1136
    1179
    1106
    1179
    1131
    1148
    1186
    1145
    1112
    1185
    1163
    1179
    1216
    1183
    1150
    1157
    1207
    1165
    1207
    1169
    1199
    1186
    1217
    1195
    1188
    1215
    1234
    1203
    1201
    1228
    1183
    1188
    1246
    1207
    1238
    1145
    1234
    1273
    1207
    1163
    1213
    1168
    1258
    1207
    1235
    1248
    1235
    1209
    1226
    1200
    1209
    1251
    1210
    1255
    1229
    1222
    1178
    1125
    1150
    1105
    1146
    1197
    1170
    1174
    1228
    1145
    1188
    1255
    1185
    1172
    1220
    1145
    1136
    1207
    1252
    1213
    1205
    1228
    1215
    1219
    1200
    1128
    1166
    1178
    1245
    1156
    1172
    1211
    1188
    1223
    1240
    1234
    1222
    1227
    1278
    1226
    1238
    1225
    1220
    1265
    1288
    1337
    1279
    1304
    1284
    1392
    1269
    1368
    1313
    1316
    1346
    1355
    1309
    1381
    1320
    1267
    1283
    1403
    1390
    1285
    1346
    1380
    1366
    1413
    1395
    1369
    1421
    1440
    1417
    1430
    1414
    1467
    1465
    1567
    1488
    1504
    1527
    1565
    1562
    1523
    1537
    1464
    1562
    1596
    1557
    1632
    1554
    1636
    1608
    1667
    1615
    1623
    1742
    1747
    1686
    1760
    1684
    1749
    1758
    1791
    1730
    1826
    1809
    1754
    1809
    1840
    1844
    1913
    1934
    1893
    1836
    1929
    1892
    1912
    2014
    1975
    1942
    2044
    2005
    2069
    2016
    2083
    2141
    2138
    2163
    2145
    2207
    2196
    2170
    2261
    2285
    2270
    2301
    2177
    2336
    2421
    2309
    2424
    2462
    2480
    2537
    2485
    2471
    2484
    2481
    2617
    2561
    2688
    2636
    2549
    2615
    2725
    2722
    2790
    2805
    2827
    2818
    2904
    2917
    2801
    2984
    2850
    2932
    3073
    3111
    2984
    3046
    3186
    3040
    3165
    3289
    3222
    3277
    3368
    3371
    3385
    3380
    3536
    3399
    3477
    3552
    3538
    3582
    3589
    3671
    3701
    3825
    3831
    3840
    3882
    3937
    3906
    3988
    3954
    4134
    4044
    4187
    4195
    4178
    4188
    4305
    4356
    4367
    4355
    4539
    4570
    4452
    4653
    4783
    4663
    4744
    4859
    4969
    4791
    4978
    5044
    5091
    5176
    5073
    5222
    5216
    5337
    5328
    5432
    5505
    5406
    5686
    5616
    5741
    5769
    5988
    5869
    5981
    6011
    6133
    6019
    6322
    6352
    6302
    6411
    6395
    6525
    6756
    6769
    6873
    6835
    7192
    7198
    7275
    7352
    7296
    7703
    7477
    7730
    7941
    7941
    8104
    8109
    8179
    8267
    8449
    8384
    8541
    8721
    8843
    9003
    9061
    9263
    9435
    9409
    9651
    9691
    9799
    9988
    9978
   10386
   10656
   10574
   10563
   11071
   11097
   11292
   11484
   11885
   11921
   11894
   12313
   12324
   12595
   12788
   12848
   13085
   13509
   13659
       0
       0
       0
       0
       0
       0
       0
       0
       0
       0
       0
       0
       0
       0
       0
       0
       0
       0
       0
       0
       0
       0
       0
       0
       0
       0
       0
       0
       0
       0
       0
       0
$ROI:
0
$PRESETS:
None
0
0
$ENER_FIT:
-0.169488 0.023446
$MCA_CAL:
3
-1.694878E-001 2.344633E-002 0.000000E+000 keV
$SHAPE_CAL:
3
0.000000E+000 0.000000E+000 0.000000E+000
