$SPEC_ID:
No sample description was entered.
$SPEC_REM:
DET# 4
DETDESC# JLAB-20 MCB 131
AP# Maestro Version 7.01
$DATE_MEA:
09/30/2025 04:56:44
$MEAS_TIM:
60214 61678
$DATA:
0 2047
       0
       0
       0
       0
       0
       0
       0
       0
       0
       0
       0
       0
       0
       0
       0
       0
       0
       0
       0
       0
       0
       0
       0
       0
       0
       0
       0
       0
       0
       0
       0
       0
       0
       0
       0
       0
       0
       0
       0
       0
       0
       0
       0
       0
       0
       0
       0
       0
       0
       0
       0
       0
       0
       0
       1
       0
       0
       0
       0
       0
       0
       0
       0
       1
       0
       1
       0
       0
       0
     210
    6714
    6843
    6514
    6137
    6262
    5956
    5820
    5766
    5659
    5567
    5453
    5674
    5378
    5403
    5335
    5401
    5291
    5108
    5065
    5206
    5025
    4798
    4956
    4865
    4815
    4778
    4767
    4879
    4733
    4764
    4715
    4657
    4612
    4670
    4462
    4420
    4470
    4410
    4482
    4334
    4315
    4224
    4294
    4243
    4139
    4186
    4180
    4125
    4020
    4000
    4015
    3992
    3951
    4037
    4033
    3964
    4000
    3922
    3871
    3804
    3916
    3832
    3728
    3764
    3659
    3789
    3790
    3797
    3735
    3659
    3699
    3726
    3651
    3644
    3612
    3609
    3592
    3651
    3617
    3646
    3476
    3619
    3380
    3515
    3409
    3449
    3475
    3441
    3454
    3376
    3432
    3307
    3329
    3362
    3378
    3344
    3327
    3345
    3328
    3340
    3294
    3254
    3279
    3206
    3342
    3298
    3369
    3189
    3233
    3281
    3183
    3194
    3256
    3169
    3165
    3214
    3141
    3167
    3152
    3148
    3134
    3109
    3076
    3169
    3201
    3107
    3160
    3080
    3096
    3169
    3072
    3106
    3086
    3115
    2958
    3037
    3013
    3010
    3071
    3011
    3045
    3069
    2960
    2889
    3102
    3035
    2995
    2993
    2980
    3070
    3033
    3016
    3018
    3072
    3051
    3074
    2952
    3005
    3022
    2947
    2979
    2997
    2942
    3031
    3063
    3000
    2903
    3042
    2921
    2961
    2957
    2991
    3001
    2873
    3004
    2984
    2950
    2960
    2972
    2943
    2979
    2936
    3006
    3062
    2973
    2940
    2941
    3041
    3060
    3062
    2981
    2889
    3081
    3091
    3014
    3024
    2986
    3066
    3113
    3085
    2986
    2983
    3030
    3100
    3159
    3048
    3085
    3060
    3079
    3077
    3041
    3038
    3125
    3136
    3109
    3044
    3168
    3059
    3112
    3121
    3141
    3035
    3184
    3136
    3152
    3197
    3152
    3172
    3190
    3313
    3262
    3346
    3486
    3496
    3750
    3647
    3858
    4091
    4394
    4744
    5060
    5487
    6193
    6662
    7363
    8252
    9263
   10236
   11524
   12953
   14276
   16026
   17590
   19481
   21572
   23341
   25468
   27273
   29092
   31491
   33364
   35352
   36940
   38388
   39982
   41776
   42520
   43992
   44541
   45585
   46119
   46722
   47381
   47689
   47454
   47534
   47791
   47757
   47601
   47238
   46528
   46053
   45719
   44929
   44604
   44043
   43160
   42499
   41825
   41009
   40068
   39120
   38083
   37217
   36100
   34981
   34036
   32881
   31682
   30498
   29147
   28110
   27174
   26159
   25059
   24217
   22791
   21858
   20679
   19870
   19043
   18196
   17157
   16533
   15856
   15328
   15054
   14220
   13669
   13320
   12871
   12473
   12167
   11693
   11552
   10736
   10637
   10207
    9770
    9425
    9087
    8586
    8501
    7908
    7520
    7076
    6811
    6466
    6102
    5691
    5315
    5152
    4602
    4547
    4081
    3871
    3637
    3416
    3252
    2931
    2793
    2637
    2600
    2502
    2410
    2361
    2168
    2130
    2154
    2109
    2135
    2067
    2029
    2106
    2039
    2009
    1957
    2066
    2037
    2029
    1974
    2078
    2039
    2099
    2001
    2038
    2071
    2058
    1928
    1992
    1967
    1994
    2007
    1968
    2003
    1949
    1989
    1961
    2037
    1981
    1909
    1915
    1927
    1897
    1841
    1871
    1959
    1864
    1834
    1860
    1883
    1918
    1900
    1869
    1866
    1833
    1786
    1818
    1872
    1781
    1782
    1780
    1849
    1818
    1768
    1813
    1835
    1894
    1723
    1822
    1772
    1736
    1714
    1786
    1681
    1708
    1713
    1813
    1744
    1718
    1725
    1723
    1759
    1780
    1740
    1826
    1712
    1687
    1768
    1687
    1701
    1679
    1734
    1714
    1769
    1735
    1774
    1750
    1649
    1688
    1778
    1759
    1698
    1657
    1771
    1756
    1717
    1669
    1728
    1777
    1745
    1677
    1785
    1841
    1737
    1809
    1731
    1777
    1733
    1764
    1785
    1767
    1714
    1695
    1767
    1801
    1732
    1771
    1747
    1696
    1671
    1666
    1709
    1672
    1713
    1653
    1622
    1706
    1664
    1698
    1612
    1656
    1671
    1623
    1565
    1594
    1581
    1616
    1634
    1608
    1614
    1580
    1619
    1572
    1565
    1556
    1624
    1601
    1551
    1586
    1623
    1554
    1555
    1614
    1518
    1558
    1596
    1539
    1501
    1472
    1550
    1489
    1473
    1488
    1534
    1476
    1534
    1477
    1446
    1473
    1529
    1534
    1508
    1508
    1516
    1511
    1487
    1515
    1441
    1416
    1478
    1502
    1488
    1472
    1483
    1456
    1438
    1568
    1536
    1545
    1487
    1457
    1441
    1514
    1491
    1455
    1507
    1468
    1500
    1418
    1516
    1472
    1487
    1518
    1524
    1526
    1476
    1530
    1426
    1507
    1504
    1475
    1444
    1418
    1500
    1498
    1519
    1503
    1504
    1441
    1484
    1412
    1472
    1409
    1434
    1415
    1464
    1452
    1447
    1430
    1427
    1471
    1484
    1453
    1466
    1429
    1389
    1367
    1410
    1451
    1452
    1388
    1397
    1452
    1433
    1433
    1454
    1445
    1430
    1466
    1446
    1377
    1441
    1409
    1391
    1375
    1477
    1407
    1390
    1477
    1394
    1412
    1379
    1458
    1359
    1440
    1457
    1431
    1396
    1392
    1356
    1405
    1442
    1369
    1412
    1369
    1424
    1387
    1384
    1408
    1435
    1362
    1377
    1386
    1307
    1382
    1392
    1411
    1462
    1395
    1410
    1363
    1364
    1409
    1391
    1389
    1380
    1398
    1396
    1330
    1367
    1363
    1346
    1299
    1434
    1345
    1340
    1357
    1363
    1370
    1357
    1336
    1366
    1384
    1384
    1337
    1374
    1384
    1336
    1355
    1328
    1370
    1358
    1390
    1311
    1325
    1350
    1291
    1373
    1372
    1338
    1321
    1347
    1424
    1345
    1317
    1286
    1298
    1326
    1321
    1320
    1300
    1312
    1381
    1303
    1331
    1270
    1322
    1337
    1308
    1316
    1269
    1258
    1312
    1299
    1268
    1290
    1289
    1302
    1298
    1330
    1254
    1349
    1300
    1366
    1313
    1351
    1230
    1318
    1324
    1275
    1253
    1319
    1290
    1279
    1312
    1299
    1271
    1237
    1234
    1270
    1223
    1311
    1280
    1325
    1259
    1270
    1284
    1251
    1267
    1286
    1215
    1282
    1247
    1209
    1258
    1307
    1260
    1245
    1228
    1283
    1235
    1259
    1304
    1322
    1273
    1256
    1269
    1281
    1220
    1158
    1241
    1257
    1252
    1305
    1243
    1330
    1280
    1286
    1225
    1266
    1264
    1237
    1251
    1204
    1207
    1266
    1315
    1279
    1191
    1285
    1234
    1255
    1265
    1231
    1179
    1303
    1245
    1213
    1279
    1249
    1235
    1244
    1242
    1239
    1231
    1297
    1242
    1222
    1207
    1221
    1246
    1172
    1224
    1250
    1295
    1254
    1235
    1228
    1184
    1180
    1179
    1267
    1246
    1263
    1237
    1202
    1213
    1212
    1213
    1205
    1199
    1202
    1224
    1197
    1168
    1245
    1195
    1180
    1238
    1219
    1188
    1270
    1234
    1185
    1217
    1277
    1207
    1197
    1167
    1194
    1257
    1260
    1191
    1181
    1192
    1237
    1232
    1246
    1273
    1307
    1278
    1240
    1256
    1320
    1266
    1222
    1252
    1287
    1229
    1258
    1280
    1259
    1264
    1238
    1198
    1247
    1254
    1203
    1217
    1292
    1169
    1244
    1218
    1294
    1267
    1237
    1204
    1207
    1243
    1245
    1179
    1221
    1234
    1258
    1247
    1234
    1253
    1214
    1197
    1293
    1220
    1195
    1261
    1230
    1208
    1226
    1251
    1190
    1162
    1150
    1197
    1161
    1204
    1266
    1155
    1153
    1210
    1178
    1215
    1190
    1212
    1198
    1210
    1143
    1232
    1238
    1253
    1156
    1149
    1187
    1226
    1188
    1144
    1233
    1178
    1220
    1185
    1200
    1179
    1254
    1257
    1227
    1223
    1292
    1205
    1223
    1271
    1233
    1228
    1211
    1325
    1220
    1264
    1250
    1234
    1215
    1257
    1236
    1241
    1233
    1198
    1258
    1245
    1246
    1229
    1207
    1295
    1238
    1233
    1272
    1242
    1266
    1278
    1263
    1288
    1241
    1196
    1231
    1232
    1224
    1284
    1234
    1185
    1274
    1262
    1283
    1233
    1289
    1283
    1285
    1258
    1216
    1260
    1278
    1272
    1221
    1246
    1198
    1206
    1198
    1145
    1205
    1225
    1279
    1226
    1198
    1167
    1265
    1197
    1169
    1159
    1187
    1205
    1158
    1200
    1141
    1215
    1186
    1192
    1121
    1201
    1172
    1134
    1162
    1177
    1228
    1221
    1215
    1198
    1183
    1154
    1218
    1207
    1181
    1240
    1274
    1224
    1235
    1278
    1289
    1265
    1328
    1289
    1306
    1273
    1316
    1300
    1312
    1320
    1319
    1364
    1395
    1246
    1372
    1400
    1286
    1323
    1280
    1341
    1305
    1325
    1384
    1259
    1274
    1380
    1343
    1273
    1322
    1295
    1360
    1265
    1182
    1290
    1260
    1262
    1285
    1225
    1190
    1232
    1272
    1204
    1210
    1215
    1235
    1192
    1101
    1124
    1129
    1180
    1181
    1147
    1117
    1134
    1140
    1132
    1121
    1059
    1062
    1094
    1172
    1142
    1042
    1081
    1037
    1104
    1087
    1052
    1094
    1071
    1117
    1155
    1110
    1060
    1117
    1069
    1011
    1119
    1041
    1054
    1147
    1054
    1094
    1102
    1105
    1097
    1096
    1087
    1085
    1105
    1062
    1059
    1127
    1015
    1077
    1089
    1065
    1061
    1089
    1114
    1090
    1092
    1087
    1111
    1116
    1083
    1068
    1132
    1097
    1124
    1191
    1052
    1101
    1081
    1074
    1094
    1068
    1020
    1079
    1063
    1046
    1055
    1067
    1126
    1132
    1111
    1096
    1117
    1114
    1065
    1113
    1033
    1081
    1112
    1050
    1116
    1052
    1096
    1131
    1122
    1162
    1117
    1088
    1059
    1103
    1154
    1147
    1079
    1124
    1114
    1221
    1104
    1144
    1111
    1072
    1130
    1119
    1145
    1155
    1098
    1111
    1108
    1139
    1170
    1118
    1128
    1134
    1172
    1119
    1163
    1156
    1125
    1141
    1150
    1145
    1094
    1118
    1124
    1093
    1113
    1100
    1100
    1094
    1090
    1085
    1164
    1069
    1091
    1071
    1098
    1065
    1059
    1102
    1074
    1149
    1125
    1111
    1140
    1118
    1100
    1125
    1090
    1113
    1074
    1094
    1150
    1136
    1124
    1078
    1102
    1115
    1085
    1054
    1069
    1039
    1130
    1112
    1184
    1070
    1064
    1076
    1172
    1105
    1051
    1095
    1092
    1101
    1128
    1113
    1064
    1059
    1086
    1093
    1093
    1125
    1108
    1169
    1086
    1133
    1103
    1072
    1126
    1073
    1103
    1050
    1125
    1152
    1101
    1128
    1137
    1155
    1126
    1123
    1175
    1104
    1099
    1070
    1120
    1117
    1128
    1156
    1103
    1177
    1166
    1132
    1191
    1119
    1146
    1146
    1177
    1161
    1070
    1180
    1148
    1165
    1117
    1151
    1121
    1163
    1183
    1211
    1142
    1109
    1108
    1168
    1124
    1165
    1106
    1170
    1139
    1185
    1188
    1171
    1140
    1134
    1164
    1136
    1156
    1181
    1153
    1182
    1176
    1192
    1157
    1149
    1240
    1185
    1192
    1164
    1113
    1191
    1248
    1127
    1159
    1176
    1213
    1213
    1250
    1155
    1250
    1252
    1201
    1200
    1173
    1150
    1190
    1126
    1197
    1234
    1233
    1227
    1250
    1113
    1241
    1192
    1242
    1227
    1191
    1165
    1152
    1225
    1233
    1233
    1262
    1191
    1192
    1203
    1236
    1249
    1200
    1246
    1202
    1194
    1185
    1265
    1250
    1214
    1240
    1230
    1274
    1234
    1260
    1250
    1243
    1239
    1325
    1277
    1263
    1249
    1200
    1278
    1303
    1333
    1302
    1290
    1276
    1336
    1280
    1259
    1326
    1308
    1347
    1284
    1395
    1248
    1287
    1344
    1344
    1302
    1310
    1339
    1366
    1343
    1366
    1424
    1341
    1289
    1304
    1386
    1361
    1393
    1408
    1332
    1345
    1403
    1327
    1401
    1399
    1380
    1364
    1384
    1463
    1424
    1516
    1453
    1410
    1491
    1457
    1456
    1429
    1468
    1443
    1404
    1441
    1525
    1438
    1505
    1500
    1465
    1501
    1479
    1527
    1568
    1477
    1538
    1582
    1565
    1561
    1557
    1522
    1528
    1604
    1654
    1611
    1615
    1585
    1657
    1648
    1620
    1626
    1597
    1690
    1636
    1623
    1612
    1625
    1738
    1680
    1696
    1747
    1752
    1738
    1756
    1738
    1741
    1722
    1816
    1765
    1865
    1900
    1808
    1878
    1868
    1934
    1828
    1850
    1882
    1884
    1855
    1964
    1958
    1953
    1930
    1967
    2087
    1986
    2018
    2006
    2028
    1989
    2042
    2080
    2052
    2139
    2153
    2128
    2105
    2272
    2216
    2227
    2186
    2193
    2287
    2252
    2187
    2225
    2358
    2305
    2333
    2384
    2361
    2328
    2418
    2367
    2475
    2444
    2427
    2491
    2500
    2396
    2524
    2454
    2490
    2503
    2566
    2536
    2621
    2592
    2707
    2715
    2626
    2626
    2680
    2789
    2698
    2834
    2792
    2800
    2862
    2800
    2733
    2816
    2994
    2922
    2799
    2929
    2761
    2885
    2890
    2926
    2996
    2990
    3034
    3083
    2987
    3112
    3093
    3142
    3082
    3093
    3087
    3181
    3220
    3220
    3281
    3191
    3194
    3279
    3260
    3180
    3235
    3212
    3283
    3213
    3260
    3263
    3236
    3341
    3274
    3225
    3304
    3308
    3268
    3266
    3290
    3284
    3263
    3123
    3329
    3278
    3208
    3258
    3314
    3201
    3353
    3316
    3286
    3291
    3383
    3297
    3312
    3228
    3253
    3306
    3257
    3305
    3270
    3397
    3243
    3185
    3254
    3194
    3271
    3230
    3173
    3305
    3284
    3185
    3288
    3249
    3225
    3229
    3203
    3280
    3170
    3352
    3274
    3322
    3232
    3301
    3313
    3346
    3184
    3254
    3193
    3242
    3307
    3247
    3249
    3307
    3262
    3270
    3339
    3308
    3340
    3385
    3444
    3425
    3308
    3399
    3340
    3470
    3484
    3506
    3414
    3462
    3523
    3571
    3532
    3590
    3538
    3540
    3698
    3615
    3620
    3634
    3678
    3566
    3596
    3827
    3632
    3715
    3691
    3778
    3749
    3809
    3776
    3839
    3920
    3891
    3827
    3957
    3943
    4022
    3973
    4170
    4140
    4076
    4053
    4191
    4253
    4118
    4308
    4100
    4290
    4344
    4416
    4375
    4397
    4409
    4405
    4451
    4504
    4504
    4686
    4752
    4569
    4644
    4552
    4817
    4745
    4794
    4838
    4926
    4918
    4875
    4977
    4909
    5027
    5154
    5225
    5237
    5108
    5251
    5275
    5294
    5457
    5395
    5460
    5512
    5553
    5625
    5601
    5678
    5782
    5752
    5966
    5871
    5945
    6015
    6077
    6148
    6123
    6217
    6293
    6110
    6353
    6548
    6366
    6531
    6556
    6643
    6870
    6786
    6702
    6826
    6993
    7027
    6980
    7184
    7214
    6991
    7211
    7507
    7505
    7402
    7591
    7705
    7739
    7822
    7877
    7884
    8059
    8018
    8080
    8160
    8364
    8326
    8449
    8664
    8462
    8653
    8852
    8920
    8966
    9120
    9242
    9171
    9381
    9533
    9282
    9596
    9566
    9723
    9828
    9924
   10106
   10062
   10339
   10357
   10466
   10520
   10656
   10473
   10860
   10986
   11174
   11190
   11310
   11482
   11417
   11470
   11822
   11833
   11980
   12074
   12299
   12222
   12497
   12483
   12668
   12816
   12879
   13104
   13221
   13201
   13698
   13578
   13877
   13959
   13867
   14230
   14304
   14552
   14584
   14815
   14942
   15173
   15289
   15444
   15820
   15916
   16084
   16149
   16290
   16471
   16802
   16847
   17135
   17258
   17586
   17627
   17800
   18276
   18518
   18375
   18825
   18839
   19434
   19602
   19792
   20029
   20042
   20589
   20512
   20876
   21367
   21381
   22132
   22037
   22435
   22519
   23187
   23123
   23447
   23924
   24078
   24518
   24667
   25367
   25419
   25655
   26192
   26564
   26964
   27280
   27612
   28235
   28857
   28907
   29353
   29937
   30408
   30882
   31359
   31727
   32599
   32547
   33591
   33505
   34356
   34761
   35113
   35919
   36708
   37402
       0
       0
       0
       0
       0
       0
       0
       0
       0
       0
       0
       0
       0
       0
       0
       0
       0
       0
       0
       0
       0
       0
       0
       0
       0
       0
       0
       0
       0
       0
       0
       0
$ROI:
0
$PRESETS:
None
0
0
$ENER_FIT:
-0.169488 0.023446
$MCA_CAL:
3
-1.694878E-001 2.344633E-002 0.000000E+000 keV
$SHAPE_CAL:
3
0.000000E+000 0.000000E+000 0.000000E+000
