$SPEC_ID:
No sample description was entered.
$SPEC_REM:
DET# 4
DETDESC# JLAB-20 MCB 131
AP# Maestro Version 7.01
$DATE_MEA:
09/30/2025 03:26:44
$MEAS_TIM:
54942 56278
$DATA:
0 2047
       0
       0
       0
       0
       0
       0
       0
       0
       0
       0
       0
       0
       0
       0
       0
       0
       0
       0
       0
       0
       0
       0
       0
       0
       0
       0
       0
       0
       0
       0
       0
       0
       0
       0
       0
       0
       0
       0
       0
       0
       0
       0
       0
       0
       0
       0
       0
       0
       0
       0
       0
       0
       0
       0
       0
       0
       0
       0
       0
       0
       0
       0
       0
       1
       0
       1
       0
       0
       0
     186
    6128
    6258
    5967
    5596
    5728
    5404
    5282
    5247
    5158
    5079
    4944
    5242
    4940
    4930
    4897
    4924
    4842
    4708
    4624
    4762
    4609
    4389
    4533
    4427
    4395
    4373
    4354
    4464
    4342
    4351
    4306
    4237
    4203
    4281
    4071
    4059
    4067
    4025
    4119
    3955
    3970
    3892
    3936
    3867
    3769
    3827
    3803
    3747
    3665
    3660
    3687
    3652
    3617
    3675
    3691
    3594
    3656
    3578
    3518
    3463
    3552
    3499
    3420
    3426
    3326
    3455
    3456
    3457
    3401
    3340
    3399
    3388
    3337
    3342
    3305
    3304
    3258
    3330
    3297
    3322
    3166
    3280
    3105
    3192
    3128
    3143
    3159
    3134
    3158
    3103
    3151
    3018
    3038
    3056
    3041
    3046
    3014
    3071
    3023
    3051
    2990
    2989
    3006
    2898
    3031
    3006
    3065
    2882
    2939
    3010
    2900
    2920
    2949
    2906
    2887
    2947
    2852
    2893
    2873
    2863
    2899
    2842
    2794
    2900
    2917
    2829
    2887
    2778
    2820
    2906
    2791
    2852
    2827
    2805
    2677
    2749
    2746
    2777
    2795
    2737
    2763
    2791
    2697
    2628
    2818
    2757
    2704
    2716
    2719
    2780
    2763
    2767
    2764
    2827
    2756
    2796
    2690
    2733
    2768
    2698
    2727
    2751
    2687
    2794
    2775
    2724
    2661
    2773
    2647
    2705
    2698
    2724
    2745
    2630
    2760
    2740
    2687
    2671
    2697
    2682
    2707
    2702
    2750
    2785
    2735
    2686
    2679
    2802
    2769
    2774
    2729
    2607
    2847
    2836
    2749
    2727
    2736
    2775
    2808
    2805
    2729
    2734
    2768
    2841
    2894
    2793
    2826
    2783
    2845
    2784
    2788
    2794
    2830
    2891
    2844
    2785
    2885
    2805
    2837
    2854
    2841
    2773
    2889
    2834
    2865
    2928
    2898
    2903
    2902
    3012
    2975
    3080
    3176
    3187
    3438
    3320
    3492
    3739
    4039
    4333
    4625
    5027
    5644
    6092
    6689
    7550
    8432
    9319
   10505
   11768
   12974
   14617
   16084
   17722
   19606
   21282
   23152
   24944
   26504
   28711
   30421
   32350
   33700
   35093
   36449
   38057
   38800
   40088
   40569
   41602
   42027
   42665
   43216
   43651
   43320
   43467
   43594
   43548
   43410
   43051
   42425
   42012
   41629
   40905
   40728
   40152
   39374
   38791
   38166
   37410
   36635
   35697
   34820
   34031
   32854
   31863
   31105
   29942
   28912
   27774
   26604
   25632
   24816
   23826
   22848
   22148
   20741
   19947
   18929
   18101
   17409
   16641
   15632
   15070
   14454
   14016
   13732
   12947
   12472
   12177
   11803
   11325
   11077
   10637
   10544
    9810
    9765
    9363
    8858
    8581
    8232
    7831
    7766
    7174
    6849
    6411
    6238
    5939
    5572
    5194
    4872
    4742
    4159
    4143
    3718
    3556
    3299
    3115
    2977
    2656
    2564
    2420
    2369
    2281
    2208
    2144
    1961
    1956
    1945
    1926
    1937
    1874
    1855
    1960
    1854
    1827
    1788
    1879
    1867
    1835
    1800
    1898
    1853
    1895
    1835
    1836
    1877
    1886
    1773
    1811
    1787
    1807
    1811
    1776
    1818
    1778
    1807
    1811
    1853
    1812
    1742
    1738
    1763
    1750
    1685
    1719
    1786
    1694
    1674
    1684
    1724
    1741
    1738
    1714
    1703
    1674
    1636
    1663
    1701
    1637
    1604
    1622
    1704
    1656
    1626
    1679
    1679
    1733
    1562
    1663
    1616
    1576
    1554
    1632
    1542
    1545
    1552
    1641
    1591
    1573
    1566
    1553
    1611
    1626
    1575
    1662
    1571
    1545
    1623
    1557
    1558
    1537
    1579
    1556
    1599
    1568
    1637
    1572
    1506
    1561
    1616
    1610
    1545
    1513
    1614
    1602
    1575
    1515
    1571
    1615
    1581
    1532
    1639
    1674
    1595
    1668
    1570
    1628
    1578
    1605
    1625
    1619
    1546
    1556
    1633
    1651
    1584
    1636
    1607
    1542
    1515
    1506
    1581
    1532
    1553
    1510
    1491
    1565
    1511
    1558
    1466
    1524
    1550
    1481
    1420
    1450
    1444
    1468
    1489
    1483
    1456
    1435
    1486
    1451
    1418
    1407
    1485
    1465
    1397
    1457
    1497
    1415
    1423
    1472
    1392
    1439
    1446
    1415
    1357
    1353
    1419
    1335
    1333
    1354
    1390
    1340
    1414
    1338
    1337
    1351
    1385
    1398
    1374
    1373
    1384
    1366
    1353
    1365
    1312
    1281
    1352
    1383
    1361
    1348
    1345
    1331
    1317
    1452
    1380
    1418
    1367
    1319
    1329
    1368
    1381
    1323
    1362
    1321
    1367
    1302
    1383
    1322
    1362
    1381
    1396
    1393
    1357
    1384
    1293
    1381
    1376
    1336
    1305
    1293
    1381
    1360
    1396
    1352
    1379
    1326
    1351
    1285
    1324
    1284
    1301
    1299
    1326
    1334
    1326
    1327
    1297
    1325
    1371
    1321
    1330
    1317
    1255
    1255
    1293
    1317
    1331
    1273
    1264
    1336
    1306
    1301
    1336
    1328
    1279
    1332
    1324
    1245
    1316
    1267
    1261
    1267
    1346
    1302
    1268
    1353
    1288
    1294
    1266
    1334
    1245
    1318
    1316
    1290
    1278
    1277
    1238
    1277
    1315
    1256
    1277
    1253
    1299
    1275
    1263
    1286
    1284
    1235
    1259
    1273
    1199
    1244
    1284
    1297
    1343
    1274
    1298
    1248
    1250
    1289
    1271
    1266
    1264
    1279
    1272
    1212
    1247
    1243
    1209
    1198
    1316
    1220
    1221
    1251
    1255
    1245
    1258
    1220
    1246
    1252
    1240
    1224
    1232
    1260
    1231
    1225
    1210
    1262
    1227
    1250
    1189
    1216
    1228
    1186
    1241
    1259
    1220
    1206
    1220
    1312
    1228
    1204
    1166
    1190
    1214
    1187
    1233
    1190
    1206
    1269
    1198
    1213
    1159
    1208
    1217
    1196
    1199
    1158
    1149
    1171
    1191
    1160
    1174
    1173
    1180
    1194
    1198
    1154
    1228
    1201
    1233
    1182
    1251
    1135
    1207
    1207
    1162
    1149
    1183
    1193
    1176
    1192
    1188
    1159
    1123
    1115
    1152
    1112
    1197
    1164
    1216
    1147
    1143
    1188
    1136
    1163
    1184
    1110
    1171
    1128
    1100
    1152
    1190
    1134
    1136
    1117
    1159
    1113
    1139
    1202
    1183
    1168
    1132
    1155
    1182
    1115
    1058
    1134
    1165
    1151
    1190
    1141
    1225
    1173
    1165
    1138
    1175
    1169
    1130
    1151
    1102
    1085
    1140
    1207
    1167
    1088
    1167
    1143
    1150
    1153
    1139
    1078
    1193
    1154
    1100
    1172
    1135
    1114
    1117
    1141
    1127
    1119
    1187
    1144
    1111
    1096
    1097
    1136
    1052
    1126
    1151
    1172
    1125
    1130
    1110
    1068
    1073
    1071
    1159
    1131
    1152
    1125
    1096
    1095
    1088
    1104
    1116
    1082
    1116
    1122
    1076
    1064
    1136
    1078
    1073
    1143
    1115
    1070
    1152
    1124
    1079
    1118
    1191
    1101
    1075
    1078
    1084
    1144
    1162
    1088
    1078
    1083
    1136
    1140
    1132
    1164
    1195
    1167
    1147
    1154
    1198
    1168
    1118
    1154
    1167
    1132
    1136
    1186
    1150
    1163
    1133
    1089
    1142
    1143
    1085
    1115
    1182
    1064
    1139
    1099
    1185
    1148
    1132
    1096
    1110
    1131
    1131
    1066
    1107
    1123
    1143
    1145
    1124
    1147
    1117
    1067
    1173
    1124
    1087
    1161
    1131
    1108
    1128
    1156
    1089
    1050
    1035
    1102
    1054
    1085
    1143
    1027
    1048
    1094
    1073
    1118
    1101
    1123
    1093
    1099
    1033
    1125
    1103
    1154
    1040
    1052
    1069
    1114
    1090
    1049
    1119
    1070
    1118
    1079
    1093
    1083
    1164
    1153
    1128
    1105
    1180
    1073
    1122
    1168
    1119
    1119
    1125
    1201
    1110
    1173
    1140
    1130
    1124
    1148
    1134
    1122
    1125
    1106
    1150
    1153
    1128
    1103
    1095
    1204
    1141
    1130
    1153
    1146
    1174
    1179
    1160
    1183
    1135
    1091
    1133
    1120
    1120
    1170
    1142
    1091
    1159
    1154
    1184
    1129
    1171
    1156
    1169
    1163
    1100
    1152
    1153
    1174
    1118
    1135
    1086
    1103
    1090
    1033
    1107
    1119
    1157
    1123
    1093
    1074
    1150
    1087
    1066
    1064
    1090
    1113
    1063
    1111
    1042
    1107
    1092
    1082
    1020
    1103
    1058
    1037
    1063
    1070
    1095
    1119
    1098
    1100
    1095
    1067
    1107
    1099
    1077
    1135
    1163
    1117
    1119
    1163
    1184
    1147
    1208
    1174
    1216
    1136
    1195
    1203
    1209
    1194
    1200
    1224
    1274
    1129
    1259
    1281
    1172
    1195
    1143
    1217
    1186
    1193
    1260
    1144
    1150
    1245
    1230
    1163
    1204
    1169
    1252
    1171
    1083
    1167
    1142
    1130
    1171
    1120
    1082
    1125
    1161
    1089
    1097
    1116
    1124
    1068
    1003
    1031
    1034
    1075
    1074
    1039
    1010
    1048
    1066
    1021
    1027
     950
     977
     991
    1068
    1055
     938
     998
     946
    1013
     989
     933
     998
     969
    1007
    1045
    1004
     964
    1013
     981
     912
    1025
     947
     962
    1050
     965
    1003
     987
     999
    1007
    1005
     988
     971
    1011
     976
     977
    1036
     919
     991
     989
     985
     960
    1007
     998
     986
     988
     990
    1021
    1022
     989
     968
    1026
    1000
    1046
    1090
     959
    1010
     992
     991
     984
     968
     939
     992
     967
     973
     964
     980
    1028
    1037
     996
    1007
    1007
    1017
     975
    1020
     949
     985
    1029
     946
    1004
     950
    1009
    1045
    1040
    1062
    1022
     983
     955
    1017
    1044
    1039
     976
    1033
    1035
    1114
    1016
    1053
    1022
     969
    1038
    1007
    1033
    1049
    1005
    1004
    1002
    1030
    1054
    1022
    1032
    1016
    1072
    1025
    1066
    1050
    1031
    1051
    1050
    1044
     997
    1030
    1026
     983
    1013
    1001
     991
    1001
     986
     991
    1071
     973
     990
     992
    1010
     969
     963
     999
     977
    1058
    1023
    1004
    1035
    1027
    1007
    1035
    1014
    1016
     961
    1008
    1052
    1027
    1032
     994
     977
    1007
     993
     957
     956
     937
    1023
    1010
    1073
     968
     970
     969
    1067
    1014
     967
    1009
    1018
    1016
    1047
    1020
     964
     965
     965
     994
    1009
    1034
    1007
    1077
     994
    1038
    1011
     975
    1026
     975
     992
     962
    1032
    1062
    1000
    1020
    1033
    1067
    1037
    1024
    1055
    1013
    1007
     978
    1022
    1008
    1033
    1038
    1014
    1076
    1063
    1016
    1066
    1019
    1033
    1044
    1068
    1064
     971
    1079
    1036
    1062
    1029
    1050
    1027
    1039
    1084
    1123
    1039
    1018
    1017
    1072
    1019
    1061
    1010
    1076
    1051
    1070
    1085
    1076
    1062
    1032
    1066
    1017
    1055
    1077
    1046
    1080
    1073
    1070
    1053
    1044
    1136
    1083
    1087
    1062
    1011
    1101
    1130
    1019
    1046
    1071
    1110
    1115
    1122
    1062
    1131
    1136
    1096
    1101
    1068
    1042
    1079
    1028
    1096
    1123
    1148
    1121
    1147
    1017
    1128
    1085
    1143
    1120
    1087
    1060
    1049
    1129
    1139
    1125
    1161
    1098
    1076
    1112
    1134
    1141
    1104
    1147
    1106
    1089
    1068
    1141
    1148
    1102
    1109
    1112
    1152
    1111
    1157
    1132
    1135
    1138
    1216
    1163
    1151
    1146
    1110
    1179
    1186
    1211
    1179
    1177
    1155
    1213
    1172
    1145
    1210
    1191
    1203
    1191
    1273
    1139
    1199
    1237
    1245
    1195
    1207
    1233
    1261
    1233
    1234
    1306
    1211
    1170
    1179
    1260
    1243
    1259
    1294
    1198
    1240
    1298
    1221
    1267
    1256
    1272
    1241
    1252
    1342
    1301
    1385
    1314
    1272
    1369
    1331
    1322
    1289
    1341
    1308
    1282
    1328
    1375
    1315
    1370
    1348
    1318
    1366
    1352
    1378
    1431
    1366
    1401
    1450
    1438
    1407
    1425
    1396
    1383
    1461
    1501
    1468
    1484
    1434
    1519
    1491
    1473
    1493
    1479
    1532
    1486
    1498
    1471
    1479
    1601
    1535
    1525
    1598
    1580
    1605
    1613
    1581
    1587
    1594
    1654
    1600
    1707
    1727
    1631
    1714
    1697
    1740
    1664
    1697
    1722
    1713
    1692
    1770
    1769
    1792
    1771
    1776
    1921
    1795
    1828
    1832
    1851
    1831
    1842
    1918
    1901
    1954
    1965
    1936
    1929
    2065
    2021
    2049
    1986
    1996
    2086
    2035
    1981
    2024
    2165
    2104
    2147
    2188
    2152
    2137
    2212
    2128
    2261
    2237
    2211
    2279
    2285
    2162
    2323
    2218
    2299
    2265
    2331
    2304
    2407
    2365
    2461
    2478
    2380
    2379
    2466
    2546
    2434
    2580
    2561
    2549
    2618
    2564
    2487
    2583
    2747
    2691
    2523
    2673
    2546
    2641
    2653
    2675
    2714
    2730
    2773
    2820
    2723
    2841
    2825
    2883
    2832
    2869
    2802
    2911
    2945
    2947
    3012
    2911
    2878
    2976
    2946
    2901
    2962
    2940
    3008
    2931
    2979
    2989
    2937
    3032
    3006
    2922
    3017
    3019
    2968
    2984
    3010
    3009
    2982
    2837
    3051
    2984
    2915
    2972
    3004
    2902
    3083
    3030
    2988
    3033
    3113
    2994
    3009
    2964
    2949
    3045
    3000
    3028
    3017
    3134
    2990
    2894
    2953
    2891
    2977
    2940
    2875
    2998
    3015
    2933
    3007
    2978
    2948
    2954
    2900
    2959
    2889
    3044
    2999
    3028
    2943
    2973
    3037
    3070
    2882
    2953
    2918
    2931
    2999
    2980
    2972
    3055
    2990
    3016
    3053
    3013
    3059
    3112
    3167
    3109
    3028
    3110
    3046
    3156
    3180
    3220
    3125
    3166
    3186
    3280
    3228
    3292
    3230
    3239
    3373
    3297
    3315
    3316
    3337
    3231
    3296
    3483
    3344
    3383
    3367
    3420
    3421
    3467
    3449
    3496
    3575
    3555
    3500
    3598
    3604
    3687
    3624
    3830
    3799
    3721
    3708
    3859
    3893
    3756
    3951
    3724
    3924
    3990
    4039
    4002
    3984
    4046
    3984
    4086
    4116
    4101
    4304
    4304
    4199
    4269
    4199
    4384
    4311
    4374
    4437
    4500
    4481
    4420
    4524
    4481
    4591
    4718
    4765
    4757
    4662
    4815
    4809
    4797
    5018
    4933
    4968
    5022
    5044
    5137
    5141
    5205
    5306
    5280
    5423
    5366
    5426
    5502
    5525
    5631
    5614
    5658
    5759
    5588
    5773
    5955
    5832
    5971
    6021
    6037
    6316
    6189
    6100
    6240
    6408
    6401
    6371
    6553
    6618
    6370
    6590
    6883
    6850
    6731
    6871
    7017
    7063
    7119
    7180
    7189
    7369
    7297
    7382
    7480
    7677
    7604
    7697
    7875
    7693
    7929
    8091
    8112
    8123
    8326
    8398
    8413
    8559
    8701
    8469
    8714
    8745
    8866
    8994
    9047
    9203
    9163
    9452
    9496
    9567
    9588
    9765
    9595
    9923
    9957
   10176
   10210
   10323
   10478
   10411
   10422
   10746
   10847
   10946
   10995
   11223
   11171
   11396
   11438
   11550
   11720
   11773
   11950
   12091
   12040
   12503
   12400
   12648
   12744
   12692
   12968
   13076
   13270
   13270
   13580
   13691
   13847
   13993
   14068
   14478
   14556
   14731
   14663
   14881
   15084
   15354
   15375
   15696
   15739
   16080
   16097
   16239
   16682
   16891
   16774
   17147
   17226
   17725
   17868
   18072
   18266
   18255
   18821
   18778
   19088
   19534
   19515
   20242
   20144
   20462
   20530
   21197
   21080
   21363
   21813
   21931
   22346
   22475
   23106
   23178
   23392
   23873
   24296
   24613
   24943
   25178
   25841
   26345
   26449
   26770
   27366
   27722
   28166
   28678
   29003
   29729
   29706
   30609
   30632
   31381
   31717
   32109
   32723
   33496
   34155
       0
       0
       0
       0
       0
       0
       0
       0
       0
       0
       0
       0
       0
       0
       0
       0
       0
       0
       0
       0
       0
       0
       0
       0
       0
       0
       0
       0
       0
       0
       0
       0
$ROI:
0
$PRESETS:
None
0
0
$ENER_FIT:
-0.169488 0.023446
$MCA_CAL:
3
-1.694878E-001 2.344633E-002 0.000000E+000 keV
$SHAPE_CAL:
3
0.000000E+000 0.000000E+000 0.000000E+000
