$SPEC_ID:
No sample description was entered.
$SPEC_REM:
DET# 4
DETDESC# JLAB-20 MCB 131
AP# Maestro Version 7.01
$DATE_MEA:
10/01/2025 02:46:44
$MEAS_TIM:
136958 140279
$DATA:
0 2047
       0
       0
       0
       0
       0
       0
       0
       0
       0
       0
       0
       0
       0
       0
       0
       0
       0
       0
       0
       0
       0
       0
       0
       0
       0
       0
       0
       0
       0
       0
       0
       0
       0
       0
       0
       0
       0
       0
       0
       0
       0
       0
       0
       0
       0
       0
       0
       0
       0
       0
       0
       1
       2
       0
       1
       1
       0
       1
       0
       0
       0
       0
       0
       1
       0
       1
       1
       1
       1
     527
   15500
   15591
   14734
   14238
   13987
   13449
   13155
   13178
   12923
   12793
   12559
   12496
   12305
   12250
   12075
   12043
   11857
   11584
   11605
   11803
   11475
   11107
   11310
   11083
   10988
   10822
   10873
   10941
   10696
   10747
   10572
   10533
   10384
   10576
   10207
   10032
   10097
   10038
    9985
    9836
    9747
    9764
    9875
    9739
    9518
    9619
    9465
    9419
    9350
    9170
    9260
    9115
    9135
    9072
    8971
    8954
    9146
    8900
    8854
    8631
    8906
    8743
    8429
    8608
    8483
    8567
    8525
    8608
    8331
    8321
    8415
    8265
    8155
    8115
    8137
    8078
    8176
    8283
    8057
    8245
    8017
    8091
    7887
    8028
    7866
    7790
    7762
    7869
    7877
    7751
    7764
    7574
    7660
    7635
    7676
    7523
    7597
    7606
    7509
    7516
    7361
    7413
    7488
    7346
    7487
    7429
    7357
    7332
    7369
    7305
    7204
    7221
    7342
    7234
    7145
    7286
    7117
    7191
    7198
    7158
    7106
    7149
    7029
    7196
    7235
    7055
    7115
    6960
    7070
    7100
    7012
    7049
    7014
    7043
    6861
    6769
    6860
    6881
    6846
    6872
    6881
    6962
    6941
    6840
    6992
    6786
    6878
    6989
    6819
    6886
    7025
    6862
    6913
    6997
    6826
    6777
    6742
    6819
    6882
    6855
    6814
    6762
    6733
    6868
    6849
    6725
    6729
    6838
    6663
    6731
    6734
    6724
    6799
    6626
    6829
    6770
    6737
    6734
    6843
    6728
    6819
    6746
    6785
    6764
    6791
    6847
    6814
    6893
    6865
    6886
    6783
    6675
    6912
    6930
    6961
    6893
    6865
    7028
    7056
    6989
    6893
    6929
    7023
    7016
    6950
    6885
    7043
    7047
    6953
    6984
    6969
    7003
    7126
    7162
    7020
    6966
    7113
    7021
    7096
    7103
    7099
    7028
    7100
    7165
    7111
    7170
    7225
    7310
    7297
    7443
    7492
    7724
    7681
    7967
    8183
    8421
    8736
    9407
    9922
   10762
   11538
   12422
   13835
   15118
   16814
   18787
   21182
   23602
   26265
   29371
   32791
   36516
   40085
   44218
   49113
   53406
   57781
   62168
   66302
   71232
   75561
   79603
   83930
   87539
   91294
   94185
   96606
   99874
  101217
  103423
  104698
  106051
  107608
  108404
  107912
  108420
  108294
  107997
  107752
  106846
  105958
  105220
  103938
  102927
  101666
  100246
   98521
   96848
   94776
   93137
   91190
   88958
   86743
   85102
   82132
   79518
   77206
   75114
   72130
   69747
   66744
   64602
   62166
   59471
   57046
   54303
   51965
   49487
   47211
   45239
   43048
   41346
   39056
   37703
   36073
   34915
   33576
   32375
   31110
   30616
   29546
   28251
   27718
   26650
   25907
   24804
   24167
   23328
   22203
   21481
   20753
   19816
   19166
   18028
   17190
   16187
   15686
   14631
   13959
   12975
   12138
   11566
   10611
   10201
    9423
    8791
    8306
    7856
    7444
    6734
    6539
    6057
    5863
    5697
    5607
    5385
    5066
    4901
    4852
    4786
    4741
    4651
    4727
    4774
    4630
    4650
    4502
    4649
    4637
    4607
    4512
    4664
    4561
    4658
    4543
    4595
    4654
    4675
    4391
    4590
    4559
    4649
    4555
    4429
    4496
    4364
    4467
    4442
    4461
    4472
    4345
    4460
    4434
    4348
    4323
    4389
    4373
    4220
    4245
    4197
    4297
    4296
    4272
    4239
    4206
    4212
    4156
    4138
    4205
    4126
    4153
    4038
    4241
    4164
    4086
    4041
    4083
    4117
    3948
    4097
    4102
    3895
    3978
    4017
    3873
    3912
    3969
    3991
    3932
    3917
    4001
    4005
    3986
    3875
    3939
    4078
    3909
    3883
    3887
    3905
    3927
    3878
    3951
    3994
    3905
    3877
    4037
    3902
    3787
    3839
    3996
    4019
    3974
    3912
    3972
    3931
    3922
    3875
    3921
    4022
    4015
    3903
    4053
    4019
    3898
    4018
    3955
    3910
    3936
    3902
    3959
    3925
    3931
    3800
    4006
    3983
    3850
    3946
    3917
    3871
    3942
    3898
    3870
    3871
    3827
    3762
    3746
    3809
    3817
    3764
    3594
    3704
    3698
    3736
    3647
    3696
    3630
    3566
    3643
    3603
    3647
    3516
    3595
    3586
    3534
    3582
    3666
    3541
    3597
    3666
    3566
    3492
    3521
    3515
    3483
    3465
    3547
    3463
    3420
    3386
    3436
    3409
    3352
    3493
    3421
    3374
    3417
    3337
    3420
    3442
    3422
    3494
    3424
    3425
    3447
    3461
    3342
    3390
    3287
    3337
    3353
    3367
    3367
    3344
    3412
    3380
    3335
    3455
    3467
    3450
    3398
    3460
    3300
    3431
    3361
    3382
    3390
    3372
    3412
    3315
    3340
    3311
    3293
    3469
    3461
    3360
    3367
    3462
    3316
    3388
    3428
    3346
    3303
    3277
    3347
    3358
    3373
    3350
    3379
    3260
    3351
    3294
    3330
    3253
    3264
    3304
    3330
    3220
    3261
    3276
    3242
    3269
    3278
    3257
    3263
    3232
    3213
    3207
    3235
    3252
    3273
    3181
    3278
    3266
    3255
    3226
    3210
    3205
    3219
    3337
    3178
    3147
    3246
    3203
    3288
    3132
    3258
    3128
    3204
    3272
    3159
    3179
    3198
    3249
    3261
    3311
    3172
    3267
    3127
    3233
    3142
    3224
    3240
    3103
    3178
    3089
    3241
    3110
    3168
    3265
    3235
    3197
    3085
    3184
    3102
    3154
    3187
    3200
    3233
    3159
    3200
    3159
    3156
    3174
    3177
    3169
    3069
    3126
    3152
    3015
    3140
    3098
    3017
    3021
    3136
    3072
    3084
    3032
    3063
    3060
    3004
    3095
    3119
    3123
    3196
    3107
    3120
    3152
    3047
    3084
    3038
    3108
    3058
    3130
    3063
    3058
    3049
    2979
    2984
    3023
    3061
    3025
    3098
    3123
    3040
    3015
    3014
    2992
    3011
    3004
    2949
    2990
    2981
    2968
    2972
    2986
    2980
    2997
    3030
    2998
    2956
    2962
    2918
    2974
    2868
    2890
    2932
    2873
    2989
    2935
    2993
    2817
    3037
    2887
    3035
    2915
    3012
    2920
    2971
    2929
    2878
    2872
    2909
    2859
    2913
    2914
    2978
    2908
    2868
    2827
    2886
    2855
    2970
    2948
    2921
    3011
    2857
    2968
    2828
    2901
    2968
    2796
    2889
    2849
    2868
    2821
    2837
    2810
    2784
    2837
    2877
    2848
    2855
    2936
    2857
    2845
    2896
    2862
    2857
    2836
    2783
    2877
    2883
    2888
    2976
    2866
    2893
    2890
    2892
    2836
    2829
    2853
    2816
    2820
    2868
    2759
    2838
    2860
    2892
    2755
    2881
    2802
    2807
    2879
    2719
    2811
    2841
    2802
    2850
    2889
    2826
    2765
    2748
    2837
    2809
    2865
    2851
    2852
    2835
    2813
    2821
    2897
    2776
    2803
    2748
    2807
    2846
    2765
    2741
    2721
    2762
    2756
    2851
    2808
    2847
    2758
    2737
    2756
    2763
    2774
    2749
    2742
    2774
    2818
    2756
    2733
    2723
    2812
    2690
    2795
    2720
    2738
    2788
    2838
    2759
    2785
    2812
    2664
    2743
    2742
    2751
    2873
    2763
    2725
    2726
    2780
    2765
    2825
    2863
    2868
    2898
    2915
    2789
    2819
    2938
    2842
    2822
    2815
    2848
    2796
    2804
    2863
    2845
    2797
    2814
    2781
    2832
    2771
    2796
    2858
    2906
    2716
    2894
    2714
    2845
    2823
    2804
    2710
    2770
    2733
    2739
    2687
    2706
    2779
    2749
    2816
    2773
    2851
    2790
    2755
    2859
    2816
    2661
    2712
    2680
    2680
    2718
    2765
    2709
    2721
    2677
    2716
    2753
    2769
    2789
    2700
    2640
    2716
    2655
    2772
    2711
    2669
    2693
    2655
    2671
    2695
    2752
    2766
    2603
    2673
    2659
    2752
    2735
    2660
    2711
    2755
    2772
    2670
    2793
    2767
    2778
    2789
    2771
    2743
    2900
    2799
    2761
    2837
    2768
    2813
    2806
    2927
    2810
    2825
    2834
    2822
    2814
    2881
    2728
    2778
    2862
    2805
    2854
    2863
    2890
    2824
    2836
    2867
    2791
    2854
    2900
    2796
    2827
    2971
    2877
    2862
    2824
    2770
    2787
    2782
    2741
    2898
    2756
    2736
    2748
    2872
    2794
    2784
    2839
    2848
    2768
    2795
    2773
    2814
    2797
    2754
    2814
    2803
    2797
    2724
    2733
    2745
    2851
    2765
    2792
    2763
    2804
    2692
    2754
    2636
    2734
    2732
    2653
    2731
    2658
    2745
    2655
    2710
    2726
    2667
    2584
    2689
    2725
    2545
    2622
    2663
    2797
    2731
    2678
    2700
    2735
    2698
    2855
    2752
    2745
    2802
    2833
    2769
    2821
    2816
    2832
    2894
    2965
    2976
    2930
    2987
    3023
    2996
    3008
    3010
    2989
    3110
    3121
    2938
    3053
    3101
    2992
    3084
    2991
    3095
    3104
    2994
    3077
    3008
    2916
    3086
    3027
    2998
    2962
    2904
    3034
    2890
    2841
    2919
    2821
    2839
    2899
    2851
    2782
    2756
    2865
    2726
    2661
    2764
    2781
    2662
    2563
    2564
    2540
    2614
    2632
    2548
    2506
    2641
    2563
    2551
    2574
    2461
    2389
    2472
    2585
    2485
    2387
    2457
    2414
    2469
    2515
    2398
    2446
    2463
    2458
    2513
    2439
    2454
    2472
    2431
    2423
    2503
    2430
    2462
    2501
    2446
    2491
    2472
    2460
    2471
    2467
    2455
    2436
    2477
    2382
    2424
    2485
    2469
    2484
    2462
    2384
    2350
    2450
    2558
    2491
    2427
    2533
    2517
    2525
    2502
    2470
    2481
    2473
    2486
    2646
    2457
    2491
    2439
    2566
    2556
    2444
    2422
    2459
    2465
    2493
    2472
    2460
    2509
    2529
    2502
    2446
    2550
    2586
    2339
    2497
    2470
    2504
    2463
    2528
    2550
    2506
    2571
    2504
    2496
    2623
    2504
    2464
    2495
    2542
    2544
    2486
    2470
    2557
    2513
    2685
    2553
    2512
    2549
    2441
    2493
    2553
    2598
    2640
    2532
    2518
    2509
    2590
    2653
    2545
    2615
    2590
    2622
    2570
    2587
    2599
    2616
    2556
    2527
    2527
    2495
    2609
    2555
    2489
    2540
    2443
    2488
    2466
    2534
    2514
    2569
    2488
    2512
    2532
    2523
    2553
    2414
    2441
    2474
    2601
    2487
    2539
    2559
    2551
    2511
    2460
    2484
    2526
    2422
    2454
    2595
    2516
    2495
    2444
    2482
    2552
    2484
    2424
    2374
    2472
    2461
    2513
    2552
    2483
    2437
    2464
    2509
    2480
    2409
    2543
    2403
    2479
    2503
    2492
    2469
    2508
    2402
    2531
    2449
    2458
    2497
    2587
    2534
    2516
    2503
    2493
    2540
    2498
    2570
    2472
    2467
    2571
    2483
    2585
    2593
    2556
    2606
    2513
    2568
    2476
    2565
    2519
    2516
    2520
    2579
    2581
    2570
    2647
    2626
    2584
    2611
    2525
    2578
    2622
    2643
    2613
    2533
    2610
    2569
    2626
    2593
    2581
    2600
    2568
    2647
    2647
    2649
    2585
    2507
    2661
    2583
    2632
    2550
    2648
    2585
    2654
    2667
    2672
    2547
    2649
    2620
    2647
    2687
    2628
    2590
    2683
    2665
    2708
    2684
    2708
    2724
    2688
    2697
    2646
    2624
    2730
    2680
    2672
    2709
    2694
    2710
    2751
    2720
    2685
    2815
    2776
    2782
    2712
    2606
    2687
    2750
    2705
    2750
    2723
    2671
    2787
    2739
    2606
    2765
    2704
    2709
    2815
    2677
    2668
    2755
    2763
    2799
    2741
    2839
    2720
    2755
    2775
    2773
    2815
    2740
    2825
    2775
    2734
    2738
    2851
    2798
    2780
    2769
    2832
    2833
    2834
    2833
    2774
    2874
    2822
    2928
    2877
    2903
    2796
    2795
    2881
    2954
    3033
    2981
    2927
    2954
    2914
    3015
    2946
    2993
    2940
    2947
    2982
    3086
    2914
    2979
    3043
    3023
    2974
    2937
    3009
    3082
    3029
    3085
    3182
    3060
    3046
    3021
    3118
    3002
    3203
    3154
    3052
    3088
    3243
    3105
    3194
    3109
    3245
    3126
    3160
    3269
    3249
    3382
    3272
    3293
    3329
    3341
    3356
    3293
    3373
    3284
    3287
    3313
    3466
    3325
    3407
    3357
    3323
    3443
    3465
    3495
    3519
    3394
    3474
    3514
    3498
    3552
    3657
    3575
    3493
    3690
    3674
    3660
    3684
    3600
    3708
    3709
    3612
    3673
    3695
    3825
    3703
    3776
    3776
    3713
    4052
    3831
    3878
    3892
    3949
    3962
    4087
    3930
    3956
    4089
    4101
    3970
    4168
    4251
    4202
    4197
    4247
    4352
    4189
    4181
    4379
    4387
    4297
    4454
    4489
    4421
    4323
    4452
    4651
    4499
    4491
    4602
    4625
    4666
    4568
    4751
    4741
    4777
    4866
    4873
    4837
    4988
    5052
    5062
    4995
    5001
    5186
    5130
    5141
    5131
    5305
    5277
    5329
    5266
    5330
    5267
    5385
    5359
    5538
    5534
    5557
    5613
    5724
    5537
    5629
    5556
    5788
    5748
    5870
    5838
    6016
    5979
    5992
    6009
    5984
    5980
    6142
    6271
    6188
    6361
    6352
    6332
    6342
    6363
    6440
    6481
    6699
    6528
    6458
    6681
    6560
    6567
    6678
    6739
    6835
    6697
    6952
    6948
    6911
    6990
    7060
    7045
    6962
    7121
    6995
    7044
    7172
    7263
    7268
    7228
    7227
    7273
    7369
    7292
    7455
    7232
    7355
    7361
    7364
    7505
    7374
    7523
    7423
    7491
    7435
    7454
    7488
    7436
    7485
    7564
    7453
    7227
    7529
    7438
    7365
    7458
    7519
    7340
    7423
    7452
    7439
    7412
    7630
    7573
    7385
    7418
    7460
    7399
    7426
    7553
    7321
    7455
    7498
    7331
    7471
    7174
    7493
    7194
    7370
    7497
    7430
    7414
    7379
    7509
    7444
    7394
    7436
    7364
    7381
    7497
    7320
    7492
    7260
    7477
    7558
    7576
    7322
    7464
    7351
    7435
    7385
    7493
    7526
    7527
    7540
    7572
    7618
    7634
    7612
    7756
    7729
    7625
    7542
    7780
    7733
    7950
    7895
    7833
    7798
    7921
    7969
    7983
    7984
    8089
    8048
    8085
    8269
    8244
    8310
    8268
    8242
    8222
    8332
    8422
    8482
    8533
    8531
    8482
    8578
    8806
    8882
    8792
    8737
    8949
    8789
    8932
    8998
    9028
    9224
    9328
    9286
    9222
    9336
    9478
    9527
    9450
    9640
    9501
    9725
    9983
    9988
    9923
    9970
   10012
   10043
   10146
   10287
   10367
   10674
   10572
   10525
   10551
   10404
   11010
   10804
   10959
   11011
   11037
   11077
   11168
   11343
   11194
   11289
   11529
   11718
   11778
   11647
   11863
   11946
   12141
   12359
   12381
   12483
   12583
   12590
   12682
   12668
   12904
   13093
   13072
   13434
   13545
   13394
   13593
   13756
   13879
   14039
   14168
   14131
   14128
   14407
   14798
   14506
   15070
   14888
   15178
   15576
   15261
   15406
   15455
   15745
   16032
   16053
   16211
   16505
   16159
   16612
   16915
   17007
   16902
   17232
   17610
   17661
   17907
   18063
   17911
   18130
   18191
   18378
   18452
   19020
   18813
   19484
   19374
   19606
   19740
   20152
   20213
   20412
   20545
   20806
   20713
   21486
   21478
   21288
   21588
   21744
   22036
   22155
   22753
   22721
   22858
   23231
   23644
   23761
   23977
   24061
   24058
   24762
   24955
   25156
   25361
   25608
   25988
   26039
   26282
   26702
   26921
   27137
   27571
   27759
   27744
   28411
   28294
   28727
   29036
   29154
   29505
   29966
   29816
   30905
   31018
   31377
   31511
   31788
   32370
   32341
   32914
   33367
   33593
   33831
   34233
   34547
   35203
   35873
   36238
   36431
   36754
   37037
   37689
   38184
   38266
   38762
   39277
   39832
   39987
   40752
   41165
   41694
   42030
   42700
   43232
   44211
   44418
   44680
   45158
   45789
   46501
   46715
   47746
   48412
   48512
   49791
   49983
   50425
   51158
   51902
   52974
   53418
   54211
   54655
   55446
   56142
   56952
   57733
   58290
   59452
   60364
   61077
   62184
   62848
   64111
   64836
   65599
   66664
   67617
   69038
   69742
   70991
   71882
   73763
   74070
   75821
   76460
   78017
   79137
   79575
   81628
   83407
   84474
       0
       0
       0
       0
       0
       0
       0
       0
       0
       0
       0
       0
       0
       0
       0
       0
       0
       0
       0
       0
       0
       0
       0
       0
       0
       0
       0
       0
       0
       0
       0
       0
$ROI:
0
$PRESETS:
None
0
0
$ENER_FIT:
-0.169488 0.023446
$MCA_CAL:
3
-1.694878E-001 2.344633E-002 0.000000E+000 keV
$SHAPE_CAL:
3
0.000000E+000 0.000000E+000 0.000000E+000
