$SPEC_ID:
No sample description was entered.
$SPEC_REM:
DET# 4
DETDESC# JLAB-20 MCB 131
AP# Maestro Version 7.01
$DATE_MEA:
09/29/2025 23:46:44
$MEAS_TIM:
42055 43078
$DATA:
0 2047
       0
       0
       0
       0
       0
       0
       0
       0
       0
       0
       0
       0
       0
       0
       0
       0
       0
       0
       0
       0
       0
       0
       0
       0
       0
       0
       0
       0
       0
       0
       0
       0
       0
       0
       0
       0
       0
       0
       0
       0
       0
       0
       0
       0
       0
       0
       0
       0
       0
       0
       0
       0
       0
       0
       0
       0
       0
       0
       0
       0
       0
       0
       0
       0
       0
       0
       0
       0
       0
     117
    4676
    4708
    4531
    4215
    4365
    4132
    3956
    3954
    3911
    3870
    3734
    4039
    3736
    3698
    3723
    3701
    3693
    3577
    3553
    3600
    3533
    3369
    3446
    3397
    3289
    3328
    3310
    3388
    3304
    3333
    3229
    3233
    3179
    3270
    3101
    3114
    3120
    3059
    3144
    2997
    3022
    2989
    2981
    2947
    2903
    2969
    2883
    2873
    2780
    2824
    2786
    2768
    2785
    2805
    2830
    2796
    2770
    2790
    2718
    2667
    2706
    2669
    2634
    2645
    2524
    2641
    2637
    2690
    2647
    2546
    2608
    2537
    2505
    2598
    2499
    2499
    2517
    2562
    2538
    2525
    2372
    2504
    2381
    2377
    2364
    2382
    2406
    2385
    2434
    2408
    2400
    2324
    2334
    2323
    2316
    2296
    2296
    2400
    2298
    2334
    2306
    2290
    2329
    2226
    2324
    2277
    2339
    2224
    2250
    2301
    2231
    2168
    2238
    2232
    2205
    2253
    2224
    2212
    2224
    2215
    2220
    2196
    2101
    2247
    2241
    2171
    2174
    2116
    2161
    2199
    2142
    2205
    2161
    2176
    2046
    2114
    2086
    2141
    2130
    2070
    2089
    2162
    2091
    2028
    2132
    2127
    2085
    2081
    2076
    2115
    2136
    2092
    2123
    2164
    2115
    2155
    2058
    2110
    2092
    2053
    2062
    2045
    2096
    2156
    2112
    2081
    2050
    2120
    2044
    2029
    2102
    2063
    2109
    2009
    2078
    2069
    2001
    2038
    2065
    2042
    2063
    2063
    2093
    2111
    2095
    2055
    2042
    2145
    2148
    2131
    2079
    2021
    2198
    2156
    2104
    2066
    2108
    2157
    2141
    2143
    2101
    2080
    2108
    2172
    2207
    2108
    2144
    2110
    2157
    2135
    2121
    2130
    2184
    2252
    2203
    2118
    2205
    2158
    2216
    2144
    2149
    2154
    2245
    2169
    2212
    2281
    2190
    2199
    2209
    2314
    2252
    2380
    2424
    2424
    2601
    2534
    2637
    2827
    3101
    3311
    3521
    3845
    4294
    4735
    5097
    5775
    6428
    7100
    7953
    9079
    9943
   11232
   12147
   13533
   14903
   16310
   17666
   19128
   20240
   21998
   23276
   24725
   25855
   26913
   27862
   29255
   29814
   30544
   31059
   31911
   32082
   32874
   33035
   33407
   33125
   33329
   33535
   33396
   33401
   32984
   32541
   32194
   31850
   31392
   31275
   30691
   29930
   29748
   29083
   28638
   27952
   27337
   26669
   25905
   25258
   24440
   23739
   22948
   22041
   21371
   20367
   19668
   18932
   18264
   17462
   16898
   15888
   15154
   14410
   13977
   13382
   12738
   11888
   11613
   11107
   10714
   10497
    9911
    9551
    9325
    9022
    8628
    8470
    8122
    8076
    7469
    7498
    7207
    6756
    6577
    6342
    5980
    5977
    5414
    5136
    4981
    4725
    4518
    4276
    4003
    3716
    3643
    3180
    3172
    2862
    2689
    2568
    2374
    2296
    2024
    1949
    1831
    1802
    1726
    1700
    1655
    1501
    1502
    1508
    1470
    1511
    1446
    1438
    1510
    1383
    1419
    1361
    1462
    1404
    1406
    1368
    1458
    1427
    1461
    1396
    1404
    1378
    1465
    1343
    1394
    1348
    1380
    1367
    1391
    1398
    1367
    1371
    1414
    1413
    1386
    1353
    1324
    1331
    1332
    1281
    1301
    1373
    1279
    1256
    1277
    1329
    1328
    1350
    1291
    1300
    1292
    1266
    1254
    1329
    1246
    1240
    1221
    1321
    1270
    1260
    1287
    1276
    1349
    1202
    1245
    1219
    1217
    1181
    1246
    1179
    1179
    1177
    1266
    1237
    1237
    1210
    1175
    1269
    1239
    1223
    1274
    1243
    1181
    1225
    1193
    1185
    1173
    1208
    1201
    1211
    1204
    1268
    1205
    1140
    1223
    1235
    1232
    1200
    1168
    1208
    1215
    1225
    1134
    1222
    1237
    1206
    1206
    1234
    1257
    1228
    1283
    1182
    1264
    1187
    1212
    1241
    1232
    1177
    1202
    1243
    1285
    1181
    1242
    1226
    1175
    1162
    1142
    1230
    1171
    1179
    1161
    1140
    1218
    1143
    1182
    1125
    1169
    1181
    1160
    1088
    1123
    1093
    1134
    1138
    1124
    1106
    1079
    1143
    1134
    1095
    1076
    1113
    1127
    1065
    1104
    1122
    1111
    1081
    1125
    1075
    1105
    1100
    1076
    1026
    1050
    1113
    1037
    1014
    1015
    1065
    1009
    1068
    1031
    1023
    1060
    1060
    1070
    1084
    1051
    1090
    1042
    1027
    1042
     998
     989
    1047
    1071
    1041
    1065
    1067
    1022
    1012
    1098
    1040
    1083
    1035
     998
    1052
    1022
    1067
     990
    1040
     994
    1040
     987
    1043
    1005
    1060
    1051
    1077
    1049
    1051
    1065
     989
    1082
    1040
    1045
    1010
     991
    1053
    1058
    1073
    1054
    1056
    1009
    1048
    1010
    1014
    1003
    1011
    1004
    1028
    1032
     979
     999
     991
     996
    1060
    1027
    1017
     987
     954
     951
     982
    1002
    1024
     983
     957
    1005
     987
     998
    1037
    1008
     975
    1009
    1008
     967
    1011
     965
     964
     994
     997
     980
     964
    1037
     991
     994
     991
     999
     978
     995
    1011
     978
     972
     974
     927
     988
    1007
     985
    1000
     975
     989
     972
     958
     970
    1008
     942
     968
     965
     926
     950
     960
     995
    1009
     987
     993
     935
     940
     982
     958
     967
     949
     970
     969
     951
     947
     937
     915
     928
    1008
     941
     971
     949
     944
     936
     966
     915
     927
     945
     945
     927
     949
     976
     920
     937
     934
     985
     928
     971
     877
     940
     946
     904
     945
     939
     928
     924
     938
    1002
     934
     932
     857
     923
     929
     938
     952
     913
     903
     973
     901
     924
     873
     934
     939
     912
     937
     890
     868
     905
     930
     870
     888
     904
     895
     927
     868
     892
     928
     907
     976
     929
     955
     841
     959
     937
     905
     874
     917
     934
     881
     892
     918
     879
     853
     847
     892
     846
     916
     916
     934
     897
     900
     899
     867
     891
     891
     832
     891
     865
     854
     851
     937
     854
     885
     874
     877
     838
     858
     942
     905
     899
     859
     903
     913
     852
     795
     874
     883
     869
     903
     865
     957
     894
     881
     857
     921
     889
     873
     863
     846
     824
     867
     916
     870
     836
     900
     886
     898
     898
     865
     834
     914
     855
     850
     886
     882
     844
     857
     870
     861
     835
     892
     881
     854
     817
     832
     874
     797
     872
     880
     913
     864
     855
     828
     824
     840
     845
     897
     861
     871
     856
     871
     832
     833
     860
     836
     846
     854
     853
     818
     816
     852
     834
     821
     884
     883
     831
     897
     867
     820
     860
     937
     851
     833
     834
     810
     874
     884
     823
     813
     844
     893
     889
     867
     916
     933
     894
     867
     871
     942
     876
     849
     874
     872
     874
     860
     905
     890
     896
     885
     807
     868
     865
     850
     875
     911
     786
     890
     840
     908
     879
     862
     852
     832
     874
     872
     812
     831
     847
     901
     864
     865
     860
     838
     811
     910
     840
     827
     887
     863
     857
     861
     889
     821
     838
     773
     833
     777
     846
     899
     783
     795
     827
     840
     854
     848
     843
     811
     841
     790
     881
     861
     883
     788
     810
     818
     858
     839
     787
     827
     822
     864
     832
     853
     808
     885
     878
     848
     841
     898
     824
     845
     895
     854
     859
     831
     924
     854
     876
     857
     864
     831
     892
     863
     838
     879
     833
     874
     883
     876
     852
     823
     903
     876
     874
     880
     890
     886
     888
     877
     898
     877
     823
     864
     839
     849
     900
     849
     826
     865
     875
     913
     874
     906
     886
     912
     901
     858
     870
     882
     911
     860
     887
     845
     843
     823
     795
     844
     847
     887
     842
     849
     836
     857
     827
     823
     808
     834
     862
     830
     860
     789
     819
     834
     822
     790
     835
     790
     769
     822
     809
     862
     854
     848
     828
     832
     843
     855
     834
     793
     869
     921
     862
     844
     897
     874
     899
     908
     879
     920
     877
     876
     906
     940
     919
     928
     956
     996
     872
     980
     983
     897
     897
     862
     950
     899
     886
     943
     860
     885
     933
     960
     879
     930
     887
     951
     896
     859
     881
     893
     869
     886
     866
     824
     862
     901
     830
     850
     863
     839
     821
     773
     761
     781
     845
     827
     814
     773
     795
     822
     788
     798
     748
     753
     772
     820
     786
     695
     782
     730
     783
     766
     710
     765
     735
     764
     827
     776
     766
     755
     749
     703
     781
     728
     739
     801
     735
     759
     746
     765
     775
     769
     733
     741
     772
     718
     733
     785
     687
     777
     776
     755
     723
     748
     742
     745
     762
     729
     774
     785
     748
     742
     779
     764
     770
     845
     741
     766
     764
     784
     772
     739
     706
     752
     740
     739
     740
     762
     786
     794
     741
     777
     770
     784
     741
     788
     737
     758
     773
     738
     782
     735
     767
     777
     805
     808
     758
     753
     722
     774
     781
     809
     735
     783
     794
     849
     743
     802
     795
     757
     790
     753
     784
     813
     775
     744
     786
     766
     814
     753
     779
     764
     818
     797
     830
     801
     775
     804
     818
     792
     775
     804
     799
     744
     772
     776
     757
     765
     744
     733
     816
     740
     741
     764
     792
     751
     708
     791
     731
     801
     787
     785
     799
     791
     759
     791
     774
     803
     742
     756
     798
     791
     809
     748
     751
     769
     756
     743
     728
     738
     795
     759
     798
     738
     738
     741
     801
     773
     732
     775
     788
     772
     789
     760
     737
     749
     746
     776
     750
     784
     782
     818
     766
     827
     763
     729
     779
     727
     763
     729
     778
     797
     776
     789
     770
     786
     823
     804
     825
     773
     775
     757
     761
     788
     780
     785
     781
     817
     816
     803
     836
     785
     778
     787
     803
     811
     749
     809
     808
     800
     786
     802
     817
     805
     825
     854
     812
     780
     779
     829
     795
     833
     802
     803
     811
     820
     836
     817
     815
     783
     829
     772
     824
     817
     776
     798
     841
     809
     792
     797
     879
     826
     818
     803
     803
     857
     876
     785
     815
     818
     844
     838
     851
     808
     889
     851
     840
     826
     815
     799
     814
     762
     856
     873
     887
     826
     878
     777
     870
     830
     850
     842
     849
     820
     806
     886
     888
     871
     919
     849
     820
     835
     865
     892
     835
     848
     840
     846
     819
     860
     886
     838
     849
     866
     909
     836
     924
     863
     888
     891
     928
     903
     873
     882
     867
     884
     905
     948
     915
     920
     915
     917
     905
     874
     938
     936
     924
     891
     987
     868
     905
     956
     950
     925
     917
     922
     969
     977
     940
     985
     911
     886
     898
     955
     939
     969
     968
     933
     944
    1002
     925
     966
     945
     965
     956
     940
    1038
     981
    1044
     994
     969
    1056
    1002
    1032
    1009
    1023
     996
     989
    1024
    1064
    1022
    1060
    1013
     987
    1050
    1038
    1063
    1094
    1058
    1056
    1104
    1137
    1066
    1110
    1076
    1057
    1116
    1165
    1135
    1132
    1093
    1140
    1139
    1140
    1144
    1131
    1207
    1145
    1141
    1112
    1095
    1237
    1182
    1193
    1247
    1208
    1235
    1217
    1219
    1236
    1210
    1242
    1230
    1304
    1328
    1262
    1300
    1320
    1327
    1256
    1305
    1287
    1316
    1286
    1379
    1382
    1376
    1357
    1373
    1455
    1366
    1403
    1419
    1435
    1420
    1403
    1468
    1449
    1486
    1487
    1480
    1457
    1573
    1570
    1590
    1545
    1530
    1608
    1550
    1496
    1548
    1648
    1546
    1651
    1706
    1673
    1623
    1701
    1620
    1772
    1714
    1671
    1800
    1754
    1637
    1758
    1680
    1759
    1733
    1799
    1742
    1907
    1819
    1915
    1899
    1818
    1815
    1920
    1953
    1855
    2004
    1972
    1977
    1973
    1947
    1917
    1995
    2157
    2058
    1956
    2050
    1967
    2006
    2052
    2048
    2033
    2088
    2117
    2171
    2084
    2187
    2192
    2206
    2172
    2188
    2153
    2256
    2261
    2265
    2340
    2221
    2182
    2268
    2254
    2256
    2238
    2244
    2296
    2257
    2287
    2273
    2247
    2305
    2333
    2231
    2291
    2342
    2278
    2279
    2322
    2285
    2300
    2195
    2340
    2340
    2258
    2287
    2304
    2205
    2370
    2324
    2298
    2338
    2375
    2303
    2349
    2301
    2237
    2360
    2264
    2347
    2287
    2403
    2289
    2192
    2273
    2220
    2272
    2255
    2182
    2307
    2345
    2247
    2314
    2282
    2250
    2262
    2241
    2217
    2217
    2323
    2335
    2269
    2276
    2290
    2319
    2351
    2235
    2268
    2266
    2235
    2321
    2225
    2260
    2347
    2286
    2298
    2334
    2308
    2358
    2351
    2408
    2362
    2293
    2379
    2339
    2441
    2395
    2508
    2388
    2441
    2425
    2564
    2465
    2548
    2495
    2465
    2570
    2522
    2500
    2584
    2545
    2455
    2467
    2678
    2587
    2554
    2626
    2645
    2611
    2667
    2613
    2633
    2723
    2694
    2640
    2773
    2771
    2787
    2773
    2941
    2898
    2882
    2841
    2961
    2965
    2905
    3014
    2843
    3011
    3053
    3060
    3111
    3049
    3087
    3060
    3154
    3120
    3124
    3313
    3307
    3189
    3319
    3184
    3379
    3319
    3375
    3356
    3448
    3437
    3343
    3460
    3412
    3493
    3588
    3632
    3681
    3542
    3706
    3646
    3657
    3870
    3783
    3789
    3842
    3819
    3948
    3903
    3992
    4064
    4067
    4170
    4105
    4201
    4249
    4183
    4260
    4301
    4334
    4373
    4241
    4458
    4588
    4478
    4647
    4643
    4702
    4827
    4793
    4679
    4778
    4885
    5003
    4892
    5040
    5053
    4842
    4960
    5219
    5201
    5162
    5308
    5341
    5476
    5470
    5462
    5509
    5626
    5516
    5664
    5738
    5913
    5773
    5931
    5977
    5856
    6063
    6197
    6153
    6257
    6433
    6435
    6438
    6550
    6695
    6538
    6648
    6704
    6785
    6895
    6890
    7040
    7013
    7236
    7263
    7290
    7387
    7438
    7373
    7555
    7599
    7800
    7822
    7956
    7963
    7965
    7977
    8188
    8336
    8399
    8382
    8567
    8570
    8649
    8792
    8874
    9016
    9018
    9233
    9320
    9154
    9575
    9508
    9673
    9778
    9723
    9923
   10006
   10089
   10137
   10383
   10463
   10578
   10758
   10743
   11031
   11171
   11217
   11246
   11469
   11556
   11727
   11758
   12079
   12141
   12205
   12362
   12407
   12774
   12941
   12760
   13263
   13140
   13605
   13633
   13804
   14002
   14007
   14391
   14428
   14717
   14950
   14902
   15408
   15389
   15647
   15737
   16163
   15994
   16310
   16734
   16830
   17128
   17180
   17739
   17805
   17869
   18251
   18493
   18801
   19125
   19308
   19702
   20276
   20250
   20496
   21078
   21244
   21555
   21854
   22459
   22729
   22879
   23488
   23455
   23979
   24286
   24592
   25130
   25816
   26167
       0
       0
       0
       0
       0
       0
       0
       0
       0
       0
       0
       0
       0
       0
       0
       0
       0
       0
       0
       0
       0
       0
       0
       0
       0
       0
       0
       0
       0
       0
       0
       0
$ROI:
0
$PRESETS:
None
0
0
$ENER_FIT:
-0.169488 0.023446
$MCA_CAL:
3
-1.694878E-001 2.344633E-002 0.000000E+000 keV
$SHAPE_CAL:
3
0.000000E+000 0.000000E+000 0.000000E+000
