$SPEC_ID:
No sample description was entered.
$SPEC_REM:
DET# 4
DETDESC# JLAB-20 MCB 131
AP# Maestro Version 7.01
$DATE_MEA:
09/29/2025 14:46:44
$MEAS_TIM:
10419 10677
$DATA:
0 2047
       0
       0
       0
       0
       0
       0
       0
       0
       0
       0
       0
       0
       0
       0
       0
       0
       0
       0
       0
       0
       0
       0
       0
       0
       0
       0
       0
       0
       0
       0
       0
       0
       0
       0
       0
       0
       0
       0
       0
       0
       0
       0
       0
       0
       0
       0
       0
       0
       0
       0
       0
       0
       0
       0
       0
       0
       0
       0
       0
       0
       0
       0
       0
       0
       0
       0
       0
       0
       0
      26
    1145
    1228
    1149
    1018
    1102
    1038
    1031
     929
     975
     977
     912
    1001
     950
     923
     955
     947
     904
     923
     892
     871
     898
     857
     842
     776
     785
     817
     795
     827
     839
     843
     824
     801
     800
     798
     779
     780
     728
     742
     763
     704
     714
     718
     775
     700
     725
     748
     695
     666
     714
     739
     679
     670
     687
     695
     709
     690
     690
     689
     689
     689
     653
     692
     670
     690
     614
     674
     669
     631
     629
     648
     606
     611
     610
     696
     620
     599
     608
     655
     638
     645
     633
     619
     645
     610
     588
     586
     593
     614
     580
     553
     593
     573
     554
     559
     601
     576
     596
     602
     596
     583
     583
     548
     595
     539
     561
     536
     631
     584
     560
     597
     552
     541
     580
     534
     505
     507
     553
     572
     549
     539
     548
     531
     523
     561
     550
     557
     532
     554
     523
     527
     516
     593
     529
     561
     502
     503
     507
     566
     538
     514
     511
     508
     492
     500
     543
     499
     504
     564
     532
     510
     533
     539
     522
     542
     539
     548
     510
     579
     513
     512
     528
     491
     526
     564
     537
     561
     524
     497
     479
     480
     535
     495
     497
     503
     498
     530
     494
     478
     485
     470
     502
     517
     497
     505
     513
     509
     538
     551
     537
     527
     509
     525
     576
     549
     518
     499
     542
     511
     513
     540
     527
     525
     541
     541
     572
     532
     564
     536
     511
     549
     537
     546
     555
     541
     496
     511
     584
     564
     522
     514
     549
     502
     581
     569
     531
     589
     542
     492
     574
     609
     587
     589
     588
     580
     637
     627
     657
     684
     765
     834
     883
     960
    1069
    1165
    1268
    1356
    1638
    1708
    1992
    2205
    2430
    2679
    3008
    3283
    3599
    3966
    4169
    4676
    4960
    5290
    5774
    6082
    6365
    6452
    6896
    7272
    7169
    7414
    7657
    7975
    7950
    8181
    8184
    8325
    8080
    8337
    8363
    8208
    8344
    8154
    8049
    7999
    8006
    7886
    7788
    7550
    7459
    7429
    7194
    7108
    6931
    6764
    6514
    6519
    6310
    5991
    5937
    5746
    5578
    5239
    5022
    4858
    4678
    4517
    4355
    4277
    3914
    3797
    3584
    3449
    3306
    3226
    2905
    2970
    2835
    2742
    2720
    2458
    2331
    2345
    2318
    2091
    2136
    2061
    2039
    1851
    1898
    1815
    1657
    1695
    1545
    1454
    1517
    1316
    1276
    1254
    1177
    1150
    1128
     984
     913
     921
     837
     815
     726
     696
     668
     622
     599
     506
     514
     456
     460
     428
     432
     417
     373
     369
     369
     372
     389
     370
     353
     387
     329
     370
     292
     356
     364
     362
     332
     346
     373
     344
     333
     355
     365
     364
     307
     344
     318
     348
     318
     356
     343
     326
     368
     326
     366
     371
     341
     313
     341
     324
     307
     336
     340
     334
     329
     322
     332
     345
     331
     337
     308
     327
     317
     272
     329
     290
     306
     323
     336
     313
     308
     306
     318
     325
     291
     300
     299
     305
     282
     296
     260
     282
     305
     317
     287
     313
     328
     301
     301
     314
     318
     342
     300
     277
     289
     307
     298
     286
     317
     280
     297
     282
     320
     305
     297
     280
     310
     330
     301
     287
     292
     295
     309
     267
     301
     331
     285
     258
     296
     311
     333
     338
     265
     304
     288
     318
     314
     291
     299
     297
     306
     306
     286
     321
     327
     294
     288
     266
     291
     264
     279
     301
     271
     298
     285
     287
     285
     264
     299
     285
     258
     281
     269
     265
     307
     272
     271
     306
     287
     284
     272
     271
     266
     269
     248
     249
     284
     265
     270
     258
     263
     279
     271
     260
     264
     253
     253
     241
     273
     231
     253
     252
     249
     240
     270
     258
     262
     240
     277
     277
     278
     258
     274
     270
     233
     230
     254
     263
     260
     245
     271
     245
     248
     276
     263
     265
     244
     240
     258
     245
     265
     231
     257
     242
     263
     245
     290
     250
     277
     252
     248
     270
     273
     253
     263
     243
     266
     238
     231
     264
     249
     270
     246
     262
     263
     273
     238
     224
     254
     242
     272
     276
     263
     256
     223
     245
     254
     239
     275
     260
     230
     263
     254
     238
     249
     248
     254
     235
     224
     267
     244
     243
     228
     240
     260
     226
     267
     227
     238
     231
     241
     249
     246
     263
     218
     267
     234
     272
     254
     250
     247
     252
     255
     221
     215
     241
     245
     249
     246
     240
     249
     230
     244
     259
     236
     219
     244
     216
     243
     254
     266
     241
     230
     242
     250
     232
     266
     250
     236
     233
     228
     249
     228
     244
     245
     230
     221
     226
     215
     249
     236
     210
     263
     253
     217
     215
     253
     222
     227
     229
     250
     249
     231
     244
     223
     230
     236
     253
     213
     237
     226
     252
     238
     248
     239
     253
     231
     215
     242
     248
     205
     233
     219
     221
     235
     236
     242
     253
     232
     227
     247
     208
     223
     248
     228
     232
     237
     211
     200
     210
     218
     200
     207
     205
     242
     242
     213
     240
     253
     231
     226
     234
     234
     201
     221
     223
     240
     216
     233
     227
     225
     220
     222
     232
     217
     202
     222
     224
     207
     251
     223
     217
     236
     227
     206
     233
     210
     239
     220
     226
     220
     207
     239
     187
     197
     215
     212
     210
     209
     237
     229
     212
     202
     208
     222
     220
     186
     211
     212
     214
     242
     201
     273
     226
     214
     220
     230
     224
     231
     213
     217
     213
     210
     249
     230
     195
     225
     204
     227
     209
     205
     211
     234
     198
     203
     221
     206
     214
     233
     222
     196
     202
     221
     190
     213
     193
     236
     214
     212
     222
     250
     207
     208
     205
     210
     226
     221
     235
     229
     222
     214
     205
     212
     211
     193
     195
     232
     209
     209
     183
     193
     227
     220
     198
     198
     208
     229
     200
     241
     222
     212
     199
     228
     194
     185
     194
     200
     196
     194
     234
     219
     207
     210
     203
     212
     217
     231
     234
     225
     214
     233
     227
     212
     211
     204
     223
     207
     207
     226
     226
     213
     194
     207
     205
     213
     225
     235
     196
     229
     205
     213
     212
     220
     216
     208
     229
     227
     213
     201
     203
     228
     230
     209
     217
     198
     218
     228
     227
     218
     211
     211
     190
     183
     214
     214
     215
     194
     201
     192
     215
     217
     187
     201
     199
     221
     203
     221
     204
     210
     227
     193
     226
     206
     202
     210
     193
     200
     225
     212
     199
     200
     200
     216
     205
     207
     206
     211
     209
     205
     208
     221
     223
     227
     210
     235
     221
     179
     205
     225
     209
     195
     208
     214
     213
     205
     174
     206
     214
     193
     222
     219
     207
     195
     233
     224
     190
     198
     200
     210
     220
     208
     229
     211
     199
     224
     205
     210
     225
     204
     218
     217
     203
     236
     211
     208
     215
     239
     223
     231
     204
     225
     217
     246
     242
     205
     191
     229
     199
     222
     225
     217
     193
     203
     200
     201
     218
     213
     202
     214
     211
     197
     192
     204
     220
     180
     196
     173
     224
     189
     194
     227
     194
     220
     226
     220
     209
     207
     218
     214
     185
     188
     233
     233
     216
     239
     218
     211
     191
     210
     224
     217
     213
     210
     211
     210
     229
     247
     231
     245
     221
     253
     253
     227
     225
     213
     196
     196
     218
     235
     217
     236
     244
     243
     207
     218
     221
     241
     212
     217
     229
     228
     219
     223
     241
     187
     213
     235
     216
     209
     202
     227
     207
     189
     178
     199
     211
     210
     218
     191
     216
     204
     193
     219
     195
     172
     193
     195
     209
     152
     180
     175
     185
     186
     178
     178
     186
     176
     195
     190
     183
     169
     190
     176
     188
     183
     177
     203
     182
     192
     188
     201
     175
     184
     191
     200
     185
     178
     177
     190
     169
     198
     200
     190
     193
     182
     183
     196
     181
     190
     204
     175
     183
     178
     186
     204
     179
     222
     188
     198
     196
     182
     186
     166
     166
     186
     172
     171
     169
     195
     180
     220
     179
     212
     193
     181
     169
     199
     155
     183
     205
     184
     193
     190
     178
     197
     206
     192
     198
     211
     167
     177
     206
     214
     193
     206
     200
     203
     194
     240
     198
     166
     187
     182
     202
     207
     231
     192
     215
     194
     218
     163
     191
     183
     198
     184
     228
     194
     170
     192
     186
     182
     196
     190
     173
     178
     196
     179
     191
     195
     178
     192
     207
     161
     185
     193
     174
     172
     175
     194
     162
     196
     200
     167
     210
     198
     187
     201
     183
     204
     173
     159
     224
     197
     190
     204
     165
     165
     195
     185
     179
     178
     178
     184
     196
     189
     193
     190
     207
     205
     203
     180
     177
     220
     179
     182
     206
     183
     185
     193
     194
     205
     195
     200
     171
     208
     193
     191
     202
     195
     200
     160
     190
     200
     213
     196
     205
     199
     188
     215
     195
     185
     197
     184
     178
     197
     212
     155
     182
     197
     196
     199
     193
     185
     205
     186
     202
     204
     180
     213
     227
     191
     192
     210
     206
     205
     190
     222
     205
     187
     220
     201
     200
     220
     199
     196
     206
     193
     186
     200
     199
     186
     225
     183
     219
     211
     193
     191
     206
     208
     184
     191
     231
     200
     218
     215
     209
     218
     225
     187
     207
     204
     205
     219
     216
     200
     205
     232
     223
     187
     191
     194
     200
     200
     204
     194
     239
     219
     229
     190
     223
     209
     215
     184
     222
     201
     196
     226
     220
     204
     225
     196
     205
     201
     219
     226
     208
     210
     213
     238
     182
     224
     216
     202
     221
     210
     233
     223
     246
     218
     204
     215
     206
     231
     231
     228
     233
     199
     228
     229
     252
     240
     226
     259
     208
     212
     227
     249
     217
     217
     255
     231
     206
     227
     224
     231
     216
     261
     247
     238
     216
     233
     245
     246
     239
     256
     226
     229
     218
     235
     254
     242
     223
     262
     209
     221
     223
     225
     268
     224
     257
     242
     236
     244
     235
     251
     238
     251
     253
     224
     273
     279
     248
     241
     250
     242
     256
     243
     274
     289
     231
     267
     267
     306
     270
     299
     271
     234
     284
     309
     280
     265
     265
     266
     279
     288
     282
     300
     307
     283
     312
     258
     280
     321
     284
     292
     308
     306
     299
     299
     315
     295
     274
     309
     320
     379
     336
     306
     327
     327
     338
     298
     308
     306
     338
     299
     355
     345
     319
     332
     338
     357
     348
     329
     355
     315
     337
     342
     351
     340
     394
     384
     369
     378
     409
     387
     418
     410
     382
     378
     375
     396
     360
     424
     392
     412
     415
     436
     405
     426
     388
     470
     413
     394
     441
     439
     396
     440
     404
     428
     447
     418
     420
     466
     444
     473
     472
     438
     471
     454
     498
     458
     493
     457
     484
     496
     447
     443
     472
     521
     494
     495
     514
     482
     489
     527
     488
     491
     512
     522
     543
     521
     522
     535
     553
     555
     552
     520
     565
     542
     554
     523
     532
     507
     515
     562
     554
     550
     529
     587
     565
     587
     597
     546
     543
     554
     580
     552
     566
     581
     565
     603
     594
     551
     561
     572
     602
     552
     538
     586
     544
     581
     574
     570
     592
     601
     574
     576
     570
     591
     576
     571
     610
     544
     574
     561
     534
     536
     532
     552
     564
     573
     562
     562
     535
     538
     591
     568
     584
     576
     511
     520
     589
     595
     568
     577
     554
     560
     580
     566
     540
     550
     573
     596
     550
     548
     582
     551
     576
     594
     550
     588
     593
     609
     567
     599
     594
     569
     619
     626
     602
     619
     603
     604
     669
     615
     665
     615
     605
     613
     656
     610
     643
     631
     612
     592
     647
     663
     606
     643
     635
     619
     607
     645
     640
     645
     642
     669
     683
     647
     726
     672
     741
     679
     706
     723
     712
     754
     726
     749
     723
     746
     733
     743
     753
     732
     772
     729
     785
     791
     765
     785
     801
     803
     818
     781
     804
     833
     812
     818
     868
     856
     813
     813
     891
     849
     888
     904
     861
     869
     911
     879
     922
     958
     919
     910
     968
     939
     949
     975
     987
    1015
     969
    1008
     989
    1034
    1049
    1013
    1104
    1067
    1033
    1112
    1042
    1024
    1173
    1078
    1114
    1149
    1155
    1228
    1171
    1164
    1160
    1174
    1249
    1206
    1239
    1282
    1191
    1253
    1278
    1261
    1331
    1288
    1288
    1349
    1349
    1375
    1276
    1403
    1381
    1380
    1401
    1472
    1379
    1453
    1479
    1414
    1465
    1542
    1474
    1550
    1592
    1578
    1584
    1555
    1645
    1596
    1622
    1629
    1681
    1652
    1668
    1730
    1722
    1784
    1730
    1810
    1808
    1808
    1875
    1874
    1811
    1962
    1952
    1927
    1968
    1915
    1953
    1986
    2053
    2050
    2040
    2137
    2084
    2095
    2161
    2244
    2176
    2171
    2345
    2368
    2197
    2412
    2352
    2412
    2442
    2309
    2442
    2396
    2464
    2504
    2494
    2562
    2501
    2652
    2593
    2702
    2688
    2832
    2695
    2740
    2812
    2836
    2819
    2968
    2976
    2915
    3001
    2950
    3130
    3158
    3137
    3310
    3175
    3331
    3340
    3388
    3403
    3343
    3589
    3430
    3616
    3641
    3691
    3823
    3807
    3861
    3804
    3838
    3856
    3927
    4079
    4145
    4250
    4107
    4362
    4411
    4335
    4438
    4497
    4572
    4579
    4660
    4867
    4928
    4906
    4868
    5249
    5158
    5334
    5288
    5512
    5563
    5561
    5674
    5644
    5830
    5879
    5951
    6195
    6364
    6380
       0
       0
       0
       0
       0
       0
       0
       0
       0
       0
       0
       0
       0
       0
       0
       0
       0
       0
       0
       0
       0
       0
       0
       0
       0
       0
       0
       0
       0
       0
       0
       0
$ROI:
0
$PRESETS:
None
0
0
$ENER_FIT:
-0.169488 0.023446
$MCA_CAL:
3
-1.694878E-001 2.344633E-002 0.000000E+000 keV
$SHAPE_CAL:
3
0.000000E+000 0.000000E+000 0.000000E+000
