$SPEC_ID:
No sample description was entered.
$SPEC_REM:
DET# 4
DETDESC# JLAB-20 MCB 131
AP# Maestro Version 7.01
$DATE_MEA:
09/30/2025 06:16:44
$MEAS_TIM:
64901 66479
$DATA:
0 2047
       0
       0
       0
       0
       0
       0
       0
       0
       0
       0
       0
       0
       0
       0
       0
       0
       0
       0
       0
       0
       0
       0
       0
       0
       0
       0
       0
       0
       0
       0
       0
       0
       0
       0
       0
       0
       0
       0
       0
       0
       0
       0
       0
       0
       0
       0
       0
       0
       0
       0
       0
       0
       0
       0
       1
       0
       0
       0
       0
       0
       0
       0
       0
       1
       0
       1
       0
       0
       0
     231
    7261
    7386
    6986
    6653
    6758
    6414
    6268
    6237
    6162
    5991
    5868
    6114
    5814
    5845
    5761
    5800
    5695
    5518
    5480
    5639
    5443
    5167
    5338
    5226
    5182
    5129
    5152
    5247
    5127
    5149
    5083
    5020
    4963
    5045
    4856
    4765
    4820
    4736
    4817
    4712
    4655
    4571
    4632
    4572
    4455
    4524
    4499
    4453
    4329
    4305
    4331
    4325
    4265
    4299
    4325
    4287
    4352
    4211
    4165
    4136
    4232
    4145
    3995
    4065
    3951
    4059
    4050
    4074
    4044
    3947
    3961
    4003
    3928
    3908
    3922
    3876
    3870
    3947
    3914
    3941
    3734
    3886
    3642
    3788
    3696
    3692
    3739
    3710
    3764
    3639
    3697
    3586
    3593
    3646
    3640
    3619
    3618
    3588
    3601
    3621
    3539
    3521
    3558
    3473
    3612
    3545
    3615
    3442
    3504
    3529
    3404
    3435
    3511
    3427
    3407
    3443
    3373
    3402
    3405
    3376
    3370
    3356
    3293
    3385
    3459
    3348
    3406
    3311
    3343
    3421
    3315
    3355
    3336
    3352
    3203
    3274
    3244
    3239
    3296
    3258
    3283
    3317
    3194
    3122
    3356
    3284
    3247
    3208
    3215
    3318
    3279
    3247
    3230
    3334
    3276
    3318
    3168
    3228
    3293
    3191
    3214
    3223
    3166
    3248
    3264
    3225
    3152
    3261
    3138
    3223
    3192
    3226
    3204
    3090
    3241
    3224
    3202
    3175
    3232
    3188
    3203
    3162
    3244
    3274
    3224
    3196
    3164
    3280
    3290
    3282
    3201
    3130
    3326
    3313
    3234
    3261
    3227
    3308
    3349
    3337
    3211
    3247
    3265
    3347
    3376
    3286
    3315
    3290
    3312
    3342
    3307
    3293
    3357
    3383
    3352
    3286
    3408
    3306
    3322
    3384
    3361
    3264
    3441
    3379
    3375
    3433
    3412
    3447
    3467
    3550
    3501
    3629
    3729
    3757
    4019
    3990
    4120
    4409
    4710
    5120
    5448
    5916
    6654
    7194
    7926
    8886
    9969
   11061
   12409
   13920
   15389
   17220
   18932
   20959
   23226
   25203
   27414
   29452
   31326
   33873
   35973
   38062
   39790
   41425
   43205
   45078
   45692
   47411
   47999
   49092
   49794
   50330
   51021
   51330
   51123
   51387
   51538
   51419
   51301
   50870
   50200
   49791
   49270
   48552
   48168
   47559
   46555
   45770
   44966
   44134
   43227
   42113
   41029
   40156
   38982
   37686
   36686
   35548
   34148
   32842
   31363
   30283
   29386
   28175
   27054
   26061
   24605
   23561
   22271
   21397
   20491
   19606
   18513
   17791
   17127
   16573
   16125
   15313
   14789
   14390
   13905
   13441
   13181
   12584
   12445
   11628
   11456
   11047
   10504
   10161
    9788
    9258
    9218
    8530
    8091
    7623
    7302
    6952
    6606
    6119
    5689
    5557
    4950
    4910
    4405
    4197
    3917
    3675
    3503
    3167
    3034
    2851
    2779
    2694
    2605
    2547
    2341
    2334
    2334
    2265
    2265
    2231
    2188
    2270
    2171
    2158
    2114
    2237
    2205
    2194
    2136
    2241
    2192
    2242
    2148
    2170
    2227
    2218
    2069
    2165
    2125
    2172
    2163
    2107
    2159
    2098
    2144
    2102
    2177
    2141
    2068
    2073
    2066
    2060
    2008
    2034
    2089
    2001
    1981
    2035
    2016
    2044
    2050
    2006
    2004
    1983
    1945
    1963
    2018
    1946
    1927
    1900
    1997
    1950
    1931
    1932
    1963
    2035
    1859
    1941
    1921
    1886
    1857
    1940
    1805
    1861
    1835
    1948
    1885
    1837
    1876
    1863
    1879
    1894
    1895
    1960
    1850
    1802
    1895
    1821
    1822
    1803
    1888
    1845
    1909
    1851
    1890
    1874
    1783
    1816
    1897
    1896
    1823
    1787
    1906
    1896
    1871
    1800
    1870
    1923
    1888
    1823
    1912
    1963
    1858
    1945
    1876
    1896
    1865
    1875
    1922
    1893
    1846
    1824
    1936
    1926
    1853
    1901
    1879
    1831
    1805
    1807
    1858
    1792
    1845
    1792
    1768
    1831
    1802
    1825
    1720
    1787
    1806
    1758
    1694
    1729
    1700
    1734
    1749
    1743
    1755
    1690
    1730
    1697
    1670
    1670
    1747
    1727
    1676
    1713
    1746
    1659
    1678
    1727
    1655
    1680
    1718
    1662
    1619
    1577
    1658
    1622
    1596
    1603
    1659
    1600
    1664
    1570
    1566
    1590
    1653
    1642
    1626
    1627
    1638
    1610
    1592
    1640
    1555
    1546
    1590
    1613
    1603
    1577
    1600
    1574
    1554
    1677
    1652
    1649
    1589
    1597
    1564
    1626
    1617
    1575
    1637
    1579
    1614
    1551
    1620
    1569
    1602
    1629
    1633
    1640
    1583
    1648
    1540
    1622
    1618
    1572
    1556
    1536
    1596
    1607
    1632
    1634
    1632
    1547
    1606
    1531
    1582
    1528
    1538
    1559
    1576
    1552
    1568
    1551
    1543
    1583
    1597
    1569
    1563
    1527
    1516
    1470
    1532
    1561
    1552
    1505
    1511
    1571
    1551
    1536
    1540
    1557
    1548
    1592
    1554
    1493
    1557
    1521
    1495
    1492
    1576
    1504
    1493
    1596
    1498
    1535
    1478
    1565
    1471
    1555
    1552
    1533
    1517
    1512
    1459
    1511
    1545
    1471
    1549
    1473
    1530
    1491
    1484
    1525
    1561
    1502
    1498
    1492
    1419
    1486
    1502
    1538
    1567
    1485
    1508
    1456
    1474
    1510
    1499
    1500
    1488
    1512
    1496
    1431
    1485
    1452
    1443
    1403
    1527
    1435
    1449
    1470
    1482
    1468
    1451
    1459
    1468
    1514
    1503
    1445
    1494
    1485
    1442
    1451
    1439
    1471
    1442
    1517
    1420
    1423
    1447
    1409
    1466
    1465
    1449
    1437
    1467
    1521
    1453
    1432
    1405
    1415
    1408
    1431
    1406
    1403
    1409
    1486
    1406
    1424
    1360
    1418
    1462
    1402
    1413
    1363
    1361
    1432
    1401
    1376
    1389
    1372
    1408
    1400
    1433
    1348
    1445
    1390
    1473
    1417
    1456
    1331
    1425
    1423
    1375
    1368
    1410
    1382
    1396
    1403
    1421
    1388
    1330
    1331
    1363
    1319
    1405
    1380
    1437
    1367
    1368
    1384
    1367
    1355
    1407
    1317
    1377
    1358
    1310
    1356
    1405
    1359
    1334
    1352
    1377
    1349
    1358
    1394
    1401
    1339
    1349
    1366
    1358
    1294
    1252
    1352
    1345
    1343
    1404
    1321
    1438
    1371
    1388
    1338
    1382
    1354
    1349
    1344
    1317
    1296
    1359
    1407
    1377
    1300
    1394
    1337
    1352
    1354
    1316
    1263
    1383
    1345
    1314
    1379
    1348
    1317
    1342
    1329
    1341
    1327
    1376
    1341
    1326
    1300
    1334
    1364
    1276
    1327
    1350
    1388
    1339
    1326
    1324
    1281
    1276
    1271
    1355
    1352
    1351
    1330
    1308
    1304
    1312
    1303
    1304
    1289
    1282
    1339
    1286
    1271
    1328
    1326
    1260
    1352
    1315
    1287
    1352
    1325
    1288
    1322
    1371
    1300
    1291
    1266
    1291
    1358
    1354
    1303
    1279
    1281
    1339
    1322
    1350
    1375
    1410
    1386
    1330
    1341
    1416
    1357
    1313
    1336
    1378
    1312
    1355
    1375
    1348
    1364
    1336
    1297
    1342
    1354
    1317
    1316
    1379
    1275
    1337
    1293
    1395
    1349
    1326
    1296
    1304
    1332
    1346
    1274
    1294
    1325
    1357
    1327
    1330
    1371
    1317
    1298
    1394
    1326
    1285
    1343
    1326
    1308
    1310
    1348
    1292
    1252
    1241
    1292
    1262
    1297
    1362
    1239
    1259
    1290
    1272
    1324
    1299
    1312
    1299
    1328
    1224
    1331
    1336
    1332
    1253
    1251
    1264
    1325
    1272
    1238
    1331
    1290
    1315
    1278
    1292
    1280
    1345
    1360
    1334
    1314
    1377
    1304
    1324
    1358
    1333
    1338
    1316
    1437
    1310
    1357
    1370
    1333
    1307
    1368
    1330
    1334
    1347
    1283
    1351
    1353
    1355
    1341
    1315
    1393
    1328
    1340
    1364
    1332
    1356
    1384
    1361
    1383
    1345
    1301
    1315
    1332
    1318
    1393
    1339
    1262
    1356
    1360
    1393
    1319
    1381
    1381
    1380
    1350
    1302
    1362
    1385
    1358
    1308
    1354
    1304
    1298
    1279
    1259
    1298
    1329
    1377
    1314
    1296
    1278
    1360
    1280
    1248
    1249
    1274
    1299
    1252
    1290
    1224
    1313
    1290
    1267
    1200
    1291
    1261
    1210
    1263
    1268
    1322
    1314
    1307
    1272
    1263
    1254
    1326
    1308
    1278
    1334
    1367
    1310
    1329
    1380
    1367
    1359
    1427
    1382
    1410
    1375
    1421
    1416
    1417
    1444
    1423
    1472
    1494
    1354
    1493
    1503
    1381
    1436
    1374
    1456
    1411
    1426
    1499
    1344
    1402
    1479
    1444
    1380
    1409
    1387
    1453
    1374
    1275
    1385
    1355
    1360
    1383
    1318
    1279
    1323
    1357
    1292
    1292
    1308
    1345
    1288
    1188
    1218
    1215
    1274
    1271
    1235
    1196
    1231
    1210
    1226
    1210
    1158
    1136
    1178
    1249
    1211
    1108
    1151
    1113
    1196
    1183
    1133
    1176
    1157
    1198
    1242
    1204
    1155
    1205
    1149
    1109
    1210
    1129
    1147
    1215
    1136
    1192
    1174
    1184
    1195
    1182
    1164
    1179
    1191
    1131
    1149
    1211
    1094
    1161
    1156
    1134
    1142
    1176
    1202
    1174
    1173
    1172
    1200
    1191
    1164
    1150
    1220
    1186
    1207
    1271
    1138
    1181
    1157
    1170
    1185
    1149
    1120
    1169
    1150
    1136
    1144
    1146
    1212
    1231
    1198
    1180
    1194
    1197
    1128
    1196
    1136
    1160
    1190
    1162
    1196
    1126
    1190
    1225
    1224
    1244
    1204
    1171
    1174
    1202
    1244
    1218
    1172
    1209
    1192
    1321
    1201
    1239
    1200
    1160
    1217
    1193
    1240
    1244
    1177
    1199
    1196
    1224
    1258
    1211
    1222
    1221
    1256
    1200
    1240
    1237
    1206
    1212
    1233
    1219
    1184
    1216
    1206
    1182
    1199
    1180
    1186
    1190
    1169
    1176
    1257
    1140
    1169
    1161
    1196
    1160
    1135
    1195
    1157
    1229
    1213
    1221
    1223
    1198
    1177
    1210
    1175
    1202
    1155
    1174
    1237
    1231
    1216
    1158
    1180
    1209
    1182
    1138
    1161
    1131
    1209
    1202
    1271
    1148
    1158
    1168
    1258
    1187
    1141
    1197
    1183
    1207
    1211
    1179
    1149
    1148
    1175
    1182
    1182
    1213
    1192
    1257
    1189
    1228
    1183
    1154
    1212
    1158
    1195
    1131
    1206
    1226
    1171
    1209
    1234
    1250
    1216
    1199
    1267
    1183
    1205
    1166
    1204
    1193
    1228
    1236
    1200
    1284
    1259
    1214
    1269
    1210
    1235
    1245
    1266
    1253
    1141
    1256
    1245
    1259
    1199
    1242
    1214
    1249
    1297
    1308
    1246
    1198
    1193
    1276
    1221
    1261
    1201
    1257
    1224
    1263
    1272
    1263
    1218
    1234
    1263
    1237
    1255
    1267
    1238
    1289
    1260
    1289
    1245
    1246
    1342
    1259
    1285
    1256
    1217
    1289
    1328
    1218
    1240
    1267
    1314
    1304
    1345
    1267
    1356
    1353
    1288
    1288
    1260
    1247
    1282
    1240
    1286
    1333
    1317
    1310
    1334
    1202
    1340
    1261
    1340
    1322
    1286
    1259
    1234
    1322
    1349
    1323
    1359
    1291
    1287
    1280
    1327
    1342
    1295
    1330
    1307
    1303
    1291
    1363
    1335
    1297
    1327
    1334
    1355
    1331
    1352
    1353
    1338
    1357
    1446
    1384
    1357
    1362
    1316
    1375
    1401
    1438
    1416
    1395
    1366
    1434
    1356
    1356
    1455
    1422
    1465
    1387
    1482
    1347
    1383
    1442
    1447
    1399
    1416
    1428
    1451
    1446
    1475
    1544
    1465
    1376
    1409
    1498
    1466
    1499
    1516
    1448
    1442
    1519
    1426
    1521
    1503
    1507
    1458
    1492
    1557
    1548
    1611
    1566
    1528
    1609
    1565
    1566
    1536
    1590
    1564
    1535
    1538
    1642
    1552
    1610
    1609
    1582
    1629
    1599
    1629
    1670
    1584
    1661
    1707
    1685
    1667
    1685
    1654
    1631
    1744
    1768
    1742
    1732
    1705
    1778
    1771
    1754
    1733
    1732
    1814
    1747
    1759
    1736
    1736
    1889
    1795
    1828
    1872
    1880
    1870
    1888
    1885
    1866
    1868
    1962
    1893
    2020
    2060
    1949
    2018
    2019
    2087
    1965
    1992
    2052
    2021
    2048
    2103
    2115
    2088
    2081
    2134
    2230
    2147
    2159
    2149
    2174
    2128
    2177
    2229
    2222
    2324
    2333
    2281
    2277
    2426
    2391
    2414
    2371
    2345
    2480
    2466
    2349
    2418
    2526
    2466
    2506
    2574
    2557
    2514
    2621
    2558
    2632
    2635
    2610
    2703
    2696
    2579
    2704
    2636
    2709
    2697
    2786
    2724
    2827
    2813
    2923
    2898
    2833
    2813
    2891
    3007
    2887
    3059
    3023
    2993
    3077
    3009
    2977
    3040
    3243
    3163
    3006
    3160
    2985
    3121
    3123
    3167
    3231
    3218
    3275
    3317
    3236
    3360
    3352
    3375
    3306
    3320
    3313
    3401
    3456
    3456
    3511
    3454
    3458
    3521
    3528
    3450
    3505
    3463
    3537
    3474
    3520
    3546
    3499
    3610
    3532
    3483
    3571
    3606
    3506
    3544
    3563
    3568
    3483
    3379
    3604
    3551
    3449
    3489
    3562
    3466
    3593
    3562
    3531
    3530
    3622
    3598
    3553
    3495
    3507
    3566
    3534
    3603
    3524
    3663
    3508
    3439
    3500
    3443
    3526
    3464
    3413
    3552
    3516
    3439
    3553
    3497
    3483
    3482
    3471
    3521
    3399
    3619
    3504
    3599
    3479
    3545
    3592
    3620
    3439
    3512
    3437
    3472
    3597
    3497
    3493
    3559
    3529
    3518
    3609
    3543
    3580
    3684
    3676
    3676
    3600
    3677
    3632
    3768
    3746
    3772
    3709
    3719
    3787
    3856
    3801
    3860
    3837
    3823
    3972
    3892
    3921
    3929
    3956
    3873
    3906
    4119
    3948
    4004
    3968
    4050
    4020
    4131
    4068
    4145
    4231
    4199
    4149
    4259
    4224
    4320
    4310
    4502
    4479
    4396
    4374
    4526
    4596
    4429
    4630
    4455
    4591
    4684
    4731
    4706
    4705
    4764
    4736
    4832
    4847
    4887
    5087
    5097
    4937
    5004
    4913
    5225
    5136
    5179
    5223
    5267
    5314
    5260
    5364
    5286
    5403
    5550
    5620
    5627
    5519
    5674
    5683
    5699
    5867
    5793
    5894
    5912
    5975
    6076
    6024
    6138
    6237
    6184
    6467
    6338
    6402
    6463
    6553
    6595
    6579
    6694
    6734
    6615
    6848
    7077
    6900
    7102
    7080
    7204
    7412
    7285
    7201
    7361
    7567
    7590
    7518
    7750
    7771
    7566
    7821
    8051
    8079
    7976
    8172
    8281
    8375
    8412
    8488
    8457
    8685
    8617
    8699
    8807
    8995
    8959
    9133
    9288
    9116
    9307
    9522
    9634
    9675
    9787
    9959
    9883
   10135
   10231
    9994
   10241
   10290
   10412
   10590
   10738
   10878
   10868
   11118
   11178
   11333
   11342
   11448
   11340
   11699
   11851
   12048
   12041
   12196
   12388
   12327
   12335
   12744
   12782
   12931
   13052
   13242
   13137
   13559
   13455
   13644
   13843
   13900
   14130
   14212
   14230
   14748
   14677
   14960
   15014
   15000
   15375
   15431
   15692
   15706
   15957
   16154
   16400
   16530
   16713
   17038
   17201
   17362
   17461
   17586
   17720
   18081
   18144
   18442
   18615
   18902
   19036
   19199
   19628
   19943
   19738
   20262
   20305
   20912
   21147
   21239
   21600
   21614
   22187
   22180
   22451
   23020
   23008
   23865
   23756
   24167
   24225
   24918
   25044
   25355
   25697
   26057
   26481
   26624
   27268
   27422
   27716
   28272
   28658
   29021
   29413
   29806
   30432
   31063
   31108
   31632
   32215
   32764
   33221
   33768
   34188
   35061
   35169
   36186
   36256
   36997
   37471
   37802
   38643
   39550
   40184
       0
       0
       0
       0
       0
       0
       0
       0
       0
       0
       0
       0
       0
       0
       0
       0
       0
       0
       0
       0
       0
       0
       0
       0
       0
       0
       0
       0
       0
       0
       0
       0
$ROI:
0
$PRESETS:
None
0
0
$ENER_FIT:
-0.169488 0.023446
$MCA_CAL:
3
-1.694878E-001 2.344633E-002 0.000000E+000 keV
$SHAPE_CAL:
3
0.000000E+000 0.000000E+000 0.000000E+000
