$SPEC_ID:
No sample description was entered.
$SPEC_REM:
DET# 4
DETDESC# JLAB-20 MCB 131
AP# Maestro Version 7.01
$DATE_MEA:
09/30/2025 14:06:44
$MEAS_TIM:
92432 94679
$DATA:
0 2047
       0
       0
       0
       0
       0
       0
       0
       0
       0
       0
       0
       0
       0
       0
       0
       0
       0
       0
       0
       0
       0
       0
       0
       0
       0
       0
       0
       0
       0
       0
       0
       0
       0
       0
       0
       0
       0
       0
       0
       0
       0
       0
       0
       0
       0
       0
       0
       0
       0
       0
       0
       0
       1
       0
       1
       0
       0
       0
       0
       0
       0
       0
       0
       1
       0
       1
       1
       1
       0
     344
   10533
   10629
   10008
    9599
    9538
    9107
    8999
    8908
    8753
    8618
    8442
    8586
    8273
    8254
    8193
    8141
    8018
    7809
    7758
    8024
    7789
    7415
    7622
    7452
    7390
    7286
    7343
    7420
    7271
    7222
    7139
    7115
    7034
    7124
    6954
    6778
    6871
    6775
    6791
    6687
    6592
    6596
    6593
    6484
    6420
    6502
    6340
    6343
    6216
    6128
    6240
    6190
    6104
    6140
    6100
    6062
    6270
    6063
    5967
    5865
    6025
    5932
    5694
    5809
    5635
    5736
    5711
    5806
    5630
    5591
    5649
    5605
    5489
    5469
    5506
    5505
    5553
    5623
    5499
    5609
    5308
    5523
    5241
    5398
    5260
    5221
    5306
    5298
    5333
    5177
    5260
    5136
    5189
    5090
    5198
    5122
    5123
    5173
    5088
    5127
    5005
    4970
    5058
    4963
    5083
    5050
    5019
    4924
    4990
    5009
    4856
    4874
    4989
    4915
    4813
    4929
    4831
    4830
    4889
    4800
    4778
    4793
    4686
    4867
    4935
    4720
    4877
    4741
    4747
    4835
    4718
    4752
    4764
    4776
    4659
    4605
    4638
    4646
    4629
    4603
    4671
    4694
    4626
    4519
    4676
    4650
    4617
    4655
    4617
    4668
    4721
    4648
    4622
    4755
    4622
    4670
    4564
    4581
    4654
    4589
    4574
    4560
    4502
    4655
    4686
    4592
    4507
    4629
    4509
    4511
    4558
    4543
    4610
    4413
    4607
    4573
    4499
    4543
    4616
    4515
    4602
    4548
    4568
    4585
    4584
    4604
    4561
    4633
    4659
    4658
    4602
    4457
    4728
    4684
    4678
    4649
    4602
    4747
    4807
    4760
    4675
    4637
    4685
    4754
    4830
    4694
    4796
    4738
    4688
    4717
    4709
    4694
    4785
    4792
    4744
    4656
    4805
    4752
    4802
    4814
    4828
    4691
    4771
    4831
    4769
    4880
    4844
    4881
    4916
    5030
    5013
    5191
    5238
    5339
    5595
    5708
    5877
    6338
    6679
    7226
    7735
    8403
    9405
   10197
   11304
   12639
   14253
   15928
   17640
   19665
   21936
   24515
   27036
   29726
   33107
   35930
   38854
   41883
   44590
   48024
   51043
   54012
   56679
   59052
   61445
   63872
   65104
   67552
   68403
   69881
   70780
   71562
   72637
   73113
   72975
   73260
   73333
   73218
   72779
   72288
   71623
   71108
   70322
   69295
   68443
   67676
   66176
   65255
   63865
   62804
   61582
   59991
   58488
   57170
   55423
   53713
   51850
   50744
   48677
   46748
   44974
   43427
   41987
   40152
   38613
   36912
   35033
   33414
   31921
   30527
   29154
   28052
   26468
   25540
   24334
   23575
   22811
   21742
   20981
   20652
   19870
   19030
   18689
   17945
   17606
   16692
   16290
   15660
   14900
   14470
   13961
   13396
   12949
   12136
   11467
   10864
   10474
    9859
    9432
    8686
    8217
    7834
    7159
    6957
    6336
    5970
    5601
    5254
    5003
    4519
    4398
    4054
    3956
    3820
    3784
    3602
    3397
    3291
    3229
    3166
    3160
    3173
    3148
    3194
    3127
    3096
    3010
    3160
    3101
    3058
    3055
    3131
    3087
    3231
    3068
    3114
    3142
    3195
    2887
    3086
    3033
    3090
    3099
    3006
    3050
    2992
    3005
    2979
    3066
    3079
    2895
    3002
    2959
    2923
    2870
    2920
    2949
    2862
    2853
    2904
    2841
    2875
    2898
    2869
    2804
    2822
    2758
    2807
    2833
    2766
    2801
    2710
    2828
    2775
    2770
    2742
    2797
    2821
    2710
    2749
    2727
    2652
    2693
    2714
    2603
    2670
    2616
    2704
    2657
    2624
    2682
    2650
    2698
    2655
    2678
    2797
    2642
    2623
    2627
    2601
    2601
    2620
    2695
    2644
    2676
    2683
    2667
    2650
    2552
    2589
    2710
    2708
    2653
    2584
    2714
    2670
    2683
    2621
    2655
    2702
    2694
    2643
    2718
    2745
    2664
    2726
    2682
    2661
    2665
    2648
    2693
    2681
    2645
    2577
    2685
    2665
    2588
    2672
    2637
    2628
    2634
    2671
    2641
    2565
    2584
    2535
    2504
    2622
    2558
    2546
    2442
    2507
    2500
    2495
    2481
    2474
    2474
    2401
    2442
    2514
    2469
    2388
    2457
    2447
    2398
    2399
    2481
    2437
    2416
    2452
    2419
    2388
    2417
    2398
    2347
    2330
    2379
    2331
    2270
    2250
    2343
    2322
    2267
    2354
    2330
    2294
    2309
    2251
    2307
    2309
    2308
    2310
    2319
    2314
    2353
    2343
    2269
    2288
    2205
    2229
    2238
    2286
    2258
    2208
    2303
    2260
    2228
    2350
    2337
    2332
    2298
    2314
    2246
    2305
    2322
    2270
    2278
    2250
    2297
    2240
    2262
    2225
    2228
    2321
    2316
    2271
    2291
    2345
    2230
    2315
    2304
    2243
    2228
    2200
    2261
    2272
    2321
    2286
    2340
    2208
    2287
    2242
    2270
    2182
    2227
    2220
    2246
    2195
    2216
    2203
    2184
    2263
    2254
    2242
    2185
    2174
    2170
    2138
    2228
    2195
    2201
    2158
    2189
    2212
    2228
    2207
    2134
    2182
    2206
    2265
    2186
    2113
    2207
    2149
    2206
    2085
    2238
    2099
    2155
    2255
    2104
    2123
    2152
    2179
    2153
    2198
    2190
    2165
    2114
    2174
    2120
    2177
    2205
    2121
    2186
    2115
    2161
    2103
    2173
    2195
    2202
    2176
    2100
    2126
    2059
    2141
    2126
    2181
    2219
    2091
    2163
    2126
    2111
    2118
    2156
    2157
    2094
    2135
    2125
    2067
    2102
    2080
    2032
    2022
    2156
    2074
    2080
    2079
    2119
    2092
    2049
    2047
    2078
    2106
    2149
    2081
    2129
    2148
    2071
    2055
    2027
    2086
    2049
    2136
    2050
    2044
    2079
    1996
    2067
    2038
    2111
    2009
    2108
    2130
    2038
    2021
    2005
    2004
    2006
    2037
    1970
    2026
    2010
    2034
    1998
    2034
    1968
    2029
    2028
    2004
    2014
    1971
    1943
    2002
    1973
    1934
    1992
    1961
    2013
    1980
    2052
    1927
    2023
    1970
    2106
    2008
    2053
    1935
    2038
    2001
    1974
    1935
    2000
    1970
    1990
    2000
    2026
    1945
    1931
    1892
    1927
    1915
    2028
    1988
    2009
    2015
    1924
    1994
    1940
    1901
    2008
    1873
    1935
    1912
    1934
    1917
    1970
    1912
    1873
    1961
    1978
    1930
    1915
    1977
    1947
    1919
    1967
    1910
    1922
    1879
    1814
    1891
    1921
    1894
    2012
    1904
    1993
    1976
    1956
    1900
    1937
    1928
    1927
    1898
    1929
    1821
    1906
    1980
    1993
    1840
    1967
    1905
    1911
    1938
    1829
    1825
    1945
    1862
    1909
    1959
    1924
    1818
    1842
    1928
    1921
    1901
    1915
    1908
    1922
    1928
    1895
    1977
    1864
    1898
    1908
    1919
    1934
    1878
    1865
    1826
    1863
    1818
    1938
    1912
    1927
    1866
    1868
    1865
    1846
    1882
    1875
    1846
    1833
    1885
    1835
    1804
    1865
    1924
    1829
    1887
    1844
    1861
    1922
    1945
    1829
    1910
    1932
    1846
    1854
    1848
    1847
    1925
    1865
    1841
    1826
    1834
    1884
    1874
    1932
    1952
    1986
    1977
    1914
    1906
    1996
    1889
    1877
    1900
    1978
    1874
    1923
    1929
    1933
    1911
    1879
    1884
    1925
    1888
    1895
    1901
    1957
    1818
    1941
    1886
    1935
    1888
    1878
    1825
    1843
    1836
    1864
    1799
    1814
    1893
    1894
    1880
    1860
    1941
    1908
    1853
    1955
    1931
    1812
    1833
    1848
    1810
    1857
    1897
    1835
    1810
    1795
    1839
    1822
    1848
    1886
    1757
    1774
    1840
    1810
    1876
    1834
    1810
    1819
    1825
    1759
    1865
    1877
    1924
    1778
    1795
    1818
    1866
    1788
    1774
    1911
    1820
    1920
    1798
    1838
    1858
    1898
    1914
    1883
    1850
    1941
    1884
    1894
    1923
    1862
    1905
    1876
    1983
    1897
    1908
    1940
    1928
    1883
    1937
    1866
    1888
    1919
    1877
    1915
    1885
    1961
    1875
    1889
    1953
    1894
    1914
    1910
    1921
    1911
    1985
    1933
    1925
    1902
    1843
    1883
    1884
    1881
    1988
    1868
    1832
    1890
    1932
    1912
    1889
    1929
    1951
    1899
    1924
    1887
    1912
    1929
    1902
    1847
    1924
    1879
    1834
    1821
    1835
    1909
    1878
    1923
    1855
    1874
    1818
    1932
    1824
    1821
    1826
    1792
    1878
    1812
    1865
    1798
    1822
    1842
    1788
    1736
    1795
    1799
    1739
    1798
    1799
    1878
    1865
    1801
    1842
    1805
    1822
    1885
    1868
    1827
    1893
    1936
    1852
    1914
    1994
    1914
    1922
    2000
    1983
    1997
    2003
    2018
    2009
    2059
    2067
    2019
    2090
    2101
    1946
    2103
    2132
    2017
    2052
    1982
    2090
    2073
    2043
    2085
    1948
    1997
    2107
    2098
    2025
    1996
    1944
    2080
    1942
    1853
    1971
    1920
    1928
    1958
    1910
    1862
    1879
    1937
    1802
    1848
    1837
    1872
    1796
    1716
    1756
    1726
    1786
    1795
    1751
    1652
    1748
    1697
    1735
    1762
    1650
    1627
    1713
    1758
    1702
    1626
    1642
    1626
    1676
    1694
    1625
    1660
    1647
    1636
    1725
    1666
    1667
    1693
    1632
    1612
    1719
    1626
    1637
    1725
    1637
    1690
    1642
    1670
    1686
    1680
    1656
    1671
    1689
    1616
    1621
    1665
    1612
    1659
    1666
    1633
    1595
    1686
    1696
    1647
    1658
    1710
    1689
    1748
    1705
    1665
    1694
    1729
    1715
    1818
    1647
    1690
    1682
    1709
    1678
    1643
    1596
    1672
    1652
    1648
    1635
    1639
    1716
    1731
    1705
    1663
    1732
    1724
    1580
    1705
    1636
    1665
    1701
    1691
    1714
    1646
    1726
    1706
    1712
    1751
    1699
    1663
    1675
    1718
    1750
    1693
    1646
    1757
    1722
    1846
    1710
    1724
    1683
    1655
    1699
    1711
    1717
    1778
    1684
    1684
    1711
    1744
    1775
    1699
    1752
    1730
    1760
    1722
    1751
    1749
    1712
    1746
    1736
    1733
    1652
    1726
    1737
    1669
    1694
    1679
    1689
    1693
    1659
    1689
    1749
    1644
    1663
    1710
    1682
    1691
    1614
    1627
    1653
    1771
    1662
    1737
    1742
    1714
    1709
    1681
    1680
    1699
    1641
    1668
    1720
    1727
    1721
    1621
    1692
    1707
    1662
    1618
    1636
    1617
    1669
    1719
    1747
    1675
    1643
    1637
    1727
    1691
    1626
    1699
    1642
    1682
    1701
    1645
    1644
    1628
    1656
    1712
    1678
    1695
    1700
    1776
    1702
    1697
    1695
    1648
    1721
    1669
    1694
    1669
    1721
    1705
    1663
    1739
    1762
    1761
    1743
    1686
    1758
    1661
    1748
    1687
    1684
    1701
    1791
    1715
    1727
    1816
    1790
    1712
    1808
    1718
    1782
    1775
    1794
    1780
    1668
    1781
    1769
    1785
    1768
    1764
    1730
    1748
    1804
    1802
    1806
    1725
    1679
    1816
    1736
    1813
    1710
    1780
    1770
    1786
    1793
    1797
    1730
    1792
    1743
    1790
    1776
    1771
    1768
    1838
    1845
    1851
    1783
    1822
    1879
    1822
    1829
    1800
    1776
    1831
    1847
    1809
    1845
    1815
    1862
    1867
    1868
    1834
    1925
    1906
    1849
    1831
    1799
    1753
    1869
    1767
    1862
    1845
    1828
    1906
    1897
    1724
    1878
    1815
    1879
    1906
    1816
    1821
    1799
    1881
    1932
    1864
    1958
    1840
    1856
    1858
    1870
    1908
    1856
    1896
    1852
    1857
    1847
    1932
    1878
    1872
    1885
    1896
    1879
    1933
    1922
    1892
    1911
    1918
    2019
    1984
    1948
    1925
    1884
    1954
    2002
    2046
    1996
    1971
    1928
    1986
    2001
    1986
    2092
    2055
    2020
    2042
    2073
    1940
    1985
    2037
    2052
    2002
    1979
    2042
    2060
    2045
    2130
    2210
    2072
    1998
    1979
    2106
    2070
    2158
    2144
    2071
    2060
    2173
    2067
    2165
    2158
    2174
    2079
    2142
    2218
    2240
    2284
    2236
    2234
    2251
    2227
    2211
    2175
    2260
    2195
    2202
    2201
    2330
    2266
    2292
    2243
    2304
    2331
    2271
    2351
    2378
    2256
    2333
    2399
    2400
    2398
    2448
    2391
    2315
    2512
    2495
    2470
    2482
    2428
    2540
    2502
    2408
    2501
    2502
    2566
    2510
    2531
    2490
    2486
    2725
    2590
    2566
    2632
    2682
    2704
    2689
    2635
    2656
    2740
    2770
    2705
    2855
    2907
    2820
    2877
    2873
    2937
    2843
    2808
    2961
    2934
    2904
    2982
    3070
    2943
    2939
    3029
    3126
    3016
    3046
    3085
    3091
    3073
    3085
    3220
    3153
    3284
    3274
    3298
    3296
    3359
    3464
    3425
    3393
    3342
    3514
    3483
    3424
    3452
    3597
    3547
    3544
    3553
    3644
    3549
    3691
    3610
    3734
    3746
    3675
    3808
    3830
    3736
    3854
    3737
    3896
    3858
    3966
    3883
    4004
    4026
    4106
    4078
    4046
    4014
    4119
    4322
    4129
    4367
    4269
    4304
    4352
    4251
    4326
    4393
    4574
    4420
    4329
    4513
    4340
    4452
    4462
    4494
    4683
    4531
    4687
    4648
    4643
    4757
    4823
    4805
    4744
    4725
    4709
    4784
    4902
    4913
    4914
    4896
    4877
    4993
    5022
    4944
    5074
    4884
    5015
    5014
    4955
    5036
    5000
    5092
    5033
    5056
    5046
    5053
    5030
    5037
    5112
    5107
    4998
    4796
    5032
    5034
    4962
    4976
    5048
    4938
    5049
    5095
    5062
    4985
    5122
    5091
    5044
    4976
    5036
    5105
    4994
    5147
    4952
    5018
    5045
    4908
    5040
    4878
    5063
    4831
    4910
    5075
    4981
    4947
    5005
    5032
    5004
    4971
    5018
    5005
    4936
    5143
    4904
    5042
    4942
    5039
    5139
    5122
    4952
    5041
    4938
    4966
    5069
    5065
    5019
    5044
    5004
    5084
    5086
    5120
    5116
    5219
    5192
    5190
    5072
    5290
    5200
    5311
    5311
    5325
    5287
    5359
    5355
    5454
    5453
    5475
    5450
    5475
    5610
    5508
    5662
    5573
    5582
    5508
    5641
    5732
    5622
    5740
    5744
    5736
    5743
    5916
    5857
    5921
    5945
    5972
    5898
    6091
    6019
    6157
    6174
    6377
    6357
    6216
    6297
    6431
    6476
    6334
    6600
    6379
    6538
    6641
    6745
    6663
    6614
    6856
    6764
    6841
    6885
    6977
    7233
    7218
    7085
    7033
    7021
    7377
    7285
    7416
    7378
    7496
    7555
    7537
    7667
    7582
    7659
    7787
    7974
    7963
    7850
    8071
    8105
    8245
    8299
    8340
    8397
    8464
    8470
    8629
    8510
    8785
    8888
    8847
    9148
    9102
    9050
    9214
    9296
    9400
    9467
    9466
    9453
    9429
    9724
   10024
    9834
   10112
   10018
   10248
   10492
   10423
   10301
   10488
   10703
   10812
   10792
   10917
   11046
   10835
   11191
   11432
   11528
   11359
   11572
   11983
   11907
   12057
   12153
   12153
   12290
   12205
   12420
   12553
   12823
   12724
   13057
   13075
   13136
   13228
   13483
   13672
   13772
   13867
   14059
   13970
   14362
   14479
   14416
   14645
   14635
   14921
   15045
   15298
   15383
   15443
   15748
   16008
   16129
   16134
   16273
   16175
   16661
   16806
   16990
   17219
   17330
   17612
   17673
   17696
   18088
   18281
   18236
   18555
   18833
   18630
   19229
   19158
   19438
   19693
   19649
   20022
   20167
   20174
   20937
   20873
   21371
   21253
   21508
   21820
   21896
   22205
   22444
   22683
   22941
   23170
   23360
   23779
   24134
   24475
   24578
   24896
   25019
   25392
   25619
   25832
   26142
   26511
   27006
   27006
   27354
   27895
   28183
   28246
   28805
   29076
   29774
   30096
   30109
   30611
   30889
   31512
   31630
   32150
   32562
   32745
   33798
   33713
   34081
   34608
   35240
   35714
   36037
   36461
   36978
   37538
   37919
   38526
   38996
   39567
   40163
   40676
   41179
   42030
   42304
   43259
   43816
   44153
   45084
   45743
   46441
   47082
   48060
   48679
   49826
   50015
   51153
   51720
   52537
   53343
   53922
   55093
   56378
   56986
       0
       0
       0
       0
       0
       0
       0
       0
       0
       0
       0
       0
       0
       0
       0
       0
       0
       0
       0
       0
       0
       0
       0
       0
       0
       0
       0
       0
       0
       0
       0
       0
$ROI:
0
$PRESETS:
None
0
0
$ENER_FIT:
-0.169488 0.023446
$MCA_CAL:
3
-1.694878E-001 2.344633E-002 0.000000E+000 keV
$SHAPE_CAL:
3
0.000000E+000 0.000000E+000 0.000000E+000
