$SPEC_ID:
No sample description was entered.
$SPEC_REM:
DET# 4
DETDESC# JLAB-20 MCB 131
AP# Maestro Version 7.01
$DATE_MEA:
09/30/2025 02:56:44
$MEAS_TIM:
53185 54478
$DATA:
0 2047
       0
       0
       0
       0
       0
       0
       0
       0
       0
       0
       0
       0
       0
       0
       0
       0
       0
       0
       0
       0
       0
       0
       0
       0
       0
       0
       0
       0
       0
       0
       0
       0
       0
       0
       0
       0
       0
       0
       0
       0
       0
       0
       0
       0
       0
       0
       0
       0
       0
       0
       0
       0
       0
       0
       0
       0
       0
       0
       0
       0
       0
       0
       0
       1
       0
       1
       0
       0
       0
     178
    5942
    6049
    5770
    5407
    5533
    5227
    5091
    5077
    4977
    4908
    4781
    5100
    4749
    4780
    4736
    4754
    4687
    4557
    4492
    4578
    4454
    4256
    4382
    4302
    4248
    4237
    4199
    4300
    4202
    4219
    4143
    4078
    4055
    4151
    3924
    3926
    3948
    3913
    3995
    3812
    3834
    3768
    3808
    3737
    3659
    3699
    3657
    3621
    3532
    3541
    3566
    3521
    3507
    3555
    3577
    3476
    3522
    3476
    3413
    3361
    3443
    3376
    3312
    3339
    3207
    3354
    3350
    3358
    3292
    3243
    3298
    3282
    3237
    3239
    3186
    3203
    3159
    3237
    3201
    3219
    3049
    3184
    3005
    3068
    3032
    3026
    3038
    3029
    3060
    3015
    3050
    2910
    2937
    2962
    2945
    2945
    2927
    2971
    2920
    2959
    2908
    2891
    2903
    2816
    2925
    2915
    2970
    2786
    2849
    2926
    2789
    2830
    2842
    2832
    2791
    2867
    2775
    2812
    2781
    2792
    2798
    2752
    2703
    2814
    2831
    2719
    2799
    2689
    2731
    2824
    2710
    2754
    2725
    2706
    2589
    2652
    2677
    2684
    2710
    2651
    2675
    2706
    2619
    2545
    2732
    2679
    2624
    2622
    2638
    2697
    2684
    2668
    2681
    2754
    2673
    2714
    2604
    2653
    2694
    2619
    2646
    2654
    2613
    2708
    2687
    2632
    2575
    2683
    2561
    2610
    2605
    2642
    2670
    2534
    2668
    2656
    2599
    2583
    2606
    2611
    2609
    2604
    2661
    2679
    2654
    2604
    2597
    2720
    2694
    2691
    2654
    2529
    2760
    2735
    2662
    2620
    2649
    2681
    2721
    2705
    2647
    2653
    2680
    2749
    2802
    2706
    2735
    2690
    2753
    2703
    2698
    2701
    2735
    2810
    2763
    2686
    2790
    2719
    2740
    2752
    2742
    2689
    2811
    2740
    2793
    2843
    2810
    2790
    2804
    2922
    2881
    2993
    3083
    3096
    3325
    3212
    3364
    3601
    3931
    4194
    4472
    4868
    5451
    5908
    6454
    7329
    8169
    8997
   10157
   11409
   12564
   14172
   15578
   17150
   18976
   20559
   22430
   24174
   25691
   27788
   29450
   31257
   32656
   33965
   35313
   36833
   37563
   38797
   39239
   40278
   40665
   41323
   41869
   42222
   41880
   42017
   42251
   42168
   42027
   41674
   41087
   40649
   40290
   39661
   39428
   38896
   38056
   37477
   36948
   36238
   35466
   34519
   33692
   32935
   31891
   30850
   30072
   29063
   27991
   26913
   25783
   24870
   24007
   23067
   22132
   21426
   20105
   19307
   18299
   17537
   16852
   16128
   15102
   14620
   14008
   13544
   13307
   12505
   12049
   11788
   11412
   10961
   10699
   10314
   10193
    9501
    9447
    9101
    8566
    8297
    7984
    7586
    7523
    6949
    6601
    6209
    6027
    5749
    5396
    5019
    4728
    4588
    4022
    4031
    3597
    3453
    3194
    3009
    2883
    2574
    2482
    2344
    2295
    2203
    2143
    2078
    1894
    1890
    1875
    1867
    1889
    1812
    1805
    1888
    1793
    1773
    1737
    1822
    1783
    1780
    1744
    1838
    1784
    1827
    1777
    1773
    1808
    1841
    1720
    1740
    1720
    1743
    1750
    1706
    1770
    1725
    1742
    1753
    1788
    1751
    1680
    1682
    1695
    1708
    1634
    1648
    1721
    1629
    1611
    1623
    1681
    1698
    1684
    1651
    1651
    1619
    1589
    1601
    1639
    1587
    1557
    1574
    1650
    1594
    1574
    1634
    1618
    1681
    1508
    1604
    1571
    1526
    1502
    1566
    1490
    1510
    1503
    1593
    1531
    1529
    1518
    1505
    1565
    1561
    1526
    1596
    1521
    1496
    1569
    1516
    1503
    1486
    1529
    1498
    1547
    1519
    1596
    1518
    1461
    1521
    1565
    1557
    1508
    1461
    1555
    1552
    1537
    1472
    1517
    1555
    1537
    1494
    1585
    1628
    1548
    1611
    1514
    1574
    1529
    1549
    1571
    1563
    1505
    1511
    1566
    1595
    1529
    1589
    1547
    1492
    1470
    1446
    1537
    1489
    1495
    1463
    1444
    1526
    1455
    1489
    1437
    1475
    1505
    1426
    1374
    1406
    1396
    1433
    1447
    1424
    1406
    1382
    1436
    1403
    1362
    1364
    1437
    1421
    1340
    1398
    1447
    1365
    1376
    1416
    1344
    1399
    1395
    1361
    1317
    1298
    1382
    1291
    1295
    1306
    1354
    1303
    1372
    1285
    1296
    1310
    1348
    1358
    1325
    1320
    1336
    1321
    1320
    1325
    1273
    1241
    1309
    1337
    1319
    1305
    1315
    1283
    1269
    1406
    1342
    1371
    1323
    1277
    1291
    1315
    1339
    1275
    1318
    1268
    1315
    1255
    1340
    1273
    1318
    1336
    1351
    1345
    1315
    1344
    1260
    1342
    1327
    1299
    1261
    1251
    1335
    1321
    1347
    1319
    1346
    1281
    1307
    1252
    1283
    1248
    1261
    1273
    1289
    1297
    1280
    1281
    1256
    1286
    1330
    1283
    1284
    1269
    1213
    1204
    1254
    1285
    1292
    1233
    1231
    1294
    1256
    1260
    1298
    1288
    1231
    1292
    1277
    1203
    1273
    1218
    1221
    1237
    1288
    1264
    1232
    1316
    1249
    1259
    1225
    1298
    1210
    1283
    1283
    1247
    1236
    1225
    1191
    1236
    1272
    1217
    1235
    1214
    1262
    1237
    1229
    1246
    1238
    1195
    1215
    1232
    1170
    1209
    1251
    1265
    1300
    1228
    1262
    1204
    1213
    1249
    1229
    1228
    1214
    1247
    1219
    1176
    1203
    1192
    1176
    1158
    1271
    1177
    1187
    1216
    1204
    1196
    1212
    1179
    1206
    1220
    1190
    1182
    1197
    1229
    1182
    1190
    1172
    1226
    1181
    1211
    1135
    1184
    1191
    1156
    1213
    1209
    1184
    1166
    1181
    1266
    1192
    1167
    1116
    1145
    1173
    1157
    1183
    1151
    1158
    1234
    1155
    1179
    1109
    1170
    1179
    1144
    1163
    1121
    1117
    1138
    1161
    1110
    1147
    1135
    1152
    1157
    1158
    1118
    1182
    1162
    1194
    1148
    1214
    1087
    1182
    1165
    1133
    1109
    1149
    1168
    1133
    1153
    1139
    1123
    1083
    1073
    1102
    1076
    1161
    1132
    1187
    1108
    1109
    1149
    1102
    1121
    1145
    1073
    1140
    1097
    1065
    1103
    1158
    1094
    1096
    1082
    1121
    1071
    1105
    1172
    1146
    1137
    1093
    1123
    1148
    1092
    1019
    1104
    1122
    1114
    1153
    1101
    1181
    1131
    1123
    1099
    1131
    1135
    1091
    1115
    1065
    1044
    1105
    1168
    1124
    1057
    1139
    1108
    1121
    1120
    1099
    1051
    1149
    1111
    1066
    1130
    1101
    1070
    1084
    1098
    1095
    1074
    1142
    1113
    1084
    1057
    1073
    1101
    1020
    1091
    1111
    1131
    1086
    1094
    1069
    1032
    1044
    1041
    1121
    1097
    1118
    1088
    1070
    1055
    1052
    1073
    1074
    1058
    1081
    1090
    1041
    1042
    1093
    1053
    1045
    1107
    1093
    1038
    1117
    1084
    1046
    1074
    1155
    1061
    1042
    1043
    1049
    1111
    1130
    1054
    1036
    1048
    1109
    1109
    1101
    1125
    1172
    1128
    1104
    1121
    1163
    1122
    1086
    1114
    1130
    1097
    1102
    1144
    1115
    1126
    1105
    1049
    1108
    1103
    1051
    1081
    1146
    1030
    1103
    1065
    1140
    1114
    1088
    1063
    1077
    1103
    1088
    1022
    1071
    1077
    1098
    1105
    1084
    1119
    1077
    1029
    1124
    1092
    1047
    1122
    1098
    1078
    1101
    1122
    1051
    1020
     985
    1075
    1016
    1053
    1115
     996
    1015
    1063
    1032
    1087
    1069
    1089
    1055
    1059
     998
    1099
    1070
    1116
    1003
    1018
    1029
    1080
    1053
    1009
    1089
    1028
    1087
    1044
    1059
    1051
    1119
    1124
    1085
    1064
    1133
    1040
    1088
    1134
    1090
    1081
    1091
    1155
    1070
    1139
    1106
    1100
    1090
    1115
    1098
    1082
    1092
    1078
    1104
    1110
    1095
    1062
    1061
    1165
    1101
    1092
    1119
    1113
    1136
    1139
    1121
    1141
    1096
    1044
    1101
    1083
    1083
    1129
    1110
    1063
    1114
    1115
    1140
    1090
    1128
    1124
    1135
    1127
    1067
    1118
    1118
    1143
    1083
    1107
    1053
    1064
    1050
    1006
    1067
    1080
    1117
    1085
    1055
    1041
    1102
    1057
    1035
    1040
    1054
    1078
    1031
    1071
    1007
    1065
    1056
    1033
     986
    1071
    1021
    1004
    1034
    1022
    1062
    1078
    1059
    1060
    1064
    1039
    1072
    1068
    1042
    1096
    1125
    1078
    1077
    1133
    1136
    1120
    1177
    1137
    1170
    1095
    1149
    1164
    1174
    1157
    1174
    1182
    1232
    1095
    1228
    1238
    1128
    1153
    1112
    1181
    1150
    1144
    1223
    1108
    1115
    1215
    1184
    1134
    1163
    1123
    1213
    1127
    1058
    1120
    1099
    1090
    1132
    1083
    1051
    1081
    1126
    1056
    1058
    1071
    1093
    1033
     980
     995
     991
    1047
    1040
    1014
     983
    1008
    1023
     985
    1002
     924
     952
     956
    1033
    1010
     907
     972
     907
     979
     962
     901
     974
     939
     973
    1030
     973
     938
     988
     960
     880
     994
     917
     929
    1011
     934
     975
     953
     956
     977
     972
     955
     936
     980
     947
     953
    1001
     887
     967
     970
     951
     930
     976
     958
     954
     958
     955
     990
     985
     961
     935
     988
     976
    1012
    1052
     934
     976
     959
     959
     952
     934
     908
     960
     937
     943
     930
     950
     996
    1006
     963
     975
     968
     979
     947
     987
     915
     956
     999
     908
     964
     919
     971
    1002
    1007
    1024
     993
     952
     920
     977
    1014
    1020
     940
     996
    1008
    1074
     976
    1022
     990
     946
    1001
     959
     994
    1024
     973
     978
     976
     992
    1022
     980
     998
     988
    1026
     986
    1028
    1022
    1000
    1016
    1023
    1014
     972
     991
     997
     944
     984
     977
     949
     973
     959
     958
    1031
     934
     957
     955
     984
     947
     932
     967
     944
    1017
     986
     968
    1010
     988
     979
     996
     978
     982
     929
     969
    1012
     998
    1000
     965
     943
     978
     966
     930
     934
     910
     999
     974
    1031
     927
     940
     935
    1023
     979
     937
     972
     988
     987
    1019
     979
     933
     934
     935
     964
     969
     998
     974
    1035
     959
    1011
     975
     954
     994
     950
     962
     932
     991
    1035
     972
     987
     994
    1017
    1014
    1001
    1027
     977
     970
     948
     979
     966
    1003
    1002
     984
    1033
    1037
     990
    1031
     989
    1006
    1006
    1036
    1034
     940
    1044
    1007
    1034
    1000
    1020
    1002
    1012
    1045
    1076
    1011
     983
     989
    1044
     984
    1029
     979
    1037
    1011
    1031
    1049
    1048
    1028
     996
    1039
     984
    1034
    1044
    1004
    1052
    1043
    1037
    1014
    1013
    1106
    1051
    1055
    1021
     984
    1069
    1097
     988
    1011
    1031
    1073
    1073
    1079
    1024
    1102
    1093
    1058
    1065
    1030
    1001
    1051
     994
    1063
    1088
    1111
    1074
    1109
     971
    1095
    1046
    1100
    1077
    1051
    1027
    1012
    1097
    1099
    1093
    1126
    1066
    1036
    1076
    1101
    1115
    1071
    1113
    1061
    1059
    1027
    1097
    1105
    1064
    1081
    1079
    1120
    1077
    1123
    1098
    1110
    1117
    1186
    1119
    1112
    1118
    1064
    1125
    1150
    1173
    1144
    1159
    1122
    1172
    1134
    1098
    1176
    1158
    1162
    1148
    1234
    1100
    1177
    1200
    1204
    1168
    1163
    1191
    1219
    1194
    1196
    1264
    1161
    1138
    1148
    1219
    1203
    1219
    1256
    1156
    1192
    1260
    1177
    1220
    1219
    1235
    1200
    1215
    1308
    1247
    1332
    1273
    1225
    1328
    1285
    1286
    1251
    1300
    1257
    1241
    1289
    1334
    1264
    1317
    1294
    1272
    1323
    1313
    1332
    1384
    1318
    1356
    1391
    1406
    1357
    1387
    1360
    1337
    1407
    1454
    1429
    1443
    1392
    1460
    1451
    1428
    1440
    1425
    1489
    1445
    1447
    1426
    1432
    1550
    1494
    1487
    1560
    1525
    1569
    1566
    1532
    1551
    1534
    1595
    1558
    1656
    1675
    1587
    1660
    1647
    1688
    1609
    1633
    1673
    1665
    1637
    1719
    1718
    1725
    1715
    1717
    1854
    1737
    1777
    1779
    1797
    1784
    1788
    1861
    1839
    1896
    1896
    1865
    1871
    2006
    1961
    1982
    1918
    1935
    2019
    1957
    1894
    1958
    2111
    2037
    2071
    2109
    2081
    2067
    2156
    2049
    2190
    2165
    2138
    2212
    2218
    2095
    2256
    2145
    2219
    2192
    2248
    2214
    2329
    2282
    2387
    2409
    2309
    2307
    2402
    2462
    2358
    2502
    2466
    2474
    2531
    2472
    2409
    2478
    2658
    2612
    2446
    2577
    2470
    2555
    2564
    2571
    2615
    2626
    2679
    2723
    2618
    2752
    2741
    2804
    2729
    2775
    2723
    2826
    2838
    2849
    2918
    2806
    2780
    2880
    2860
    2807
    2860
    2849
    2912
    2848
    2886
    2888
    2846
    2921
    2937
    2819
    2926
    2933
    2879
    2884
    2911
    2900
    2890
    2750
    2956
    2891
    2827
    2882
    2902
    2806
    2987
    2929
    2903
    2938
    3012
    2908
    2917
    2867
    2862
    2952
    2898
    2934
    2930
    3019
    2867
    2796
    2859
    2798
    2873
    2849
    2770
    2895
    2911
    2841
    2920
    2869
    2867
    2857
    2822
    2871
    2793
    2943
    2917
    2913
    2843
    2892
    2930
    2980
    2808
    2858
    2834
    2841
    2894
    2873
    2877
    2955
    2894
    2905
    2962
    2896
    2951
    3004
    3064
    3008
    2920
    3018
    2937
    3057
    3071
    3106
    3019
    3077
    3079
    3177
    3130
    3200
    3117
    3125
    3254
    3188
    3187
    3224
    3228
    3138
    3204
    3377
    3253
    3277
    3277
    3296
    3310
    3348
    3331
    3368
    3449
    3431
    3394
    3496
    3481
    3564
    3506
    3711
    3679
    3607
    3574
    3748
    3769
    3653
    3830
    3613
    3789
    3868
    3912
    3860
    3855
    3911
    3860
    3962
    3987
    3955
    4159
    4165
    4072
    4155
    4050
    4255
    4171
    4235
    4269
    4377
    4343
    4273
    4358
    4338
    4420
    4562
    4594
    4610
    4510
    4649
    4653
    4656
    4873
    4783
    4782
    4862
    4856
    4983
    4967
    5031
    5135
    5109
    5265
    5208
    5255
    5349
    5346
    5454
    5440
    5469
    5547
    5401
    5587
    5761
    5670
    5793
    5844
    5850
    6134
    6011
    5889
    6044
    6210
    6201
    6171
    6350
    6387
    6166
    6386
    6655
    6629
    6512
    6650
    6789
    6846
    6898
    6947
    6957
    7146
    7057
    7125
    7264
    7419
    7370
    7421
    7602
    7460
    7683
    7825
    7874
    7863
    8061
    8139
    8136
    8286
    8439
    8214
    8440
    8482
    8567
    8737
    8712
    8885
    8863
    9167
    9208
    9272
    9284
    9462
    9280
    9624
    9603
    9841
    9869
    9970
   10176
   10121
   10104
   10403
   10536
   10623
   10649
   10839
   10813
   11035
   11087
   11205
   11337
   11431
   11570
   11718
   11672
   12108
   12025
   12234
   12360
   12297
   12581
   12646
   12861
   12816
   13148
   13240
   13412
   13531
   13648
   13998
   14111
   14264
   14159
   14407
   14613
   14874
   14884
   15199
   15227
   15569
   15603
   15688
   16125
   16395
   16206
   16634
   16636
   17138
   17305
   17498
   17701
   17615
   18163
   18185
   18474
   18914
   18909
   19543
   19475
   19827
   19883
   20524
   20424
   20637
   21117
   21244
   21651
   21756
   22376
   22476
   22619
   23054
   23493
   23803
   24151
   24374
   25067
   25573
   25587
   25903
   26445
   26788
   27256
   27774
   28100
   28735
   28778
   29640
   29644
   30381
   30670
   31129
   31668
   32475
   33076
       0
       0
       0
       0
       0
       0
       0
       0
       0
       0
       0
       0
       0
       0
       0
       0
       0
       0
       0
       0
       0
       0
       0
       0
       0
       0
       0
       0
       0
       0
       0
       0
$ROI:
0
$PRESETS:
None
0
0
$ENER_FIT:
-0.169488 0.023446
$MCA_CAL:
3
-1.694878E-001 2.344633E-002 0.000000E+000 keV
$SHAPE_CAL:
3
0.000000E+000 0.000000E+000 0.000000E+000
