$SPEC_ID:
No sample description was entered.
$SPEC_REM:
DET# 4
DETDESC# JLAB-20 MCB 131
AP# Maestro Version 7.01
$DATE_MEA:
09/29/2025 19:56:44
$MEAS_TIM:
28583 29278
$DATA:
0 2047
       0
       0
       0
       0
       0
       0
       0
       0
       0
       0
       0
       0
       0
       0
       0
       0
       0
       0
       0
       0
       0
       0
       0
       0
       0
       0
       0
       0
       0
       0
       0
       0
       0
       0
       0
       0
       0
       0
       0
       0
       0
       0
       0
       0
       0
       0
       0
       0
       0
       0
       0
       0
       0
       0
       0
       0
       0
       0
       0
       0
       0
       0
       0
       0
       0
       0
       0
       0
       0
      73
    3109
    3186
    3122
    2856
    2990
    2860
    2733
    2651
    2679
    2658
    2533
    2749
    2557
    2515
    2504
    2521
    2473
    2475
    2461
    2434
    2406
    2287
    2289
    2288
    2190
    2251
    2207
    2264
    2224
    2235
    2170
    2245
    2150
    2175
    2098
    2104
    2121
    2102
    2086
    1977
    2046
    2041
    2054
    2011
    1933
    2017
    1962
    1971
    1878
    1948
    1890
    1847
    1878
    1873
    1910
    1918
    1892
    1893
    1823
    1833
    1793
    1827
    1820
    1768
    1720
    1843
    1806
    1828
    1784
    1722
    1762
    1690
    1734
    1755
    1688
    1657
    1740
    1789
    1699
    1745
    1612
    1677
    1631
    1614
    1630
    1620
    1602
    1662
    1662
    1581
    1627
    1569
    1598
    1569
    1590
    1530
    1578
    1630
    1587
    1629
    1563
    1573
    1585
    1463
    1575
    1537
    1577
    1510
    1566
    1599
    1487
    1491
    1558
    1484
    1506
    1537
    1503
    1523
    1481
    1527
    1510
    1509
    1427
    1531
    1515
    1495
    1440
    1436
    1431
    1477
    1423
    1549
    1479
    1463
    1385
    1442
    1433
    1451
    1433
    1407
    1420
    1432
    1415
    1396
    1412
    1450
    1401
    1436
    1403
    1439
    1458
    1412
    1423
    1397
    1410
    1472
    1429
    1429
    1410
    1398
    1425
    1346
    1412
    1498
    1398
    1406
    1382
    1421
    1374
    1383
    1448
    1396
    1461
    1364
    1404
    1403
    1350
    1363
    1367
    1359
    1403
    1369
    1386
    1432
    1422
    1395
    1407
    1464
    1455
    1460
    1414
    1407
    1514
    1433
    1413
    1399
    1411
    1493
    1441
    1434
    1434
    1406
    1419
    1491
    1498
    1428
    1477
    1434
    1421
    1476
    1444
    1460
    1506
    1486
    1455
    1403
    1514
    1491
    1477
    1444
    1503
    1464
    1545
    1523
    1505
    1581
    1495
    1460
    1519
    1592
    1526
    1567
    1685
    1629
    1755
    1722
    1791
    1946
    2065
    2249
    2441
    2545
    2892
    3156
    3418
    3932
    4395
    4801
    5473
    6090
    6719
    7611
    8229
    9199
   10169
   10914
   11920
   12955
   13674
   14797
   15909
   16743
   17617
   18218
   19003
   19841
   20085
   20604
   21038
   21723
   21963
   22332
   22620
   22681
   22494
   22532
   22856
   22706
   22680
   22440
   22082
   21965
   21763
   21339
   21221
   20904
   20436
   20405
   19692
   19459
   19026
   18607
   18073
   17650
   17320
   16531
   16097
   15631
   15044
   14574
   13788
   13364
   12862
   12376
   11829
   11532
   10755
   10308
    9753
    9432
    9154
    8688
    8044
    7895
    7580
    7291
    7167
    6786
    6348
    6407
    6161
    5838
    5697
    5530
    5531
    4996
    5131
    4883
    4646
    4494
    4320
    4054
    4073
    3684
    3478
    3350
    3212
    3046
    2951
    2777
    2507
    2452
    2175
    2182
    1985
    1838
    1763
    1605
    1585
    1389
    1331
    1262
    1236
    1183
    1157
    1127
    1007
    1037
    1017
    1015
    1036
    1006
     980
    1018
     948
     948
     903
     992
     952
     965
     925
     951
     996
     966
     926
     984
     952
     990
     899
     948
     905
     930
     912
     965
     942
     907
     921
     940
     956
     965
     926
     889
     913
     919
     847
     882
     948
     869
     865
     866
     895
     890
     922
     895
     870
     916
     878
     817
     906
     843
     838
     839
     905
     871
     849
     898
     866
     931
     825
     876
     830
     842
     802
     843
     779
     797
     806
     848
     844
     840
     848
     790
     848
     842
     846
     896
     861
     794
     820
     823
     810
     800
     843
     779
     803
     815
     847
     844
     766
     806
     863
     868
     798
     805
     811
     796
     827
     744
     820
     862
     816
     808
     830
     869
     849
     910
     815
     838
     814
     834
     854
     826
     792
     819
     849
     885
     764
     852
     869
     802
     811
     758
     857
     807
     802
     803
     780
     809
     768
     800
     756
     788
     812
     807
     734
     754
     713
     764
     782
     742
     763
     736
     794
     733
     733
     717
     746
     746
     725
     726
     756
     770
     744
     753
     751
     742
     746
     725
     704
     726
     732
     702
     689
     669
     712
     669
     687
     687
     730
     706
     698
     707
     706
     715
     764
     721
     704
     716
     685
     648
     687
     713
     711
     720
     728
     663
     674
     771
     691
     754
     693
     692
     684
     722
     756
     659
     710
     692
     716
     679
     708
     689
     738
     693
     736
     729
     700
     724
     697
     744
     721
     684
     670
     703
     736
     719
     729
     721
     711
     686
     703
     684
     668
     701
     707
     685
     701
     732
     669
     675
     656
     683
     718
     696
     672
     696
     638
     623
     670
     679
     671
     639
     648
     698
     651
     677
     693
     688
     685
     685
     696
     662
     647
     629
     655
     651
     683
     658
     642
     697
     656
     678
     676
     654
     665
     680
     676
     671
     644
     649
     631
     697
     700
     663
     706
     668
     658
     659
     653
     644
     688
     618
     658
     643
     636
     641
     629
     672
     674
     654
     686
     648
     659
     644
     663
     670
     651
     671
     660
     644
     625
     635
     599
     631
     683
     640
     695
     666
     659
     602
     655
     614
     628
     630
     640
     638
     637
     671
     614
     627
     647
     678
     623
     659
     614
     629
     658
     609
     663
     653
     631
     644
     634
     681
     609
     638
     576
     643
     647
     637
     654
     651
     622
     652
     617
     605
     586
     630
     637
     627
     631
     586
     547
     601
     615
     579
     587
     578
     612
     636
     593
     620
     636
     614
     637
     629
     636
     564
     652
     633
     635
     614
     605
     604
     591
     616
     639
     623
     580
     579
     610
     609
     641
     624
     634
     626
     620
     603
     570
     599
     602
     561
     590
     596
     574
     582
     649
     569
     577
     623
     576
     588
     602
     650
     620
     612
     563
     619
     645
     574
     528
     596
     598
     595
     605
     569
     668
     595
     579
     608
     645
     593
     615
     579
     577
     555
     592
     633
     588
     558
     612
     585
     631
     622
     570
     577
     629
     591
     581
     584
     582
     552
     599
     601
     582
     590
     604
     563
     574
     539
     587
     577
     561
     608
     619
     604
     586
     574
     567
     570
     574
     580
     613
     568
     581
     578
     590
     567
     588
     580
     588
     558
     565
     557
     561
     552
     565
     564
     567
     573
     619
     556
     619
     592
     564
     561
     648
     554
     569
     552
     546
     589
     617
     561
     557
     579
     609
     584
     586
     618
     626
     620
     593
     595
     620
     587
     594
     598
     570
     616
     610
     617
     586
     651
     584
     561
     584
     601
     572
     601
     630
     542
     606
     559
     616
     574
     599
     595
     550
     605
     602
     540
     544
     561
     645
     597
     580
     567
     557
     550
     595
     601
     559
     601
     588
     583
     610
     613
     586
     586
     518
     570
     540
     583
     595
     516
     546
     552
     580
     582
     600
     581
     552
     570
     543
     585
     599
     582
     559
     539
     527
     583
     573
     531
     562
     536
     591
     575
     570
     581
     604
     597
     590
     581
     622
     578
     567
     611
     576
     585
     569
     597
     586
     609
     552
     582
     580
     608
     572
     554
     601
     570
     585
     586
     616
     587
     546
     632
     601
     604
     595
     573
     583
     604
     596
     611
     579
     555
     584
     566
     568
     605
     589
     572
     582
     581
     631
     582
     602
     596
     625
     596
     586
     588
     587
     620
     587
     609
     587
     583
     559
     517
     576
     587
     594
     581
     583
     574
     575
     564
     564
     516
     563
     590
     568
     566
     551
     561
     571
     548
     531
     571
     541
     541
     589
     566
     604
     590
     578
     564
     573
     595
     577
     539
     529
     608
     638
     576
     588
     636
     590
     586
     605
     576
     626
     588
     587
     612
     627
     629
     620
     637
     717
     604
     668
     666
     606
     598
     568
     620
     574
     620
     635
     597
     613
     638
     629
     609
     612
     591
     647
     624
     587
     601
     614
     584
     614
     602
     544
     596
     618
     564
     562
     605
     580
     553
     505
     534
     544
     581
     565
     573
     532
     557
     548
     544
     573
     523
     532
     536
     562
     542
     465
     514
     494
     534
     522
     463
     520
     506
     508
     559
     518
     510
     514
     537
     468
     554
     483
     502
     533
     499
     527
     512
     531
     511
     536
     491
     512
     525
     470
     497
     535
     456
     537
     539
     512
     477
     506
     498
     526
     501
     492
     536
     528
     491
     496
     521
     527
     526
     590
     505
     530
     525
     538
     527
     496
     486
     520
     500
     487
     483
     528
     526
     548
     510
     528
     512
     531
     492
     537
     475
     498
     539
     508
     539
     493
     523
     531
     578
     561
     508
     512
     488
     527
     525
     571
     508
     537
     541
     563
     497
     561
     549
     509
     534
     510
     531
     576
     544
     508
     548
     527
     555
     511
     521
     491
     567
     547
     560
     533
     528
     532
     542
     513
     515
     526
     532
     507
     534
     530
     508
     540
     499
     498
     562
     496
     514
     530
     510
     501
     495
     554
     512
     557
     539
     524
     560
     561
     510
     550
     513
     565
     526
     502
     543
     534
     543
     518
     507
     511
     509
     501
     497
     491
     520
     507
     532
     490
     500
     478
     556
     543
     511
     504
     534
     547
     543
     511
     514
     519
     512
     534
     506
     533
     535
     568
     505
     577
     511
     494
     544
     499
     537
     494
     520
     544
     519
     529
     521
     540
     560
     563
     560
     536
     510
     514
     512
     545
     529
     526
     504
     552
     552
     563
     556
     533
     513
     556
     563
     558
     499
     562
     567
     543
     560
     537
     559
     555
     544
     594
     552
     528
     548
     562
     536
     545
     563
     539
     557
     532
     565
     538
     534
     527
     589
     502
     559
     558
     512
     554
     560
     556
     524
     545
     593
     569
     561
     562
     573
     568
     582
     536
     549
     565
     560
     581
     573
     576
     600
     585
     579
     554
     560
     542
     530
     515
     559
     582
     598
     593
     584
     534
     595
     561
     558
     564
     572
     549
     551
     595
     596
     603
     622
     584
     559
     552
     570
     592
     553
     578
     580
     590
     543
     599
     613
     561
     593
     588
     630
     570
     643
     601
     585
     608
     623
     624
     592
     592
     605
     590
     619
     658
     643
     636
     621
     636
     612
     586
     624
     651
     615
     603
     673
     612
     600
     652
     638
     622
     618
     630
     659
     643
     625
     663
     643
     613
     612
     669
     628
     682
     661
     639
     682
     699
     612
     664
     617
     629
     657
     664
     679
     670
     703
     663
     653
     719
     670
     688
     689
     682
     672
     659
     681
     719
     699
     690
     677
     688
     728
     679
     738
     763
     707
     700
     737
     768
     720
     785
     739
     709
     766
     797
     744
     749
     760
     772
     775
     761
     804
     782
     827
     763
     804
     751
     751
     842
     788
     832
     822
     814
     830
     824
     809
     854
     817
     826
     829
     919
     913
     872
     881
     900
     897
     846
     878
     875
     905
     875
     930
     936
     913
     908
     939
    1009
     922
     914
     959
     954
     969
     964
     981
     957
    1047
    1032
    1007
    1002
    1092
    1088
    1096
    1055
    1042
    1082
    1040
    1047
    1045
    1125
    1072
    1119
    1125
    1148
    1103
    1182
    1084
    1234
    1139
    1134
    1204
    1200
    1107
    1208
    1119
    1211
    1190
    1248
    1149
    1284
    1245
    1332
    1295
    1228
    1242
    1280
    1334
    1286
    1341
    1321
    1336
    1350
    1320
    1309
    1336
    1481
    1413
    1341
    1378
    1354
    1334
    1389
    1375
    1387
    1388
    1491
    1515
    1414
    1493
    1445
    1512
    1484
    1499
    1467
    1560
    1513
    1532
    1568
    1520
    1457
    1520
    1534
    1530
    1510
    1518
    1558
    1503
    1573
    1510
    1532
    1582
    1593
    1549
    1555
    1594
    1546
    1508
    1571
    1556
    1585
    1471
    1609
    1608
    1533
    1514
    1560
    1480
    1629
    1565
    1576
    1608
    1612
    1577
    1608
    1550
    1522
    1612
    1548
    1621
    1589
    1631
    1546
    1477
    1521
    1456
    1520
    1555
    1486
    1526
    1601
    1511
    1533
    1599
    1533
    1532
    1530
    1493
    1461
    1537
    1606
    1574
    1549
    1536
    1558
    1591
    1537
    1506
    1539
    1531
    1562
    1488
    1534
    1574
    1558
    1536
    1575
    1568
    1618
    1580
    1638
    1603
    1578
    1591
    1596
    1601
    1640
    1701
    1655
    1671
    1634
    1771
    1658
    1749
    1697
    1679
    1728
    1747
    1684
    1749
    1722
    1667
    1640
    1807
    1776
    1723
    1766
    1782
    1774
    1825
    1809
    1795
    1828
    1848
    1830
    1891
    1848
    1898
    1906
    2004
    1924
    1976
    1951
    2019
    1999
    1953
    1996
    1926
    2046
    2053
    2023
    2071
    2046
    2091
    2083
    2136
    2106
    2130
    2246
    2284
    2203
    2268
    2180
    2261
    2276
    2303
    2269
    2321
    2310
    2282
    2381
    2344
    2378
    2444
    2503
    2494
    2377
    2504
    2498
    2481
    2615
    2498
    2537
    2638
    2594
    2684
    2632
    2704
    2793
    2756
    2815
    2796
    2850
    2852
    2826
    2875
    2926
    2923
    2959
    2825
    3043
    3184
    3002
    3173
    3185
    3192
    3306
    3206
    3185
    3219
    3238
    3438
    3287
    3471
    3416
    3271
    3404
    3531
    3494
    3571
    3628
    3654
    3699
    3719
    3739
    3677
    3827
    3679
    3815
    3938
    4021
    3936
    3996
    4102
    3938
    4084
    4214
    4169
    4267
    4362
    4365
    4378
    4414
    4555
    4413
    4519
    4592
    4557
    4606
    4641
    4759
    4756
    4916
    4897
    4931
    4972
    5108
    5054
    5146
    5126
    5311
    5267
    5412
    5435
    5398
    5449
    5563
    5646
    5701
    5660
    5809
    5854
    5787
    5996
    6110
    6069
    6117
    6260
    6401
    6209
    6480
    6464
    6528
    6668
    6589
    6815
    6787
    6921
    6865
    7014
    7145
    7067
    7277
    7275
    7456
    7506
    7654
    7580
    7822
    7801
    7932
    7903
    8166
    8251
    8178
    8338
    8337
    8583
    8719
    8682
    8993
    8883
    9306
    9210
    9368
    9515
    9459
    9841
    9766
   10027
   10192
   10188
   10508
   10443
   10569
   10731
   10992
   10850
   11072
   11402
   11442
   11666
   11724
   12080
   12122
   12131
   12421
   12495
   12769
   12963
   13066
   13458
   13669
   13655
   13817
   14367
   14417
   14724
   14850
   15272
   15412
   15482
   15947
   15891
   16293
   16599
   16598
   16996
   17644
   17750
       0
       0
       0
       0
       0
       0
       0
       0
       0
       0
       0
       0
       0
       0
       0
       0
       0
       0
       0
       0
       0
       0
       0
       0
       0
       0
       0
       0
       0
       0
       0
       0
$ROI:
0
$PRESETS:
None
0
0
$ENER_FIT:
-0.169488 0.023446
$MCA_CAL:
3
-1.694878E-001 2.344633E-002 0.000000E+000 keV
$SHAPE_CAL:
3
0.000000E+000 0.000000E+000 0.000000E+000
