$SPEC_ID:
No sample description was entered.
$SPEC_REM:
DET# 4
DETDESC# JLAB-20 MCB 131
AP# Maestro Version 7.01
$DATE_MEA:
09/30/2025 13:16:44
$MEAS_TIM:
89502 91679
$DATA:
0 2047
       0
       0
       0
       0
       0
       0
       0
       0
       0
       0
       0
       0
       0
       0
       0
       0
       0
       0
       0
       0
       0
       0
       0
       0
       0
       0
       0
       0
       0
       0
       0
       0
       0
       0
       0
       0
       0
       0
       0
       0
       0
       0
       0
       0
       0
       0
       0
       0
       0
       0
       0
       0
       1
       0
       1
       0
       0
       0
       0
       0
       0
       0
       0
       1
       0
       1
       1
       1
       0
     339
   10194
   10303
    9733
    9290
    9257
    8824
    8720
    8602
    8471
    8352
    8186
    8346
    7998
    8008
    7916
    7881
    7761
    7557
    7509
    7786
    7551
    7188
    7383
    7212
    7166
    7053
    7086
    7179
    7036
    6992
    6917
    6891
    6824
    6923
    6725
    6529
    6649
    6540
    6590
    6455
    6381
    6392
    6378
    6280
    6215
    6300
    6156
    6133
    6007
    5936
    6046
    6033
    5920
    5947
    5923
    5891
    6047
    5877
    5798
    5669
    5827
    5739
    5524
    5586
    5465
    5551
    5544
    5620
    5473
    5412
    5470
    5458
    5306
    5312
    5331
    5326
    5388
    5441
    5334
    5429
    5128
    5361
    5061
    5223
    5082
    5073
    5119
    5135
    5163
    5003
    5099
    4981
    5009
    4934
    5049
    4937
    4965
    5022
    4927
    4975
    4856
    4829
    4905
    4789
    4937
    4884
    4850
    4770
    4822
    4854
    4710
    4706
    4840
    4733
    4661
    4791
    4693
    4680
    4717
    4653
    4642
    4641
    4525
    4721
    4792
    4584
    4717
    4581
    4602
    4674
    4554
    4605
    4617
    4640
    4505
    4469
    4488
    4499
    4488
    4455
    4511
    4545
    4472
    4355
    4525
    4492
    4481
    4508
    4462
    4493
    4574
    4504
    4484
    4593
    4472
    4513
    4398
    4427
    4498
    4455
    4435
    4400
    4377
    4502
    4542
    4434
    4367
    4493
    4382
    4364
    4436
    4398
    4437
    4273
    4453
    4413
    4348
    4389
    4476
    4353
    4458
    4401
    4427
    4437
    4438
    4442
    4424
    4500
    4513
    4487
    4453
    4334
    4570
    4552
    4525
    4505
    4466
    4591
    4651
    4588
    4510
    4499
    4531
    4602
    4672
    4550
    4619
    4589
    4524
    4573
    4565
    4546
    4624
    4657
    4594
    4506
    4667
    4594
    4642
    4652
    4664
    4554
    4664
    4678
    4630
    4737
    4696
    4729
    4754
    4890
    4847
    5016
    5082
    5177
    5435
    5511
    5661
    6141
    6466
    6990
    7480
    8144
    9097
    9884
   10940
   12218
   13813
   15405
   17112
   19071
   21266
   23758
   26173
   28815
   32036
   34761
   37615
   40528
   43245
   46563
   49354
   52381
   54863
   57164
   59535
   61866
   62974
   65399
   66210
   67579
   68498
   69287
   70235
   70721
   70604
   71007
   70956
   70827
   70456
   69906
   69335
   68884
   68110
   67103
   66319
   65542
   64126
   63132
   61876
   60866
   59629
   58071
   56623
   55356
   53742
   51978
   50246
   49093
   47158
   45265
   43567
   42028
   40650
   38819
   37400
   35747
   33938
   32434
   30885
   29557
   28224
   27134
   25654
   24742
   23575
   22841
   22120
   21094
   20352
   19995
   19236
   18450
   18092
   17395
   17045
   16133
   15762
   15178
   14409
   13990
   13519
   12973
   12568
   11739
   11112
   10525
   10119
    9563
    9142
    8440
    7964
    7596
    6929
    6738
    6139
    5778
    5407
    5100
    4843
    4385
    4266
    3928
    3829
    3698
    3640
    3473
    3293
    3170
    3143
    3066
    3063
    3079
    3033
    3098
    3022
    2982
    2909
    3049
    3027
    2959
    2953
    3042
    3004
    3138
    2969
    3016
    3043
    3078
    2812
    2993
    2955
    2989
    3003
    2918
    2946
    2884
    2909
    2866
    2970
    2984
    2820
    2908
    2862
    2829
    2775
    2819
    2862
    2759
    2767
    2802
    2759
    2784
    2811
    2780
    2712
    2735
    2681
    2713
    2748
    2682
    2706
    2627
    2726
    2669
    2670
    2659
    2719
    2747
    2617
    2665
    2629
    2560
    2602
    2624
    2509
    2589
    2540
    2607
    2564
    2533
    2592
    2569
    2604
    2576
    2577
    2716
    2551
    2530
    2541
    2500
    2533
    2519
    2628
    2559
    2595
    2598
    2579
    2578
    2484
    2496
    2611
    2635
    2566
    2506
    2605
    2588
    2598
    2545
    2556
    2612
    2603
    2559
    2638
    2650
    2574
    2639
    2585
    2583
    2579
    2550
    2613
    2589
    2557
    2487
    2596
    2583
    2511
    2587
    2553
    2543
    2551
    2586
    2563
    2494
    2500
    2446
    2419
    2535
    2475
    2468
    2354
    2430
    2429
    2409
    2411
    2393
    2395
    2335
    2373
    2423
    2393
    2314
    2395
    2360
    2329
    2323
    2409
    2365
    2344
    2377
    2349
    2301
    2339
    2342
    2272
    2263
    2306
    2270
    2197
    2184
    2278
    2251
    2186
    2267
    2261
    2213
    2251
    2171
    2219
    2232
    2230
    2245
    2231
    2241
    2291
    2277
    2197
    2231
    2124
    2151
    2172
    2218
    2195
    2149
    2238
    2188
    2164
    2286
    2250
    2256
    2225
    2246
    2169
    2211
    2244
    2204
    2207
    2177
    2230
    2178
    2194
    2154
    2159
    2261
    2254
    2200
    2207
    2266
    2151
    2239
    2235
    2171
    2148
    2131
    2181
    2205
    2253
    2220
    2267
    2142
    2206
    2179
    2196
    2103
    2165
    2153
    2176
    2135
    2149
    2140
    2124
    2176
    2195
    2158
    2113
    2100
    2100
    2067
    2162
    2139
    2136
    2083
    2134
    2145
    2151
    2136
    2077
    2113
    2134
    2181
    2115
    2045
    2131
    2064
    2124
    2013
    2162
    2038
    2072
    2170
    2048
    2059
    2085
    2107
    2083
    2135
    2121
    2103
    2057
    2114
    2042
    2103
    2132
    2051
    2125
    2043
    2097
    2037
    2104
    2117
    2114
    2105
    2045
    2056
    1996
    2076
    2049
    2130
    2158
    2034
    2095
    2067
    2035
    2040
    2092
    2089
    2032
    2062
    2050
    1995
    2030
    2006
    1974
    1941
    2080
    2009
    1992
    2009
    2054
    2018
    1971
    1989
    2012
    2042
    2078
    1992
    2059
    2061
    2012
    1988
    1973
    2015
    1980
    2076
    1992
    1977
    2011
    1927
    1997
    1976
    2038
    1944
    2038
    2062
    1972
    1961
    1942
    1931
    1929
    1977
    1905
    1967
    1932
    1979
    1941
    1971
    1910
    1969
    1976
    1953
    1953
    1904
    1884
    1942
    1910
    1875
    1926
    1908
    1957
    1918
    1984
    1862
    1958
    1925
    2036
    1952
    1991
    1865
    1977
    1938
    1903
    1874
    1947
    1917
    1930
    1952
    1968
    1891
    1872
    1825
    1864
    1844
    1956
    1919
    1955
    1944
    1869
    1934
    1876
    1840
    1957
    1816
    1873
    1859
    1867
    1854
    1917
    1845
    1820
    1896
    1923
    1866
    1856
    1911
    1884
    1868
    1906
    1860
    1855
    1823
    1753
    1826
    1864
    1835
    1936
    1835
    1931
    1914
    1876
    1842
    1874
    1882
    1861
    1834
    1840
    1758
    1856
    1921
    1932
    1777
    1894
    1834
    1852
    1880
    1775
    1770
    1891
    1796
    1847
    1897
    1857
    1767
    1783
    1855
    1863
    1844
    1844
    1847
    1846
    1867
    1842
    1920
    1803
    1838
    1850
    1865
    1872
    1820
    1814
    1778
    1800
    1750
    1861
    1861
    1853
    1822
    1802
    1811
    1791
    1818
    1819
    1808
    1774
    1830
    1782
    1745
    1806
    1859
    1762
    1816
    1786
    1800
    1861
    1879
    1767
    1849
    1883
    1784
    1799
    1784
    1789
    1868
    1809
    1784
    1769
    1774
    1820
    1816
    1874
    1877
    1927
    1912
    1845
    1836
    1918
    1831
    1807
    1841
    1905
    1809
    1862
    1877
    1862
    1856
    1826
    1842
    1839
    1822
    1836
    1845
    1898
    1760
    1875
    1819
    1877
    1842
    1811
    1766
    1777
    1775
    1807
    1746
    1762
    1846
    1833
    1823
    1799
    1884
    1860
    1788
    1892
    1861
    1756
    1779
    1789
    1761
    1798
    1831
    1775
    1742
    1741
    1786
    1774
    1807
    1836
    1712
    1717
    1779
    1749
    1833
    1784
    1747
    1772
    1776
    1710
    1808
    1820
    1860
    1720
    1722
    1754
    1820
    1730
    1708
    1834
    1752
    1863
    1736
    1782
    1789
    1837
    1858
    1824
    1794
    1871
    1806
    1842
    1865
    1819
    1843
    1807
    1924
    1827
    1856
    1869
    1874
    1833
    1881
    1808
    1834
    1869
    1802
    1861
    1838
    1902
    1814
    1825
    1893
    1847
    1838
    1855
    1840
    1845
    1906
    1879
    1868
    1835
    1769
    1812
    1817
    1824
    1929
    1816
    1771
    1830
    1875
    1862
    1819
    1862
    1895
    1838
    1860
    1823
    1850
    1869
    1852
    1785
    1868
    1825
    1788
    1760
    1766
    1834
    1819
    1866
    1794
    1814
    1760
    1879
    1775
    1749
    1753
    1727
    1810
    1746
    1807
    1736
    1765
    1788
    1730
    1676
    1739
    1740
    1682
    1744
    1739
    1843
    1809
    1752
    1782
    1748
    1764
    1831
    1819
    1763
    1820
    1873
    1789
    1857
    1946
    1854
    1865
    1920
    1920
    1931
    1936
    1949
    1936
    1987
    1994
    1962
    2025
    2033
    1884
    2035
    2066
    1948
    1986
    1908
    2021
    1997
    1971
    2025
    1886
    1938
    2045
    2036
    1958
    1927
    1897
    2015
    1896
    1795
    1895
    1866
    1869
    1878
    1828
    1803
    1812
    1870
    1735
    1787
    1789
    1823
    1744
    1671
    1700
    1675
    1731
    1745
    1694
    1594
    1683
    1637
    1690
    1690
    1587
    1575
    1666
    1702
    1660
    1569
    1584
    1570
    1628
    1634
    1579
    1606
    1595
    1582
    1677
    1620
    1605
    1643
    1582
    1561
    1666
    1587
    1572
    1679
    1594
    1635
    1601
    1620
    1632
    1632
    1600
    1625
    1628
    1554
    1573
    1610
    1558
    1612
    1614
    1559
    1548
    1634
    1634
    1589
    1606
    1666
    1636
    1678
    1653
    1624
    1650
    1667
    1668
    1758
    1598
    1630
    1627
    1650
    1623
    1599
    1548
    1609
    1595
    1591
    1585
    1602
    1666
    1696
    1648
    1612
    1662
    1688
    1525
    1645
    1591
    1603
    1642
    1629
    1654
    1596
    1664
    1656
    1666
    1702
    1649
    1607
    1616
    1664
    1698
    1649
    1602
    1694
    1666
    1793
    1651
    1677
    1626
    1602
    1656
    1651
    1678
    1716
    1634
    1626
    1659
    1698
    1699
    1657
    1692
    1694
    1703
    1668
    1700
    1696
    1666
    1682
    1679
    1679
    1602
    1657
    1677
    1612
    1649
    1607
    1636
    1630
    1603
    1644
    1703
    1589
    1622
    1648
    1623
    1633
    1554
    1587
    1599
    1710
    1621
    1681
    1682
    1655
    1644
    1634
    1623
    1652
    1584
    1610
    1671
    1678
    1671
    1565
    1634
    1664
    1615
    1576
    1593
    1559
    1623
    1665
    1705
    1618
    1592
    1582
    1665
    1633
    1577
    1647
    1598
    1630
    1653
    1603
    1586
    1582
    1592
    1657
    1636
    1643
    1639
    1717
    1659
    1642
    1633
    1599
    1668
    1610
    1640
    1606
    1662
    1658
    1604
    1688
    1699
    1713
    1683
    1621
    1706
    1613
    1696
    1644
    1632
    1634
    1728
    1671
    1667
    1760
    1748
    1665
    1752
    1660
    1737
    1713
    1733
    1717
    1605
    1734
    1719
    1715
    1713
    1710
    1669
    1713
    1752
    1749
    1760
    1669
    1625
    1760
    1687
    1738
    1640
    1718
    1716
    1734
    1739
    1741
    1658
    1734
    1695
    1731
    1719
    1709
    1706
    1781
    1782
    1787
    1724
    1765
    1816
    1756
    1782
    1730
    1707
    1776
    1784
    1744
    1781
    1753
    1807
    1793
    1823
    1777
    1859
    1847
    1791
    1772
    1738
    1688
    1808
    1714
    1799
    1797
    1777
    1836
    1825
    1659
    1823
    1754
    1823
    1835
    1761
    1748
    1739
    1819
    1886
    1817
    1891
    1780
    1793
    1796
    1810
    1839
    1802
    1829
    1791
    1792
    1783
    1868
    1803
    1793
    1824
    1840
    1820
    1869
    1870
    1827
    1847
    1868
    1957
    1905
    1875
    1865
    1825
    1899
    1937
    1975
    1941
    1916
    1875
    1936
    1928
    1925
    2031
    1989
    1959
    1979
    2017
    1878
    1915
    1970
    1994
    1937
    1923
    1983
    1996
    1997
    2054
    2125
    2013
    1940
    1902
    2052
    2015
    2097
    2079
    2006
    1998
    2105
    2013
    2095
    2090
    2101
    2013
    2085
    2146
    2162
    2216
    2166
    2168
    2181
    2161
    2148
    2120
    2174
    2133
    2130
    2147
    2260
    2188
    2234
    2193
    2222
    2260
    2203
    2269
    2298
    2175
    2248
    2329
    2321
    2314
    2371
    2302
    2244
    2418
    2421
    2393
    2400
    2359
    2445
    2421
    2341
    2405
    2425
    2494
    2434
    2461
    2394
    2409
    2641
    2517
    2476
    2546
    2587
    2623
    2602
    2552
    2562
    2649
    2682
    2604
    2769
    2825
    2730
    2780
    2778
    2838
    2759
    2715
    2883
    2844
    2810
    2888
    2973
    2837
    2863
    2920
    3033
    2932
    2943
    3001
    2999
    2988
    2999
    3130
    3066
    3190
    3183
    3192
    3182
    3249
    3352
    3298
    3283
    3229
    3380
    3382
    3309
    3348
    3462
    3447
    3437
    3466
    3536
    3427
    3569
    3489
    3610
    3615
    3570
    3695
    3718
    3604
    3719
    3624
    3764
    3743
    3827
    3759
    3876
    3886
    3989
    3953
    3900
    3891
    3985
    4185
    4000
    4244
    4138
    4160
    4227
    4130
    4192
    4241
    4445
    4269
    4180
    4372
    4197
    4330
    4307
    4356
    4525
    4384
    4544
    4499
    4498
    4619
    4681
    4654
    4601
    4569
    4559
    4640
    4751
    4764
    4763
    4743
    4738
    4820
    4875
    4783
    4910
    4752
    4852
    4842
    4774
    4882
    4850
    4929
    4873
    4889
    4878
    4905
    4878
    4880
    4964
    4946
    4837
    4657
    4898
    4875
    4792
    4827
    4890
    4784
    4894
    4932
    4895
    4811
    4970
    4923
    4879
    4834
    4853
    4927
    4825
    4976
    4811
    4888
    4892
    4767
    4877
    4731
    4883
    4680
    4743
    4927
    4836
    4778
    4848
    4864
    4829
    4829
    4853
    4870
    4758
    4987
    4732
    4896
    4789
    4869
    4956
    4960
    4803
    4874
    4781
    4801
    4900
    4895
    4850
    4901
    4815
    4939
    4921
    4950
    4951
    5062
    5026
    5025
    4900
    5122
    5040
    5154
    5144
    5154
    5119
    5204
    5193
    5314
    5273
    5320
    5281
    5300
    5418
    5340
    5465
    5390
    5403
    5325
    5453
    5560
    5445
    5561
    5522
    5584
    5561
    5722
    5679
    5724
    5771
    5774
    5699
    5894
    5807
    5943
    5986
    6200
    6161
    6021
    6082
    6215
    6271
    6130
    6389
    6193
    6344
    6431
    6524
    6456
    6394
    6632
    6557
    6600
    6662
    6752
    7024
    7014
    6857
    6799
    6793
    7152
    7056
    7166
    7131
    7257
    7297
    7283
    7441
    7357
    7407
    7570
    7729
    7730
    7581
    7833
    7815
    7972
    8040
    8074
    8155
    8158
    8209
    8356
    8235
    8511
    8608
    8552
    8847
    8788
    8776
    8942
    8984
    9079
    9152
    9159
    9189
    9146
    9413
    9690
    9503
    9805
    9698
    9947
   10164
   10071
    9958
   10175
   10329
   10480
   10461
   10542
   10696
   10451
   10829
   11070
   11169
   11011
   11190
   11582
   11551
   11675
   11784
   11782
   11885
   11818
   12029
   12147
   12407
   12294
   12659
   12672
   12738
   12842
   13060
   13235
   13352
   13410
   13566
   13509
   13890
   14029
   13969
   14139
   14171
   14407
   14573
   14814
   14876
   14944
   15270
   15494
   15596
   15670
   15761
   15664
   16088
   16298
   16417
   16676
   16776
   17072
   17094
   17078
   17499
   17714
   17646
   17933
   18244
   18057
   18612
   18529
   18838
   19092
   19016
   19383
   19544
   19567
   20291
   20179
   20666
   20565
   20819
   21148
   21265
   21513
   21752
   21957
   22222
   22447
   22613
   23024
   23353
   23713
   23787
   24106
   24228
   24606
   24805
   25054
   25334
   25709
   26150
   26167
   26502
   27002
   27306
   27346
   27880
   28174
   28770
   29172
   29112
   29694
   29876
   30581
   30643
   31111
   31582
   31696
   32747
   32678
   33074
   33541
   34139
   34639
   34836
   35369
   35821
   36396
   36663
   37346
   37742
   38325
   38925
   39432
   39849
   40694
   40959
   41851
   42443
   42744
   43630
   44310
   45017
   45592
   46538
   47140
   48293
   48419
   49600
   50003
   50872
   51648
   52159
   53265
   54648
   55265
       0
       0
       0
       0
       0
       0
       0
       0
       0
       0
       0
       0
       0
       0
       0
       0
       0
       0
       0
       0
       0
       0
       0
       0
       0
       0
       0
       0
       0
       0
       0
       0
$ROI:
0
$PRESETS:
None
0
0
$ENER_FIT:
-0.169488 0.023446
$MCA_CAL:
3
-1.694878E-001 2.344633E-002 0.000000E+000 keV
$SHAPE_CAL:
3
0.000000E+000 0.000000E+000 0.000000E+000
