$SPEC_ID:
No sample description was entered.
$SPEC_REM:
DET# 4
DETDESC# JLAB-20 MCB 131
AP# Maestro Version 7.01
$DATE_MEA:
10/01/2025 06:06:44
$MEAS_TIM:
148672 152280
$DATA:
0 2047
       0
       0
       0
       0
       0
       0
       0
       0
       0
       0
       0
       0
       0
       0
       0
       0
       0
       0
       0
       0
       0
       0
       0
       0
       0
       0
       0
       0
       0
       0
       0
       0
       0
       0
       0
       0
       0
       0
       0
       0
       0
       0
       0
       0
       0
       0
       0
       0
       0
       0
       0
       1
       2
       0
       1
       1
       0
       1
       0
       0
       0
       0
       0
       1
       0
       1
       1
       1
       1
     572
   16787
   16864
   15993
   15481
   15145
   14581
   14250
   14272
   13989
   13915
   13687
   13605
   13336
   13303
   13121
   13079
   12876
   12557
   12590
   12775
   12466
   12026
   12248
   12059
   11943
   11786
   11799
   11896
   11633
   11681
   11540
   11419
   11288
   11432
   11118
   10920
   10914
   10883
   10848
   10707
   10547
   10602
   10737
   10510
   10363
   10471
   10240
   10265
   10161
    9964
   10035
    9851
    9902
    9835
    9725
    9700
    9959
    9688
    9627
    9426
    9676
    9482
    9162
    9363
    9190
    9279
    9277
    9365
    9054
    9082
    9137
    8965
    8856
    8828
    8832
    8779
    8894
    8972
    8719
    8944
    8708
    8796
    8566
    8668
    8545
    8447
    8407
    8513
    8537
    8382
    8390
    8225
    8313
    8299
    8275
    8224
    8234
    8257
    8143
    8144
    7967
    8083
    8102
    7969
    8109
    8065
    7982
    7929
    7973
    7901
    7814
    7853
    7933
    7833
    7779
    7876
    7767
    7753
    7839
    7728
    7752
    7768
    7637
    7810
    7836
    7638
    7717
    7551
    7679
    7673
    7645
    7617
    7609
    7656
    7479
    7368
    7519
    7515
    7368
    7458
    7499
    7586
    7544
    7437
    7597
    7377
    7461
    7572
    7369
    7453
    7578
    7469
    7486
    7563
    7421
    7340
    7338
    7377
    7495
    7464
    7453
    7379
    7329
    7503
    7450
    7285
    7321
    7375
    7223
    7323
    7284
    7246
    7417
    7204
    7377
    7285
    7289
    7311
    7422
    7338
    7403
    7324
    7397
    7339
    7403
    7426
    7424
    7513
    7466
    7437
    7410
    7241
    7518
    7453
    7528
    7502
    7448
    7607
    7640
    7565
    7489
    7493
    7631
    7572
    7539
    7451
    7651
    7631
    7530
    7640
    7587
    7612
    7739
    7754
    7663
    7604
    7750
    7645
    7702
    7699
    7693
    7636
    7708
    7808
    7725
    7835
    7860
    7908
    7933
    8131
    8177
    8372
    8382
    8654
    8858
    9151
    9552
   10240
   10812
   11696
   12615
   13505
   15083
   16456
   18345
   20516
   23032
   25680
   28655
   32032
   35810
   39814
   43644
   48153
   53447
   58045
   62984
   67580
   72033
   77419
   82104
   86556
   91112
   95176
   99225
  102411
  104852
  108313
  109794
  112307
  113832
  115107
  116892
  117582
  117177
  117608
  117460
  117179
  116925
  116014
  114937
  114258
  112719
  111851
  110151
  108872
  106812
  105179
  102806
  101142
   98911
   96632
   94101
   92356
   89115
   86236
   83765
   81369
   78254
   75550
   72576
   70031
   67237
   64408
   61751
   58749
   56332
   53779
   51251
   49055
   46568
   44811
   42374
   40894
   39125
   37835
   36388
   35094
   33725
   33174
   32011
   30672
   29999
   28831
   28077
   26934
   26243
   25245
   24034
   23315
   22449
   21512
   20727
   19553
   18629
   17631
   17018
   15843
   15143
   14061
   13175
   12533
   11503
   11060
   10193
    9518
    8993
    8506
    8048
    7349
    7074
    6562
    6313
    6177
    6051
    5835
    5472
    5323
    5272
    5164
    5123
    5060
    5160
    5199
    5043
    5037
    4925
    5022
    4993
    4959
    4878
    5067
    4970
    5058
    4928
    4997
    5037
    5089
    4755
    4999
    4942
    5029
    4932
    4788
    4883
    4779
    4850
    4811
    4805
    4835
    4692
    4850
    4850
    4700
    4713
    4795
    4717
    4573
    4616
    4531
    4648
    4683
    4625
    4614
    4548
    4567
    4516
    4516
    4560
    4461
    4513
    4394
    4583
    4543
    4428
    4388
    4418
    4472
    4293
    4419
    4426
    4242
    4311
    4370
    4210
    4246
    4293
    4299
    4279
    4251
    4369
    4339
    4293
    4242
    4300
    4431
    4252
    4213
    4233
    4218
    4251
    4195
    4270
    4331
    4261
    4207
    4348
    4220
    4169
    4156
    4324
    4352
    4319
    4241
    4288
    4242
    4275
    4189
    4238
    4360
    4333
    4235
    4373
    4332
    4227
    4348
    4296
    4242
    4256
    4236
    4278
    4263
    4256
    4140
    4342
    4323
    4189
    4315
    4237
    4182
    4277
    4221
    4167
    4209
    4133
    4044
    4066
    4151
    4138
    4068
    3915
    4023
    3999
    4032
    3965
    4047
    3946
    3846
    3963
    3902
    3938
    3845
    3891
    3899
    3839
    3859
    3963
    3830
    3917
    3999
    3849
    3786
    3806
    3839
    3791
    3761
    3860
    3745
    3731
    3668
    3732
    3698
    3618
    3755
    3725
    3657
    3695
    3622
    3747
    3759
    3730
    3777
    3698
    3686
    3691
    3763
    3645
    3662
    3565
    3628
    3668
    3647
    3643
    3648
    3679
    3660
    3615
    3743
    3774
    3743
    3671
    3761
    3556
    3726
    3649
    3659
    3698
    3666
    3695
    3598
    3607
    3605
    3605
    3767
    3732
    3648
    3678
    3777
    3597
    3673
    3710
    3633
    3576
    3546
    3609
    3634
    3644
    3624
    3676
    3531
    3635
    3589
    3608
    3511
    3561
    3596
    3607
    3496
    3569
    3554
    3539
    3544
    3565
    3544
    3541
    3518
    3511
    3468
    3517
    3534
    3555
    3474
    3563
    3528
    3530
    3496
    3488
    3478
    3489
    3621
    3437
    3431
    3505
    3450
    3547
    3375
    3552
    3410
    3480
    3580
    3401
    3443
    3493
    3511
    3529
    3573
    3447
    3542
    3404
    3525
    3422
    3500
    3517
    3365
    3427
    3378
    3524
    3385
    3449
    3533
    3534
    3477
    3352
    3459
    3398
    3404
    3466
    3465
    3471
    3432
    3456
    3447
    3414
    3444
    3414
    3457
    3345
    3390
    3405
    3277
    3380
    3366
    3264
    3312
    3406
    3326
    3363
    3303
    3335
    3298
    3268
    3351
    3399
    3378
    3470
    3366
    3391
    3388
    3302
    3342
    3312
    3380
    3326
    3394
    3337
    3311
    3324
    3242
    3232
    3261
    3309
    3282
    3356
    3401
    3268
    3254
    3272
    3219
    3253
    3231
    3204
    3254
    3217
    3215
    3218
    3209
    3224
    3245
    3282
    3243
    3218
    3204
    3159
    3227
    3132
    3172
    3174
    3094
    3215
    3168
    3251
    3064
    3250
    3131
    3308
    3176
    3286
    3139
    3238
    3162
    3107
    3101
    3182
    3088
    3148
    3175
    3246
    3189
    3121
    3074
    3148
    3081
    3205
    3192
    3182
    3267
    3136
    3199
    3068
    3164
    3205
    3039
    3131
    3114
    3132
    3091
    3113
    3072
    2999
    3087
    3142
    3079
    3112
    3172
    3090
    3086
    3159
    3085
    3044
    3077
    3011
    3087
    3121
    3139
    3239
    3114
    3136
    3088
    3128
    3073
    3049
    3103
    3049
    3069
    3112
    2998
    3097
    3070
    3129
    3002
    3126
    3022
    3064
    3141
    2931
    3053
    3081
    3050
    3100
    3093
    3061
    3021
    2960
    3086
    3056
    3100
    3103
    3076
    3064
    3048
    3069
    3154
    3012
    3019
    2948
    3028
    3078
    3046
    2974
    2980
    3017
    2995
    3084
    3069
    3066
    2967
    2974
    2994
    3011
    3001
    3000
    2971
    3000
    3009
    3000
    2973
    2932
    3032
    2935
    3036
    2918
    2977
    3016
    3076
    2983
    3031
    3054
    2885
    2987
    2973
    2979
    3111
    3002
    2965
    2993
    3016
    3016
    3064
    3091
    3108
    3122
    3169
    3015
    3053
    3170
    3116
    3071
    3108
    3121
    3034
    3044
    3102
    3078
    3044
    3055
    3025
    3069
    3016
    3018
    3086
    3154
    2964
    3163
    2980
    3073
    3039
    3080
    2965
    3013
    2960
    2935
    2937
    2933
    3030
    3022
    3052
    3000
    3093
    3013
    3006
    3085
    3055
    2905
    2940
    2900
    2898
    2927
    2980
    2928
    2959
    2880
    2932
    2951
    3004
    3014
    2915
    2897
    2913
    2875
    3006
    2942
    2898
    2950
    2878
    2917
    2912
    2993
    2995
    2820
    2914
    2870
    3009
    2954
    2878
    2953
    2985
    3030
    2916
    3048
    2987
    3021
    3061
    3049
    2988
    3153
    3055
    2984
    3097
    3033
    3078
    3041
    3156
    3037
    3034
    3080
    3106
    3069
    3165
    2962
    3017
    3098
    3036
    3116
    3116
    3136
    3070
    3080
    3134
    3048
    3074
    3148
    3027
    3080
    3201
    3137
    3085
    3089
    3008
    3042
    2997
    3007
    3124
    3011
    2966
    2972
    3117
    3015
    3009
    3092
    3120
    2997
    3009
    3017
    3032
    3051
    2979
    3085
    3054
    3046
    2943
    2959
    2976
    3086
    2988
    3022
    2965
    3037
    2923
    2981
    2860
    2963
    2980
    2903
    2963
    2899
    2956
    2852
    2929
    2912
    2914
    2798
    2942
    2927
    2784
    2836
    2873
    3029
    2946
    2912
    2917
    2963
    2935
    3079
    2983
    2992
    3074
    3065
    3020
    3068
    3072
    3090
    3144
    3205
    3230
    3171
    3249
    3262
    3267
    3272
    3261
    3256
    3406
    3369
    3223
    3304
    3382
    3252
    3335
    3260
    3380
    3363
    3279
    3325
    3246
    3189
    3315
    3268
    3231
    3212
    3177
    3276
    3151
    3060
    3174
    3068
    3075
    3174
    3101
    3021
    3010
    3111
    2971
    2875
    2990
    3016
    2886
    2828
    2771
    2767
    2835
    2845
    2761
    2718
    2861
    2785
    2794
    2784
    2665
    2634
    2709
    2790
    2709
    2624
    2687
    2609
    2665
    2733
    2589
    2673
    2680
    2651
    2706
    2633
    2666
    2659
    2645
    2614
    2704
    2644
    2678
    2722
    2656
    2731
    2690
    2681
    2686
    2686
    2659
    2632
    2675
    2617
    2646
    2684
    2671
    2688
    2704
    2609
    2574
    2680
    2754
    2698
    2629
    2716
    2757
    2755
    2695
    2704
    2691
    2672
    2707
    2859
    2668
    2702
    2652
    2768
    2777
    2650
    2606
    2660
    2675
    2728
    2659
    2668
    2702
    2764
    2736
    2675
    2765
    2793
    2565
    2673
    2655
    2740
    2679
    2728
    2765
    2703
    2787
    2719
    2709
    2810
    2705
    2671
    2709
    2746
    2747
    2699
    2696
    2760
    2747
    2908
    2756
    2738
    2772
    2667
    2687
    2757
    2824
    2867
    2740
    2730
    2710
    2807
    2868
    2748
    2849
    2844
    2858
    2795
    2789
    2823
    2824
    2798
    2743
    2742
    2736
    2831
    2783
    2723
    2760
    2665
    2711
    2710
    2777
    2723
    2791
    2700
    2737
    2738
    2724
    2781
    2638
    2646
    2668
    2791
    2714
    2741
    2765
    2755
    2740
    2668
    2716
    2755
    2610
    2662
    2774
    2739
    2701
    2659
    2692
    2731
    2679
    2633
    2582
    2660
    2678
    2712
    2775
    2689
    2625
    2657
    2727
    2664
    2607
    2729
    2618
    2680
    2725
    2698
    2665
    2695
    2611
    2739
    2666
    2685
    2719
    2807
    2756
    2739
    2713
    2731
    2771
    2698
    2800
    2670
    2704
    2779
    2704
    2801
    2804
    2772
    2823
    2722
    2784
    2688
    2776
    2731
    2738
    2728
    2785
    2823
    2794
    2900
    2826
    2822
    2839
    2739
    2798
    2853
    2862
    2822
    2720
    2837
    2800
    2843
    2814
    2802
    2827
    2773
    2877
    2875
    2862
    2785
    2708
    2891
    2803
    2857
    2769
    2859
    2835
    2883
    2902
    2883
    2790
    2852
    2859
    2867
    2938
    2863
    2806
    2901
    2882
    2918
    2920
    2929
    2941
    2908
    2929
    2877
    2869
    2961
    2902
    2862
    2945
    2949
    2971
    2988
    2950
    2931
    3054
    3019
    3017
    2962
    2827
    2919
    2979
    2946
    2977
    2951
    2909
    3013
    2951
    2808
    2983
    2973
    2937
    3055
    2911
    2918
    3012
    2994
    3036
    2978
    3070
    2940
    2980
    3028
    3008
    3072
    2985
    3087
    3023
    2970
    2985
    3089
    3022
    3000
    3014
    3104
    3078
    3086
    3101
    3014
    3145
    3038
    3210
    3122
    3151
    3073
    3063
    3139
    3188
    3281
    3224
    3199
    3216
    3193
    3247
    3171
    3251
    3215
    3180
    3229
    3349
    3139
    3239
    3347
    3292
    3232
    3194
    3268
    3343
    3294
    3323
    3450
    3304
    3314
    3261
    3353
    3256
    3463
    3418
    3307
    3363
    3506
    3350
    3449
    3401
    3500
    3412
    3414
    3548
    3541
    3647
    3541
    3557
    3605
    3637
    3666
    3593
    3643
    3564
    3583
    3596
    3756
    3598
    3685
    3622
    3625
    3716
    3754
    3769
    3812
    3689
    3783
    3816
    3801
    3838
    3954
    3889
    3836
    4015
    3982
    3989
    3973
    3897
    4037
    4032
    3961
    3992
    4020
    4175
    3996
    4081
    4121
    4048
    4389
    4142
    4196
    4225
    4319
    4298
    4417
    4271
    4289
    4428
    4457
    4360
    4527
    4601
    4559
    4562
    4617
    4738
    4537
    4545
    4722
    4761
    4680
    4846
    4855
    4796
    4767
    4802
    5062
    4854
    4890
    5012
    5004
    5105
    4977
    5170
    5129
    5183
    5259
    5309
    5257
    5441
    5476
    5501
    5429
    5420
    5624
    5574
    5571
    5583
    5763
    5732
    5776
    5713
    5766
    5734
    5836
    5842
    6000
    6001
    6026
    6079
    6232
    6070
    6100
    6052
    6290
    6255
    6353
    6325
    6536
    6512
    6513
    6541
    6509
    6506
    6669
    6783
    6696
    6928
    6926
    6902
    6856
    6882
    6993
    7040
    7306
    7070
    7020
    7227
    7130
    7146
    7239
    7331
    7422
    7264
    7567
    7574
    7536
    7580
    7633
    7648
    7586
    7721
    7580
    7630
    7785
    7893
    7848
    7828
    7862
    7882
    8002
    7930
    8076
    7879
    8040
    8018
    7991
    8118
    7970
    8134
    8031
    8081
    8033
    8060
    8119
    8084
    8118
    8248
    8040
    7875
    8160
    8097
    8055
    8087
    8152
    7966
    8011
    8071
    8075
    8048
    8265
    8266
    8013
    8063
    8119
    8035
    8046
    8162
    7965
    8094
    8143
    7913
    8126
    7818
    8108
    7844
    8028
    8162
    8116
    8113
    8010
    8150
    8040
    8013
    8069
    8018
    8010
    8122
    7924
    8127
    7887
    8130
    8229
    8217
    7916
    8112
    7938
    8090
    8036
    8166
    8161
    8197
    8240
    8192
    8306
    8305
    8302
    8409
    8361
    8327
    8201
    8490
    8427
    8608
    8560
    8521
    8461
    8646
    8667
    8707
    8617
    8794
    8742
    8779
    8950
    8908
    9016
    9021
    8969
    8971
    9069
    9138
    9189
    9256
    9233
    9193
    9360
    9585
    9651
    9542
    9491
    9758
    9550
    9691
    9746
    9776
   10015
   10132
   10055
   10015
   10179
   10273
   10349
   10281
   10500
   10315
   10531
   10807
   10806
   10796
   10813
   10883
   10927
   11040
   11182
   11249
   11568
   11485
   11378
   11503
   11334
   11941
   11732
   11887
   11991
   11969
   12053
   12167
   12324
   12143
   12252
   12543
   12750
   12807
   12673
   12890
   12968
   13150
   13474
   13434
   13518
   13727
   13670
   13759
   13807
   14084
   14246
   14165
   14612
   14809
   14618
   14757
   14945
   15056
   15257
   15426
   15365
   15362
   15671
   16093
   15772
   16362
   16208
   16469
   16867
   16541
   16763
   16762
   17101
   17459
   17446
   17610
   17947
   17549
   17998
   18354
   18499
   18418
   18741
   19080
   19198
   19423
   19663
   19516
   19800
   19784
   19980
   20075
   20654
   20416
   21171
   20992
   21318
   21420
   21788
   21930
   22171
   22337
   22613
   22469
   23365
   23415
   23142
   23520
   23592
   23973
   24145
   24696
   24719
   24913
   25293
   25723
   25875
   26049
   26180
   26151
   26822
   27138
   27361
   27589
   27857
   28294
   28300
   28619
   28969
   29241
   29491
   30025
   30167
   30184
   30855
   30792
   31241
   31526
   31689
   32087
   32640
   32347
   33510
   33646
   34096
   34276
   34588
   35164
   35244
   35939
   36246
   36489
   36920
   37284
   37565
   38293
   39037
   39453
   39624
   39961
   40189
   40934
   41562
   41716
   42129
   42768
   43311
   43456
   44355
   44789
   45454
   45700
   46372
   46993
   48078
   48330
   48577
   49203
   49751
   50595
   50788
   52050
   52637
   52698
   54137
   54390
   54869
   55812
   56507
   57691
   58082
   58952
   59476
   60315
   61055
   61939
   62834
   63334
   64627
   65593
   66440
   67881
   68286
   69651
   70455
   71434
   72476
   73587
   75104
   75851
   77422
   78206
   80244
   80498
   82575
   83191
   84848
   86028
   86615
   88750
   90723
   91799
       0
       0
       0
       0
       0
       0
       0
       0
       0
       0
       0
       0
       0
       0
       0
       0
       0
       0
       0
       0
       0
       0
       0
       0
       0
       0
       0
       0
       0
       0
       0
       0
$ROI:
0
$PRESETS:
None
0
0
$ENER_FIT:
-0.169488 0.023446
$MCA_CAL:
3
-1.694878E-001 2.344633E-002 0.000000E+000 keV
$SHAPE_CAL:
3
0.000000E+000 0.000000E+000 0.000000E+000
