$SPEC_ID:
No sample description was entered.
$SPEC_REM:
DET# 4
DETDESC# JLAB-20 MCB 131
AP# Maestro Version 7.01
$DATE_MEA:
09/29/2025 20:06:44
$MEAS_TIM:
29168 29878
$DATA:
0 2047
       0
       0
       0
       0
       0
       0
       0
       0
       0
       0
       0
       0
       0
       0
       0
       0
       0
       0
       0
       0
       0
       0
       0
       0
       0
       0
       0
       0
       0
       0
       0
       0
       0
       0
       0
       0
       0
       0
       0
       0
       0
       0
       0
       0
       0
       0
       0
       0
       0
       0
       0
       0
       0
       0
       0
       0
       0
       0
       0
       0
       0
       0
       0
       0
       0
       0
       0
       0
       0
      76
    3179
    3255
    3185
    2904
    3056
    2907
    2787
    2713
    2734
    2709
    2584
    2805
    2622
    2568
    2545
    2582
    2528
    2519
    2499
    2482
    2454
    2339
    2332
    2336
    2241
    2308
    2251
    2306
    2274
    2279
    2219
    2278
    2203
    2230
    2134
    2144
    2148
    2151
    2141
    2011
    2083
    2088
    2083
    2050
    1971
    2054
    2010
    2008
    1925
    1993
    1920
    1872
    1913
    1924
    1954
    1971
    1923
    1934
    1863
    1870
    1829
    1867
    1858
    1796
    1752
    1878
    1847
    1871
    1824
    1762
    1802
    1736
    1761
    1789
    1726
    1679
    1778
    1819
    1739
    1777
    1644
    1700
    1667
    1655
    1668
    1653
    1639
    1688
    1703
    1623
    1662
    1600
    1634
    1596
    1620
    1566
    1612
    1660
    1618
    1671
    1593
    1605
    1615
    1492
    1612
    1573
    1612
    1535
    1605
    1631
    1515
    1518
    1583
    1519
    1528
    1568
    1521
    1560
    1526
    1556
    1549
    1529
    1457
    1571
    1546
    1520
    1467
    1468
    1462
    1506
    1453
    1579
    1512
    1499
    1423
    1464
    1465
    1476
    1464
    1438
    1448
    1476
    1451
    1418
    1446
    1472
    1431
    1462
    1428
    1460
    1489
    1445
    1455
    1433
    1443
    1508
    1458
    1460
    1440
    1440
    1464
    1373
    1440
    1526
    1426
    1433
    1418
    1449
    1394
    1407
    1485
    1425
    1487
    1388
    1431
    1431
    1370
    1390
    1404
    1386
    1423
    1413
    1412
    1459
    1454
    1422
    1437
    1502
    1494
    1495
    1439
    1432
    1554
    1469
    1440
    1418
    1440
    1528
    1470
    1453
    1468
    1429
    1443
    1522
    1534
    1455
    1502
    1459
    1446
    1503
    1470
    1488
    1531
    1522
    1490
    1445
    1552
    1513
    1511
    1477
    1531
    1492
    1574
    1553
    1538
    1605
    1539
    1484
    1553
    1622
    1563
    1602
    1713
    1676
    1787
    1749
    1829
    1973
    2105
    2293
    2489
    2608
    2959
    3224
    3488
    4004
    4475
    4904
    5577
    6214
    6869
    7789
    8399
    9394
   10365
   11148
   12153
   13196
   13963
   15125
   16216
   17111
   17991
   18574
   19379
   20256
   20531
   21058
   21431
   22190
   22388
   22796
   23073
   23132
   22966
   22966
   23349
   23166
   23122
   22886
   22525
   22420
   22190
   21758
   21633
   21376
   20859
   20806
   20108
   19848
   19417
   18966
   18450
   17960
   17650
   16866
   16431
   15934
   15343
   14861
   14081
   13582
   13135
   12618
   12083
   11738
   10971
   10532
    9948
    9617
    9326
    8884
    8202
    8067
    7727
    7445
    7324
    6911
    6473
    6526
    6283
    5953
    5807
    5634
    5640
    5112
    5234
    4986
    4733
    4588
    4406
    4126
    4156
    3748
    3553
    3415
    3276
    3105
    3005
    2841
    2552
    2495
    2208
    2231
    2018
    1879
    1796
    1640
    1608
    1414
    1363
    1287
    1259
    1206
    1185
    1151
    1031
    1058
    1036
    1040
    1050
    1025
     990
    1035
     973
     974
     919
    1014
     970
     986
     944
     977
    1020
     994
     951
     998
     968
    1011
     924
     974
     918
     957
     935
     989
     959
     932
     939
     958
     973
     989
     945
     912
     934
     934
     868
     899
     966
     886
     882
     880
     924
     904
     939
     913
     890
     934
     896
     843
     921
     874
     860
     853
     922
     887
     865
     909
     888
     942
     841
     896
     849
     855
     817
     856
     799
     812
     819
     866
     862
     864
     860
     809
     858
     860
     856
     911
     873
     812
     840
     840
     819
     826
     861
     800
     822
     826
     866
     866
     785
     826
     873
     885
     822
     821
     830
     817
     836
     758
     840
     882
     833
     828
     848
     886
     862
     933
     831
     863
     835
     851
     877
     845
     816
     830
     865
     903
     778
     870
     889
     813
     826
     779
     874
     819
     818
     817
     797
     828
     781
     823
     772
     805
     828
     825
     749
     772
     730
     785
     799
     760
     777
     746
     812
     754
     747
     738
     760
     767
     747
     748
     777
     787
     755
     771
     762
     755
     755
     734
     714
     740
     752
     715
     708
     686
     724
     686
     699
     700
     742
     729
     712
     721
     720
     731
     774
     738
     717
     730
     701
     657
     702
     724
     716
     739
     738
     676
     689
     783
     706
     768
     709
     703
     702
     730
     771
     673
     725
     703
     735
     690
     724
     706
     750
     707
     753
     746
     716
     740
     705
     758
     736
     703
     690
     712
     752
     736
     745
     738
     726
     704
     722
     700
     684
     711
     716
     700
     710
     746
     686
     685
     664
     696
     734
     705
     687
     707
     647
     644
     687
     695
     688
     654
     652
     710
     665
     700
     706
     699
     698
     693
     713
     676
     665
     644
     662
     659
     699
     669
     657
     713
     676
     691
     684
     675
     682
     690
     695
     682
     658
     659
     640
     710
     712
     677
     724
     673
     676
     670
     667
     656
     701
     635
     669
     661
     652
     653
     641
     682
     689
     667
     702
     662
     674
     657
     673
     680
     660
     686
     675
     658
     638
     649
     618
     644
     706
     657
     706
     680
     668
     618
     672
     627
     637
     646
     648
     654
     654
     685
     628
     634
     662
     689
     644
     672
     626
     641
     663
     624
     681
     671
     642
     654
     644
     694
     625
     656
     586
     654
     660
     654
     663
     666
     636
     669
     635
     617
     600
     647
     646
     635
     644
     602
     556
     614
     628
     587
     605
     591
     620
     653
     602
     634
     651
     624
     652
     640
     657
     580
     669
     649
     641
     625
     613
     619
     601
     627
     645
     639
     592
     594
     619
     620
     655
     633
     647
     635
     632
     624
     590
     609
     610
     572
     604
     610
     589
     593
     656
     585
     588
     631
     591
     603
     613
     657
     626
     618
     576
     633
     658
     583
     537
     611
     608
     603
     612
     583
     684
     603
     587
     616
     657
     605
     626
     586
     591
     565
     600
     649
     599
     570
     629
     600
     644
     635
     586
     591
     643
     601
     595
     601
     594
     560
     605
     617
     594
     599
     612
     581
     588
     546
     598
     583
     569
     611
     632
     618
     600
     587
     574
     581
     586
     591
     626
     576
     597
     586
     599
     586
     594
     594
     599
     570
     581
     573
     578
     557
     574
     580
     578
     584
     625
     575
     632
     599
     578
     569
     652
     565
     577
     562
     554
     599
     628
     573
     562
     590
     617
     593
     590
     629
     638
     632
     604
     603
     637
     596
     604
     606
     590
     624
     623
     631
     600
     662
     605
     567
     601
     609
     582
     613
     644
     548
     623
     568
     631
     587
     610
     608
     556
     623
     612
     556
     563
     573
     650
     606
     591
     581
     570
     560
     610
     612
     575
     612
     600
     592
     620
     622
     600
     593
     528
     584
     552
     594
     622
     529
     556
     562
     587
     597
     614
     596
     563
     582
     552
     596
     605
     603
     571
     554
     539
     592
     581
     547
     576
     547
     602
     587
     588
     592
     614
     610
     606
     595
     632
     590
     573
     626
     588
     593
     581
     608
     598
     617
     569
     593
     596
     619
     584
     563
     614
     576
     593
     602
     630
     599
     565
     641
     616
     619
     604
     582
     604
     625
     609
     626
     597
     563
     592
     572
     575
     619
     604
     584
     596
     596
     646
     593
     615
     605
     644
     603
     594
     597
     602
     635
     595
     620
     600
     593
     568
     529
     587
     599
     603
     593
     594
     584
     585
     576
     575
     529
     576
     603
     577
     577
     556
     571
     581
     561
     538
     584
     557
     550
     597
     579
     617
     600
     595
     570
     580
     605
     588
     543
     539
     623
     654
     587
     597
     650
     608
     600
     620
     590
     642
     599
     603
     624
     644
     643
     635
     653
     729
     611
     680
     675
     618
     612
     581
     631
     588
     632
     656
     607
     620
     657
     644
     622
     624
     605
     657
     634
     598
     610
     629
     591
     624
     610
     551
     606
     629
     576
     573
     616
     591
     564
     516
     548
     554
     587
     580
     588
     541
     564
     561
     551
     582
     529
     543
     546
     569
     552
     473
     524
     503
     544
     534
     474
     537
     516
     520
     570
     528
     521
     526
     548
     478
     564
     490
     518
     543
     512
     537
     526
     542
     524
     545
     502
     518
     534
     483
     511
     541
     465
     552
     548
     527
     482
     516
     508
     534
     510
     505
     547
     542
     506
     507
     530
     539
     539
     597
     524
     539
     544
     547
     538
     505
     498
     526
     509
     500
     494
     538
     537
     559
     516
     537
     522
     547
     503
     544
     485
     508
     549
     523
     551
     503
     534
     554
     587
     579
     518
     524
     499
     535
     533
     580
     521
     548
     553
     578
     506
     566
     559
     519
     546
     524
     536
     590
     555
     516
     557
     538
     569
     520
     539
     498
     580
     558
     575
     543
     534
     547
     558
     521
     528
     533
     541
     520
     549
     536
     518
     550
     506
     507
     572
     508
     524
     534
     522
     513
     507
     562
     522
     570
     552
     533
     573
     565
     519
     560
     526
     579
     534
     514
     555
     547
     557
     533
     512
     524
     513
     511
     508
     505
     532
     515
     538
     499
     508
     488
     566
     550
     521
     516
     552
     566
     551
     526
     523
     526
     518
     543
     514
     545
     549
     583
     518
     587
     521
     505
     551
     511
     550
     508
     538
     556
     532
     535
     534
     554
     577
     577
     570
     545
     527
     522
     523
     555
     544
     543
     518
     561
     570
     574
     566
     537
     522
     564
     578
     565
     513
     577
     582
     555
     565
     549
     567
     564
     561
     604
     566
     544
     561
     575
     548
     558
     571
     555
     569
     542
     573
     553
     550
     537
     605
     514
     573
     569
     520
     564
     570
     567
     536
     560
     604
     578
     573
     576
     585
     579
     594
     544
     568
     581
     575
     588
     584
     581
     613
     597
     590
     562
     569
     554
     547
     534
     573
     592
     611
     599
     599
     546
     608
     572
     571
     577
     585
     558
     564
     610
     603
     618
     633
     591
     569
     561
     584
     607
     565
     592
     584
     603
     556
     605
     619
     571
     602
     599
     639
     586
     650
     609
     599
     614
     642
     634
     604
     603
     616
     607
     633
     672
     659
     647
     641
     647
     625
     599
     642
     659
     629
     616
     690
     620
     612
     668
     656
     636
     630
     638
     674
     650
     641
     676
     653
     624
     621
     685
     643
     692
     670
     655
     687
     716
     625
     678
     638
     650
     672
     680
     690
     686
     717
     680
     667
     734
     681
     699
     702
     695
     685
     676
     690
     734
     714
     706
     687
     699
     739
     692
     752
     782
     721
     716
     752
     779
     735
     800
     751
     729
     780
     816
     758
     768
     771
     787
     791
     777
     816
     797
     856
     777
     828
     765
     763
     865
     803
     843
     837
     832
     847
     841
     825
     869
     832
     847
     844
     932
     935
     890
     906
     923
     916
     867
     897
     896
     924
     888
     953
     952
     938
     932
     961
    1027
     945
     932
     989
     972
     989
     984
    1005
     978
    1067
    1051
    1038
    1015
    1111
    1108
    1122
    1085
    1057
    1101
    1062
    1059
    1063
    1152
    1093
    1144
    1149
    1174
    1119
    1200
    1101
    1256
    1169
    1161
    1234
    1218
    1126
    1241
    1143
    1240
    1211
    1271
    1175
    1308
    1272
    1354
    1325
    1252
    1267
    1305
    1359
    1306
    1373
    1351
    1371
    1375
    1350
    1324
    1366
    1513
    1442
    1363
    1412
    1378
    1358
    1408
    1408
    1418
    1421
    1520
    1549
    1446
    1515
    1482
    1539
    1516
    1531
    1493
    1599
    1541
    1561
    1598
    1551
    1488
    1540
    1560
    1563
    1542
    1546
    1588
    1540
    1610
    1554
    1570
    1610
    1621
    1582
    1593
    1632
    1581
    1545
    1594
    1583
    1624
    1495
    1635
    1646
    1567
    1544
    1586
    1515
    1670
    1606
    1609
    1631
    1643
    1610
    1634
    1580
    1547
    1643
    1576
    1666
    1617
    1665
    1572
    1506
    1555
    1496
    1544
    1584
    1522
    1560
    1632
    1546
    1570
    1631
    1563
    1566
    1569
    1517
    1499
    1572
    1644
    1613
    1589
    1571
    1589
    1627
    1575
    1540
    1572
    1561
    1594
    1516
    1566
    1613
    1592
    1571
    1614
    1603
    1648
    1613
    1669
    1632
    1606
    1624
    1620
    1633
    1670
    1732
    1703
    1719
    1668
    1805
    1696
    1781
    1735
    1714
    1766
    1782
    1722
    1775
    1745
    1700
    1669
    1852
    1815
    1765
    1795
    1831
    1813
    1868
    1841
    1826
    1877
    1878
    1876
    1920
    1905
    1943
    1941
    2045
    1966
    2017
    2001
    2064
    2034
    1987
    2030
    1969
    2083
    2098
    2063
    2110
    2079
    2132
    2132
    2175
    2144
    2172
    2283
    2346
    2255
    2323
    2239
    2316
    2320
    2342
    2324
    2374
    2367
    2325
    2418
    2390
    2415
    2493
    2553
    2546
    2440
    2552
    2539
    2530
    2674
    2555
    2597
    2688
    2645
    2738
    2701
    2752
    2854
    2819
    2883
    2854
    2912
    2916
    2876
    2924
    2983
    2981
    3019
    2877
    3117
    3247
    3064
    3239
    3253
    3258
    3370
    3282
    3253
    3279
    3317
    3501
    3351
    3531
    3494
    3321
    3469
    3608
    3552
    3634
    3699
    3732
    3763
    3790
    3806
    3764
    3918
    3760
    3895
    4012
    4105
    4031
    4083
    4180
    4038
    4171
    4315
    4249
    4361
    4468
    4482
    4463
    4504
    4635
    4506
    4615
    4703
    4666
    4695
    4724
    4876
    4859
    5016
    5024
    5029
    5073
    5229
    5148
    5252
    5245
    5420
    5385
    5514
    5550
    5501
    5566
    5678
    5757
    5809
    5762
    5920
    5973
    5909
    6096
    6225
    6196
    6233
    6376
    6536
    6347
    6624
    6590
    6678
    6799
    6719
    6944
    6915
    7084
    7011
    7172
    7290
    7205
    7412
    7435
    7599
    7674
    7813
    7743
    7967
    7969
    8102
    8080
    8358
    8401
    8322
    8506
    8514
    8782
    8898
    8874
    9188
    9066
    9525
    9384
    9581
    9737
    9665
   10020
    9956
   10228
   10397
   10388
   10703
   10695
   10813
   10938
   11199
   11069
   11308
   11614
   11698
   11904
   11971
   12317
   12377
   12351
   12673
   12797
   13026
   13216
   13341
   13722
   13953
   13965
   14101
   14650
   14713
   15039
   15141
   15584
   15724
   15827
   16277
   16196
   16618
   16946
   16957
   17326
   17980
   18122
       0
       0
       0
       0
       0
       0
       0
       0
       0
       0
       0
       0
       0
       0
       0
       0
       0
       0
       0
       0
       0
       0
       0
       0
       0
       0
       0
       0
       0
       0
       0
       0
$ROI:
0
$PRESETS:
None
0
0
$ENER_FIT:
-0.169488 0.023446
$MCA_CAL:
3
-1.694878E-001 2.344633E-002 0.000000E+000 keV
$SHAPE_CAL:
3
0.000000E+000 0.000000E+000 0.000000E+000
