$SPEC_ID:
No sample description was entered.
$SPEC_REM:
DET# 4
DETDESC# JLAB-20 MCB 131
AP# Maestro Version 7.01
$DATE_MEA:
09/29/2025 16:06:44
$MEAS_TIM:
15106 15477
$DATA:
0 2047
       0
       0
       0
       0
       0
       0
       0
       0
       0
       0
       0
       0
       0
       0
       0
       0
       0
       0
       0
       0
       0
       0
       0
       0
       0
       0
       0
       0
       0
       0
       0
       0
       0
       0
       0
       0
       0
       0
       0
       0
       0
       0
       0
       0
       0
       0
       0
       0
       0
       0
       0
       0
       0
       0
       0
       0
       0
       0
       0
       0
       0
       0
       0
       0
       0
       0
       0
       0
       0
      38
    1630
    1737
    1681
    1470
    1604
    1512
    1478
    1350
    1416
    1381
    1348
    1459
    1346
    1330
    1326
    1352
    1271
    1343
    1330
    1265
    1271
    1219
    1206
    1153
    1150
    1195
    1148
    1162
    1220
    1209
    1184
    1157
    1136
    1179
    1090
    1093
    1096
    1117
    1100
    1026
    1036
    1043
    1102
    1037
    1017
    1064
    1034
     994
     999
    1023
     981
     956
    1009
    1011
    1027
    1010
     991
     976
     982
     975
     910
     984
     962
     986
     879
     987
     950
     964
     918
     908
     908
     903
     917
     962
     911
     881
     885
     921
     922
     943
     898
     889
     899
     879
     862
     872
     858
     887
     868
     810
     855
     837
     816
     809
     857
     832
     856
     865
     850
     846
     853
     813
     854
     775
     796
     803
     872
     818
     791
     859
     804
     783
     837
     788
     784
     781
     795
     798
     779
     784
     813
     781
     757
     813
     796
     781
     742
     790
     762
     769
     756
     834
     781
     787
     705
     748
     738
     791
     780
     750
     742
     760
     721
     726
     752
     725
     729
     778
     764
     759
     740
     785
     737
     756
     747
     772
     759
     792
     737
     721
     758
     728
     750
     806
     750
     780
     744
     736
     719
     712
     784
     739
     739
     721
     720
     758
     725
     713
     699
     680
     734
     728
     731
     744
     734
     745
     788
     802
     782
     777
     750
     748
     837
     777
     748
     748
     790
     779
     739
     781
     767
     753
     774
     795
     821
     767
     809
     761
     728
     779
     761
     787
     821
     781
     729
     738
     826
     820
     765
     770
     822
     738
     828
     840
     795
     834
     799
     743
     785
     882
     829
     830
     865
     864
     930
     951
     933
     994
    1101
    1197
    1281
    1390
    1535
    1663
    1818
    2042
    2334
    2521
    2869
    3160
    3537
    3949
    4297
    4769
    5265
    5682
    6135
    6788
    7183
    7813
    8323
    8801
    9177
    9448
    9949
   10506
   10544
   10765
   11109
   11545
   11623
   11808
   11877
   11912
   11875
   12054
   12121
   11938
   12095
   11839
   11741
   11666
   11561
   11378
   11226
   10952
   10777
   10781
   10393
   10259
   10097
    9803
    9517
    9283
    9174
    8735
    8584
    8316
    8060
    7673
    7308
    7073
    6759
    6562
    6303
    6096
    5767
    5504
    5229
    4967
    4797
    4625
    4240
    4260
    4070
    3960
    3859
    3578
    3358
    3398
    3348
    3057
    3092
    2992
    2977
    2666
    2725
    2604
    2439
    2436
    2281
    2110
    2164
    1971
    1840
    1817
    1717
    1647
    1582
    1435
    1321
    1328
    1188
    1173
    1058
    1018
     947
     881
     860
     722
     730
     669
     663
     628
     615
     588
     528
     535
     546
     528
     555
     539
     506
     541
     491
     530
     439
     533
     504
     512
     495
     487
     513
     498
     497
     536
     496
     543
     435
     513
     462
     489
     482
     521
     500
     468
     509
     479
     501
     512
     477
     467
     478
     473
     429
     476
     496
     456
     468
     452
     463
     474
     478
     489
     450
     484
     465
     415
     488
     422
     445
     462
     483
     446
     438
     448
     455
     479
     409
     457
     437
     433
     420
     428
     415
     409
     417
     463
     419
     443
     463
     424
     447
     442
     462
     488
     429
     395
     414
     437
     436
     412
     448
     414
     425
     423
     452
     443
     416
     403
     462
     476
     434
     427
     413
     418
     425
     388
     420
     438
     435
     397
     428
     442
     453
     483
     420
     448
     428
     440
     456
     435
     423
     442
     470
     446
     410
     451
     460
     431
     424
     386
     452
     395
     403
     420
     406
     438
     421
     423
     413
     391
     440
     411
     382
     395
     368
     397
     424
     390
     404
     405
     407
     401
     383
     382
     397
     392
     357
     369
     397
     404
     390
     384
     395
     415
     395
     393
     379
     384
     388
     370
     372
     331
     376
     347
     360
     368
     388
     375
     366
     349
     376
     401
     402
     380
     376
     382
     342
     341
     359
     390
     377
     368
     405
     341
     356
     394
     386
     405
     362
     342
     364
     367
     385
     351
     362
     368
     378
     369
     395
     350
     398
     367
     378
     383
     377
     368
     378
     377
     399
     361
     343
     377
     374
     393
     377
     371
     380
     394
     361
     311
     364
     376
     383
     402
     369
     379
     341
     363
     348
     366
     384
     367
     352
     361
     351
     339
     359
     361
     356
     348
     328
     367
     353
     356
     352
     342
     371
     331
     368
     329
     339
     336
     350
     352
     348
     361
     327
     374
     352
     383
     365
     363
     347
     356
     355
     332
     341
     358
     341
     373
     355
     357
     372
     339
     356
     362
     331
     343
     353
     331
     352
     359
     358
     351
     333
     356
     369
     337
     373
     344
     350
     334
     337
     356
     348
     357
     360
     341
     323
     336
     316
     343
     336
     328
     377
     375
     319
     306
     367
     322
     328
     344
     340
     349
     335
     350
     323
     329
     343
     362
     331
     346
     322
     358
     344
     342
     368
     360
     330
     323
     341
     368
     316
     340
     300
     328
     344
     346
     339
     332
     346
     337
     338
     306
     319
     343
     328
     331
     349
     315
     288
     309
     318
     304
     317
     306
     339
     348
     314
     335
     335
     330
     317
     351
     348
     290
     331
     313
     346
     325
     329
     328
     342
     320
     346
     338
     312
     303
     332
     321
     316
     349
     312
     320
     334
     325
     288
     330
     324
     321
     323
     327
     300
     298
     337
     297
     300
     326
     307
     302
     313
     343
     326
     321
     294
     310
     317
     293
     284
     314
     315
     298
     341
     283
     376
     330
     312
     332
     335
     326
     329
     326
     309
     306
     309
     349
     339
     288
     322
     309
     332
     324
     300
     304
     312
     297
     290
     323
     307
     300
     334
     323
     300
     307
     313
     288
     306
     297
     326
     307
     306
     312
     335
     311
     293
     309
     311
     326
     306
     340
     337
     311
     310
     302
     309
     295
     292
     287
     322
     309
     311
     271
     284
     303
     305
     282
     285
     300
     334
     291
     321
     327
     305
     287
     361
     275
     290
     293
     280
     303
     308
     312
     294
     306
     303
     320
     307
     329
     352
     324
     315
     308
     342
     315
     322
     323
     302
     324
     324
     310
     319
     333
     316
     273
     299
     319
     302
     329
     350
     294
     334
     293
     313
     321
     318
     319
     292
     326
     327
     290
     296
     311
     335
     327
     288
     308
     291
     302
     336
     323
     303
     322
     297
     285
     291
     313
     310
     305
     278
     297
     281
     319
     307
     273
     285
     303
     304
     302
     309
     311
     301
     324
     270
     326
     316
     301
     307
     296
     288
     330
     316
     288
     290
     284
     322
     304
     309
     305
     301
     308
     303
     294
     325
     316
     312
     327
     320
     312
     291
     302
     315
     303
     286
     310
     306
     311
     301
     267
     312
     306
     316
     308
     327
     296
     276
     335
     316
     297
     306
     291
     319
     324
     301
     310
     297
     284
     316
     295
     301
     320
     292
     324
     306
     284
     347
     308
     308
     316
     325
     325
     348
     288
     318
     323
     331
     343
     315
     275
     314
     291
     320
     327
     313
     293
     298
     299
     306
     311
     289
     298
     305
     312
     303
     295
     289
     317
     274
     283
     246
     314
     279
     274
     328
     279
     332
     321
     316
     303
     309
     295
     308
     288
     274
     321
     335
     290
     320
     334
     304
     285
     298
     317
     313
     298
     315
     312
     318
     334
     369
     342
     357
     315
     359
     350
     316
     313
     298
     311
     302
     321
     335
     306
     333
     358
     334
     313
     336
     308
     345
     316
     318
     322
     334
     308
     331
     337
     290
     303
     333
     302
     296
     323
     322
     302
     265
     282
     293
     302
     310
     305
     284
     297
     287
     282
     316
     279
     263
     279
     310
     284
     233
     259
     261
     274
     264
     243
     255
     273
     271
     277
     262
     272
     251
     278
     245
     283
     261
     264
     301
     262
     271
     269
     284
     242
     269
     260
     277
     278
     252
     244
     291
     238
     281
     284
     264
     263
     274
     274
     276
     260
     260
     288
     267
     276
     241
     265
     292
     270
     322
     278
     269
     267
     276
     282
     253
     251
     266
     265
     251
     252
     278
     268
     316
     265
     292
     274
     259
     261
     288
     232
     269
     285
     268
     285
     269
     261
     281
     303
     286
     286
     276
     248
     271
     279
     309
     263
     292
     285
     290
     271
     318
     288
     267
     277
     259
     289
     306
     314
     263
     294
     275
     318
     255
     276
     267
     298
     282
     302
     287
     257
     291
     280
     265
     275
     288
     262
     278
     282
     278
     259
     277
     258
     275
     313
     245
     255
     272
     258
     244
     251
     271
     257
     286
     296
     249
     297
     298
     276
     281
     269
     286
     268
     246
     288
     277
     288
     286
     274
     256
     268
     269
     256
     270
     262
     270
     285
     279
     255
     255
     315
     279
     270
     253
     262
     304
     279
     265
     285
     263
     273
     273
     273
     288
     278
     286
     259
     300
     273
     264
     297
     266
     306
     247
     269
     276
     300
     266
     281
     302
     265
     321
     299
     279
     274
     268
     280
     281
     301
     254
     262
     292
     289
     285
     297
     282
     286
     284
     289
     295
     266
     309
     315
     283
     294
     286
     290
     299
     276
     316
     288
     272
     311
     291
     284
     313
     294
     285
     300
     272
     285
     293
     283
     281
     306
     259
     318
     316
     270
     271
     316
     317
     266
     282
     334
     283
     306
     300
     295
     314
     323
     280
     283
     294
     304
     312
     307
     289
     308
     327
     314
     287
     300
     276
     275
     293
     290
     302
     323
     320
     322
     266
     311
     298
     308
     290
     309
     284
     301
     323
     329
     298
     329
     306
     304
     295
     318
     327
     296
     315
     308
     337
     280
     318
     314
     291
     308
     300
     330
     316
     343
     321
     305
     316
     322
     328
     330
     324
     328
     304
     340
     334
     362
     339
     327
     338
     297
     313
     326
     353
     318
     317
     360
     338
     304
     328
     313
     330
     325
     343
     346
     358
     316
     341
     348
     316
     327
     375
     342
     360
     346
     330
     373
     348
     311
     365
     300
     327
     345
     318
     371
     336
     359
     351
     347
     372
     350
     366
     344
     363
     350
     357
     385
     401
     360
     365
     347
     359
     391
     354
     405
     419
     336
     376
     388
     420
     387
     424
     380
     368
     413
     452
     387
     388
     392
     392
     430
     402
     414
     416
     455
     409
     433
     386
     401
     460
     409
     446
     449
     442
     431
     440
     432
     439
     403
     449
     445
     526
     470
     440
     470
     458
     489
     435
     453
     463
     490
     467
     500
     499
     470
     479
     490
     542
     499
     480
     497
     460
     507
     507
     507
     507
     557
     543
     543
     532
     591
     582
     608
     576
     553
     562
     548
     573
     551
     598
     567
     582
     588
     611
     585
     617
     559
     659
     603
     577
     635
     608
     593
     638
     586
     631
     661
     629
     615
     680
     633
     721
     713
     643
     657
     695
     720
     675
     712
     706
     723
     699
     673
     658
     688
     746
     737
     699
     729
     696
     691
     757
     720
     712
     714
     752
     820
     760
     777
     781
     782
     787
     786
     758
     819
     788
     802
     804
     779
     757
     769
     817
     804
     811
     775
     825
     808
     831
     850
     798
     806
     817
     828
     820
     833
     824
     813
     864
     837
     827
     801
     849
     880
     820
     792
     846
     792
     854
     839
     840
     841
     876
     842
     838
     814
     833
     853
     824
     848
     816
     842
     805
     749
     803
     769
     794
     812
     807
     819
     818
     777
     801
     854
     818
     817
     834
     777
     744
     842
     871
     812
     841
     814
     802
     843
     831
     775
     808
     824
     873
     812
     802
     828
     812
     845
     840
     812
     841
     842
     885
     844
     872
     834
     836
     889
     877
     879
     871
     886
     908
     971
     863
     954
     881
     899
     915
     930
     882
     941
     907
     866
     861
     962
     967
     868
     932
     930
     916
     916
     943
     943
     970
     975
     976
     997
     988
    1007
     997
    1069
     993
    1028
    1053
    1048
    1056
    1050
    1065
    1031
    1078
    1079
    1065
    1085
    1066
    1109
    1075
    1127
    1105
    1090
    1177
    1199
    1139
    1190
    1180
    1177
    1202
    1206
    1200
    1262
    1242
    1195
    1234
    1290
    1269
    1320
    1322
    1271
    1252
    1295
    1277
    1328
    1359
    1350
    1345
    1391
    1362
    1379
    1412
    1371
    1468
    1414
    1447
    1483
    1498
    1491
    1502
    1538
    1553
    1520
    1579
    1497
    1547
    1654
    1538
    1622
    1687
    1693
    1747
    1686
    1673
    1708
    1691
    1779
    1738
    1829
    1849
    1732
    1816
    1866
    1844
    1911
    1906
    1919
    1915
    1977
    2002
    1881
    2009
    1982
    1989
    2051
    2114
    2008
    2110
    2172
    2051
    2191
    2247
    2167
    2244
    2287
    2283
    2315
    2274
    2410
    2271
    2359
    2374
    2416
    2417
    2478
    2481
    2543
    2620
    2579
    2649
    2604
    2668
    2655
    2701
    2638
    2814
    2775
    2794
    2845
    2789
    2833
    2928
    2918
    2991
    2964
    3140
    3097
    3046
    3164
    3288
    3160
    3176
    3351
    3383
    3193
    3412
    3452
    3428
    3543
    3385
    3507
    3513
    3599
    3642
    3686
    3734
    3665
    3878
    3795
    3912
    3938
    4052
    3952
    4058
    4103
    4162
    4125
    4264
    4327
    4242
    4335
    4327
    4440
    4573
    4541
    4716
    4626
    4839
    4832
    4917
    4965
    4938
    5206
    5086
    5217
    5333
    5338
    5554
    5552
    5629
    5543
    5759
    5643
    5768
    5975
    6030
    6116
    6076
    6313
    6415
    6360
    6502
    6542
    6686
    6663
    6777
    7075
    7213
    7109
    7206
    7589
    7515
    7665
    7739
    8072
    8136
    8065
    8348
    8310
    8529
    8589
    8673
    8919
    9145
    9321
       0
       0
       0
       0
       0
       0
       0
       0
       0
       0
       0
       0
       0
       0
       0
       0
       0
       0
       0
       0
       0
       0
       0
       0
       0
       0
       0
       0
       0
       0
       0
       0
$ROI:
0
$PRESETS:
None
0
0
$ENER_FIT:
-0.169488 0.023446
$MCA_CAL:
3
-1.694878E-001 2.344633E-002 0.000000E+000 keV
$SHAPE_CAL:
3
0.000000E+000 0.000000E+000 0.000000E+000
