$SPEC_ID:
No sample description was entered.
$SPEC_REM:
DET# 4
DETDESC# JLAB-20 MCB 131
AP# Maestro Version 7.01
$DATE_MEA:
10/01/2025 02:16:44
$MEAS_TIM:
135202 138479
$DATA:
0 2047
       0
       0
       0
       0
       0
       0
       0
       0
       0
       0
       0
       0
       0
       0
       0
       0
       0
       0
       0
       0
       0
       0
       0
       0
       0
       0
       0
       0
       0
       0
       0
       0
       0
       0
       0
       0
       0
       0
       0
       0
       0
       0
       0
       0
       0
       0
       0
       0
       0
       0
       0
       1
       2
       0
       1
       1
       0
       1
       0
       0
       0
       0
       0
       1
       0
       1
       1
       1
       1
     515
   15313
   15398
   14538
   14069
   13804
   13272
   12992
   12983
   12766
   12613
   12375
   12362
   12159
   12119
   11946
   11881
   11683
   11438
   11458
   11655
   11339
   10970
   11149
   10948
   10834
   10682
   10755
   10792
   10555
   10603
   10441
   10407
   10253
   10430
   10071
    9920
    9961
    9899
    9869
    9695
    9630
    9641
    9732
    9632
    9385
    9495
    9330
    9313
    9228
    9032
    9124
    8996
    9026
    8960
    8844
    8845
    9022
    8781
    8724
    8498
    8787
    8644
    8321
    8514
    8374
    8470
    8412
    8476
    8220
    8203
    8313
    8182
    8063
    8019
    8047
    7973
    8061
    8189
    7959
    8130
    7913
    7995
    7775
    7936
    7747
    7691
    7668
    7779
    7765
    7657
    7656
    7464
    7562
    7539
    7590
    7432
    7492
    7508
    7394
    7413
    7287
    7319
    7405
    7256
    7405
    7341
    7274
    7250
    7249
    7214
    7111
    7142
    7241
    7147
    7068
    7200
    7034
    7100
    7104
    7075
    7018
    7052
    6932
    7108
    7147
    6967
    7024
    6857
    6977
    6988
    6905
    6944
    6933
    6976
    6777
    6683
    6752
    6799
    6760
    6777
    6789
    6856
    6847
    6747
    6890
    6700
    6800
    6887
    6739
    6793
    6945
    6775
    6826
    6898
    6728
    6695
    6660
    6714
    6798
    6749
    6722
    6677
    6645
    6787
    6766
    6640
    6646
    6742
    6572
    6644
    6656
    6641
    6729
    6547
    6741
    6675
    6645
    6638
    6753
    6656
    6720
    6665
    6695
    6688
    6708
    6761
    6731
    6816
    6769
    6805
    6719
    6595
    6821
    6845
    6865
    6801
    6773
    6947
    6957
    6904
    6811
    6843
    6926
    6933
    6876
    6798
    6944
    6967
    6843
    6881
    6868
    6927
    7046
    7051
    6937
    6886
    7030
    6947
    7002
    7006
    7015
    6935
    7006
    7070
    7019
    7074
    7133
    7201
    7196
    7334
    7401
    7620
    7594
    7861
    8080
    8325
    8608
    9295
    9788
   10610
   11390
   12249
   13659
   14921
   16569
   18517
   20888
   23326
   25946
   28976
   32329
   36036
   39558
   43625
   48460
   52701
   57055
   61378
   65394
   70305
   74600
   78556
   82862
   86375
   90144
   93002
   95342
   98634
   99886
  102079
  103303
  104697
  106203
  107083
  106531
  107070
  106960
  106649
  106435
  105423
  104598
  103878
  102708
  101584
  100343
   98993
   97258
   95655
   93539
   91976
   90047
   87847
   85606
   83972
   81047
   78488
   76202
   74156
   71205
   68871
   65924
   63759
   61375
   58726
   56295
   53592
   51339
   48856
   46640
   44654
   42472
   40836
   38534
   37243
   35609
   34476
   33185
   31979
   30724
   30246
   29183
   27920
   27349
   26297
   25585
   24475
   23872
   22993
   21922
   21169
   20506
   19552
   18887
   17775
   16966
   16001
   15469
   14440
   13774
   12797
   11975
   11405
   10477
   10064
    9301
    8683
    8211
    7770
    7362
    6661
    6451
    5989
    5783
    5611
    5526
    5320
    4989
    4826
    4788
    4727
    4668
    4589
    4675
    4718
    4569
    4594
    4440
    4610
    4583
    4543
    4449
    4582
    4507
    4601
    4474
    4543
    4602
    4617
    4321
    4538
    4520
    4597
    4511
    4368
    4429
    4306
    4414
    4382
    4418
    4409
    4286
    4395
    4373
    4304
    4254
    4328
    4322
    4172
    4186
    4138
    4236
    4237
    4211
    4174
    4156
    4162
    4104
    4085
    4163
    4071
    4096
    3976
    4176
    4111
    4028
    3976
    4029
    4072
    3911
    4041
    4047
    3835
    3940
    3966
    3817
    3859
    3906
    3943
    3882
    3863
    3949
    3961
    3940
    3831
    3894
    4026
    3858
    3831
    3825
    3852
    3874
    3824
    3914
    3944
    3862
    3838
    3981
    3853
    3749
    3778
    3944
    3962
    3943
    3863
    3919
    3889
    3880
    3837
    3874
    3978
    3960
    3860
    4011
    3961
    3841
    3958
    3913
    3868
    3879
    3844
    3904
    3879
    3878
    3752
    3953
    3919
    3796
    3897
    3866
    3818
    3895
    3849
    3828
    3825
    3788
    3711
    3706
    3743
    3766
    3703
    3545
    3660
    3653
    3694
    3590
    3648
    3589
    3510
    3601
    3560
    3601
    3467
    3557
    3547
    3488
    3548
    3624
    3509
    3541
    3617
    3527
    3448
    3478
    3473
    3435
    3425
    3503
    3425
    3370
    3333
    3395
    3364
    3310
    3448
    3383
    3336
    3369
    3283
    3371
    3387
    3380
    3434
    3379
    3389
    3414
    3423
    3286
    3352
    3246
    3302
    3311
    3324
    3326
    3289
    3363
    3344
    3285
    3414
    3416
    3422
    3349
    3395
    3261
    3390
    3324
    3340
    3341
    3325
    3377
    3274
    3298
    3270
    3256
    3433
    3411
    3314
    3326
    3416
    3279
    3343
    3386
    3302
    3256
    3234
    3292
    3309
    3331
    3302
    3340
    3221
    3322
    3258
    3287
    3210
    3215
    3254
    3283
    3183
    3227
    3230
    3195
    3226
    3242
    3219
    3220
    3196
    3184
    3165
    3193
    3215
    3235
    3144
    3228
    3224
    3212
    3189
    3176
    3164
    3158
    3300
    3134
    3109
    3202
    3158
    3239
    3095
    3219
    3087
    3172
    3235
    3118
    3140
    3154
    3208
    3221
    3262
    3135
    3221
    3083
    3188
    3107
    3181
    3205
    3068
    3126
    3044
    3194
    3065
    3135
    3219
    3192
    3157
    3040
    3142
    3066
    3111
    3151
    3161
    3184
    3112
    3149
    3120
    3116
    3124
    3144
    3134
    3029
    3094
    3117
    2984
    3092
    3063
    2992
    2984
    3099
    3025
    3046
    2994
    3024
    3026
    2966
    3049
    3087
    3086
    3143
    3076
    3078
    3111
    3025
    3047
    2995
    3059
    3022
    3100
    3033
    3019
    3018
    2939
    2949
    2981
    3030
    2984
    3057
    3084
    2999
    2975
    2976
    2959
    2972
    2976
    2917
    2957
    2942
    2937
    2933
    2949
    2950
    2957
    2995
    2965
    2925
    2924
    2874
    2934
    2830
    2853
    2901
    2833
    2951
    2904
    2958
    2785
    2996
    2842
    2998
    2882
    2989
    2887
    2934
    2894
    2846
    2837
    2870
    2837
    2868
    2877
    2934
    2866
    2832
    2786
    2851
    2811
    2923
    2916
    2876
    2965
    2821
    2940
    2793
    2849
    2923
    2768
    2841
    2821
    2830
    2790
    2799
    2779
    2751
    2800
    2844
    2818
    2819
    2894
    2825
    2818
    2860
    2824
    2818
    2792
    2753
    2848
    2849
    2847
    2943
    2822
    2864
    2854
    2853
    2799
    2791
    2816
    2776
    2784
    2822
    2714
    2801
    2827
    2864
    2711
    2847
    2770
    2773
    2843
    2679
    2776
    2806
    2768
    2815
    2847
    2786
    2737
    2709
    2810
    2765
    2827
    2812
    2826
    2800
    2784
    2775
    2872
    2741
    2767
    2719
    2768
    2807
    2736
    2711
    2686
    2718
    2723
    2814
    2773
    2799
    2724
    2704
    2723
    2733
    2732
    2707
    2711
    2739
    2785
    2724
    2700
    2689
    2779
    2664
    2760
    2688
    2699
    2752
    2793
    2731
    2743
    2774
    2633
    2715
    2720
    2705
    2836
    2730
    2687
    2687
    2734
    2730
    2795
    2832
    2823
    2863
    2872
    2754
    2782
    2906
    2810
    2782
    2781
    2812
    2770
    2761
    2823
    2805
    2760
    2789
    2747
    2799
    2736
    2768
    2830
    2865
    2688
    2863
    2694
    2818
    2788
    2767
    2681
    2740
    2699
    2703
    2660
    2681
    2739
    2724
    2774
    2734
    2808
    2755
    2721
    2825
    2786
    2626
    2677
    2653
    2639
    2683
    2731
    2673
    2685
    2654
    2685
    2712
    2738
    2768
    2670
    2606
    2673
    2615
    2741
    2670
    2630
    2647
    2619
    2611
    2661
    2711
    2724
    2570
    2638
    2632
    2718
    2700
    2621
    2681
    2719
    2747
    2628
    2754
    2736
    2750
    2761
    2742
    2711
    2861
    2758
    2727
    2806
    2724
    2768
    2773
    2885
    2770
    2790
    2788
    2792
    2775
    2840
    2696
    2735
    2826
    2769
    2810
    2827
    2851
    2788
    2801
    2837
    2760
    2822
    2863
    2759
    2800
    2931
    2840
    2815
    2786
    2729
    2750
    2749
    2702
    2859
    2726
    2699
    2713
    2825
    2767
    2746
    2802
    2818
    2734
    2764
    2743
    2781
    2758
    2723
    2765
    2761
    2761
    2694
    2700
    2717
    2814
    2723
    2757
    2734
    2772
    2656
    2719
    2601
    2699
    2694
    2619
    2700
    2625
    2701
    2627
    2680
    2681
    2641
    2554
    2657
    2683
    2508
    2595
    2631
    2758
    2691
    2647
    2662
    2699
    2664
    2813
    2717
    2702
    2763
    2792
    2744
    2794
    2787
    2789
    2851
    2921
    2926
    2893
    2943
    2984
    2951
    2967
    2970
    2961
    3070
    3087
    2903
    3019
    3073
    2955
    3042
    2958
    3058
    3057
    2954
    3044
    2950
    2876
    3043
    2994
    2955
    2921
    2871
    3007
    2853
    2801
    2878
    2779
    2809
    2874
    2823
    2743
    2712
    2831
    2687
    2623
    2721
    2747
    2621
    2525
    2533
    2510
    2573
    2594
    2524
    2469
    2596
    2534
    2514
    2539
    2424
    2357
    2442
    2552
    2442
    2351
    2419
    2383
    2440
    2475
    2354
    2413
    2443
    2432
    2476
    2396
    2423
    2428
    2395
    2385
    2473
    2400
    2432
    2459
    2401
    2453
    2440
    2434
    2438
    2435
    2425
    2413
    2452
    2350
    2384
    2447
    2435
    2453
    2429
    2348
    2313
    2430
    2522
    2462
    2400
    2500
    2489
    2491
    2472
    2438
    2444
    2448
    2442
    2610
    2425
    2464
    2411
    2533
    2522
    2407
    2386
    2431
    2436
    2451
    2453
    2425
    2478
    2494
    2464
    2418
    2524
    2542
    2304
    2466
    2449
    2468
    2434
    2501
    2510
    2466
    2539
    2468
    2473
    2583
    2471
    2435
    2450
    2507
    2516
    2447
    2429
    2529
    2482
    2639
    2523
    2483
    2520
    2414
    2466
    2519
    2569
    2612
    2497
    2489
    2483
    2553
    2616
    2505
    2576
    2560
    2580
    2535
    2555
    2568
    2578
    2520
    2503
    2496
    2448
    2573
    2521
    2454
    2497
    2414
    2452
    2435
    2508
    2471
    2540
    2457
    2479
    2496
    2486
    2515
    2384
    2411
    2447
    2570
    2453
    2510
    2533
    2507
    2478
    2425
    2455
    2501
    2387
    2422
    2555
    2499
    2456
    2411
    2443
    2505
    2448
    2379
    2339
    2441
    2421
    2480
    2527
    2466
    2406
    2433
    2478
    2447
    2377
    2503
    2375
    2450
    2472
    2450
    2439
    2469
    2364
    2496
    2409
    2423
    2459
    2550
    2500
    2490
    2468
    2459
    2512
    2464
    2538
    2436
    2434
    2543
    2447
    2556
    2558
    2524
    2572
    2480
    2531
    2448
    2531
    2472
    2485
    2480
    2551
    2552
    2529
    2621
    2599
    2539
    2576
    2490
    2551
    2591
    2606
    2590
    2498
    2575
    2529
    2588
    2559
    2556
    2566
    2539
    2619
    2615
    2619
    2548
    2473
    2630
    2556
    2610
    2522
    2606
    2546
    2624
    2635
    2645
    2512
    2610
    2587
    2606
    2634
    2593
    2552
    2644
    2634
    2674
    2650
    2670
    2687
    2649
    2658
    2612
    2581
    2677
    2648
    2633
    2686
    2657
    2668
    2711
    2686
    2660
    2781
    2748
    2745
    2689
    2580
    2660
    2717
    2675
    2719
    2682
    2635
    2759
    2713
    2560
    2724
    2670
    2683
    2782
    2650
    2639
    2712
    2723
    2768
    2704
    2804
    2687
    2721
    2739
    2742
    2780
    2700
    2781
    2740
    2702
    2693
    2801
    2765
    2739
    2728
    2803
    2797
    2799
    2804
    2740
    2836
    2783
    2897
    2842
    2870
    2756
    2757
    2839
    2908
    2995
    2946
    2891
    2920
    2882
    2971
    2910
    2951
    2907
    2889
    2944
    3047
    2884
    2938
    2992
    2990
    2939
    2910
    2974
    3042
    2988
    3046
    3152
    3023
    3020
    2985
    3078
    2957
    3158
    3100
    3016
    3044
    3195
    3054
    3159
    3075
    3190
    3082
    3128
    3231
    3204
    3340
    3238
    3250
    3283
    3306
    3315
    3251
    3331
    3237
    3246
    3261
    3417
    3287
    3368
    3316
    3284
    3400
    3413
    3456
    3470
    3351
    3444
    3464
    3444
    3512
    3605
    3525
    3455
    3642
    3630
    3618
    3638
    3547
    3657
    3665
    3556
    3628
    3649
    3763
    3657
    3719
    3717
    3679
    4005
    3778
    3824
    3847
    3897
    3911
    4029
    3883
    3909
    4026
    4040
    3920
    4105
    4189
    4151
    4133
    4180
    4292
    4123
    4138
    4325
    4324
    4243
    4392
    4420
    4370
    4269
    4394
    4581
    4446
    4398
    4537
    4564
    4602
    4510
    4694
    4677
    4703
    4809
    4821
    4774
    4917
    4994
    5001
    4938
    4927
    5132
    5064
    5076
    5058
    5241
    5208
    5250
    5214
    5271
    5208
    5326
    5285
    5451
    5465
    5482
    5539
    5650
    5473
    5572
    5485
    5707
    5667
    5801
    5753
    5950
    5891
    5920
    5929
    5913
    5903
    6067
    6176
    6108
    6270
    6277
    6248
    6266
    6281
    6361
    6394
    6634
    6436
    6359
    6593
    6479
    6474
    6575
    6667
    6744
    6601
    6875
    6842
    6833
    6898
    6975
    6945
    6866
    7032
    6895
    6973
    7093
    7170
    7175
    7141
    7142
    7200
    7272
    7179
    7372
    7130
    7281
    7275
    7264
    7398
    7276
    7417
    7327
    7387
    7353
    7355
    7374
    7349
    7393
    7480
    7357
    7138
    7430
    7348
    7279
    7363
    7424
    7249
    7335
    7358
    7347
    7328
    7533
    7476
    7291
    7310
    7352
    7307
    7319
    7456
    7227
    7353
    7403
    7236
    7383
    7089
    7405
    7106
    7261
    7387
    7334
    7318
    7286
    7408
    7357
    7291
    7333
    7273
    7293
    7409
    7225
    7409
    7161
    7380
    7453
    7493
    7237
    7362
    7263
    7325
    7290
    7412
    7427
    7433
    7451
    7464
    7522
    7542
    7528
    7656
    7616
    7532
    7444
    7665
    7632
    7836
    7789
    7730
    7703
    7812
    7874
    7878
    7884
    7974
    7946
    7993
    8166
    8121
    8211
    8156
    8136
    8114
    8230
    8302
    8360
    8414
    8422
    8365
    8476
    8691
    8753
    8660
    8626
    8837
    8680
    8807
    8875
    8927
    9106
    9210
    9180
    9101
    9200
    9372
    9389
    9339
    9524
    9377
    9609
    9845
    9856
    9783
    9832
    9888
    9896
   10011
   10151
   10211
   10533
   10447
   10382
   10401
   10268
   10877
   10652
   10801
   10860
   10864
   10944
   11003
   11206
   11063
   11143
   11370
   11578
   11611
   11491
   11712
   11779
   11993
   12206
   12224
   12351
   12405
   12442
   12511
   12505
   12750
   12928
   12911
   13265
   13357
   13226
   13424
   13574
   13686
   13851
   13969
   13939
   13931
   14220
   14612
   14303
   14888
   14714
   14960
   15359
   15078
   15184
   15266
   15546
   15843
   15848
   15977
   16304
   15938
   16400
   16716
   16790
   16700
   17018
   17389
   17426
   17668
   17838
   17660
   17915
   17958
   18142
   18233
   18749
   18566
   19194
   19105
   19347
   19496
   19896
   19967
   20152
   20297
   20527
   20437
   21209
   21180
   21031
   21327
   21464
   21759
   21885
   22428
   22420
   22537
   22906
   23339
   23458
   23688
   23759
   23734
   24444
   24649
   24836
   25027
   25255
   25670
   25718
   25943
   26357
   26572
   26775
   27231
   27397
   27388
   28058
   27965
   28312
   28642
   28767
   29143
   29565
   29430
   30530
   30607
   30950
   31102
   31358
   31979
   31937
   32513
   32952
   33159
   33391
   33795
   34116
   34754
   35436
   35706
   35927
   36268
   36585
   37201
   37703
   37779
   38242
   38760
   39343
   39443
   40215
   40618
   41181
   41484
   42173
   42673
   43628
   43847
   44128
   44553
   45190
   45885
   46120
   47172
   47809
   47890
   49147
   49291
   49751
   50496
   51239
   52271
   52697
   53502
   53980
   54756
   55354
   56181
   56977
   57537
   58696
   59558
   60268
   61412
   62060
   63252
   63949
   64749
   65826
   66736
   68105
   68798
   70047
   70941
   72754
   73060
   74795
   75517
   77024
   78148
   78549
   80603
   82327
   83328
       0
       0
       0
       0
       0
       0
       0
       0
       0
       0
       0
       0
       0
       0
       0
       0
       0
       0
       0
       0
       0
       0
       0
       0
       0
       0
       0
       0
       0
       0
       0
       0
$ROI:
0
$PRESETS:
None
0
0
$ENER_FIT:
-0.169488 0.023446
$MCA_CAL:
3
-1.694878E-001 2.344633E-002 0.000000E+000 keV
$SHAPE_CAL:
3
0.000000E+000 0.000000E+000 0.000000E+000
