$SPEC_ID:
No sample description was entered.
$SPEC_REM:
DET# 4
DETDESC# JLAB-20 MCB 131
AP# Maestro Version 7.01
$DATE_MEA:
09/29/2025 15:46:44
$MEAS_TIM:
13934 14277
$DATA:
0 2047
       0
       0
       0
       0
       0
       0
       0
       0
       0
       0
       0
       0
       0
       0
       0
       0
       0
       0
       0
       0
       0
       0
       0
       0
       0
       0
       0
       0
       0
       0
       0
       0
       0
       0
       0
       0
       0
       0
       0
       0
       0
       0
       0
       0
       0
       0
       0
       0
       0
       0
       0
       0
       0
       0
       0
       0
       0
       0
       0
       0
       0
       0
       0
       0
       0
       0
       0
       0
       0
      36
    1495
    1609
    1561
    1360
    1483
    1395
    1374
    1257
    1298
    1293
    1233
    1342
    1249
    1230
    1234
    1257
    1181
    1240
    1228
    1162
    1178
    1138
    1108
    1061
    1064
    1094
    1067
    1082
    1126
    1121
    1104
    1090
    1062
    1079
    1028
    1026
    1019
    1025
    1015
     945
     951
     953
    1020
     955
     936
     995
     961
     920
     934
     950
     911
     900
     923
     931
     957
     930
     909
     904
     915
     917
     836
     916
     892
     915
     811
     911
     881
     874
     837
     849
     828
     815
     850
     898
     838
     817
     820
     861
     850
     862
     829
     820
     824
     815
     796
     801
     793
     820
     810
     745
     797
     765
     764
     754
     795
     760
     802
     797
     788
     777
     794
     748
     801
     703
     739
     730
     816
     765
     739
     800
     732
     725
     770
     725
     701
     707
     737
     735
     724
     712
     755
     718
     703
     759
     738
     720
     694
     730
     700
     707
     696
     774
     723
     728
     657
     689
     684
     723
     729
     696
     691
     684
     663
     671
     701
     673
     678
     716
     721
     710
     688
     738
     683
     689
     702
     711
     693
     731
     671
     667
     695
     667
     694
     747
     690
     713
     694
     670
     664
     655
     715
     677
     687
     658
     662
     716
     657
     662
     643
     622
     677
     676
     673
     696
     679
     680
     731
     753
     722
     726
     699
     700
     765
     717
     697
     685
     737
     712
     686
     727
     713
     706
     723
     740
     757
     712
     748
     706
     668
     720
     702
     724
     759
     721
     654
     679
     767
     758
     717
     702
     754
     673
     769
     753
     722
     770
     730
     675
     723
     812
     772
     760
     787
     787
     860
     863
     863
     917
    1019
    1101
    1181
    1283
    1408
    1539
    1675
    1869
    2160
    2314
    2654
    2924
    3263
    3640
    3975
    4404
    4847
    5253
    5630
    6236
    6614
    7141
    7703
    8091
    8440
    8647
    9223
    9660
    9729
    9966
   10275
   10639
   10705
   10855
   10950
   10974
   10894
   11117
   11158
   11015
   11160
   10881
   10827
   10734
   10688
   10488
   10407
   10122
    9941
    9937
    9634
    9486
    9321
    9020
    8785
    8615
    8465
    8044
    7929
    7691
    7444
    7063
    6743
    6511
    6193
    6099
    5816
    5648
    5264
    5040
    4847
    4589
    4416
    4266
    3926
    3944
    3790
    3664
    3563
    3307
    3092
    3119
    3079
    2817
    2855
    2752
    2736
    2467
    2533
    2405
    2239
    2271
    2076
    1948
    1990
    1813
    1705
    1690
    1578
    1528
    1459
    1320
    1208
    1233
    1108
    1092
     975
     940
     896
     807
     792
     653
     687
     619
     602
     585
     566
     535
     491
     493
     498
     499
     513
     502
     476
     504
     456
     479
     405
     488
     463
     461
     460
     450
     473
     463
     454
     484
     457
     496
     400
     480
     430
     447
     435
     486
     463
     432
     483
     438
     466
     476
     445
     431
     440
     432
     402
     443
     452
     426
     433
     410
     431
     447
     434
     461
     412
     450
     419
     376
     442
     388
     415
     424
     446
     415
     407
     419
     416
     447
     383
     435
     406
     404
     386
     398
     374
     371
     391
     426
     390
     411
     421
     394
     409
     412
     431
     451
     393
     367
     383
     412
     402
     383
     412
     386
     391
     391
     429
     404
     392
     375
     421
     443
     404
     387
     374
     386
     395
     361
     400
     411
     399
     358
     388
     411
     420
     443
     380
     409
     404
     411
     425
     397
     390
     409
     434
     409
     378
     419
     427
     398
     388
     358
     404
     356
     375
     392
     372
     410
     397
     394
     372
     361
     405
     379
     355
     367
     342
     365
     405
     368
     361
     378
     377
     366
     353
     361
     367
     362
     335
     339
     369
     362
     360
     359
     357
     386
     376
     362
     347
     344
     351
     340
     354
     307
     349
     320
     340
     336
     363
     341
     341
     321
     354
     376
     376
     353
     350
     356
     312
     312
     329
     358
     349
     334
     367
     313
     325
     357
     347
     368
     331
     305
     342
     335
     352
     323
     339
     335
     345
     342
     363
     322
     371
     329
     343
     348
     349
     337
     349
     352
     365
     329
     322
     348
     336
     363
     347
     347
     354
     357
     328
     289
     338
     345
     356
     373
     348
     340
     307
     333
     319
     336
     358
     339
     320
     343
     331
     308
     336
     337
     338
     323
     307
     349
     324
     323
     315
     310
     343
     305
     350
     311
     312
     311
     328
     332
     326
     341
     298
     355
     314
     356
     336
     341
     321
     323
     331
     299
     308
     333
     319
     340
     330
     320
     348
     302
     321
     337
     313
     305
     323
     298
     324
     336
     330
     321
     306
     326
     335
     317
     347
     312
     321
     306
     304
     325
     313
     320
     335
     316
     295
     296
     291
     316
     307
     298
     348
     353
     295
     284
     332
     297
     304
     319
     319
     320
     305
     322
     307
     307
     314
     336
     307
     326
     294
     329
     312
     321
     328
     333
     305
     288
     310
     340
     287
     310
     286
     300
     323
     318
     312
     314
     326
     300
     320
     281
     298
     322
     303
     303
     321
     287
     272
     280
     298
     276
     300
     281
     318
     321
     293
     313
     320
     303
     296
     324
     316
     271
     307
     288
     326
     296
     310
     301
     306
     286
     312
     308
     284
     280
     308
     296
     286
     325
     287
     300
     305
     302
     268
     302
     297
     308
     294
     298
     285
     282
     316
     276
     270
     304
     283
     278
     287
     323
     308
     306
     266
     285
     293
     271
     257
     285
     283
     280
     320
     258
     341
     310
     286
     304
     307
     303
     299
     303
     286
     276
     284
     321
     313
     266
     305
     285
     300
     293
     270
     279
     293
     261
     272
     302
     277
     279
     314
     295
     274
     280
     284
     263
     282
     271
     307
     281
     286
     287
     311
     282
     272
     287
     295
     303
     284
     313
     309
     290
     278
     287
     285
     280
     272
     268
     296
     283
     294
     250
     260
     279
     286
     269
     261
     285
     307
     272
     303
     306
     289
     264
     325
     250
     258
     268
     251
     271
     284
     289
     277
     275
     283
     282
     280
     294
     322
     300
     288
     288
     318
     292
     287
     296
     275
     301
     289
     278
     294
     300
     295
     252
     277
     289
     283
     298
     320
     274
     305
     275
     282
     291
     289
     288
     272
     302
     299
     277
     278
     285
     313
     302
     264
     286
     261
     276
     308
     300
     283
     298
     276
     259
     264
     289
     280
     281
     255
     273
     256
     297
     281
     251
     263
     280
     287
     275
     288
     279
     272
     292
     252
     298
     277
     269
     282
     269
     265
     303
     278
     263
     266
     266
     293
     284
     284
     283
     276
     279
     276
     269
     297
     303
     293
     304
     305
     293
     261
     280
     294
     273
     259
     288
     280
     293
     285
     251
     283
     282
     285
     275
     309
     277
     259
     308
     285
     281
     277
     270
     296
     290
     274
     287
     267
     259
     295
     272
     278
     302
     268
     298
     285
     273
     316
     280
     279
     287
     304
     304
     322
     261
     295
     306
     307
     325
     289
     247
     291
     262
     295
     297
     286
     273
     277
     273
     284
     285
     267
     276
     285
     288
     275
     271
     267
     294
     250
     262
     226
     291
     255
     253
     301
     260
     300
     295
     288
     284
     291
     274
     286
     258
     258
     303
     307
     277
     300
     310
     272
     265
     273
     295
     288
     277
     292
     282
     295
     306
     337
     312
     336
     286
     327
     324
     288
     289
     270
     283
     278
     293
     307
     288
     305
     332
     308
     282
     311
     282
     326
     288
     289
     301
     304
     289
     298
     312
     268
     285
     311
     284
     277
     299
     298
     283
     240
     265
     276
     283
     287
     273
     256
     281
     270
     259
     293
     259
     243
     261
     280
     264
     206
     235
     240
     250
     245
     227
     233
     248
     245
     260
     241
     248
     234
     257
     235
     260
     243
     252
     277
     238
     243
     249
     270
     225
     241
     242
     255
     255
     231
     228
     261
     216
     261
     258
     255
     244
     257
     258
     260
     237
     249
     270
     237
     251
     221
     251
     270
     247
     295
     256
     252
     252
     253
     251
     235
     229
     241
     238
     233
     227
     258
     246
     286
     243
     270
     253
     238
     231
     264
     211
     248
     272
     253
     265
     245
     240
     259
     277
     257
     258
     257
     233
     246
     262
     281
     250
     270
     264
     275
     258
     294
     269
     246
     256
     239
     265
     276
     295
     246
     280
     253
     296
     235
     250
     238
     272
     262
     282
     265
     235
     261
     263
     247
     255
     265
     232
     249
     263
     250
     242
     264
     237
     253
     279
     217
     236
     253
     236
     225
     225
     255
     236
     265
     273
     234
     274
     272
     252
     264
     253
     261
     245
     225
     267
     262
     268
     271
     248
     229
     250
     241
     235
     246
     243
     251
     268
     251
     238
     242
     272
     260
     250
     236
     237
     284
     250
     244
     267
     246
     249
     248
     254
     271
     260
     275
     236
     284
     256
     242
     275
     241
     281
     229
     248
     252
     278
     248
     258
     265
     252
     304
     276
     245
     263
     244
     255
     254
     277
     234
     247
     276
     261
     265
     274
     261
     268
     260
     268
     260
     250
     286
     300
     259
     263
     270
     269
     279
     260
     293
     276
     245
     284
     271
     262
     289
     271
     263
     271
     252
     262
     269
     263
     259
     281
     238
     287
     291
     253
     250
     296
     291
     251
     262
     306
     273
     292
     278
     278
     281
     303
     253
     260
     275
     282
     285
     285
     269
     276
     302
     293
     261
     274
     261
     258
     268
     258
     277
     304
     300
     301
     248
     280
     275
     285
     266
     285
     263
     285
     301
     299
     274
     305
     272
     281
     269
     301
     298
     273
     286
     284
     309
     260
     298
     296
     268
     280
     274
     306
     290
     320
     295
     279
     292
     290
     306
     305
     294
     300
     277
     308
     311
     328
     318
     312
     318
     275
     288
     307
     332
     293
     293
     327
     316
     280
     302
     292
     306
     292
     331
     317
     335
     291
     310
     316
     294
     305
     350
     319
     336
     309
     299
     343
     322
     283
     336
     274
     301
     309
     291
     344
     312
     328
     319
     316
     337
     331
     341
     308
     338
     324
     315
     350
     371
     337
     341
     322
     333
     362
     324
     365
     383
     310
     345
     363
     386
     362
     398
     352
     336
     388
     414
     356
     357
     357
     360
     389
     367
     380
     395
     416
     374
     399
     352
     366
     414
     379
     409
     403
     412
     397
     411
     391
     417
     369
     411
     408
     489
     435
     402
     425
     426
     448
     397
     423
     417
     442
     414
     469
     474
     435
     437
     453
     502
     454
     441
     458
     433
     465
     468
     474
     467
     522
     514
     503
     497
     540
     536
     560
     539
     506
     517
     516
     531
     507
     553
     520
     548
     545
     579
     540
     573
     520
     619
     550
     527
     582
     564
     543
     587
     543
     581
     600
     568
     567
     622
     590
     661
     650
     588
     614
     634
     659
     619
     664
     645
     660
     653
     624
     602
     634
     694
     663
     650
     678
     649
     636
     706
     664
     651
     666
     697
     746
     691
     712
     718
     716
     729
     732
     703
     752
     732
     738
     741
     723
     698
     708
     753
     728
     743
     720
     764
     741
     770
     791
     732
     739
     743
     772
     755
     767
     760
     763
     810
     779
     751
     751
     793
     813
     755
     728
     784
     722
     790
     769
     786
     775
     817
     773
     777
     762
     764
     787
     766
     792
     750
     773
     739
     693
     732
     709
     739
     750
     755
     756
     745
     716
     739
     777
     747
     774
     765
     712
     694
     776
     807
     746
     779
     751
     738
     767
     758
     717
     750
     751
     795
     744
     739
     769
     756
     774
     779
     750
     778
     792
     814
     772
     791
     769
     770
     832
     812
     799
     803
     814
     833
     886
     804
     872
     799
     834
     843
     855
     826
     864
     838
     805
     795
     889
     898
     803
     860
     862
     850
     840
     871
     870
     886
     886
     906
     915
     914
     944
     915
     983
     902
     940
     959
     961
     979
     979
     987
     968
     984
     982
     984
     992
     982
    1027
     994
    1049
    1030
    1001
    1073
    1111
    1053
    1078
    1072
    1071
    1106
    1101
    1099
    1165
    1136
    1099
    1139
    1200
    1171
    1210
    1231
    1179
    1160
    1200
    1159
    1223
    1261
    1246
    1235
    1254
    1260
    1274
    1307
    1271
    1359
    1304
    1327
    1334
    1383
    1378
    1385
    1431
    1427
    1390
    1464
    1373
    1406
    1539
    1418
    1491
    1569
    1572
    1621
    1562
    1541
    1578
    1562
    1654
    1605
    1681
    1710
    1599
    1679
    1713
    1707
    1766
    1755
    1770
    1780
    1812
    1846
    1717
    1844
    1833
    1818
    1888
    1926
    1851
    1949
    2006
    1896
    2013
    2077
    1980
    2074
    2110
    2096
    2144
    2095
    2221
    2099
    2159
    2193
    2223
    2226
    2275
    2289
    2357
    2404
    2367
    2447
    2383
    2475
    2474
    2507
    2416
    2588
    2576
    2564
    2638
    2553
    2615
    2669
    2709
    2757
    2728
    2906
    2834
    2800
    2931
    3040
    2930
    2933
    3092
    3137
    2934
    3173
    3183
    3189
    3260
    3114
    3269
    3247
    3284
    3364
    3375
    3470
    3347
    3581
    3483
    3620
    3611
    3724
    3642
    3738
    3775
    3816
    3790
    3968
    3981
    3903
    3990
    3979
    4111
    4219
    4177
    4342
    4237
    4462
    4476
    4538
    4588
    4532
    4788
    4670
    4808
    4902
    4904
    5120
    5121
    5125
    5083
    5303
    5235
    5336
    5486
    5579
    5655
    5579
    5825
    5905
    5859
    5992
    6050
    6187
    6129
    6299
    6545
    6637
    6529
    6641
    7015
    6881
    7061
    7135
    7427
    7483
    7457
    7676
    7661
    7900
    7933
    7983
    8190
    8442
    8611
       0
       0
       0
       0
       0
       0
       0
       0
       0
       0
       0
       0
       0
       0
       0
       0
       0
       0
       0
       0
       0
       0
       0
       0
       0
       0
       0
       0
       0
       0
       0
       0
$ROI:
0
$PRESETS:
None
0
0
$ENER_FIT:
-0.169488 0.023446
$MCA_CAL:
3
-1.694878E-001 2.344633E-002 0.000000E+000 keV
$SHAPE_CAL:
3
0.000000E+000 0.000000E+000 0.000000E+000
