$SPEC_ID:
No sample description was entered.
$SPEC_REM:
DET# 4
DETDESC# JLAB-20 MCB 131
AP# Maestro Version 7.01
$DATE_MEA:
09/30/2025 12:56:44
$MEAS_TIM:
88330 90479
$DATA:
0 2047
       0
       0
       0
       0
       0
       0
       0
       0
       0
       0
       0
       0
       0
       0
       0
       0
       0
       0
       0
       0
       0
       0
       0
       0
       0
       0
       0
       0
       0
       0
       0
       0
       0
       0
       0
       0
       0
       0
       0
       0
       0
       0
       0
       0
       0
       0
       0
       0
       0
       0
       0
       0
       1
       0
       1
       0
       0
       0
       0
       0
       0
       0
       0
       1
       0
       1
       1
       1
       0
     334
   10023
   10142
    9587
    9148
    9150
    8686
    8599
    8483
    8365
    8211
    8080
    8240
    7906
    7896
    7802
    7792
    7650
    7460
    7431
    7673
    7450
    7103
    7284
    7111
    7069
    6953
    6989
    7092
    6954
    6888
    6820
    6798
    6724
    6821
    6623
    6440
    6566
    6460
    6504
    6354
    6299
    6314
    6288
    6209
    6133
    6211
    6072
    6053
    5926
    5865
    5965
    5949
    5832
    5869
    5832
    5820
    5968
    5785
    5701
    5607
    5767
    5655
    5444
    5497
    5393
    5482
    5466
    5547
    5400
    5335
    5398
    5387
    5234
    5257
    5256
    5254
    5323
    5364
    5270
    5358
    5065
    5295
    4980
    5157
    5010
    5016
    5045
    5079
    5101
    4939
    5036
    4926
    4945
    4876
    4987
    4867
    4899
    4958
    4864
    4913
    4794
    4767
    4833
    4728
    4869
    4809
    4792
    4710
    4755
    4802
    4648
    4650
    4789
    4677
    4604
    4721
    4625
    4627
    4645
    4582
    4570
    4570
    4475
    4643
    4736
    4522
    4647
    4528
    4534
    4633
    4498
    4546
    4544
    4585
    4449
    4439
    4428
    4427
    4436
    4388
    4453
    4489
    4422
    4274
    4469
    4423
    4428
    4442
    4390
    4441
    4506
    4442
    4421
    4534
    4416
    4461
    4347
    4371
    4444
    4407
    4389
    4351
    4310
    4446
    4487
    4367
    4314
    4436
    4320
    4316
    4384
    4345
    4360
    4215
    4383
    4363
    4295
    4331
    4425
    4292
    4390
    4353
    4367
    4377
    4386
    4403
    4367
    4431
    4460
    4441
    4400
    4288
    4514
    4490
    4466
    4444
    4413
    4541
    4597
    4529
    4450
    4427
    4473
    4546
    4619
    4488
    4554
    4526
    4461
    4538
    4513
    4487
    4569
    4586
    4532
    4458
    4603
    4525
    4575
    4588
    4595
    4496
    4600
    4628
    4574
    4672
    4648
    4677
    4693
    4824
    4773
    4948
    5021
    5113
    5380
    5431
    5584
    6053
    6388
    6908
    7374
    8040
    8972
    9736
   10795
   12062
   13641
   15205
   16883
   18829
   20975
   23444
   25814
   28433
   31589
   34279
   37115
   39984
   42699
   45913
   48739
   51662
   54136
   56429
   58737
   61119
   62139
   64522
   65361
   66665
   67639
   68313
   69319
   69828
   69661
   70080
   70020
   69938
   69577
   69030
   68488
   67944
   67190
   66204
   65416
   64732
   63314
   62280
   61046
   60060
   58868
   57292
   55905
   54632
   53061
   51290
   49570
   48454
   46558
   44674
   42994
   41460
   40085
   38300
   36916
   35284
   33515
   32031
   30482
   29159
   27864
   26753
   25314
   24412
   23251
   22542
   21836
   20809
   20072
   19736
   19023
   18235
   17836
   17178
   16835
   15907
   15568
   14988
   14230
   13805
   13348
   12806
   12420
   11592
   10986
   10395
    9982
    9436
    9041
    8333
    7840
    7494
    6840
    6659
    6068
    5693
    5319
    5040
    4777
    4320
    4208
    3867
    3783
    3650
    3593
    3427
    3258
    3130
    3098
    3033
    3032
    3044
    2983
    3049
    2977
    2938
    2879
    3013
    2987
    2921
    2916
    3007
    2972
    3093
    2928
    2972
    3002
    3036
    2776
    2956
    2919
    2948
    2965
    2879
    2907
    2844
    2867
    2830
    2927
    2946
    2786
    2864
    2828
    2781
    2748
    2789
    2828
    2729
    2730
    2766
    2714
    2747
    2772
    2749
    2683
    2695
    2651
    2681
    2720
    2650
    2662
    2601
    2695
    2624
    2625
    2617
    2673
    2706
    2576
    2626
    2593
    2521
    2566
    2590
    2474
    2565
    2510
    2570
    2537
    2499
    2567
    2542
    2564
    2548
    2550
    2679
    2509
    2489
    2505
    2472
    2502
    2486
    2592
    2526
    2560
    2567
    2540
    2548
    2441
    2466
    2572
    2595
    2528
    2466
    2562
    2561
    2560
    2517
    2526
    2580
    2571
    2530
    2612
    2625
    2531
    2608
    2554
    2544
    2547
    2524
    2586
    2557
    2523
    2454
    2569
    2549
    2479
    2556
    2521
    2516
    2524
    2545
    2527
    2463
    2463
    2418
    2387
    2502
    2449
    2436
    2320
    2391
    2396
    2368
    2376
    2366
    2361
    2298
    2350
    2395
    2365
    2289
    2363
    2323
    2302
    2296
    2381
    2337
    2314
    2339
    2323
    2267
    2300
    2314
    2241
    2236
    2283
    2238
    2160
    2159
    2251
    2220
    2157
    2236
    2235
    2183
    2224
    2142
    2182
    2202
    2207
    2210
    2201
    2205
    2257
    2242
    2167
    2200
    2097
    2134
    2144
    2186
    2162
    2123
    2205
    2164
    2128
    2253
    2227
    2223
    2192
    2217
    2143
    2181
    2218
    2163
    2179
    2146
    2207
    2137
    2161
    2118
    2140
    2230
    2222
    2182
    2175
    2231
    2124
    2219
    2209
    2142
    2117
    2103
    2151
    2173
    2230
    2191
    2234
    2103
    2168
    2149
    2165
    2072
    2129
    2123
    2146
    2102
    2125
    2119
    2102
    2149
    2166
    2132
    2086
    2079
    2073
    2040
    2130
    2115
    2104
    2056
    2106
    2113
    2119
    2096
    2053
    2087
    2111
    2154
    2093
    2023
    2100
    2043
    2089
    1985
    2128
    2013
    2043
    2140
    2027
    2031
    2042
    2082
    2052
    2106
    2089
    2074
    2031
    2091
    2012
    2066
    2105
    2018
    2103
    2016
    2064
    2009
    2076
    2088
    2093
    2081
    2013
    2027
    1966
    2050
    2023
    2109
    2128
    2008
    2066
    2048
    2009
    2014
    2072
    2045
    2005
    2040
    2021
    1955
    2010
    1967
    1954
    1919
    2052
    1979
    1974
    1979
    2027
    1981
    1938
    1958
    1994
    2013
    2050
    1957
    2028
    2039
    1984
    1968
    1946
    1990
    1960
    2052
    1967
    1947
    1986
    1903
    1972
    1952
    2008
    1917
    2010
    2046
    1943
    1937
    1917
    1905
    1900
    1955
    1882
    1942
    1911
    1958
    1927
    1945
    1885
    1943
    1952
    1931
    1924
    1879
    1861
    1913
    1879
    1859
    1897
    1882
    1932
    1889
    1955
    1842
    1926
    1908
    2008
    1931
    1957
    1844
    1944
    1913
    1875
    1846
    1917
    1889
    1910
    1930
    1948
    1868
    1854
    1802
    1840
    1831
    1922
    1895
    1932
    1912
    1847
    1905
    1856
    1820
    1932
    1783
    1851
    1842
    1835
    1834
    1894
    1820
    1806
    1862
    1893
    1833
    1838
    1880
    1857
    1848
    1878
    1840
    1837
    1806
    1732
    1806
    1846
    1811
    1913
    1803
    1913
    1888
    1844
    1814
    1855
    1852
    1835
    1813
    1818
    1739
    1835
    1898
    1917
    1754
    1861
    1810
    1825
    1855
    1753
    1745
    1861
    1778
    1827
    1875
    1831
    1746
    1765
    1826
    1836
    1812
    1827
    1826
    1825
    1834
    1817
    1898
    1768
    1819
    1818
    1840
    1849
    1798
    1783
    1747
    1771
    1728
    1828
    1836
    1830
    1792
    1784
    1790
    1771
    1778
    1790
    1786
    1754
    1797
    1764
    1726
    1781
    1835
    1736
    1802
    1772
    1776
    1837
    1856
    1747
    1813
    1855
    1753
    1770
    1760
    1768
    1840
    1790
    1769
    1740
    1752
    1799
    1787
    1849
    1848
    1908
    1895
    1817
    1808
    1890
    1814
    1790
    1813
    1876
    1787
    1840
    1849
    1835
    1831
    1803
    1810
    1819
    1802
    1811
    1814
    1867
    1745
    1854
    1794
    1853
    1820
    1791
    1745
    1749
    1749
    1786
    1711
    1742
    1812
    1815
    1798
    1778
    1861
    1832
    1766
    1869
    1832
    1720
    1758
    1752
    1745
    1777
    1799
    1752
    1720
    1718
    1756
    1745
    1785
    1806
    1692
    1690
    1752
    1731
    1814
    1760
    1731
    1753
    1762
    1686
    1791
    1792
    1836
    1691
    1691
    1731
    1800
    1706
    1684
    1806
    1729
    1840
    1713
    1758
    1769
    1817
    1830
    1796
    1772
    1853
    1789
    1812
    1844
    1794
    1814
    1782
    1907
    1802
    1835
    1843
    1850
    1806
    1856
    1782
    1813
    1852
    1778
    1834
    1813
    1882
    1791
    1809
    1869
    1827
    1820
    1827
    1816
    1822
    1882
    1860
    1837
    1817
    1747
    1794
    1787
    1799
    1903
    1790
    1747
    1802
    1837
    1841
    1796
    1848
    1870
    1812
    1842
    1793
    1830
    1850
    1817
    1765
    1844
    1801
    1763
    1736
    1750
    1806
    1793
    1844
    1763
    1792
    1735
    1856
    1748
    1730
    1735
    1706
    1780
    1724
    1780
    1711
    1746
    1764
    1705
    1652
    1721
    1715
    1666
    1718
    1718
    1821
    1786
    1732
    1762
    1735
    1731
    1810
    1790
    1734
    1800
    1855
    1771
    1832
    1931
    1827
    1846
    1890
    1890
    1904
    1911
    1928
    1912
    1958
    1973
    1930
    2006
    2008
    1856
    2007
    2037
    1922
    1955
    1881
    2004
    1969
    1941
    1996
    1855
    1917
    2009
    2015
    1946
    1905
    1871
    1995
    1872
    1779
    1872
    1838
    1847
    1863
    1797
    1781
    1784
    1844
    1709
    1769
    1773
    1799
    1726
    1643
    1680
    1655
    1710
    1715
    1672
    1576
    1656
    1613
    1664
    1663
    1570
    1558
    1639
    1680
    1635
    1545
    1558
    1547
    1609
    1607
    1563
    1587
    1571
    1570
    1658
    1599
    1588
    1618
    1563
    1542
    1652
    1561
    1556
    1663
    1576
    1610
    1581
    1596
    1609
    1609
    1575
    1607
    1608
    1525
    1539
    1591
    1535
    1586
    1591
    1540
    1528
    1605
    1618
    1560
    1589
    1632
    1622
    1646
    1625
    1608
    1626
    1645
    1640
    1736
    1577
    1615
    1611
    1633
    1602
    1578
    1525
    1592
    1567
    1576
    1561
    1581
    1645
    1673
    1626
    1591
    1640
    1671
    1509
    1619
    1568
    1584
    1627
    1611
    1634
    1575
    1637
    1634
    1642
    1676
    1621
    1586
    1599
    1646
    1674
    1633
    1580
    1670
    1638
    1768
    1630
    1656
    1603
    1580
    1634
    1630
    1654
    1692
    1610
    1602
    1639
    1676
    1674
    1639
    1671
    1663
    1689
    1640
    1683
    1676
    1641
    1661
    1660
    1657
    1576
    1645
    1646
    1587
    1618
    1587
    1617
    1605
    1587
    1618
    1674
    1564
    1600
    1623
    1607
    1606
    1534
    1559
    1575
    1679
    1610
    1662
    1663
    1633
    1624
    1614
    1604
    1629
    1565
    1593
    1656
    1658
    1650
    1544
    1607
    1640
    1593
    1548
    1566
    1528
    1597
    1650
    1691
    1599
    1574
    1553
    1638
    1607
    1560
    1617
    1578
    1609
    1636
    1583
    1573
    1555
    1574
    1628
    1622
    1628
    1616
    1694
    1640
    1628
    1603
    1580
    1652
    1593
    1614
    1580
    1643
    1636
    1579
    1661
    1675
    1690
    1665
    1600
    1685
    1596
    1675
    1623
    1608
    1622
    1713
    1654
    1643
    1742
    1726
    1645
    1734
    1646
    1707
    1698
    1714
    1699
    1591
    1711
    1699
    1695
    1693
    1690
    1637
    1689
    1729
    1724
    1737
    1642
    1605
    1728
    1662
    1716
    1624
    1701
    1690
    1713
    1719
    1721
    1626
    1712
    1679
    1700
    1690
    1683
    1668
    1758
    1753
    1763
    1698
    1735
    1794
    1735
    1760
    1708
    1683
    1757
    1757
    1715
    1757
    1732
    1787
    1766
    1795
    1754
    1836
    1825
    1766
    1750
    1716
    1665
    1775
    1695
    1778
    1772
    1752
    1809
    1810
    1631
    1798
    1726
    1803
    1815
    1740
    1726
    1710
    1797
    1863
    1794
    1861
    1760
    1774
    1772
    1782
    1815
    1783
    1802
    1770
    1765
    1768
    1845
    1786
    1777
    1799
    1813
    1802
    1851
    1836
    1807
    1819
    1847
    1933
    1869
    1848
    1846
    1797
    1882
    1915
    1955
    1919
    1892
    1858
    1907
    1903
    1904
    2002
    1970
    1934
    1959
    1988
    1856
    1887
    1944
    1966
    1911
    1893
    1950
    1970
    1961
    2021
    2097
    1991
    1919
    1876
    2022
    1990
    2064
    2048
    1977
    1969
    2078
    1978
    2080
    2057
    2071
    1985
    2055
    2115
    2136
    2194
    2142
    2134
    2146
    2128
    2115
    2095
    2144
    2104
    2100
    2122
    2231
    2152
    2199
    2163
    2199
    2234
    2178
    2248
    2267
    2142
    2224
    2295
    2294
    2286
    2339
    2278
    2217
    2387
    2389
    2362
    2372
    2329
    2413
    2395
    2309
    2361
    2386
    2462
    2404
    2433
    2359
    2371
    2609
    2480
    2442
    2516
    2563
    2583
    2557
    2524
    2528
    2606
    2657
    2569
    2735
    2788
    2695
    2747
    2744
    2805
    2720
    2682
    2831
    2795
    2776
    2857
    2929
    2812
    2816
    2878
    2999
    2893
    2908
    2959
    2952
    2946
    2965
    3076
    3033
    3134
    3154
    3150
    3137
    3227
    3304
    3258
    3246
    3194
    3336
    3337
    3269
    3312
    3413
    3386
    3393
    3429
    3496
    3379
    3522
    3443
    3569
    3570
    3518
    3636
    3673
    3547
    3669
    3579
    3713
    3678
    3778
    3703
    3826
    3830
    3919
    3913
    3848
    3839
    3936
    4122
    3950
    4195
    4071
    4107
    4164
    4078
    4130
    4187
    4377
    4214
    4132
    4320
    4146
    4272
    4262
    4301
    4443
    4332
    4495
    4433
    4435
    4552
    4629
    4603
    4530
    4506
    4510
    4594
    4679
    4694
    4699
    4681
    4667
    4755
    4823
    4712
    4849
    4700
    4797
    4783
    4716
    4816
    4793
    4867
    4811
    4825
    4812
    4835
    4815
    4807
    4900
    4886
    4771
    4596
    4840
    4810
    4734
    4761
    4834
    4730
    4833
    4865
    4824
    4765
    4910
    4842
    4820
    4770
    4795
    4859
    4761
    4914
    4749
    4827
    4830
    4693
    4810
    4676
    4818
    4599
    4687
    4860
    4768
    4725
    4789
    4786
    4758
    4752
    4783
    4823
    4690
    4930
    4678
    4839
    4717
    4790
    4903
    4897
    4736
    4826
    4718
    4733
    4849
    4837
    4767
    4843
    4750
    4869
    4853
    4886
    4886
    5005
    4971
    4954
    4837
    5049
    4969
    5085
    5085
    5103
    5040
    5139
    5129
    5234
    5207
    5244
    5204
    5228
    5356
    5260
    5389
    5316
    5334
    5257
    5370
    5493
    5380
    5477
    5457
    5506
    5503
    5644
    5606
    5660
    5702
    5702
    5610
    5810
    5743
    5855
    5912
    6107
    6082
    5937
    6003
    6133
    6193
    6049
    6307
    6095
    6264
    6353
    6439
    6381
    6308
    6542
    6457
    6527
    6583
    6652
    6928
    6926
    6750
    6715
    6699
    7073
    6970
    7071
    7040
    7155
    7208
    7182
    7330
    7254
    7319
    7469
    7626
    7624
    7499
    7735
    7716
    7851
    7943
    7954
    8058
    8048
    8105
    8246
    8123
    8393
    8494
    8435
    8730
    8664
    8675
    8832
    8848
    8957
    9043
    9034
    9070
    9005
    9263
    9551
    9372
    9654
    9569
    9830
   10025
    9953
    9819
   10054
   10189
   10327
   10336
   10402
   10578
   10318
   10686
   10936
   11027
   10849
   11065
   11423
   11411
   11523
   11629
   11622
   11748
   11642
   11854
   11990
   12257
   12135
   12484
   12503
   12561
   12677
   12891
   13075
   13160
   13251
   13411
   13338
   13704
   13842
   13775
   13981
   13977
   14225
   14369
   14637
   14654
   14747
   15095
   15289
   15417
   15467
   15557
   15455
   15889
   16085
   16216
   16458
   16536
   16844
   16837
   16848
   17255
   17485
   17394
   17693
   18009
   17807
   18360
   18302
   18592
   18841
   18770
   19122
   19319
   19300
   20041
   19946
   20397
   20318
   20518
   20891
   20979
   21231
   21445
   21667
   21964
   22167
   22298
   22725
   23047
   23383
   23499
   23769
   23921
   24267
   24496
   24738
   24982
   25387
   25815
   25821
   26142
   26610
   26965
   26995
   27529
   27831
   28387
   28766
   28766
   29320
   29485
   30149
   30185
   30660
   31162
   31276
   32358
   32235
   32647
   33088
   33694
   34171
   34369
   34908
   35364
   35915
   36200
   36860
   37236
   37816
   38435
   38960
   39323
   40170
   40455
   41302
   41885
   42202
   43071
   43756
   44438
   44964
   45922
   46559
   47663
   47848
   48916
   49354
   50243
   50976
   51478
   52534
   53928
   54536
       0
       0
       0
       0
       0
       0
       0
       0
       0
       0
       0
       0
       0
       0
       0
       0
       0
       0
       0
       0
       0
       0
       0
       0
       0
       0
       0
       0
       0
       0
       0
       0
$ROI:
0
$PRESETS:
None
0
0
$ENER_FIT:
-0.169488 0.023446
$MCA_CAL:
3
-1.694878E-001 2.344633E-002 0.000000E+000 keV
$SHAPE_CAL:
3
0.000000E+000 0.000000E+000 0.000000E+000
