$SPEC_ID:
No sample description was entered.
$SPEC_REM:
DET# 4
DETDESC# JLAB-20 MCB 131
AP# Maestro Version 7.01
$DATE_MEA:
09/29/2025 17:56:44
$MEAS_TIM:
21551 22078
$DATA:
0 2047
       0
       0
       0
       0
       0
       0
       0
       0
       0
       0
       0
       0
       0
       0
       0
       0
       0
       0
       0
       0
       0
       0
       0
       0
       0
       0
       0
       0
       0
       0
       0
       0
       0
       0
       0
       0
       0
       0
       0
       0
       0
       0
       0
       0
       0
       0
       0
       0
       0
       0
       0
       0
       0
       0
       0
       0
       0
       0
       0
       0
       0
       0
       0
       0
       0
       0
       0
       0
       0
      52
    2354
    2440
    2366
    2157
    2263
    2138
    2075
    1949
    2024
    2011
    1923
    2042
    1902
    1883
    1866
    1877
    1852
    1877
    1880
    1842
    1795
    1762
    1714
    1684
    1662
    1687
    1654
    1697
    1670
    1698
    1642
    1653
    1621
    1659
    1561
    1590
    1601
    1582
    1535
    1482
    1508
    1526
    1569
    1503
    1464
    1494
    1476
    1452
    1418
    1457
    1386
    1385
    1422
    1438
    1430
    1435
    1439
    1427
    1376
    1386
    1338
    1396
    1381
    1383
    1291
    1385
    1360
    1377
    1341
    1287
    1309
    1269
    1295
    1317
    1297
    1259
    1302
    1331
    1283
    1320
    1247
    1289
    1267
    1235
    1218
    1220
    1199
    1282
    1230
    1180
    1248
    1192
    1188
    1179
    1207
    1162
    1203
    1226
    1212
    1239
    1191
    1166
    1217
    1127
    1174
    1156
    1208
    1134
    1155
    1215
    1113
    1138
    1177
    1125
    1144
    1134
    1100
    1144
    1114
    1120
    1132
    1123
    1087
    1168
    1141
    1137
    1078
    1103
    1076
    1116
    1062
    1167
    1126
    1134
    1037
    1079
    1076
    1091
    1076
    1080
    1077
    1079
    1046
    1053
    1069
    1062
    1037
    1079
    1077
    1080
    1077
    1079
    1077
    1069
    1076
    1148
    1078
    1093
    1050
    1053
    1070
    1040
    1063
    1148
    1072
    1073
    1046
    1064
    1027
    1037
    1090
    1033
    1070
    1020
    1042
    1057
    1016
    1031
    1037
    1008
    1083
    1030
    1049
    1091
    1062
    1052
    1084
    1140
    1082
    1073
    1056
    1058
    1152
    1107
    1071
    1073
    1103
    1114
    1077
    1060
    1098
    1074
    1092
    1116
    1142
    1083
    1119
    1076
    1062
    1133
    1066
    1131
    1144
    1120
    1089
    1057
    1152
    1144
    1115
    1084
    1162
    1095
    1191
    1174
    1145
    1163
    1133
    1080
    1145
    1250
    1166
    1182
    1255
    1213
    1330
    1321
    1337
    1429
    1557
    1666
    1824
    1943
    2197
    2363
    2596
    2969
    3325
    3597
    4096
    4519
    5043
    5706
    6171
    6847
    7648
    8197
    8966
    9778
   10189
   11207
   11907
   12615
   13168
   13640
   14268
   14982
   15129
   15502
   15874
   16404
   16546
   16843
   17077
   16991
   16926
   17076
   17283
   17150
   17123
   16913
   16643
   16648
   16528
   16070
   16015
   15667
   15400
   15303
   14867
   14658
   14326
   14045
   13635
   13316
   13112
   12527
   12188
   11797
   11411
   10963
   10346
   10056
    9719
    9297
    8925
    8692
    8117
    7838
    7375
    7120
    6910
    6555
    6073
    6052
    5743
    5570
    5429
    5085
    4827
    4816
    4685
    4374
    4358
    4223
    4211
    3777
    3872
    3694
    3492
    3422
    3271
    3044
    3048
    2804
    2645
    2566
    2426
    2329
    2265
    2069
    1904
    1861
    1653
    1656
    1498
    1410
    1320
    1229
    1197
    1044
    1032
     954
     932
     903
     887
     864
     753
     773
     782
     779
     796
     758
     735
     757
     707
     727
     662
     740
     703
     721
     686
     702
     765
     722
     707
     740
     714
     761
     655
     734
     659
     700
     687
     727
     711
     686
     716
     702
     718
     716
     708
     649
     703
     679
     621
     680
     716
     655
     650
     643
     666
     668
     691
     689
     632
     705
     667
     601
     675
     615
     644
     670
     682
     654
     637
     653
     651
     660
     605
     649
     612
     631
     606
     619
     593
     600
     593
     647
     623
     644
     663
     596
     646
     647
     636
     679
     655
     581
     601
     632
     620
     605
     643
     601
     609
     615
     641
     629
     594
     581
     650
     682
     606
     606
     608
     600
     632
     561
     618
     628
     606
     610
     614
     645
     642
     683
     610
     643
     623
     624
     648
     621
     578
     621
     637
     645
     571
     648
     655
     615
     630
     565
     641
     598
     597
     609
     583
     618
     586
     605
     575
     575
     620
     608
     553
     561
     548
     569
     588
     557
     578
     564
     591
     566
     563
     533
     577
     572
     545
     523
     559
     589
     559
     551
     557
     569
     558
     563
     522
     530
     542
     544
     529
     492
     542
     507
     504
     525
     534
     538
     507
     529
     541
     554
     573
     547
     541
     530
     490
     472
     537
     537
     542
     543
     579
     520
     507
     570
     536
     587
     522
     501
     526
     531
     557
     508
     510
     520
     535
     510
     531
     515
     570
     524
     553
     541
     523
     531
     524
     560
     551
     512
     506
     527
     541
     559
     541
     538
     543
     544
     540
     476
     532
     522
     530
     548
     539
     549
     510
     510
     493
     523
     534
     536
     504
     520
     494
     462
     506
     513
     518
     492
     481
     504
     506
     521
     509
     504
     524
     492
     516
     483
     487
     493
     496
     514
     520
     505
     473
     522
     498
     532
     516
     499
     507
     513
     492
     469
     479
     519
     478
     529
     534
     507
     535
     495
     509
     504
     484
     484
     504
     485
     492
     488
     509
     485
     468
     500
     509
     480
     517
     487
     496
     495
     503
     503
     480
     508
     501
     496
     491
     477
     455
     482
     499
     487
     524
     513
     478
     438
     512
     470
     476
     480
     499
     476
     487
     504
     468
     466
     486
     532
     476
     487
     473
     484
     506
     476
     516
     511
     471
     487
     491
     508
     466
     475
     436
     485
     488
     482
     497
     470
     467
     497
     469
     449
     440
     483
     473
     456
     479
     441
     413
     459
     459
     425
     468
     454
     465
     484
     448
     491
     495
     468
     479
     487
     502
     419
     489
     469
     479
     449
     463
     450
     474
     462
     482
     473
     434
     420
     459
     459
     459
     475
     451
     469
     474
     458
     426
     474
     461
     437
     428
     462
     428
     421
     490
     434
     422
     463
     440
     437
     459
     488
     472
     468
     424
     470
     490
     419
     400
     440
     449
     442
     482
     416
     517
     466
     439
     442
     473
     463
     476
     451
     431
     429
     458
     474
     465
     406
     457
     443
     482
     475
     447
     446
     458
     434
     432
     446
     428
     424
     458
     455
     454
     448
     443
     413
     436
     400
     458
     427
     438
     444
     470
     437
     421
     439
     427
     438
     418
     462
     460
     426
     442
     438
     441
     424
     428
     434
     446
     440
     430
     422
     417
     427
     432
     430
     411
     425
     468
     420
     454
     453
     439
     427
     488
     411
     423
     429
     406
     444
     452
     422
     425
     448
     452
     444
     420
     464
     489
     462
     452
     447
     471
     429
     443
     454
     444
     473
     459
     444
     438
     505
     449
     402
     425
     462
     430
     462
     493
     406
     460
     423
     469
     434
     447
     447
     416
     462
     453
     417
     415
     424
     494
     471
     433
     436
     414
     420
     451
     456
     407
     466
     434
     426
     438
     458
     445
     437
     399
     428
     402
     441
     441
     394
     402
     415
     445
     452
     434
     437
     413
     422
     408
     459
     442
     438
     429
     413
     410
     435
     435
     408
     422
     405
     447
     423
     430
     443
     439
     449
     451
     439
     460
     444
     442
     453
     446
     452
     412
     428
     442
     447
     412
     450
     435
     455
     427
     418
     443
     432
     453
     451
     469
     424
     418
     477
     444
     442
     449
     424
     445
     460
     450
     464
     434
     430
     450
     434
     432
     446
     445
     431
     442
     406
     500
     447
     440
     434
     465
     454
     462
     436
     445
     468
     449
     462
     453
     408
     445
     405
     450
     458
     453
     405
     433
     435
     443
     437
     424
     399
     428
     460
     434
     423
     422
     434
     420
     411
     383
     443
     400
     399
     459
     425
     459
     443
     445
     427
     419
     437
     448
     420
     390
     449
     501
     417
     465
     485
     443
     440
     438
     439
     447
     442
     448
     464
     462
     481
     476
     476
     533
     441
     499
     496
     435
     457
     427
     457
     427
     474
     480
     442
     464
     483
     505
     459
     478
     446
     503
     465
     440
     452
     464
     451
     455
     453
     417
     435
     480
     411
     418
     464
     440
     423
     374
     403
     418
     439
     432
     430
     387
     426
     406
     407
     450
     389
     388
     405
     441
     402
     338
     377
     365
     406
     389
     347
     373
     382
     375
     420
     375
     375
     366
     400
     341
     420
     365
     378
     409
     359
     403
     383
     393
     371
     399
     362
     391
     400
     367
     366
     413
     347
     399
     415
     380
     364
     383
     396
     406
     382
     377
     419
     383
     378
     374
     382
     402
     393
     448
     371
     411
     396
     404
     397
     375
     361
     380
     381
     352
     373
     391
     380
     429
     378
     394
     393
     379
     365
     406
     356
     371
     384
     383
     415
     383
     373
     404
     424
     423
     401
     386
     367
     404
     399
     432
     375
     408
     402
     428
     371
     431
     405
     370
     397
     396
     402
     428
     433
     373
     431
     400
     448
     370
     390
     378
     423
     407
     428
     395
     399
     410
     403
     369
     385
     405
     396
     389
     402
     395
     363
     404
     366
     380
     433
     358
     372
     393
     377
     361
     360
     407
     386
     412
     430
     370
     425
     433
     387
     406
     394
     418
     401
     365
     418
     397
     417
     394
     386
     364
     389
     373
     382
     384
     380
     379
     391
     375
     374
     360
     412
     410
     380
     374
     389
     417
     408
     384
     383
     395
     389
     394
     387
     420
     401
     423
     370
     433
     389
     377
     418
     386
     403
     354
     384
     417
     418
     399
     396
     407
     422
     434
     424
     403
     394
     388
     388
     395
     425
     393
     368
     425
     408
     406
     425
     396
     400
     433
     424
     405
     379
     424
     442
     406
     414
     420
     406
     421
     405
     451
     403
     395
     429
     415
     413
     416
     435
     397
     408
     409
     424
     421
     408
     407
     446
     362
     443
     430
     392
     412
     439
     417
     388
     418
     441
     407
     428
     426
     425
     440
     445
     414
     394
     421
     428
     433
     441
     426
     451
     441
     441
     412
     439
     408
     400
     406
     420
     430
     467
     447
     450
     392
     445
     433
     414
     432
     428
     406
     414
     451
     454
     439
     460
     435
     411
     420
     424
     459
     419
     446
     443
     463
     418
     447
     451
     426
     435
     444
     474
     448
     483
     441
     422
     457
     478
     473
     457
     461
     470
     428
     474
     494
     498
     484
     486
     480
     432
     452
     475
     498
     446
     477
     506
     461
     450
     478
     473
     458
     468
     478
     487
     502
     470
     482
     484
     450
     452
     514
     474
     513
     489
     471
     526
     541
     466
     504
     441
     474
     503
     483
     512
     495
     528
     506
     501
     539
     516
     506
     502
     510
     513
     511
     517
     559
     523
     513
     511
     539
     556
     530
     563
     594
     512
     532
     558
     593
     540
     592
     555
     536
     583
     602
     577
     554
     590
     576
     602
     583
     592
     589
     653
     590
     614
     555
     565
     654
     593
     641
     624
     628
     630
     640
     626
     655
     603
     647
     627
     731
     693
     650
     659
     677
     663
     614
     659
     673
     687
     671
     690
     714
     668
     707
     691
     760
     699
     680
     718
     693
     730
     731
     745
     724
     779
     786
     771
     767
     839
     826
     829
     804
     791
     801
     758
     811
     804
     850
     820
     843
     838
     852
     811
     902
     825
     942
     881
     847
     894
     903
     840
     902
     835
     913
     927
     901
     877
     960
     915
    1010
     975
     950
     928
     968
    1003
     968
    1024
    1005
    1030
    1013
     980
     972
    1002
    1086
    1061
    1001
    1039
    1007
     993
    1066
    1043
    1006
    1043
    1103
    1141
    1073
    1156
    1105
    1118
    1147
    1115
    1084
    1154
    1139
    1146
    1182
    1159
    1112
    1123
    1180
    1142
    1173
    1144
    1162
    1161
    1177
    1166
    1158
    1174
    1206
    1170
    1170
    1200
    1150
    1149
    1208
    1169
    1204
    1115
    1209
    1247
    1173
    1139
    1175
    1137
    1228
    1182
    1195
    1217
    1204
    1178
    1195
    1158
    1178
    1224
    1189
    1216
    1192
    1197
    1145
    1100
    1128
    1079
    1114
    1171
    1136
    1154
    1196
    1108
    1166
    1225
    1145
    1140
    1186
    1131
    1105
    1176
    1228
    1183
    1169
    1193
    1170
    1191
    1168
    1098
    1128
    1149
    1216
    1130
    1148
    1171
    1147
    1191
    1211
    1192
    1189
    1200
    1249
    1189
    1215
    1196
    1192
    1220
    1258
    1298
    1241
    1266
    1252
    1355
    1235
    1333
    1275
    1272
    1313
    1318
    1282
    1340
    1291
    1222
    1244
    1364
    1351
    1248
    1320
    1343
    1328
    1381
    1365
    1340
    1386
    1395
    1379
    1398
    1383
    1436
    1428
    1526
    1459
    1456
    1493
    1528
    1516
    1477
    1498
    1427
    1525
    1549
    1519
    1581
    1512
    1591
    1558
    1623
    1567
    1576
    1695
    1708
    1642
    1709
    1644
    1704
    1718
    1740
    1694
    1773
    1755
    1711
    1760
    1802
    1794
    1867
    1882
    1826
    1796
    1886
    1842
    1864
    1958
    1917
    1894
    2000
    1957
    2016
    1965
    2021
    2088
    2077
    2100
    2102
    2144
    2143
    2102
    2196
    2224
    2215
    2226
    2106
    2270
    2351
    2250
    2358
    2408
    2403
    2480
    2411
    2401
    2419
    2422
    2555
    2491
    2617
    2562
    2462
    2549
    2654
    2655
    2703
    2746
    2760
    2747
    2834
    2838
    2728
    2901
    2779
    2852
    2990
    3029
    2903
    2969
    3089
    2971
    3088
    3195
    3140
    3193
    3270
    3264
    3302
    3280
    3445
    3294
    3386
    3442
    3444
    3475
    3487
    3576
    3603
    3715
    3726
    3747
    3769
    3838
    3798
    3859
    3856
    4017
    3917
    4066
    4075
    4048
    4082
    4192
    4234
    4261
    4250
    4408
    4471
    4343
    4545
    4641
    4536
    4631
    4744
    4847
    4657
    4851
    4909
    4957
    5040
    4948
    5075
    5065
    5194
    5186
    5268
    5367
    5252
    5563
    5474
    5595
    5609
    5839
    5702
    5814
    5860
    5951
    5861
    6173
    6179
    6119
    6243
    6230
    6338
    6576
    6583
    6684
    6665
    6980
    6989
    7071
    7144
    7100
    7482
    7294
    7538
    7739
    7729
    7901
    7905
    7995
    8063
    8207
    8169
    8309
    8496
    8595
    8777
    8815
    9032
    9174
    9156
    9391
    9465
    9525
    9703
    9689
   10111
   10358
   10269
   10301
   10780
   10795
   11007
   11168
   11563
   11592
   11558
   11982
   11995
   12269
   12441
   12476
   12737
   13128
   13293
       0
       0
       0
       0
       0
       0
       0
       0
       0
       0
       0
       0
       0
       0
       0
       0
       0
       0
       0
       0
       0
       0
       0
       0
       0
       0
       0
       0
       0
       0
       0
       0
$ROI:
0
$PRESETS:
None
0
0
$ENER_FIT:
-0.169488 0.023446
$MCA_CAL:
3
-1.694878E-001 2.344633E-002 0.000000E+000 keV
$SHAPE_CAL:
3
0.000000E+000 0.000000E+000 0.000000E+000
