$SPEC_ID:
No sample description was entered.
$SPEC_REM:
DET# 4
DETDESC# JLAB-20 MCB 131
AP# Maestro Version 7.01
$DATE_MEA:
09/30/2025 22:06:44
$MEAS_TIM:
120562 123479
$DATA:
0 2047
       0
       0
       0
       0
       0
       0
       0
       0
       0
       0
       0
       0
       0
       0
       0
       0
       0
       0
       0
       0
       0
       0
       0
       0
       0
       0
       0
       0
       0
       0
       0
       0
       0
       0
       0
       0
       0
       0
       0
       0
       0
       0
       0
       0
       0
       0
       0
       0
       0
       0
       0
       1
       2
       0
       1
       1
       0
       1
       0
       0
       0
       0
       0
       1
       0
       1
       1
       1
       0
     464
   13614
   13761
   12973
   12527
   12374
   11871
   11655
   11579
   11376
   11278
   11064
   11042
   10926
   10844
   10730
   10612
   10403
   10189
   10171
   10356
   10156
    9763
    9898
    9736
    9664
    9532
    9537
    9620
    9416
    9436
    9333
    9264
    9164
    9300
    8991
    8857
    8906
    8864
    8806
    8658
    8603
    8616
    8680
    8587
    8378
    8474
    8288
    8289
    8234
    8024
    8106
    8033
    8073
    7978
    7897
    7867
    8032
    7860
    7772
    7590
    7815
    7697
    7426
    7531
    7430
    7545
    7485
    7572
    7333
    7311
    7369
    7289
    7157
    7194
    7144
    7159
    7197
    7344
    7104
    7279
    7001
    7171
    6917
    7072
    6910
    6850
    6904
    6921
    6909
    6810
    6869
    6664
    6736
    6673
    6776
    6650
    6707
    6733
    6586
    6653
    6535
    6494
    6562
    6452
    6622
    6537
    6480
    6481
    6524
    6443
    6357
    6390
    6480
    6381
    6311
    6412
    6290
    6335
    6347
    6288
    6255
    6285
    6151
    6321
    6417
    6195
    6294
    6139
    6180
    6286
    6134
    6178
    6191
    6206
    6027
    5971
    6012
    6057
    5999
    6040
    6050
    6087
    6111
    5999
    6169
    6001
    6027
    6079
    6013
    6086
    6180
    6060
    6051
    6184
    6050
    6027
    5958
    5976
    6049
    5980
    5988
    5960
    5956
    6038
    6053
    5951
    5911
    6008
    5907
    5920
    5924
    5926
    5977
    5820
    5992
    5979
    5885
    5899
    6058
    5911
    5956
    5924
    5959
    5993
    5973
    6010
    6019
    6114
    6052
    6052
    5976
    5874
    6082
    6112
    6122
    6082
    6039
    6190
    6229
    6158
    6069
    6072
    6141
    6140
    6167
    6079
    6219
    6173
    6117
    6158
    6111
    6155
    6311
    6319
    6206
    6144
    6228
    6198
    6278
    6229
    6266
    6171
    6229
    6305
    6209
    6337
    6341
    6363
    6436
    6529
    6596
    6777
    6819
    6987
    7254
    7425
    7663
    8296
    8715
    9420
   10098
   10923
   12121
   13284
   14746
   16414
   18545
   20752
   23054
   25684
   28770
   32085
   35233
   38813
   43167
   46959
   50827
   54786
   58248
   62572
   66414
   70212
   73908
   77020
   80308
   83203
   85017
   88033
   89209
   91131
   92021
   93403
   94584
   95490
   95108
   95516
   95419
   95329
   94787
   94240
   93324
   92591
   91639
   90516
   89580
   88243
   86546
   85343
   83385
   81756
   80201
   78280
   76488
   74781
   72237
   69895
   67895
   66197
   63455
   61250
   58701
   56850
   54777
   52403
   50279
   47865
   45736
   43501
   41595
   39834
   37904
   36456
   34384
   33172
   31695
   30727
   29638
   28489
   27369
   26971
   26027
   24967
   24374
   23416
   22773
   21840
   21246
   20469
   19584
   18891
   18267
   17500
   16839
   15801
   15053
   14250
   13736
   12881
   12301
   11416
   10720
   10170
    9369
    8990
    8248
    7730
    7313
    6916
    6564
    5965
    5770
    5324
    5150
    4982
    4923
    4741
    4432
    4296
    4270
    4189
    4156
    4106
    4123
    4181
    4067
    4103
    3970
    4125
    4059
    4030
    3944
    4091
    4026
    4121
    3990
    4042
    4091
    4148
    3825
    4043
    3998
    4090
    4040
    3896
    3943
    3840
    3922
    3909
    3957
    3987
    3775
    3894
    3880
    3838
    3760
    3849
    3845
    3731
    3724
    3728
    3750
    3764
    3767
    3717
    3716
    3704
    3607
    3633
    3717
    3609
    3634
    3519
    3721
    3648
    3591
    3564
    3594
    3666
    3478
    3631
    3595
    3450
    3514
    3557
    3404
    3475
    3466
    3531
    3489
    3426
    3522
    3532
    3519
    3436
    3485
    3606
    3427
    3413
    3397
    3427
    3459
    3404
    3527
    3522
    3478
    3454
    3511
    3422
    3337
    3368
    3526
    3540
    3536
    3422
    3496
    3490
    3480
    3433
    3429
    3504
    3517
    3429
    3595
    3552
    3419
    3549
    3473
    3456
    3457
    3425
    3472
    3470
    3444
    3362
    3507
    3476
    3363
    3462
    3439
    3435
    3477
    3464
    3437
    3403
    3385
    3339
    3292
    3343
    3353
    3314
    3177
    3309
    3239
    3292
    3190
    3259
    3181
    3126
    3226
    3211
    3213
    3101
    3173
    3172
    3138
    3150
    3228
    3142
    3183
    3216
    3159
    3110
    3103
    3087
    3029
    3068
    3116
    3032
    2991
    2958
    3038
    2995
    2966
    3091
    3015
    2957
    2989
    2921
    3007
    3013
    3007
    3040
    2982
    3015
    3058
    3048
    2956
    2991
    2903
    2931
    2957
    2972
    2954
    2930
    2990
    2968
    2906
    3041
    3041
    3028
    2993
    3013
    2909
    3017
    2997
    2994
    2980
    2963
    3029
    2940
    2954
    2922
    2912
    3061
    3021
    2931
    2956
    3075
    2934
    2984
    3026
    2963
    2905
    2873
    2961
    2965
    2994
    2939
    2998
    2836
    2970
    2922
    2936
    2846
    2856
    2922
    2929
    2856
    2897
    2886
    2833
    2912
    2895
    2919
    2894
    2813
    2855
    2836
    2863
    2857
    2881
    2807
    2885
    2885
    2888
    2864
    2782
    2814
    2833
    2972
    2793
    2766
    2861
    2819
    2885
    2729
    2876
    2726
    2794
    2886
    2761
    2749
    2795
    2863
    2851
    2906
    2805
    2856
    2751
    2832
    2758
    2846
    2849
    2741
    2797
    2714
    2841
    2728
    2794
    2866
    2857
    2830
    2715
    2758
    2746
    2779
    2805
    2834
    2862
    2780
    2793
    2786
    2791
    2806
    2829
    2810
    2674
    2801
    2785
    2678
    2763
    2732
    2661
    2649
    2783
    2701
    2712
    2664
    2723
    2717
    2656
    2695
    2762
    2740
    2817
    2735
    2726
    2780
    2671
    2681
    2649
    2733
    2687
    2759
    2716
    2685
    2707
    2617
    2644
    2652
    2718
    2639
    2740
    2770
    2669
    2613
    2643
    2606
    2630
    2667
    2579
    2658
    2648
    2623
    2609
    2618
    2587
    2675
    2680
    2626
    2626
    2580
    2564
    2613
    2546
    2524
    2593
    2544
    2627
    2585
    2645
    2492
    2672
    2530
    2691
    2580
    2666
    2548
    2643
    2586
    2536
    2508
    2540
    2543
    2574
    2591
    2621
    2557
    2534
    2489
    2557
    2501
    2596
    2608
    2569
    2662
    2494
    2612
    2493
    2520
    2591
    2469
    2519
    2513
    2526
    2497
    2527
    2493
    2436
    2507
    2553
    2522
    2513
    2565
    2511
    2498
    2563
    2509
    2499
    2476
    2442
    2500
    2555
    2545
    2611
    2505
    2554
    2538
    2542
    2490
    2508
    2506
    2498
    2464
    2517
    2386
    2492
    2538
    2571
    2417
    2538
    2484
    2480
    2513
    2380
    2450
    2496
    2459
    2506
    2550
    2497
    2406
    2411
    2505
    2476
    2513
    2497
    2544
    2502
    2461
    2465
    2568
    2436
    2459
    2452
    2481
    2505
    2448
    2439
    2380
    2419
    2416
    2516
    2497
    2495
    2428
    2391
    2450
    2414
    2435
    2426
    2415
    2436
    2456
    2434
    2384
    2424
    2494
    2382
    2472
    2381
    2373
    2493
    2512
    2421
    2457
    2482
    2374
    2415
    2410
    2407
    2549
    2398
    2407
    2368
    2425
    2440
    2478
    2529
    2517
    2579
    2563
    2475
    2482
    2598
    2516
    2477
    2478
    2528
    2462
    2484
    2530
    2497
    2458
    2471
    2454
    2506
    2443
    2485
    2505
    2578
    2388
    2561
    2433
    2500
    2463
    2455
    2385
    2435
    2396
    2426
    2361
    2383
    2459
    2438
    2457
    2401
    2521
    2463
    2414
    2514
    2461
    2341
    2351
    2382
    2352
    2392
    2448
    2402
    2377
    2351
    2405
    2405
    2427
    2478
    2356
    2307
    2368
    2368
    2467
    2396
    2351
    2358
    2358
    2318
    2372
    2426
    2441
    2295
    2333
    2352
    2432
    2398
    2323
    2421
    2387
    2448
    2354
    2432
    2413
    2461
    2488
    2439
    2421
    2546
    2450
    2433
    2492
    2420
    2453
    2462
    2546
    2457
    2471
    2498
    2490
    2464
    2548
    2430
    2446
    2528
    2442
    2496
    2523
    2524
    2479
    2470
    2541
    2471
    2519
    2522
    2466
    2500
    2633
    2550
    2506
    2477
    2392
    2428
    2434
    2430
    2563
    2426
    2417
    2414
    2512
    2483
    2434
    2500
    2528
    2456
    2493
    2458
    2458
    2481
    2427
    2457
    2490
    2473
    2405
    2402
    2435
    2487
    2441
    2488
    2446
    2449
    2377
    2456
    2341
    2377
    2411
    2361
    2410
    2355
    2405
    2316
    2408
    2413
    2348
    2247
    2349
    2363
    2258
    2309
    2343
    2455
    2406
    2358
    2391
    2420
    2407
    2472
    2434
    2406
    2454
    2474
    2421
    2514
    2510
    2470
    2530
    2617
    2602
    2617
    2617
    2639
    2624
    2651
    2670
    2625
    2732
    2774
    2585
    2706
    2758
    2634
    2713
    2613
    2760
    2715
    2646
    2703
    2615
    2599
    2725
    2684
    2622
    2592
    2562
    2684
    2512
    2470
    2585
    2476
    2497
    2553
    2526
    2461
    2424
    2503
    2392
    2360
    2425
    2456
    2357
    2245
    2259
    2235
    2323
    2338
    2258
    2185
    2310
    2237
    2256
    2281
    2146
    2111
    2171
    2280
    2188
    2085
    2138
    2128
    2197
    2219
    2106
    2145
    2177
    2157
    2212
    2138
    2164
    2183
    2125
    2118
    2215
    2120
    2159
    2209
    2128
    2196
    2183
    2189
    2188
    2177
    2166
    2175
    2189
    2106
    2121
    2176
    2153
    2177
    2152
    2109
    2064
    2168
    2241
    2184
    2152
    2232
    2220
    2236
    2190
    2184
    2195
    2173
    2210
    2339
    2152
    2210
    2159
    2218
    2225
    2151
    2089
    2182
    2186
    2172
    2175
    2152
    2227
    2245
    2233
    2170
    2258
    2250
    2058
    2211
    2160
    2174
    2193
    2242
    2249
    2178
    2230
    2208
    2228
    2310
    2215
    2202
    2192
    2259
    2259
    2218
    2150
    2240
    2222
    2359
    2221
    2220
    2263
    2166
    2223
    2228
    2293
    2313
    2223
    2207
    2199
    2269
    2333
    2223
    2297
    2287
    2289
    2261
    2265
    2306
    2285
    2262
    2227
    2217
    2181
    2286
    2264
    2181
    2251
    2166
    2200
    2188
    2231
    2186
    2283
    2186
    2178
    2228
    2205
    2227
    2110
    2151
    2165
    2336
    2189
    2244
    2254
    2221
    2239
    2196
    2203
    2220
    2149
    2182
    2266
    2244
    2186
    2139
    2189
    2222
    2195
    2134
    2085
    2142
    2185
    2219
    2264
    2215
    2166
    2163
    2234
    2200
    2112
    2190
    2137
    2172
    2220
    2176
    2152
    2192
    2117
    2222
    2149
    2165
    2206
    2285
    2222
    2212
    2207
    2185
    2223
    2186
    2261
    2156
    2160
    2258
    2168
    2272
    2294
    2270
    2284
    2217
    2281
    2189
    2278
    2200
    2219
    2217
    2286
    2266
    2249
    2329
    2311
    2237
    2303
    2245
    2295
    2300
    2331
    2302
    2215
    2302
    2278
    2301
    2289
    2281
    2253
    2249
    2328
    2340
    2345
    2236
    2184
    2344
    2293
    2335
    2273
    2318
    2286
    2323
    2351
    2350
    2240
    2338
    2276
    2331
    2349
    2302
    2294
    2377
    2372
    2378
    2366
    2363
    2436
    2394
    2379
    2338
    2298
    2390
    2378
    2343
    2371
    2382
    2369
    2415
    2389
    2368
    2491
    2459
    2437
    2411
    2305
    2336
    2403
    2384
    2434
    2399
    2374
    2451
    2440
    2272
    2425
    2397
    2397
    2486
    2344
    2365
    2419
    2425
    2485
    2407
    2520
    2388
    2406
    2416
    2431
    2465
    2436
    2469
    2449
    2415
    2406
    2529
    2474
    2461
    2430
    2501
    2473
    2505
    2489
    2453
    2545
    2492
    2601
    2540
    2538
    2443
    2453
    2537
    2589
    2661
    2611
    2582
    2579
    2551
    2625
    2598
    2668
    2604
    2590
    2612
    2717
    2558
    2631
    2667
    2657
    2637
    2615
    2651
    2720
    2666
    2747
    2819
    2703
    2662
    2649
    2710
    2683
    2797
    2771
    2690
    2713
    2879
    2746
    2840
    2754
    2842
    2738
    2759
    2897
    2850
    3006
    2908
    2907
    2955
    2932
    2937
    2863
    2968
    2885
    2882
    2859
    3026
    2939
    3033
    2940
    2926
    3030
    3025
    3054
    3074
    2983
    3046
    3107
    3106
    3143
    3210
    3165
    3067
    3269
    3240
    3207
    3228
    3145
    3247
    3277
    3178
    3247
    3230
    3324
    3271
    3307
    3272
    3255
    3569
    3352
    3397
    3432
    3477
    3518
    3582
    3470
    3484
    3597
    3594
    3536
    3653
    3737
    3675
    3670
    3720
    3834
    3695
    3657
    3871
    3822
    3780
    3912
    3963
    3832
    3797
    3915
    4086
    3972
    3961
    4024
    4056
    4081
    4026
    4183
    4160
    4212
    4287
    4294
    4277
    4362
    4472
    4444
    4404
    4419
    4586
    4514
    4524
    4545
    4679
    4653
    4644
    4633
    4721
    4622
    4776
    4706
    4821
    4851
    4845
    4950
    4995
    4876
    4956
    4883
    5118
    5012
    5170
    5119
    5263
    5234
    5297
    5245
    5276
    5256
    5371
    5507
    5407
    5554
    5561
    5617
    5628
    5555
    5660
    5767
    5958
    5750
    5672
    5875
    5739
    5772
    5871
    5922
    6001
    5912
    6088
    6064
    6114
    6173
    6264
    6246
    6195
    6242
    6154
    6251
    6343
    6419
    6441
    6395
    6359
    6450
    6491
    6387
    6569
    6366
    6502
    6470
    6454
    6599
    6494
    6596
    6556
    6584
    6584
    6536
    6568
    6551
    6648
    6669
    6540
    6336
    6613
    6593
    6485
    6549
    6647
    6436
    6571
    6570
    6577
    6507
    6672
    6671
    6527
    6540
    6541
    6558
    6526
    6647
    6425
    6542
    6647
    6406
    6565
    6339
    6588
    6289
    6492
    6571
    6524
    6483
    6479
    6583
    6596
    6547
    6538
    6490
    6450
    6640
    6416
    6632
    6415
    6599
    6649
    6697
    6451
    6540
    6431
    6505
    6497
    6589
    6589
    6595
    6612
    6622
    6679
    6715
    6698
    6845
    6765
    6760
    6620
    6859
    6795
    6951
    6915
    6848
    6876
    6979
    6989
    7058
    7053
    7150
    7085
    7146
    7258
    7231
    7323
    7242
    7266
    7189
    7337
    7421
    7438
    7481
    7523
    7400
    7534
    7744
    7750
    7725
    7657
    7841
    7708
    7924
    7897
    7975
    8100
    8237
    8233
    8112
    8200
    8343
    8397
    8320
    8511
    8366
    8517
    8756
    8787
    8714
    8718
    8847
    8846
    8916
    9026
    9122
    9360
    9405
    9261
    9246
    9163
    9659
    9542
    9649
    9595
    9701
    9836
    9813
    9959
    9887
    9949
   10157
   10369
   10339
   10168
   10480
   10513
   10728
   10908
   10896
   11008
   11052
   11092
   11187
   11150
   11364
   11577
   11525
   11945
   11875
   11784
   11955
   12109
   12270
   12327
   12461
   12359
   12424
   12577
   13029
   12730
   13237
   13127
   13282
   13687
   13485
   13550
   13627
   13857
   14121
   14072
   14199
   14495
   14182
   14629
   14902
   15019
   14904
   15181
   15475
   15460
   15755
   15838
   15728
   15957
   15959
   16190
   16326
   16763
   16574
   16975
   17078
   17233
   17325
   17658
   17798
   17915
   18117
   18323
   18206
   18860
   18873
   18745
   19043
   19121
   19417
   19549
   19957
   20093
   20108
   20473
   20835
   20917
   21145
   21151
   21179
   21775
   21890
   22134
   22317
   22546
   22893
   22928
   23090
   23499
   23772
   23750
   24307
   24401
   24334
   25011
   24891
   25307
   25670
   25658
   25978
   26292
   26192
   27207
   27252
   27685
   27736
   27916
   28525
   28540
   28932
   29394
   29582
   29775
   30135
   30424
   31018
   31550
   31926
   32103
   32388
   32570
   33103
   33570
   33623
   34057
   34518
   35110
   35154
   35786
   36278
   36707
   36993
   37655
   38029
   38825
   39088
   39286
   39749
   40236
   41001
   41143
   42053
   42554
   42761
   43915
   44043
   44350
   45067
   45676
   46627
   47001
   47653
   48153
   48828
   49320
   50157
   50813
   51335
   52332
   53073
   53727
   54749
   55255
   56356
   57197
   57741
   58554
   59633
   60636
   61236
   62570
   63319
   64998
   65106
   66669
   67259
   68655
   69769
   70123
   71899
   73486
   74283
       0
       0
       0
       0
       0
       0
       0
       0
       0
       0
       0
       0
       0
       0
       0
       0
       0
       0
       0
       0
       0
       0
       0
       0
       0
       0
       0
       0
       0
       0
       0
       0
$ROI:
0
$PRESETS:
None
0
0
$ENER_FIT:
-0.169488 0.023446
$MCA_CAL:
3
-1.694878E-001 2.344633E-002 0.000000E+000 keV
$SHAPE_CAL:
3
0.000000E+000 0.000000E+000 0.000000E+000
