$SPEC_ID:
No sample description was entered.
$SPEC_REM:
DET# 4
DETDESC# JLAB-20 MCB 131
AP# Maestro Version 7.01
$DATE_MEA:
10/01/2025 03:46:44
$MEAS_TIM:
140473 143880
$DATA:
0 2047
       0
       0
       0
       0
       0
       0
       0
       0
       0
       0
       0
       0
       0
       0
       0
       0
       0
       0
       0
       0
       0
       0
       0
       0
       0
       0
       0
       0
       0
       0
       0
       0
       0
       0
       0
       0
       0
       0
       0
       0
       0
       0
       0
       0
       0
       0
       0
       0
       0
       0
       0
       1
       2
       0
       1
       1
       0
       1
       0
       0
       0
       0
       0
       1
       0
       1
       1
       1
       1
     539
   15884
   15995
   15127
   14597
   14319
   13783
   13483
   13491
   13257
   13138
   12904
   12822
   12609
   12569
   12365
   12352
   12155
   11894
   11878
   12087
   11760
   11363
   11601
   11395
   11294
   11121
   11142
   11214
   10970
   11021
   10863
   10784
   10654
   10837
   10476
   10270
   10355
   10284
   10235
   10057
    9993
   10021
   10137
    9986
    9759
    9867
    9679
    9663
    9607
    9435
    9472
    9341
    9357
    9316
    9199
    9193
    9395
    9127
    9067
    8858
    9142
    8968
    8659
    8844
    8703
    8787
    8752
    8838
    8553
    8562
    8655
    8496
    8373
    8344
    8330
    8290
    8395
    8486
    8261
    8452
    8212
    8298
    8105
    8223
    8069
    7986
    7967
    8064
    8071
    7944
    7941
    7765
    7865
    7837
    7844
    7766
    7792
    7808
    7703
    7707
    7534
    7621
    7675
    7510
    7685
    7621
    7549
    7523
    7571
    7481
    7395
    7423
    7543
    7427
    7342
    7464
    7311
    7361
    7385
    7335
    7297
    7337
    7198
    7381
    7428
    7250
    7296
    7148
    7252
    7292
    7197
    7208
    7196
    7249
    7023
    6952
    7036
    7078
    7005
    7048
    7071
    7148
    7128
    7020
    7187
    6972
    7059
    7149
    6999
    7053
    7190
    7049
    7080
    7164
    7004
    6956
    6927
    6984
    7054
    7032
    7003
    6937
    6913
    7076
    7025
    6893
    6907
    6996
    6819
    6885
    6884
    6879
    6995
    6804
    6989
    6944
    6899
    6912
    7027
    6905
    6996
    6935
    6980
    6945
    6980
    7017
    6996
    7082
    7045
    7044
    6990
    6847
    7099
    7092
    7110
    7071
    7057
    7206
    7239
    7155
    7072
    7095
    7206
    7201
    7130
    7062
    7218
    7210
    7122
    7170
    7151
    7170
    7298
    7352
    7209
    7172
    7297
    7219
    7285
    7256
    7292
    7231
    7284
    7349
    7299
    7361
    7402
    7482
    7471
    7653
    7717
    7921
    7880
    8175
    8393
    8608
    8963
    9638
   10196
   11044
   11873
   12744
   14199
   15522
   17248
   19296
   21722
   24193
   26983
   30130
   33657
   37517
   41133
   45368
   50345
   54810
   59353
   63819
   68078
   73128
   77534
   81646
   86094
   89847
   93700
   96668
   99087
  102395
  103854
  105999
  107484
  108750
  110397
  111207
  110700
  111103
  111091
  110706
  110481
  109540
  108641
  107901
  106644
  105602
  104229
  102849
  101038
   99336
   97137
   95571
   93516
   91278
   88954
   87275
   84335
   81626
   79181
   77072
   73986
   71520
   68516
   66287
   63751
   60911
   58455
   55686
   53340
   50825
   48450
   46389
   44092
   42379
   40006
   38690
   36987
   35788
   34450
   33198
   31877
   31365
   30263
   28934
   28406
   27317
   26578
   25455
   24845
   23933
   22739
   22006
   21230
   20346
   19627
   18475
   17620
   16625
   16093
   15003
   14324
   13316
   12424
   11877
   10872
   10459
    9657
    9014
    8513
    8043
    7613
    6930
    6700
    6189
    6002
    5864
    5750
    5496
    5191
    5035
    4969
    4885
    4861
    4781
    4851
    4897
    4750
    4768
    4621
    4762
    4760
    4699
    4618
    4781
    4686
    4778
    4656
    4719
    4778
    4798
    4510
    4730
    4662
    4762
    4668
    4543
    4607
    4472
    4579
    4549
    4561
    4566
    4453
    4568
    4542
    4447
    4447
    4509
    4463
    4326
    4343
    4273
    4397
    4413
    4378
    4349
    4309
    4314
    4267
    4261
    4319
    4236
    4265
    4129
    4335
    4287
    4190
    4139
    4182
    4220
    4055
    4188
    4214
    3998
    4067
    4146
    3961
    4013
    4069
    4079
    4031
    4027
    4113
    4103
    4085
    3991
    4044
    4184
    4015
    3976
    3985
    3995
    4026
    3991
    4045
    4084
    4013
    3965
    4124
    4003
    3899
    3932
    4108
    4128
    4077
    4013
    4070
    4018
    4032
    3958
    4002
    4121
    4122
    4002
    4160
    4111
    3997
    4124
    4049
    4020
    4025
    4008
    4053
    4017
    4039
    3897
    4113
    4085
    3955
    4043
    4029
    3945
    4061
    3999
    3957
    3962
    3914
    3848
    3843
    3907
    3907
    3871
    3693
    3791
    3786
    3834
    3754
    3793
    3716
    3652
    3729
    3693
    3732
    3604
    3672
    3688
    3621
    3668
    3752
    3629
    3697
    3770
    3661
    3594
    3605
    3615
    3561
    3552
    3629
    3542
    3509
    3474
    3527
    3497
    3430
    3568
    3524
    3449
    3500
    3425
    3511
    3553
    3511
    3585
    3498
    3514
    3534
    3551
    3439
    3465
    3377
    3424
    3443
    3447
    3451
    3433
    3499
    3458
    3404
    3543
    3552
    3540
    3493
    3554
    3372
    3523
    3447
    3472
    3472
    3456
    3498
    3399
    3413
    3396
    3383
    3565
    3544
    3437
    3464
    3556
    3408
    3473
    3510
    3444
    3375
    3375
    3415
    3452
    3464
    3430
    3468
    3343
    3436
    3379
    3414
    3328
    3349
    3405
    3427
    3307
    3361
    3363
    3335
    3350
    3375
    3348
    3346
    3320
    3302
    3286
    3297
    3339
    3362
    3274
    3364
    3343
    3326
    3302
    3286
    3295
    3302
    3413
    3269
    3235
    3328
    3277
    3362
    3191
    3346
    3208
    3289
    3363
    3248
    3269
    3296
    3325
    3343
    3381
    3270
    3354
    3216
    3327
    3224
    3311
    3326
    3192
    3244
    3183
    3322
    3195
    3254
    3339
    3329
    3277
    3156
    3282
    3204
    3225
    3271
    3282
    3301
    3245
    3278
    3228
    3238
    3270
    3253
    3255
    3154
    3206
    3238
    3089
    3213
    3182
    3099
    3125
    3215
    3148
    3162
    3122
    3139
    3120
    3081
    3166
    3193
    3200
    3288
    3177
    3205
    3217
    3135
    3161
    3123
    3203
    3135
    3210
    3144
    3138
    3131
    3044
    3063
    3105
    3146
    3090
    3169
    3207
    3102
    3087
    3088
    3057
    3097
    3063
    3023
    3060
    3047
    3040
    3046
    3052
    3056
    3072
    3088
    3057
    3038
    3030
    2976
    3052
    2937
    2980
    3002
    2938
    3059
    3016
    3062
    2893
    3104
    2971
    3122
    2991
    3085
    2990
    3055
    2993
    2948
    2940
    2993
    2919
    2980
    2991
    3054
    2996
    2961
    2890
    2964
    2935
    3044
    3012
    2991
    3090
    2935
    3047
    2914
    2996
    3039
    2873
    2954
    2914
    2945
    2909
    2923
    2882
    2846
    2902
    2953
    2930
    2921
    3012
    2926
    2906
    2966
    2923
    2921
    2899
    2866
    2945
    2965
    2958
    3050
    2934
    2966
    2956
    2960
    2903
    2897
    2921
    2892
    2890
    2949
    2820
    2912
    2920
    2970
    2828
    2962
    2857
    2883
    2959
    2784
    2887
    2915
    2878
    2919
    2953
    2900
    2840
    2822
    2923
    2884
    2935
    2929
    2922
    2916
    2882
    2892
    2969
    2839
    2881
    2810
    2879
    2912
    2868
    2819
    2802
    2852
    2828
    2926
    2890
    2927
    2810
    2798
    2826
    2828
    2853
    2819
    2803
    2830
    2864
    2827
    2798
    2788
    2876
    2767
    2861
    2792
    2803
    2856
    2913
    2832
    2845
    2894
    2734
    2812
    2817
    2836
    2948
    2834
    2789
    2808
    2861
    2837
    2896
    2942
    2957
    2961
    2990
    2846
    2889
    3011
    2928
    2894
    2910
    2930
    2858
    2870
    2933
    2917
    2871
    2887
    2844
    2903
    2843
    2876
    2925
    2973
    2791
    2987
    2794
    2909
    2900
    2890
    2794
    2843
    2801
    2797
    2766
    2772
    2869
    2827
    2880
    2837
    2919
    2863
    2822
    2924
    2887
    2748
    2785
    2748
    2744
    2780
    2828
    2787
    2789
    2743
    2777
    2804
    2846
    2852
    2774
    2722
    2779
    2707
    2849
    2776
    2757
    2780
    2723
    2736
    2765
    2832
    2833
    2664
    2756
    2729
    2829
    2800
    2726
    2786
    2823
    2855
    2754
    2863
    2818
    2865
    2877
    2843
    2821
    2973
    2878
    2816
    2917
    2862
    2902
    2883
    2983
    2873
    2887
    2907
    2910
    2895
    2953
    2798
    2852
    2936
    2864
    2934
    2937
    2961
    2898
    2895
    2944
    2869
    2916
    2974
    2871
    2920
    3038
    2956
    2921
    2915
    2843
    2862
    2843
    2835
    2970
    2826
    2797
    2813
    2957
    2863
    2856
    2909
    2932
    2839
    2862
    2853
    2872
    2869
    2831
    2898
    2875
    2862
    2789
    2805
    2815
    2925
    2842
    2877
    2825
    2872
    2763
    2818
    2711
    2787
    2803
    2723
    2802
    2718
    2805
    2722
    2765
    2790
    2745
    2633
    2770
    2792
    2623
    2680
    2733
    2860
    2792
    2755
    2759
    2800
    2762
    2927
    2830
    2817
    2886
    2908
    2838
    2907
    2897
    2925
    2973
    3046
    3046
    3000
    3059
    3105
    3092
    3098
    3086
    3069
    3187
    3203
    3031
    3129
    3198
    3080
    3150
    3064
    3174
    3179
    3079
    3155
    3079
    3002
    3159
    3089
    3067
    3034
    2980
    3099
    2979
    2916
    2979
    2908
    2897
    2986
    2918
    2851
    2824
    2945
    2805
    2719
    2825
    2842
    2729
    2629
    2638
    2620
    2674
    2711
    2621
    2580
    2703
    2623
    2629
    2646
    2522
    2465
    2534
    2639
    2552
    2444
    2520
    2476
    2521
    2586
    2460
    2519
    2528
    2515
    2574
    2494
    2523
    2524
    2500
    2493
    2560
    2481
    2518
    2567
    2502
    2567
    2547
    2523
    2543
    2530
    2523
    2491
    2538
    2449
    2482
    2537
    2527
    2543
    2526
    2444
    2405
    2532
    2619
    2551
    2484
    2589
    2588
    2578
    2562
    2558
    2541
    2536
    2554
    2712
    2520
    2564
    2505
    2616
    2629
    2504
    2468
    2521
    2532
    2556
    2536
    2515
    2565
    2584
    2577
    2524
    2616
    2644
    2413
    2547
    2514
    2589
    2523
    2582
    2613
    2570
    2644
    2573
    2555
    2673
    2557
    2513
    2567
    2605
    2615
    2552
    2542
    2613
    2587
    2751
    2613
    2578
    2610
    2507
    2541
    2619
    2663
    2708
    2603
    2590
    2559
    2659
    2717
    2604
    2680
    2643
    2692
    2627
    2655
    2657
    2684
    2630
    2588
    2592
    2574
    2670
    2621
    2557
    2608
    2509
    2565
    2539
    2608
    2577
    2626
    2554
    2578
    2606
    2584
    2634
    2468
    2496
    2530
    2649
    2565
    2593
    2623
    2604
    2575
    2512
    2547
    2591
    2467
    2523
    2657
    2594
    2557
    2491
    2544
    2610
    2550
    2481
    2434
    2523
    2522
    2573
    2610
    2551
    2495
    2515
    2562
    2536
    2469
    2607
    2467
    2545
    2577
    2556
    2515
    2566
    2469
    2591
    2517
    2526
    2579
    2652
    2603
    2586
    2568
    2568
    2611
    2551
    2636
    2524
    2528
    2632
    2539
    2643
    2653
    2620
    2668
    2571
    2628
    2544
    2625
    2584
    2575
    2579
    2640
    2654
    2643
    2717
    2679
    2654
    2669
    2596
    2648
    2688
    2713
    2668
    2594
    2681
    2641
    2691
    2657
    2647
    2663
    2628
    2731
    2715
    2705
    2631
    2581
    2717
    2646
    2692
    2620
    2698
    2655
    2732
    2738
    2731
    2617
    2718
    2698
    2719
    2757
    2704
    2655
    2758
    2731
    2771
    2757
    2781
    2791
    2747
    2775
    2711
    2691
    2786
    2745
    2736
    2775
    2775
    2802
    2821
    2786
    2749
    2891
    2833
    2841
    2772
    2681
    2763
    2813
    2771
    2825
    2794
    2754
    2867
    2801
    2672
    2845
    2789
    2786
    2887
    2749
    2739
    2832
    2834
    2878
    2809
    2898
    2785
    2822
    2839
    2846
    2892
    2817
    2887
    2850
    2797
    2807
    2924
    2872
    2838
    2844
    2917
    2905
    2916
    2920
    2855
    2968
    2886
    3013
    2943
    2973
    2895
    2883
    2967
    3019
    3114
    3048
    2995
    3023
    3005
    3089
    3001
    3071
    3030
    3027
    3061
    3157
    2980
    3054
    3131
    3104
    3039
    3009
    3099
    3163
    3107
    3168
    3251
    3129
    3123
    3089
    3195
    3074
    3275
    3235
    3126
    3172
    3329
    3187
    3272
    3204
    3333
    3219
    3229
    3344
    3331
    3458
    3350
    3366
    3401
    3435
    3453
    3385
    3448
    3367
    3370
    3391
    3556
    3409
    3473
    3441
    3427
    3510
    3551
    3574
    3610
    3494
    3571
    3593
    3578
    3645
    3748
    3651
    3602
    3780
    3766
    3755
    3769
    3689
    3810
    3805
    3725
    3763
    3780
    3939
    3792
    3856
    3876
    3831
    4147
    3914
    3970
    3985
    4063
    4062
    4182
    4028
    4063
    4197
    4217
    4087
    4267
    4364
    4300
    4305
    4352
    4465
    4296
    4291
    4479
    4512
    4408
    4573
    4595
    4545
    4453
    4555
    4777
    4598
    4600
    4737
    4745
    4786
    4701
    4862
    4841
    4906
    4989
    4998
    4955
    5118
    5200
    5191
    5119
    5111
    5314
    5264
    5275
    5257
    5437
    5415
    5456
    5425
    5442
    5398
    5495
    5526
    5663
    5673
    5711
    5763
    5885
    5707
    5779
    5706
    5937
    5897
    6030
    5984
    6166
    6131
    6157
    6165
    6146
    6136
    6303
    6428
    6335
    6542
    6500
    6502
    6499
    6509
    6598
    6647
    6884
    6706
    6627
    6847
    6738
    6745
    6838
    6935
    7003
    6870
    7119
    7134
    7103
    7189
    7245
    7234
    7150
    7290
    7157
    7226
    7361
    7454
    7429
    7395
    7420
    7458
    7564
    7471
    7643
    7429
    7552
    7572
    7560
    7699
    7569
    7689
    7610
    7670
    7626
    7636
    7685
    7643
    7674
    7750
    7609
    7419
    7737
    7641
    7577
    7628
    7699
    7546
    7611
    7633
    7644
    7614
    7808
    7775
    7557
    7628
    7675
    7586
    7622
    7728
    7504
    7651
    7663
    7512
    7678
    7374
    7685
    7396
    7562
    7700
    7652
    7631
    7578
    7696
    7639
    7562
    7631
    7561
    7564
    7675
    7501
    7694
    7454
    7679
    7767
    7793
    7478
    7670
    7528
    7622
    7568
    7688
    7712
    7737
    7748
    7763
    7841
    7823
    7811
    7953
    7924
    7837
    7741
    7998
    7952
    8166
    8110
    8053
    7987
    8140
    8191
    8207
    8182
    8305
    8267
    8305
    8474
    8459
    8537
    8476
    8454
    8433
    8550
    8633
    8695
    8776
    8749
    8686
    8804
    9040
    9121
    9017
    8947
    9195
    9007
    9184
    9229
    9256
    9478
    9579
    9528
    9456
    9589
    9713
    9762
    9709
    9898
    9739
    9952
   10200
   10239
   10201
   10228
   10277
   10307
   10431
   10555
   10620
   10938
   10844
   10764
   10855
   10700
   11296
   11103
   11264
   11327
   11317
   11380
   11491
   11651
   11485
   11565
   11819
   12013
   12058
   11960
   12173
   12243
   12449
   12713
   12693
   12768
   12926
   12929
   13003
   12991
   13228
   13416
   13385
   13807
   13927
   13746
   13971
   14132
   14220
   14440
   14530
   14511
   14490
   14792
   15186
   14864
   15463
   15297
   15552
   15981
   15669
   15817
   15850
   16118
   16447
   16467
   16641
   16930
   16567
   17035
   17345
   17451
   17362
   17678
   18049
   18110
   18364
   18524
   18381
   18652
   18674
   18889
   18929
   19492
   19292
   19971
   19843
   20082
   20228
   20622
   20742
   20951
   21064
   21362
   21233
   22062
   22061
   21843
   22141
   22267
   22609
   22773
   23317
   23318
   23459
   23805
   24280
   24431
   24595
   24684
   24675
   25352
   25592
   25839
   26066
   26255
   26690
   26722
   26956
   27351
   27617
   27823
   28311
   28511
   28473
   29124
   29053
   29487
   29782
   29907
   30273
   30769
   30553
   31687
   31827
   32220
   32340
   32602
   33183
   33202
   33825
   34219
   34404
   34784
   35182
   35424
   36161
   36812
   37236
   37410
   37728
   37999
   38663
   39162
   39302
   39765
   40348
   40887
   41029
   41885
   42224
   42840
   43118
   43759
   44335
   45341
   45580
   45845
   46366
   46950
   47702
   47951
   49096
   49725
   49742
   51120
   51249
   51711
   52581
   53287
   54350
   54797
   55725
   56068
   56858
   57589
   58481
   59238
   59741
   61007
   61916
   62664
   63820
   64517
   65760
   66541
   67324
   68364
   69428
   70868
   71565
   72963
   73799
   75680
   76019
   77827
   78428
   80044
   81193
   81641
   83769
   85629
   86661
       0
       0
       0
       0
       0
       0
       0
       0
       0
       0
       0
       0
       0
       0
       0
       0
       0
       0
       0
       0
       0
       0
       0
       0
       0
       0
       0
       0
       0
       0
       0
       0
$ROI:
0
$PRESETS:
None
0
0
$ENER_FIT:
-0.169488 0.023446
$MCA_CAL:
3
-1.694878E-001 2.344633E-002 0.000000E+000 keV
$SHAPE_CAL:
3
0.000000E+000 0.000000E+000 0.000000E+000
