$SPEC_ID:
No sample description was entered.
$SPEC_REM:
DET# 4
DETDESC# JLAB-20 MCB 131
AP# Maestro Version 7.01
$DATE_MEA:
09/29/2025 20:36:44
$MEAS_TIM:
30926 31678
$DATA:
0 2047
       0
       0
       0
       0
       0
       0
       0
       0
       0
       0
       0
       0
       0
       0
       0
       0
       0
       0
       0
       0
       0
       0
       0
       0
       0
       0
       0
       0
       0
       0
       0
       0
       0
       0
       0
       0
       0
       0
       0
       0
       0
       0
       0
       0
       0
       0
       0
       0
       0
       0
       0
       0
       0
       0
       0
       0
       0
       0
       0
       0
       0
       0
       0
       0
       0
       0
       0
       0
       0
      79
    3367
    3452
    3358
    3080
    3228
    3054
    2948
    2870
    2908
    2871
    2747
    2990
    2779
    2726
    2713
    2732
    2702
    2668
    2641
    2631
    2611
    2459
    2481
    2490
    2394
    2450
    2395
    2470
    2410
    2408
    2339
    2394
    2338
    2382
    2257
    2274
    2282
    2287
    2282
    2138
    2203
    2215
    2211
    2183
    2082
    2156
    2117
    2127
    2030
    2107
    2041
    1999
    2042
    2047
    2071
    2081
    2045
    2041
    1972
    1991
    1948
    2000
    1957
    1905
    1838
    1967
    1949
    1995
    1926
    1867
    1905
    1845
    1855
    1884
    1821
    1794
    1879
    1914
    1849
    1879
    1733
    1814
    1779
    1754
    1762
    1757
    1755
    1782
    1810
    1728
    1751
    1702
    1720
    1685
    1735
    1644
    1689
    1761
    1700
    1753
    1705
    1706
    1709
    1604
    1710
    1667
    1713
    1629
    1702
    1713
    1608
    1601
    1664
    1612
    1620
    1662
    1605
    1645
    1617
    1646
    1646
    1617
    1554
    1660
    1629
    1603
    1546
    1555
    1544
    1606
    1554
    1669
    1606
    1606
    1500
    1554
    1536
    1551
    1560
    1522
    1527
    1586
    1545
    1502
    1536
    1562
    1525
    1542
    1510
    1527
    1579
    1536
    1540
    1518
    1535
    1597
    1555
    1554
    1525
    1523
    1553
    1469
    1515
    1593
    1519
    1523
    1498
    1545
    1494
    1485
    1578
    1508
    1566
    1479
    1513
    1529
    1474
    1489
    1490
    1475
    1517
    1499
    1507
    1545
    1540
    1524
    1518
    1586
    1591
    1579
    1527
    1514
    1634
    1557
    1519
    1499
    1524
    1602
    1568
    1540
    1557
    1515
    1526
    1614
    1621
    1543
    1579
    1546
    1537
    1595
    1558
    1586
    1632
    1624
    1580
    1554
    1656
    1605
    1596
    1564
    1619
    1580
    1673
    1647
    1650
    1701
    1629
    1580
    1634
    1707
    1664
    1711
    1816
    1767
    1892
    1857
    1933
    2097
    2234
    2441
    2638
    2758
    3148
    3439
    3684
    4264
    4747
    5169
    5867
    6637
    7304
    8270
    8876
   10001
   11000
   11861
   12934
   14059
   14839
   16009
   17149
   18125
   19065
   19722
   20578
   21459
   21844
   22366
   22769
   23546
   23697
   24136
   24459
   24533
   24276
   24324
   24694
   24511
   24476
   24331
   23897
   23767
   23522
   23068
   22938
   22656
   22095
   22025
   21334
   21077
   20550
   20035
   19585
   18995
   18670
   17890
   17415
   16845
   16262
   15703
   14923
   14412
   13915
   13417
   12799
   12459
   11649
   11136
   10544
   10206
    9887
    9360
    8699
    8523
    8174
    7851
    7764
    7324
    6898
    6929
    6650
    6276
    6180
    5933
    5960
    5459
    5529
    5267
    4978
    4877
    4648
    4361
    4383
    3971
    3778
    3619
    3465
    3312
    3192
    2978
    2712
    2614
    2328
    2335
    2121
    1986
    1892
    1739
    1700
    1488
    1439
    1351
    1333
    1274
    1251
    1213
    1096
    1117
    1098
    1097
    1112
    1077
    1055
    1106
    1033
    1016
     979
    1079
    1034
    1047
    1012
    1036
    1074
    1067
    1009
    1045
    1025
    1082
     982
    1032
     981
    1013
     982
    1044
    1013
     999
    1006
    1021
    1029
    1043
    1014
     969
     989
     996
     920
     950
    1020
     946
     921
     933
     992
     964
     998
     969
     953
     970
     956
     901
     972
     922
     914
     910
     977
     944
     920
     976
     947
    1008
     887
     938
     889
     888
     871
     906
     850
     862
     864
     914
     913
     914
     907
     851
     926
     918
     902
     952
     940
     865
     896
     882
     876
     875
     910
     854
     877
     877
     918
     914
     841
     880
     917
     935
     878
     871
     884
     874
     898
     812
     886
     927
     885
     878
     900
     933
     917
     980
     871
     917
     887
     894
     926
     902
     862
     883
     913
     960
     826
     930
     928
     863
     869
     820
     926
     867
     872
     864
     841
     878
     831
     871
     822
     867
     884
     866
     791
     821
     788
     825
     841
     818
     813
     790
     863
     817
     803
     784
     800
     808
     783
     791
     830
     830
     797
     818
     793
     804
     808
     783
     758
     780
     805
     767
     747
     733
     764
     727
     748
     746
     773
     771
     763
     769
     768
     771
     818
     772
     766
     773
     735
     703
     743
     772
     759
     786
     784
     704
     727
     825
     747
     809
     764
     759
     741
     765
     823
     717
     760
     740
     773
     732
     762
     745
     791
     757
     804
     794
     773
     782
     748
     808
     782
     743
     731
     743
     790
     788
     786
     788
     764
     748
     768
     754
     722
     741
     758
     745
     752
     784
     722
     717
     709
     731
     775
     746
     725
     738
     693
     684
     729
     731
     748
     696
     699
     748
     712
     738
     751
     736
     742
     738
     757
     722
     706
     696
     694
     711
     744
     703
     693
     747
     715
     733
     721
     715
     718
     736
     741
     719
     692
     689
     674
     755
     748
     720
     775
     714
     716
     722
     707
     692
     740
     673
     711
     711
     689
     697
     700
     724
     728
     707
     744
     699
     713
     704
     721
     717
     695
     727
     718
     693
     678
     692
     656
     681
     742
     691
     740
     712
     708
     659
     715
     675
     673
     693
     688
     695
     696
     721
     674
     684
     697
     725
     690
     711
     668
     670
     700
     667
     716
     701
     685
     690
     688
     731
     678
     692
     629
     693
     692
     700
     714
     693
     678
     725
     668
     660
     647
     679
     693
     676
     682
     625
     593
     652
     666
     642
     649
     622
     662
     689
     633
     672
     695
     657
     703
     685
     703
     615
     704
     683
     675
     663
     657
     676
     644
     655
     683
     676
     631
     633
     649
     654
     697
     678
     685
     673
     664
     665
     635
     648
     652
     614
     640
     640
     620
     625
     691
     624
     623
     663
     628
     639
     656
     697
     668
     657
     608
     665
     694
     616
     561
     638
     658
     640
     657
     619
     715
     643
     625
     641
     695
     643
     663
     634
     628
     596
     639
     687
     638
     604
     666
     634
     689
     669
     621
     626
     678
     640
     634
     643
     631
     595
     638
     651
     632
     623
     633
     621
     622
     585
     622
     622
     602
     645
     665
     665
     634
     613
     608
     611
     633
     620
     653
     616
     629
     622
     642
     618
     625
     619
     631
     600
     615
     606
     615
     592
     606
     606
     612
     625
     652
     609
     664
     632
     612
     600
     687
     606
     610
     609
     590
     638
     669
     608
     594
     612
     661
     638
     637
     666
     666
     675
     638
     641
     679
     625
     627
     637
     623
     649
     668
     681
     635
     690
     642
     605
     626
     642
     624
     649
     680
     571
     646
     603
     661
     638
     646
     636
     600
     671
     654
     592
     592
     617
     688
     634
     619
     615
     604
     598
     645
     641
     606
     645
     624
     637
     654
     663
     633
     629
     559
     623
     576
     631
     659
     572
     586
     600
     618
     627
     653
     627
     600
     622
     587
     632
     638
     626
     600
     592
     571
     628
     630
     585
     610
     579
     636
     619
     628
     629
     649
     653
     636
     646
     662
     613
     605
     664
     627
     639
     614
     658
     641
     660
     608
     630
     619
     662
     627
     601
     647
     607
     637
     644
     669
     626
     601
     675
     648
     662
     638
     631
     628
     660
     658
     671
     639
     596
     622
     608
     614
     661
     639
     618
     630
     639
     675
     631
     656
     640
     691
     650
     629
     643
     633
     680
     629
     656
     637
     632
     603
     571
     625
     640
     645
     638
     628
     614
     630
     609
     605
     561
     623
     644
     609
     618
     589
     597
     613
     591
     574
     616
     590
     578
     635
     608
     638
     636
     635
     598
     608
     628
     631
     589
     564
     653
     695
     625
     629
     681
     648
     636
     647
     635
     678
     634
     641
     668
     685
     693
     677
     696
     773
     654
     720
     717
     655
     655
     617
     675
     636
     671
     702
     648
     663
     691
     687
     660
     665
     641
     702
     656
     624
     646
     664
     620
     659
     647
     592
     646
     669
     613
     614
     640
     618
     607
     551
     586
     582
     614
     615
     619
     574
     597
     593
     581
     617
     558
     581
     579
     603
     585
     506
     558
     541
     580
     558
     508
     570
     542
     555
     606
     562
     549
     559
     568
     509
     599
     523
     546
     575
     542
     569
     557
     574
     560
     569
     538
     546
     563
     529
     539
     572
     501
     590
     580
     558
     524
     548
     542
     564
     555
     532
     576
     578
     531
     533
     571
     565
     564
     618
     546
     575
     572
     582
     573
     528
     520
     561
     539
     539
     522
     573
     577
     589
     545
     569
     556
     586
     536
     573
     509
     532
     585
     551
     586
     531
     572
     583
     620
     618
     548
     563
     532
     577
     572
     607
     549
     584
     588
     615
     534
     599
     583
     559
     588
     556
     573
     625
     582
     546
     596
     562
     608
     545
     574
     523
     612
     585
     607
     583
     567
     584
     592
     558
     564
     568
     577
     549
     581
     579
     548
     578
     540
     535
     605
     548
     559
     571
     568
     550
     544
     591
     551
     601
     589
     561
     612
     593
     548
     592
     551
     612
     560
     556
     579
     579
     593
     561
     545
     551
     547
     557
     543
     546
     565
     548
     569
     536
     529
     531
     604
     581
     549
     559
     583
     593
     577
     552
     548
     554
     556
     579
     553
     578
     583
     611
     541
     621
     562
     538
     583
     539
     581
     539
     572
     588
     562
     570
     563
     587
     609
     605
     606
     574
     561
     556
     556
     584
     571
     571
     549
     593
     609
     601
     605
     568
     555
     586
     609
     607
     539
     610
     614
     593
     592
     586
     602
     598
     597
     636
     608
     570
     586
     619
     573
     594
     598
     587
     618
     581
     605
     587
     581
     572
     629
     546
     602
     612
     557
     591
     604
     602
     561
     581
     640
     619
     604
     613
     604
     616
     625
     578
     607
     615
     616
     624
     615
     604
     646
     647
     623
     596
     602
     583
     581
     569
     612
     627
     652
     634
     645
     577
     648
     600
     604
     608
     634
     582
     597
     639
     646
     654
     665
     633
     607
     595
     620
     642
     604
     626
     620
     639
     582
     635
     653
     614
     618
     631
     687
     619
     692
     652
     638
     655
     684
     681
     647
     642
     647
     652
     659
     709
     694
     673
     673
     680
     664
     633
     676
     701
     671
     655
     730
     665
     654
     721
     697
     673
     672
     681
     711
     701
     693
     711
     688
     653
     656
     720
     682
     723
     708
     695
     715
     756
     666
     716
     678
     692
     706
     712
     741
     726
     753
     723
     710
     762
     731
     744
     747
     737
     729
     718
     733
     775
     755
     756
     728
     739
     786
     739
     800
     820
     776
     771
     803
     818
     789
     845
     785
     776
     820
     852
     813
     816
     813
     850
     836
     828
     859
     844
     892
     832
     879
     828
     815
     921
     849
     890
     893
     871
     903
     895
     874
     931
     886
     909
     897
     979
     972
     942
     952
     989
     972
     922
     951
     953
     972
     937
    1018
    1013
    1004
     993
    1008
    1077
    1008
     997
    1036
    1022
    1034
    1047
    1066
    1037
    1130
    1121
    1097
    1081
    1184
    1173
    1173
    1156
    1126
    1179
    1118
    1120
    1127
    1239
    1145
    1217
    1230
    1243
    1192
    1280
    1180
    1325
    1253
    1240
    1301
    1300
    1174
    1307
    1226
    1311
    1289
    1348
    1249
    1385
    1349
    1422
    1401
    1332
    1345
    1385
    1432
    1380
    1475
    1442
    1461
    1466
    1428
    1390
    1442
    1610
    1517
    1446
    1503
    1465
    1448
    1494
    1509
    1504
    1516
    1602
    1637
    1525
    1613
    1568
    1619
    1620
    1611
    1578
    1699
    1625
    1642
    1715
    1634
    1576
    1624
    1665
    1644
    1634
    1647
    1689
    1632
    1702
    1664
    1653
    1705
    1724
    1672
    1677
    1724
    1666
    1637
    1688
    1675
    1712
    1587
    1737
    1733
    1645
    1657
    1695
    1616
    1756
    1708
    1703
    1723
    1758
    1701
    1742
    1676
    1649
    1737
    1680
    1770
    1721
    1754
    1662
    1614
    1644
    1600
    1644
    1666
    1614
    1659
    1722
    1638
    1672
    1712
    1643
    1655
    1679
    1613
    1597
    1677
    1762
    1719
    1683
    1677
    1684
    1727
    1661
    1643
    1668
    1651
    1697
    1599
    1664
    1719
    1694
    1662
    1723
    1696
    1758
    1722
    1757
    1742
    1689
    1720
    1722
    1733
    1749
    1843
    1796
    1818
    1778
    1917
    1794
    1873
    1835
    1808
    1883
    1875
    1836
    1875
    1869
    1797
    1763
    1966
    1919
    1859
    1910
    1950
    1921
    1974
    1932
    1930
    1983
    1994
    1976
    2035
    2026
    2056
    2061
    2167
    2104
    2137
    2116
    2169
    2159
    2117
    2165
    2083
    2194
    2233
    2226
    2245
    2217
    2275
    2260
    2313
    2280
    2290
    2427
    2477
    2378
    2476
    2397
    2455
    2451
    2502
    2497
    2504
    2517
    2476
    2558
    2541
    2559
    2638
    2687
    2673
    2575
    2720
    2683
    2681
    2835
    2744
    2767
    2839
    2813
    2876
    2876
    2914
    3009
    2988
    3082
    3036
    3073
    3074
    3047
    3105
    3177
    3145
    3226
    3059
    3304
    3430
    3237
    3452
    3438
    3463
    3567
    3485
    3455
    3476
    3546
    3689
    3559
    3763
    3713
    3500
    3689
    3836
    3790
    3837
    3924
    3957
    3997
    4024
    4033
    4001
    4163
    4009
    4136
    4251
    4339
    4258
    4337
    4454
    4279
    4409
    4569
    4520
    4602
    4719
    4755
    4737
    4798
    4924
    4785
    4902
    4999
    4955
    4998
    4998
    5189
    5139
    5305
    5330
    5327
    5358
    5524
    5467
    5575
    5539
    5756
    5700
    5842
    5894
    5874
    5882
    6022
    6095
    6151
    6126
    6298
    6319
    6270
    6459
    6572
    6549
    6586
    6754
    6897
    6744
    7049
    6996
    7087
    7207
    7162
    7368
    7365
    7504
    7446
    7622
    7719
    7672
    7872
    7872
    8103
    8129
    8306
    8246
    8453
    8492
    8613
    8578
    8857
    8912
    8863
    9036
    9066
    9332
    9440
    9378
    9713
    9617
   10092
    9962
   10182
   10276
   10245
   10654
   10597
   10861
   11008
   10983
   11266
   11381
   11498
   11620
   11907
   11742
   11988
   12336
   12354
   12583
   12666
   13037
   13132
   13121
   13415
   13558
   13841
   14045
   14130
   14486
   14790
   14829
   14946
   15557
   15555
   15903
   16046
   16490
   16654
   16793
   17250
   17156
   17620
   17978
   18027
   18372
   19029
   19279
       0
       0
       0
       0
       0
       0
       0
       0
       0
       0
       0
       0
       0
       0
       0
       0
       0
       0
       0
       0
       0
       0
       0
       0
       0
       0
       0
       0
       0
       0
       0
       0
$ROI:
0
$PRESETS:
None
0
0
$ENER_FIT:
-0.169488 0.023446
$MCA_CAL:
3
-1.694878E-001 2.344633E-002 0.000000E+000 keV
$SHAPE_CAL:
3
0.000000E+000 0.000000E+000 0.000000E+000
