$SPEC_ID:
No sample description was entered.
$SPEC_REM:
DET# 4
DETDESC# JLAB-20 MCB 131
AP# Maestro Version 7.01
$DATE_MEA:
09/29/2025 23:16:44
$MEAS_TIM:
40297 41278
$DATA:
0 2047
       0
       0
       0
       0
       0
       0
       0
       0
       0
       0
       0
       0
       0
       0
       0
       0
       0
       0
       0
       0
       0
       0
       0
       0
       0
       0
       0
       0
       0
       0
       0
       0
       0
       0
       0
       0
       0
       0
       0
       0
       0
       0
       0
       0
       0
       0
       0
       0
       0
       0
       0
       0
       0
       0
       0
       0
       0
       0
       0
       0
       0
       0
       0
       0
       0
       0
       0
       0
       0
     110
    4451
    4526
    4364
    4025
    4178
    3988
    3787
    3791
    3758
    3713
    3573
    3872
    3561
    3531
    3557
    3563
    3511
    3419
    3404
    3449
    3371
    3197
    3299
    3252
    3142
    3203
    3175
    3225
    3145
    3179
    3085
    3101
    3023
    3143
    2949
    2981
    2990
    2926
    3009
    2868
    2883
    2865
    2851
    2816
    2780
    2849
    2765
    2751
    2657
    2719
    2683
    2641
    2659
    2672
    2718
    2681
    2651
    2663
    2580
    2555
    2567
    2562
    2535
    2524
    2425
    2528
    2511
    2580
    2530
    2450
    2498
    2402
    2416
    2483
    2397
    2396
    2428
    2433
    2412
    2422
    2285
    2379
    2271
    2270
    2266
    2284
    2306
    2297
    2330
    2289
    2296
    2232
    2259
    2229
    2231
    2196
    2195
    2300
    2207
    2252
    2204
    2205
    2235
    2137
    2221
    2185
    2241
    2136
    2164
    2202
    2126
    2077
    2156
    2142
    2105
    2158
    2119
    2122
    2135
    2134
    2118
    2109
    2012
    2146
    2133
    2096
    2092
    2016
    2062
    2099
    2050
    2127
    2082
    2085
    1956
    2005
    2011
    2056
    2039
    1995
    2004
    2080
    2026
    1931
    2036
    2041
    1988
    1989
    1983
    2019
    2046
    2008
    2018
    2066
    2032
    2067
    1980
    2021
    1992
    1966
    1987
    1956
    2009
    2074
    2014
    1988
    1974
    2009
    1954
    1951
    2011
    1981
    2029
    1931
    1997
    1974
    1909
    1953
    1976
    1965
    1977
    1969
    2002
    2023
    2004
    1955
    1948
    2058
    2051
    2036
    2002
    1935
    2115
    2044
    2014
    1962
    2007
    2072
    2047
    2023
    2000
    1987
    2016
    2081
    2127
    2013
    2060
    2022
    2056
    2043
    2035
    2044
    2105
    2153
    2109
    2027
    2105
    2054
    2121
    2046
    2077
    2070
    2163
    2072
    2117
    2193
    2109
    2094
    2126
    2221
    2171
    2273
    2343
    2325
    2474
    2428
    2509
    2713
    2967
    3183
    3362
    3648
    4135
    4531
    4891
    5555
    6182
    6785
    7600
    8685
    9537
   10754
   11598
   12989
   14267
   15584
   16970
   18340
   19387
   21078
   22292
   23674
   24774
   25782
   26700
   28045
   28482
   29286
   29750
   30598
   30717
   31510
   31727
   31987
   31727
   31895
   32152
   32026
   31966
   31653
   31191
   30820
   30566
   30090
   29879
   29423
   28725
   28503
   27827
   27404
   26787
   26169
   25507
   24836
   24298
   23418
   22761
   22007
   21165
   20468
   19532
   18823
   18138
   17535
   16692
   16182
   15214
   14535
   13782
   13354
   12829
   12233
   11390
   11133
   10687
   10270
   10047
    9489
    9113
    8910
    8649
    8236
    8108
    7785
    7764
    7159
    7166
    6911
    6491
    6308
    6107
    5731
    5729
    5196
    4907
    4766
    4521
    4333
    4085
    3828
    3559
    3482
    3049
    3044
    2743
    2568
    2453
    2282
    2197
    1935
    1872
    1747
    1715
    1669
    1632
    1604
    1443
    1457
    1438
    1409
    1451
    1392
    1373
    1452
    1322
    1363
    1308
    1408
    1343
    1353
    1307
    1403
    1365
    1395
    1336
    1338
    1327
    1403
    1285
    1334
    1287
    1333
    1294
    1346
    1339
    1293
    1306
    1362
    1364
    1338
    1292
    1270
    1280
    1288
    1215
    1259
    1332
    1227
    1201
    1231
    1268
    1278
    1289
    1239
    1242
    1249
    1221
    1194
    1273
    1192
    1188
    1173
    1260
    1220
    1223
    1248
    1229
    1297
    1151
    1190
    1162
    1169
    1129
    1190
    1124
    1130
    1133
    1204
    1184
    1184
    1170
    1127
    1218
    1190
    1160
    1222
    1195
    1133
    1169
    1141
    1132
    1134
    1161
    1151
    1158
    1148
    1214
    1155
    1097
    1169
    1190
    1186
    1156
    1124
    1168
    1162
    1162
    1090
    1174
    1187
    1149
    1161
    1179
    1199
    1180
    1237
    1135
    1210
    1136
    1155
    1190
    1186
    1130
    1137
    1199
    1239
    1116
    1187
    1180
    1125
    1113
    1080
    1178
    1123
    1137
    1115
    1093
    1157
    1104
    1132
    1083
    1125
    1125
    1119
    1035
    1076
    1035
    1088
    1079
    1075
    1060
    1031
    1099
    1085
    1045
    1033
    1069
    1081
    1011
    1054
    1070
    1071
    1045
    1082
    1038
    1053
    1057
    1029
     976
    1011
    1064
     994
     969
     977
    1007
     965
    1025
     987
     982
    1017
    1009
    1032
    1034
    1005
    1033
    1000
     986
    1002
     961
     944
     995
    1028
     995
    1029
    1030
     974
     967
    1060
     995
    1045
     989
     964
    1015
     986
    1032
     953
     996
     953
    1002
     936
     986
     960
    1011
     999
    1036
    1004
    1009
    1019
     945
    1038
     998
    1005
     964
     955
    1017
    1011
    1029
    1019
    1013
     975
    1008
     978
     971
     964
     974
     956
     980
    1003
     935
     955
     939
     950
    1018
     991
     965
     949
     911
     908
     933
     970
     980
     945
     901
     964
     945
     954
     986
     960
     929
     981
     966
     935
     976
     927
     920
     936
     955
     941
     921
    1001
     952
     953
     957
     958
     933
     947
     969
     940
     932
     928
     888
     961
     976
     943
     962
     918
     951
     947
     913
     921
     967
     898
     933
     923
     894
     907
     922
     956
     961
     949
     959
     902
     901
     929
     916
     921
     906
     935
     930
     907
     912
     894
     879
     887
     963
     894
     932
     919
     909
     880
     939
     879
     886
     905
     902
     885
     903
     940
     885
     893
     901
     951
     890
     929
     834
     893
     912
     872
     907
     905
     878
     891
     904
     959
     894
     895
     831
     881
     895
     899
     911
     870
     870
     944
     862
     890
     831
     898
     894
     866
     903
     841
     809
     865
     880
     843
     859
     862
     856
     889
     828
     854
     880
     879
     931
     899
     917
     807
     911
     892
     876
     837
     892
     895
     843
     850
     879
     847
     818
     816
     864
     813
     887
     882
     890
     860
     858
     862
     831
     857
     853
     795
     852
     839
     826
     813
     896
     828
     841
     844
     835
     809
     822
     889
     868
     854
     820
     859
     875
     816
     760
     847
     848
     825
     860
     830
     918
     845
     836
     821
     878
     845
     833
     829
     820
     793
     834
     873
     833
     801
     865
     852
     868
     847
     828
     809
     878
     808
     818
     856
     839
     806
     824
     833
     824
     797
     859
     848
     825
     789
     803
     834
     760
     829
     853
     874
     830
     812
     797
     801
     803
     805
     863
     831
     833
     821
     841
     795
     801
     813
     811
     805
     822
     809
     780
     776
     808
     794
     776
     842
     849
     790
     866
     828
     785
     828
     894
     813
     800
     799
     770
     844
     850
     786
     783
     807
     852
     854
     835
     871
     894
     858
     824
     826
     893
     843
     805
     839
     838
     831
     832
     865
     852
     854
     852
     779
     822
     823
     822
     836
     880
     755
     846
     802
     873
     838
     841
     812
     793
     842
     842
     777
     798
     807
     867
     834
     825
     811
     800
     773
     871
     800
     803
     841
     828
     822
     829
     860
     798
     807
     741
     808
     744
     814
     862
     752
     761
     803
     810
     823
     814
     796
     765
     816
     767
     838
     827
     845
     752
     784
     777
     822
     800
     754
     794
     791
     833
     797
     822
     786
     842
     845
     810
     812
     860
     796
     807
     863
     821
     824
     787
     889
     811
     852
     818
     830
     796
     845
     822
     813
     846
     803
     838
     850
     843
     819
     791
     871
     839
     839
     844
     850
     848
     843
     852
     861
     837
     788
     828
     800
     800
     856
     815
     793
     826
     836
     880
     836
     875
     852
     876
     865
     827
     830
     846
     873
     816
     847
     816
     813
     788
     752
     809
     813
     844
     806
     810
     801
     822
     794
     793
     771
     801
     826
     795
     824
     751
     788
     799
     786
     754
     802
     758
     736
     792
     780
     822
     816
     815
     804
     797
     816
     821
     783
     750
     830
     897
     819
     800
     864
     844
     860
     863
     835
     879
     841
     842
     860
     905
     876
     891
     912
     960
     837
     934
     946
     863
     859
     822
     915
     864
     847
     908
     832
     839
     898
     917
     851
     903
     841
     906
     862
     823
     845
     859
     830
     858
     831
     800
     830
     858
     798
     817
     830
     799
     790
     739
     733
     752
     812
     800
     784
     745
     769
     796
     755
     765
     716
     723
     742
     786
     748
     669
     737
     695
     759
     734
     685
     726
     703
     726
     804
     743
     724
     733
     722
     674
     753
     693
     710
     758
     705
     716
     715
     733
     744
     745
     695
     711
     741
     687
     703
     755
     663
     748
     751
     722
     689
     706
     706
     715
     719
     692
     750
     750
     702
     701
     753
     735
     739
     803
     714
     739
     740
     753
     736
     707
     672
     725
     708
     704
     708
     737
     747
     761
     710
     751
     734
     745
     715
     755
     699
     717
     733
     710
     752
     708
     739
     754
     772
     781
     727
     727
     691
     743
     745
     772
     711
     754
     757
     811
     712
     769
     761
     727
     758
     724
     754
     778
     738
     717
     756
     730
     785
     719
     749
     732
     791
     775
     798
     767
     745
     771
     784
     760
     746
     764
     762
     703
     735
     745
     716
     741
     710
     698
     780
     716
     717
     729
     766
     719
     683
     762
     713
     779
     758
     746
     764
     755
     731
     748
     745
     772
     725
     723
     765
     751
     774
     716
     710
     734
     726
     716
     700
     719
     751
     726
     769
     704
     701
     701
     763
     740
     706
     743
     756
     744
     746
     721
     705
     717
     719
     742
     717
     744
     753
     796
     724
     794
     731
     701
     747
     699
     737
     696
     733
     766
     749
     756
     734
     750
     792
     768
     776
     730
     749
     727
     735
     757
     747
     754
     748
     777
     781
     772
     797
     754
     739
     757
     770
     778
     725
     783
     783
     773
     762
     778
     783
     776
     787
     812
     781
     750
     752
     792
     755
     792
     775
     771
     785
     785
     806
     781
     779
     761
     794
     733
     792
     790
     745
     774
     796
     781
     744
     758
     837
     794
     774
     767
     775
     819
     831
     749
     779
     780
     814
     801
     817
     770
     850
     820
     802
     790
     777
     773
     783
     723
     822
     831
     836
     798
     849
     745
     828
     786
     825
     801
     825
     775
     767
     848
     839
     839
     877
     825
     788
     800
     817
     851
     794
     816
     804
     811
     785
     829
     846
     801
     811
     826
     857
     803
     890
     831
     845
     855
     890
     875
     838
     841
     823
     837
     861
     896
     885
     890
     877
     876
     858
     831
     893
     903
     894
     848
     951
     837
     859
     914
     909
     882
     876
     882
     940
     937
     895
     945
     879
     846
     855
     922
     890
     929
     918
     895
     916
     962
     879
     920
     908
     920
     915
     899
     997
     948
    1002
     959
     927
    1007
     965
     975
     974
     975
     960
     939
     974
    1021
     985
    1011
     966
     951
    1007
     998
    1010
    1043
    1015
    1022
    1059
    1089
    1017
    1058
    1029
    1020
    1058
    1099
    1084
    1089
    1033
    1089
    1090
    1085
    1101
    1092
    1159
    1085
    1113
    1069
    1060
    1184
    1129
    1153
    1193
    1150
    1185
    1159
    1166
    1194
    1160
    1196
    1178
    1247
    1277
    1209
    1233
    1267
    1273
    1200
    1245
    1236
    1258
    1240
    1327
    1315
    1325
    1299
    1328
    1402
    1301
    1338
    1351
    1388
    1358
    1343
    1398
    1389
    1430
    1433
    1407
    1394
    1509
    1514
    1531
    1467
    1462
    1557
    1473
    1438
    1473
    1592
    1478
    1590
    1640
    1608
    1547
    1628
    1553
    1706
    1635
    1604
    1723
    1687
    1556
    1691
    1608
    1670
    1664
    1734
    1667
    1824
    1755
    1829
    1817
    1739
    1725
    1820
    1862
    1779
    1916
    1900
    1903
    1891
    1854
    1826
    1911
    2077
    1963
    1880
    1967
    1884
    1919
    1969
    1974
    1940
    1983
    2040
    2095
    2004
    2120
    2100
    2119
    2075
    2109
    2061
    2178
    2161
    2175
    2249
    2131
    2078
    2156
    2155
    2150
    2153
    2151
    2193
    2170
    2196
    2193
    2160
    2216
    2216
    2121
    2201
    2241
    2167
    2155
    2235
    2205
    2226
    2101
    2242
    2259
    2156
    2191
    2212
    2108
    2287
    2203
    2194
    2231
    2288
    2197
    2236
    2192
    2152
    2267
    2155
    2251
    2201
    2308
    2191
    2115
    2186
    2117
    2169
    2151
    2092
    2209
    2245
    2142
    2206
    2196
    2151
    2165
    2144
    2126
    2110
    2225
    2243
    2181
    2187
    2209
    2228
    2265
    2141
    2147
    2174
    2137
    2234
    2150
    2158
    2251
    2188
    2207
    2234
    2203
    2273
    2252
    2315
    2269
    2183
    2270
    2234
    2318
    2303
    2405
    2285
    2335
    2328
    2463
    2369
    2457
    2372
    2364
    2467
    2432
    2395
    2468
    2433
    2340
    2365
    2559
    2490
    2449
    2501
    2550
    2495
    2568
    2508
    2526
    2596
    2585
    2545
    2664
    2662
    2682
    2655
    2831
    2777
    2763
    2714
    2836
    2843
    2773
    2888
    2727
    2892
    2930
    2918
    2969
    2925
    2946
    2935
    3023
    2980
    3006
    3171
    3178
    3066
    3184
    3059
    3210
    3175
    3252
    3238
    3303
    3289
    3218
    3322
    3281
    3355
    3441
    3462
    3512
    3403
    3553
    3500
    3520
    3723
    3624
    3629
    3677
    3636
    3778
    3746
    3819
    3903
    3898
    3999
    3955
    4039
    4058
    4013
    4087
    4130
    4157
    4209
    4035
    4282
    4404
    4285
    4459
    4454
    4511
    4637
    4612
    4486
    4574
    4668
    4790
    4658
    4826
    4837
    4625
    4776
    4987
    5004
    4965
    5094
    5100
    5239
    5226
    5223
    5291
    5403
    5258
    5427
    5507
    5661
    5532
    5685
    5729
    5608
    5812
    5954
    5892
    5979
    6163
    6170
    6183
    6268
    6395
    6269
    6375
    6434
    6497
    6597
    6614
    6745
    6735
    6943
    6982
    6988
    7060
    7129
    7106
    7244
    7241
    7472
    7501
    7634
    7644
    7632
    7652
    7861
    7993
    8034
    7999
    8217
    8213
    8282
    8391
    8486
    8594
    8640
    8822
    8955
    8766
    9156
    9083
    9269
    9360
    9370
    9503
    9603
    9691
    9690
    9967
   10050
   10109
   10347
   10285
   10593
   10689
   10755
   10741
   10986
   11060
   11226
   11260
   11612
   11627
   11649
   11795
   11893
   12186
   12404
   12201
   12685
   12552
   13059
   13037
   13224
   13442
   13438
   13822
   13839
   14153
   14317
   14275
   14783
   14738
   14973
   15094
   15504
   15314
   15671
   16045
   16125
   16377
   16471
   16989
   17102
   17125
   17539
   17662
   18013
   18316
   18478
   18872
   19411
   19357
   19605
   20192
   20323
   20696
   20987
   21536
   21729
   21942
   22419
   22448
   22995
   23240
   23628
   24039
   24750
   25088
       0
       0
       0
       0
       0
       0
       0
       0
       0
       0
       0
       0
       0
       0
       0
       0
       0
       0
       0
       0
       0
       0
       0
       0
       0
       0
       0
       0
       0
       0
       0
       0
$ROI:
0
$PRESETS:
None
0
0
$ENER_FIT:
-0.169488 0.023446
$MCA_CAL:
3
-1.694878E-001 2.344633E-002 0.000000E+000 keV
$SHAPE_CAL:
3
0.000000E+000 0.000000E+000 0.000000E+000
