$SPEC_ID:
No sample description was entered.
$SPEC_REM:
DET# 4
DETDESC# JLAB-20 MCB 131
AP# Maestro Version 7.01
$DATE_MEA:
10/01/2025 00:26:44
$MEAS_TIM:
128762 131880
$DATA:
0 2047
       0
       0
       0
       0
       0
       0
       0
       0
       0
       0
       0
       0
       0
       0
       0
       0
       0
       0
       0
       0
       0
       0
       0
       0
       0
       0
       0
       0
       0
       0
       0
       0
       0
       0
       0
       0
       0
       0
       0
       0
       0
       0
       0
       0
       0
       0
       0
       0
       0
       0
       0
       1
       2
       0
       1
       1
       0
       1
       0
       0
       0
       0
       0
       1
       0
       1
       1
       1
       1
     494
   14522
   14677
   13823
   13402
   13170
   12626
   12387
   12366
   12147
   11992
   11824
   11731
   11603
   11562
   11389
   11302
   11119
   10896
   10874
   11076
   10844
   10467
   10598
   10442
   10319
   10122
   10199
   10284
   10052
   10097
    9932
    9910
    9780
    9919
    9579
    9461
    9501
    9453
    9418
    9232
    9183
    9181
    9248
    9154
    8938
    9042
    8875
    8877
    8804
    8590
    8683
    8595
    8599
    8525
    8412
    8432
    8595
    8350
    8281
    8115
    8348
    8220
    7921
    8074
    7993
    8064
    7989
    8071
    7825
    7815
    7898
    7814
    7701
    7662
    7674
    7601
    7683
    7837
    7594
    7755
    7510
    7633
    7412
    7562
    7359
    7314
    7350
    7395
    7388
    7295
    7288
    7115
    7210
    7193
    7258
    7063
    7149
    7158
    7030
    7078
    6974
    6943
    7041
    6904
    7056
    7006
    6910
    6948
    6919
    6896
    6790
    6808
    6896
    6798
    6730
    6820
    6708
    6758
    6777
    6716
    6657
    6699
    6596
    6779
    6824
    6619
    6716
    6528
    6618
    6684
    6562
    6620
    6600
    6628
    6458
    6378
    6441
    6485
    6424
    6444
    6461
    6514
    6535
    6438
    6565
    6397
    6441
    6536
    6418
    6474
    6603
    6458
    6476
    6593
    6439
    6392
    6357
    6393
    6466
    6433
    6397
    6363
    6341
    6471
    6444
    6324
    6331
    6421
    6258
    6316
    6348
    6309
    6405
    6216
    6408
    6374
    6305
    6348
    6450
    6320
    6415
    6343
    6380
    6386
    6368
    6416
    6419
    6498
    6454
    6460
    6384
    6288
    6498
    6513
    6521
    6505
    6444
    6620
    6635
    6571
    6474
    6472
    6602
    6605
    6566
    6474
    6623
    6645
    6512
    6571
    6536
    6602
    6719
    6734
    6590
    6542
    6691
    6622
    6647
    6674
    6693
    6592
    6684
    6723
    6664
    6767
    6763
    6814
    6872
    6967
    7064
    7239
    7259
    7491
    7719
    7935
    8192
    8864
    9318
   10056
   10819
   11659
   13013
   14202
   15735
   17587
   19841
   22171
   24716
   27471
   30763
   34325
   37585
   41508
   46209
   50168
   54335
   58471
   62251
   66844
   70961
   74887
   78964
   82230
   85723
   88759
   90854
   93985
   95124
   97245
   98379
   99733
  101006
  102002
  101452
  102029
  101921
  101607
  101346
  100486
   99647
   98931
   97854
   96809
   95664
   94334
   92492
   91140
   89070
   87531
   85770
   83651
   81583
   79965
   77169
   74643
   72518
   70671
   67841
   65442
   62842
   60740
   58474
   55920
   53645
   51111
   48815
   46531
   44422
   42552
   40447
   38925
   36682
   35475
   33858
   32851
   31621
   30468
   29269
   28804
   27810
   26634
   26029
   25048
   24283
   23333
   22724
   21903
   20878
   20152
   19557
   18613
   17987
   16914
   16136
   15238
   14740
   13756
   13130
   12167
   11414
   10872
   10002
    9576
    8856
    8264
    7826
    7395
    7006
    6341
    6145
    5704
    5523
    5337
    5266
    5056
    4744
    4568
    4568
    4484
    4445
    4372
    4445
    4492
    4353
    4372
    4240
    4389
    4350
    4307
    4214
    4370
    4285
    4393
    4256
    4323
    4377
    4406
    4114
    4326
    4293
    4363
    4304
    4148
    4223
    4116
    4181
    4189
    4219
    4231
    4070
    4159
    4168
    4083
    4051
    4098
    4107
    3969
    3972
    3952
    4025
    4031
    4026
    3966
    3973
    3941
    3895
    3888
    3982
    3863
    3892
    3798
    3973
    3896
    3829
    3776
    3827
    3892
    3711
    3864
    3850
    3679
    3779
    3786
    3625
    3704
    3716
    3769
    3733
    3657
    3762
    3768
    3747
    3641
    3708
    3851
    3684
    3651
    3609
    3672
    3701
    3622
    3742
    3752
    3697
    3690
    3771
    3677
    3577
    3589
    3754
    3786
    3757
    3666
    3712
    3709
    3706
    3661
    3682
    3762
    3756
    3681
    3828
    3767
    3683
    3764
    3744
    3703
    3700
    3652
    3706
    3698
    3692
    3577
    3736
    3731
    3606
    3713
    3690
    3643
    3715
    3686
    3666
    3635
    3627
    3549
    3532
    3575
    3595
    3525
    3392
    3515
    3462
    3512
    3426
    3476
    3417
    3347
    3431
    3381
    3423
    3305
    3382
    3387
    3331
    3354
    3441
    3348
    3388
    3434
    3361
    3288
    3329
    3298
    3249
    3244
    3321
    3253
    3188
    3166
    3220
    3201
    3179
    3294
    3226
    3159
    3208
    3116
    3219
    3215
    3226
    3260
    3208
    3240
    3254
    3267
    3140
    3197
    3105
    3141
    3154
    3170
    3143
    3132
    3204
    3176
    3129
    3258
    3254
    3231
    3191
    3225
    3106
    3232
    3172
    3182
    3196
    3177
    3221
    3128
    3130
    3097
    3117
    3278
    3250
    3159
    3162
    3274
    3126
    3185
    3203
    3146
    3113
    3077
    3156
    3143
    3190
    3136
    3187
    3053
    3178
    3112
    3132
    3043
    3059
    3100
    3130
    3021
    3081
    3069
    3043
    3091
    3079
    3082
    3079
    3036
    3036
    3017
    3045
    3045
    3090
    2998
    3097
    3085
    3060
    3036
    2995
    2992
    3011
    3163
    2994
    2952
    3059
    2993
    3080
    2949
    3069
    2926
    3002
    3080
    2976
    2978
    2993
    3055
    3070
    3100
    2987
    3067
    2920
    3023
    2943
    3043
    3045
    2918
    2982
    2891
    3030
    2918
    2977
    3062
    3049
    3021
    2902
    2982
    2918
    2965
    3011
    2996
    3050
    2966
    3004
    2962
    2988
    2986
    3004
    2990
    2866
    2980
    2967
    2842
    2932
    2914
    2844
    2838
    2957
    2874
    2898
    2842
    2888
    2879
    2827
    2884
    2951
    2939
    2993
    2917
    2916
    2959
    2869
    2880
    2833
    2918
    2863
    2960
    2883
    2875
    2877
    2796
    2820
    2819
    2899
    2825
    2917
    2938
    2869
    2822
    2822
    2806
    2832
    2847
    2779
    2827
    2821
    2807
    2799
    2795
    2795
    2836
    2857
    2832
    2796
    2793
    2712
    2799
    2702
    2679
    2771
    2701
    2808
    2767
    2800
    2642
    2853
    2697
    2871
    2748
    2846
    2729
    2796
    2762
    2714
    2707
    2724
    2707
    2748
    2753
    2800
    2723
    2684
    2663
    2709
    2673
    2765
    2786
    2731
    2828
    2666
    2784
    2651
    2703
    2780
    2637
    2690
    2680
    2688
    2639
    2670
    2674
    2614
    2684
    2714
    2679
    2678
    2757
    2709
    2678
    2737
    2692
    2679
    2652
    2626
    2698
    2708
    2715
    2803
    2694
    2723
    2735
    2725
    2666
    2672
    2672
    2652
    2646
    2697
    2561
    2658
    2683
    2726
    2569
    2702
    2643
    2642
    2695
    2536
    2636
    2677
    2637
    2674
    2720
    2674
    2594
    2586
    2674
    2651
    2693
    2670
    2688
    2671
    2651
    2626
    2743
    2598
    2647
    2602
    2651
    2677
    2618
    2602
    2551
    2603
    2593
    2696
    2649
    2659
    2592
    2570
    2605
    2596
    2610
    2584
    2569
    2603
    2624
    2593
    2569
    2571
    2665
    2542
    2626
    2550
    2543
    2635
    2669
    2618
    2603
    2638
    2515
    2585
    2603
    2564
    2710
    2588
    2540
    2550
    2600
    2588
    2645
    2683
    2674
    2741
    2732
    2633
    2646
    2768
    2674
    2658
    2658
    2686
    2641
    2639
    2690
    2664
    2633
    2637
    2616
    2680
    2616
    2655
    2673
    2734
    2570
    2731
    2581
    2675
    2639
    2629
    2551
    2617
    2564
    2580
    2526
    2558
    2611
    2595
    2636
    2585
    2682
    2613
    2574
    2681
    2628
    2500
    2519
    2540
    2510
    2570
    2602
    2552
    2545
    2523
    2576
    2583
    2613
    2644
    2546
    2463
    2545
    2513
    2644
    2545
    2515
    2513
    2498
    2484
    2523
    2586
    2597
    2447
    2505
    2509
    2599
    2579
    2500
    2568
    2586
    2629
    2500
    2598
    2598
    2610
    2636
    2611
    2577
    2747
    2622
    2593
    2669
    2583
    2612
    2644
    2747
    2635
    2657
    2660
    2645
    2637
    2709
    2583
    2606
    2692
    2629
    2693
    2680
    2716
    2643
    2648
    2708
    2617
    2691
    2705
    2628
    2662
    2795
    2701
    2662
    2634
    2563
    2609
    2608
    2564
    2724
    2595
    2562
    2583
    2677
    2657
    2628
    2689
    2693
    2632
    2651
    2625
    2631
    2636
    2591
    2647
    2651
    2636
    2577
    2558
    2610
    2684
    2593
    2637
    2622
    2632
    2528
    2600
    2500
    2563
    2578
    2519
    2569
    2494
    2556
    2502
    2560
    2548
    2502
    2423
    2528
    2541
    2413
    2469
    2502
    2628
    2567
    2521
    2540
    2569
    2552
    2688
    2601
    2570
    2626
    2649
    2595
    2681
    2670
    2642
    2708
    2787
    2785
    2769
    2792
    2831
    2805
    2828
    2838
    2811
    2933
    2936
    2755
    2883
    2923
    2828
    2899
    2812
    2911
    2913
    2829
    2880
    2820
    2760
    2902
    2856
    2818
    2774
    2727
    2855
    2696
    2646
    2745
    2634
    2687
    2740
    2705
    2620
    2581
    2676
    2550
    2511
    2586
    2623
    2504
    2403
    2404
    2393
    2454
    2481
    2398
    2335
    2474
    2399
    2406
    2424
    2304
    2252
    2315
    2433
    2329
    2242
    2291
    2283
    2334
    2356
    2258
    2295
    2329
    2322
    2350
    2295
    2316
    2318
    2278
    2270
    2364
    2268
    2299
    2339
    2260
    2334
    2345
    2333
    2325
    2319
    2313
    2313
    2336
    2248
    2285
    2300
    2299
    2319
    2310
    2235
    2215
    2299
    2415
    2321
    2300
    2389
    2377
    2386
    2351
    2334
    2333
    2337
    2328
    2482
    2305
    2345
    2289
    2392
    2389
    2292
    2271
    2329
    2320
    2328
    2324
    2306
    2373
    2398
    2359
    2315
    2403
    2410
    2201
    2359
    2326
    2328
    2329
    2383
    2402
    2341
    2392
    2354
    2379
    2467
    2359
    2337
    2326
    2401
    2406
    2348
    2306
    2406
    2368
    2512
    2394
    2374
    2397
    2306
    2359
    2385
    2448
    2477
    2388
    2367
    2367
    2428
    2503
    2395
    2460
    2443
    2444
    2420
    2420
    2456
    2456
    2409
    2371
    2386
    2330
    2439
    2412
    2334
    2391
    2316
    2341
    2332
    2375
    2330
    2427
    2347
    2344
    2370
    2352
    2398
    2282
    2301
    2317
    2463
    2339
    2403
    2415
    2368
    2378
    2321
    2351
    2385
    2301
    2311
    2424
    2381
    2343
    2286
    2335
    2379
    2331
    2273
    2247
    2319
    2320
    2372
    2409
    2358
    2306
    2326
    2366
    2339
    2255
    2357
    2254
    2343
    2377
    2331
    2312
    2342
    2246
    2381
    2303
    2297
    2345
    2436
    2377
    2372
    2353
    2321
    2377
    2342
    2433
    2323
    2309
    2426
    2319
    2429
    2442
    2403
    2426
    2357
    2426
    2330
    2430
    2361
    2384
    2363
    2426
    2424
    2402
    2498
    2466
    2410
    2446
    2385
    2448
    2475
    2508
    2462
    2365
    2460
    2426
    2466
    2442
    2432
    2427
    2407
    2483
    2489
    2504
    2402
    2339
    2504
    2447
    2505
    2402
    2465
    2431
    2500
    2510
    2509
    2412
    2492
    2459
    2491
    2508
    2477
    2446
    2527
    2509
    2524
    2529
    2530
    2571
    2528
    2537
    2491
    2456
    2547
    2544
    2501
    2539
    2534
    2548
    2584
    2556
    2533
    2669
    2630
    2608
    2564
    2459
    2525
    2581
    2539
    2583
    2555
    2530
    2642
    2593
    2424
    2600
    2541
    2563
    2654
    2509
    2516
    2578
    2596
    2646
    2585
    2690
    2568
    2582
    2597
    2596
    2632
    2585
    2643
    2605
    2594
    2570
    2674
    2636
    2612
    2599
    2673
    2663
    2669
    2669
    2629
    2714
    2670
    2757
    2710
    2734
    2629
    2607
    2712
    2765
    2851
    2792
    2758
    2768
    2752
    2825
    2784
    2824
    2782
    2758
    2820
    2892
    2733
    2800
    2856
    2857
    2805
    2777
    2826
    2906
    2837
    2934
    2993
    2887
    2855
    2832
    2919
    2836
    3000
    2971
    2869
    2915
    3045
    2920
    3028
    2923
    3037
    2916
    2971
    3098
    3050
    3201
    3097
    3092
    3142
    3137
    3141
    3060
    3166
    3105
    3085
    3079
    3259
    3128
    3234
    3142
    3124
    3242
    3244
    3280
    3292
    3187
    3266
    3310
    3303
    3344
    3437
    3353
    3285
    3481
    3464
    3440
    3455
    3378
    3471
    3503
    3396
    3472
    3468
    3556
    3494
    3547
    3541
    3498
    3825
    3573
    3635
    3684
    3701
    3725
    3849
    3678
    3729
    3855
    3845
    3761
    3904
    4008
    3943
    3928
    3975
    4090
    3942
    3918
    4126
    4106
    4039
    4188
    4231
    4127
    4043
    4195
    4362
    4241
    4200
    4293
    4355
    4399
    4291
    4463
    4454
    4502
    4583
    4587
    4552
    4665
    4741
    4775
    4698
    4721
    4885
    4810
    4829
    4810
    4984
    4963
    4970
    4944
    5025
    4950
    5085
    5021
    5159
    5193
    5204
    5276
    5341
    5209
    5299
    5217
    5455
    5360
    5535
    5474
    5639
    5592
    5673
    5619
    5647
    5619
    5747
    5882
    5785
    5966
    5964
    5943
    5958
    5971
    6055
    6122
    6344
    6121
    6082
    6302
    6167
    6177
    6275
    6333
    6420
    6288
    6501
    6495
    6521
    6571
    6667
    6627
    6578
    6675
    6550
    6632
    6763
    6859
    6854
    6801
    6802
    6846
    6919
    6843
    7022
    6810
    6957
    6930
    6925
    7039
    6938
    7066
    6996
    7036
    7015
    7004
    7006
    7018
    7072
    7144
    6990
    6764
    7088
    7012
    6918
    7007
    7074
    6877
    7007
    7001
    7026
    6961
    7165
    7177
    6930
    6967
    6984
    6971
    6956
    7098
    6868
    6976
    7072
    6855
    7009
    6754
    7031
    6748
    6912
    7024
    6968
    6949
    6955
    7048
    7062
    6967
    6966
    6915
    6921
    7081
    6871
    7071
    6851
    7034
    7087
    7132
    6911
    7002
    6908
    6972
    6922
    7054
    7059
    7083
    7071
    7067
    7146
    7172
    7161
    7312
    7250
    7208
    7046
    7292
    7256
    7475
    7368
    7348
    7337
    7451
    7499
    7522
    7522
    7608
    7580
    7628
    7763
    7756
    7811
    7770
    7764
    7695
    7848
    7907
    7965
    7996
    8028
    7924
    8046
    8288
    8275
    8262
    8202
    8398
    8259
    8422
    8449
    8511
    8624
    8805
    8774
    8678
    8753
    8908
    8926
    8888
    9091
    8894
    9131
    9375
    9391
    9305
    9366
    9422
    9437
    9534
    9650
    9718
    9999
   10004
    9903
    9892
    9786
   10361
   10135
   10293
   10310
   10361
   10449
   10475
   10673
   10519
   10635
   10836
   11044
   11012
   10926
   11204
   11198
   11444
   11657
   11611
   11770
   11811
   11872
   11928
   11911
   12145
   12330
   12329
   12690
   12725
   12627
   12804
   12910
   13081
   13148
   13298
   13254
   13239
   13517
   13921
   13605
   14146
   14027
   14237
   14618
   14372
   14491
   14562
   14766
   15069
   15065
   15151
   15484
   15187
   15628
   15908
   16022
   15930
   16196
   16527
   16580
   16836
   16912
   16816
   17058
   17054
   17282
   17378
   17902
   17730
   18215
   18217
   18402
   18603
   18920
   18994
   19198
   19312
   19529
   19444
   20159
   20151
   19987
   20354
   20452
   20735
   20840
   21324
   21357
   21463
   21779
   22217
   22352
   22538
   22520
   22585
   23275
   23416
   23643
   23810
   24072
   24450
   24484
   24673
   25093
   25330
   25462
   25940
   26059
   26043
   26679
   26570
   26957
   27314
   27428
   27680
   28132
   28016
   29045
   29100
   29526
   29623
   29808
   30459
   30426
   30867
   31398
   31596
   31743
   32192
   32482
   33087
   33737
   34035
   34259
   34605
   34816
   35376
   35814
   35955
   36416
   36916
   37418
   37556
   38302
   38726
   39192
   39452
   40116
   40631
   41471
   41710
   41996
   42455
   43031
   43709
   43887
   44918
   45479
   45632
   46844
   46991
   47354
   48005
   48749
   49796
   50207
   50896
   51315
   52145
   52617
   53538
   54220
   54760
   55820
   56681
   57394
   58513
   59019
   60184
   61050
   61674
   62587
   63659
   64890
   65470
   66696
   67520
   69316
   69491
   71174
   71832
   73366
   74484
   74846
   76700
   78483
   79318
       0
       0
       0
       0
       0
       0
       0
       0
       0
       0
       0
       0
       0
       0
       0
       0
       0
       0
       0
       0
       0
       0
       0
       0
       0
       0
       0
       0
       0
       0
       0
       0
$ROI:
0
$PRESETS:
None
0
0
$ENER_FIT:
-0.169488 0.023446
$MCA_CAL:
3
-1.694878E-001 2.344633E-002 0.000000E+000 keV
$SHAPE_CAL:
3
0.000000E+000 0.000000E+000 0.000000E+000
