$SPEC_ID:
No sample description was entered.
$SPEC_REM:
DET# 4
DETDESC# JLAB-20 MCB 131
AP# Maestro Version 7.01
$DATE_MEA:
09/29/2025 09:51:28
$MEAS_TIM:
69 75
$DATA:
0 2047
       0
       0
       0
       0
       0
       0
       0
       0
       0
       0
       0
       0
       0
       0
       0
       0
       0
       0
       0
       0
       0
       0
       0
       0
       0
       0
       0
       0
       0
       0
       0
       0
       0
       0
      18
     179
     200
     171
     190
     163
     140
     139
     139
     124
     139
     146
     165
     137
     102
     123
      86
     131
     113
     127
     102
     102
      90
     107
      98
      89
      90
      78
      88
      88
      93
      89
      76
      89
      79
      70
      85
      84
      66
      65
      80
      64
      59
      62
      74
      63
      75
      58
      60
      70
      63
      51
      57
      70
      38
      49
      58
      44
      49
      58
      48
      32
      45
      50
      52
      45
      39
      54
      61
      41
      44
      61
      40
      35
      39
      42
      49
      40
      45
      43
      31
      38
      49
      30
      48
      27
      38
      44
      29
      37
      28
      39
      40
      31
      37
      33
      33
      33
      31
      26
      28
      36
      47
      36
      29
      36
      31
      39
      33
      23
      29
      43
      37
      28
      27
      30
      27
      28
      19
      29
      28
      31
      25
      21
      34
      38
      19
      27
      22
      28
      24
      26
      22
      27
      24
      25
      24
      21
      25
      31
      23
      27
      22
      28
      22
      22
      30
      26
      32
      28
      39
      23
      22
      18
      15
      28
      19
      19
      29
      25
      21
      22
      22
      17
      30
      19
      25
      25
      23
      24
      24
      27
      26
      26
      31
      13
      34
      19
      29
      43
      31
      29
      45
      51
      37
      36
      34
      39
      26
      25
      39
      38
      32
      32
      38
      41
      35
      40
      50
      41
      52
      56
      61
      78
      86
      74
      70
     107
     118
     137
     120
     134
     129
     142
     134
     159
     153
     151
     165
     164
     160
     168
     167
     197
     184
     196
     238
     256
     281
     321
     348
     414
     471
     538
     606
     564
     603
     622
     676
     677
     631
     662
     662
     564
     598
     618
     540
     503
     434
     389
     361
     335
     277
     278
     242
     203
     211
     139
     139
     106
      82
      72
      45
      43
      34
      31
      37
      39
      36
      45
      25
      29
      33
      46
      56
      44
      50
      33
      33
      44
      55
      52
      56
      58
      42
      50
      46
      61
      55
      65
      45
      76
      68
      89
      98
     110
      96
     131
     103
     126
     151
     140
     160
     146
     148
     164
     145
     148
     140
     153
     121
     106
     129
     115
     125
      93
      80
      90
      74
      88
      59
      66
      56
      40
      45
      29
      43
      36
      22
      17
      27
      20
      22
      24
      20
      24
      17
      20
      23
      24
      28
      19
      16
      22
      13
      18
      18
      14
      10
      18
      25
      23
      10
      22
      20
      13
      19
      18
      26
      30
      18
      33
      19
      30
      20
      16
      22
      24
      24
      32
      30
      23
      18
      10
      24
      24
      17
      18
      25
      21
      22
      33
      32
      30
      26
      25
      30
      28
      25
      38
      30
      32
      40
      31
      26
      40
      29
      51
      37
      44
      44
      37
      47
      49
      45
      43
      53
      55
      54
      47
      48
      62
      59
      57
      86
      65
      73
      79
      79
      77
      76
     102
      86
      93
      94
      95
     100
     102
     115
     115
     140
     143
     164
     172
     177
     233
     234
     268
     297
     338
     408
     499
     676
     792
    1014
    1313
    1649
    2133
    2648
    3285
    3947
    4700
    5611
    6412
    7451
    8061
    8687
    9267
   10108
   10403
   10518
   10586
   10366
   10342
    9702
    9468
    9230
    8260
    8014
    7363
    6464
    5987
    5350
    4659
    4109
    3627
    3059
    2564
    2189
    1746
    1351
    1072
     799
     608
     455
     312
     253
     163
     153
     111
     106
      87
      74
      74
      79
      76
      74
     102
      86
      83
     100
     114
     146
     120
     158
     164
     204
     247
     298
     416
     496
     594
     741
     896
    1098
    1200
    1487
    1721
    1914
    2140
    2274
    2300
    2580
    2477
    2657
    2657
    2671
    2591
    2543
    2440
    2279
    2176
    2118
    1896
    1863
    1731
    1595
    1433
    1233
    1113
     924
     836
     722
     649
     584
     477
     340
     313
     257
     229
     184
     145
     112
      94
      76
      60
      41
      33
      29
      25
      22
       7
       9
       7
       5
      13
       9
       9
       9
      11
       9
       1
      11
       5
      10
      12
      10
       9
       6
       7
      11
       6
       1
      12
       4
       6
       3
       6
       6
       3
       8
       7
       7
       7
       3
       8
       6
      10
       7
       7
       8
      12
       3
       7
       3
       2
       4
      11
       9
       8
       5
       4
       7
      11
      11
       7
      11
       8
       7
       9
       5
       4
      11
      11
       6
       9
       5
       8
       7
      12
       9
       9
       1
       7
       6
       8
       6
       6
       5
       7
      11
       8
      11
      10
       7
      10
       3
      12
      10
       4
      14
       8
       7
      13
       9
       9
      11
      11
      10
      15
       8
       8
      17
      17
      12
      16
      17
       7
      12
      16
      12
       9
      16
      13
      14
      22
      10
      10
      15
      18
      17
      13
      15
      13
      13
      17
       8
       8
      13
      13
      19
       8
      18
      18
      16
      24
       9
      19
      15
      25
      14
      22
      13
      27
      24
      14
      16
      16
      19
      11
      20
      19
      16
      20
      13
      17
      14
      14
      17
      14
      17
      22
      14
      21
      19
      23
      23
      20
      16
      21
      20
      22
      19
      21
      20
      21
      26
      18
      22
      13
      13
      13
      17
      17
      13
      13
      12
      19
      20
      14
      27
      15
      20
      11
       8
      19
      22
      15
      13
      16
      17
      17
      18
      16
      20
      14
      19
      22
      15
      12
      17
      12
      15
      12
      10
       8
      18
      13
      18
      11
      22
      19
      10
      10
      15
      17
      13
      18
      21
      17
      21
      20
       9
      16
      17
      15
      14
      23
       8
      14
      21
      14
      20
      24
      16
      13
      21
      22
      13
      21
      17
      16
      21
      15
      14
      19
      10
      17
      13
      20
      16
      12
      13
      17
      10
      18
      17
      19
      19
      17
      28
      19
      18
      21
      22
      16
      24
      16
      14
      12
      15
      16
      15
      22
      24
      15
      24
      23
      15
      12
      16
      19
      22
      29
      28
      22
      22
      20
      21
      19
      16
      15
      28
      22
      16
      19
      26
      16
      19
      22
      19
      19
      23
      23
      23
      15
      15
      21
      21
      24
      18
      20
      15
      26
      27
      39
      10
      24
      22
      19
      17
      23
      28
      18
      14
      35
      23
      28
      19
      17
      14
      26
      28
      20
      25
      16
      27
      27
      14
      19
      23
      23
      25
      27
      25
      28
      27
      30
      28
      29
      23
      33
      28
      30
      35
      27
      29
      35
      37
      39
      40
      45
      29
      37
      28
      26
      37
      31
      35
      37
      34
      45
      38
      38
      48
      45
      43
      47
      40
      56
      55
      50
      48
      39
      45
      45
      41
      39
      47
      31
      35
      53
      35
      43
      47
      33
      30
      33
      45
      32
      41
      37
      43
      27
      34
      31
      26
      32
      39
      25
      50
      39
      33
      41
      35
      33
      29
      53
      34
      38
      35
      23
      48
      46
      41
      46
      44
      40
      45
      41
      48
      50
      50
      55
      56
      63
      46
      65
      56
      64
      65
      71
      60
      62
      60
      68
      54
      72
      48
      74
      59
      81
      60
      74
      64
      69
      74
      68
      78
      70
      72
      84
      79
      78
      85
      84
      99
      85
      97
     115
      86
     102
     105
     151
     104
     115
     128
     107
     146
     135
     133
     136
     135
     149
     156
     161
     163
     168
     197
     176
     195
     204
     203
     188
     211
     201
     195
     190
     203
     200
     217
     230
     200
     212
     224
     208
     204
     210
     189
     189
     217
     164
     205
     176
     185
     197
     183
     175
     164
     147
     137
     192
     157
     154
     128
     157
     137
     117
     112
     133
     118
     102
     116
     109
     121
      96
      98
      99
      94
     113
      82
      77
      87
      97
      77
      70
      83
      73
      78
      86
      83
      67
      69
      64
      72
      77
      68
      66
      60
      76
      60
      51
      65
      59
      52
      53
      48
      53
      57
      58
      58
      55
      53
      59
      49
      52
      42
      52
      40
      44
      55
      65
      49
      50
      57
      58
      45
      49
      73
      53
      42
      62
      45
      35
      46
      48
      51
      39
      37
      51
      58
      54
      48
      45
      55
      48
      42
      48
      46
      45
      43
      60
      42
      49
      43
      39
      44
      47
      53
      41
      49
      38
      38
      46
      49
      53
      46
      40
      44
      48
      46
      50
      28
      38
      39
      36
      48
      44
      53
      42
      34
      43
      49
      45
      40
      40
      38
      45
      44
      41
      39
      39
      40
      47
      47
      46
      26
      33
      33
      40
      36
      36
      32
      37
      34
      40
      37
      24
      44
      29
      38
      37
      37
      28
      37
      45
      26
      24
      28
      28
      20
      38
      28
      28
      26
      24
      22
      32
      24
      27
      30
      23
      42
      27
      30
      30
      30
      29
      30
      29
      28
      40
      31
      29
      26
      39
      32
      26
      46
      39
      59
      54
      70
      61
     108
     109
     144
     177
     222
     272
     315
     345
     373
     366
     433
     444
     476
     453
     491
     453
     512
     490
     455
     434
     429
     405
     400
     299
     288
     259
     238
     203
     196
     154
     113
     121
      94
      71
      60
      34
      39
      22
       7
      13
       8
      11
       9
       7
       1
       3
       7
       1
       5
       1
       4
       3
       2
       4
       2
       5
       3
       6
       3
       6
      11
       7
       5
       7
       8
       2
       1
       5
       6
       5
       5
       9
       3
       3
       4
       2
       5
      10
       4
       4
       5
       4
       1
       6
       3
       3
       4
       7
       4
       5
       3
       4
       5
       3
       2
       1
       0
       5
       4
       5
       1
       1
       1
       5
       7
       5
       6
       3
       4
       4
       4
       2
       5
       5
       4
       6
       4
       3
       3
       5
       4
       1
       2
       2
       6
       4
       6
       8
       3
       3
       8
       1
       6
       4
       2
       6
       3
       6
       5
       9
       7
       3
       1
       4
       0
       5
       7
       7
       6
       7
       2
       6
       2
       6
       2
       3
       1
       4
       1
       4
       4
       4
       4
       1
       6
       1
      10
       3
       2
       6
       6
       3
       5
       3
       6
       6
       5
       3
       7
       7
       8
       5
       7
       8
       3
       6
       6
       4
       6
       8
       7
       8
       4
       2
       4
       4
       4
       7
       9
       5
       3
       8
       3
       1
       5
       3
      10
       2
       2
       5
       6
       3
       3
       8
       4
       8
       8
       9
       7
       4
       3
       3
       9
       5
       5
       4
       5
       4
      12
       2
       9
       6
       6
       4
       3
       5
       5
       9
       6
       5
       4
       6
      12
       4
       4
       5
      11
       7
       1
       8
       3
       8
       5
       6
       4
       4
       6
       3
       2
       2
       5
       9
       9
       5
       5
       4
       4
       7
       7
       6
       8
       4
       4
       4
       4
       7
       5
       4
       6
       6
       6
       9
       7
       4
       2
       5
       7
       4
       3
       6
       1
       5
       8
       7
       2
       3
       6
       5
       7
       2
       5
       8
       6
       2
       6
       2
       6
       5
       5
       9
       7
       3
       7
       3
       5
       5
       3
      10
       3
       5
       4
       7
       4
       4
       5
       5
       3
       4
       6
       3
       6
       3
       7
       6
       3
       0
       4
       3
       3
       3
       7
       8
       5
       3
       2
       7
       6
       8
       5
       5
       7
       7
       3
       5
       6
       2
       4
       7
       5
       3
       4
       7
      10
       3
       7
       5
       2
      10
       3
       8
       7
       8
       3
       3
       6
       7
       3
       1
       1
       3
       7
       3
       5
       4
       5
       5
       1
       5
       6
       5
       2
       4
       4
       0
       5
       1
       6
       5
       5
       3
       4
       4
       6
       3
       7
       6
       3
       4
       4
       1
       6
       3
       6
       5
       1
       4
       5
       4
       4
       3
       3
       5
       8
       6
       6
       4
       3
       8
       6
       3
       1
       2
       6
       3
       4
       3
       2
       6
       1
       5
       5
       2
       3
       5
       7
       5
       2
       2
       4
       2
       4
       4
       6
       2
       8
       2
       6
       5
       5
       5
       4
       5
       3
       1
       3
       5
       4
       4
       2
       2
       5
       2
       3
       4
       0
       7
       8
       1
       4
       5
       2
       5
       3
       5
       5
       3
       4
       3
       7
       1
       4
       5
       5
       8
       5
       7
       6
       3
       2
       3
       4
       2
       6
       3
       5
       3
       6
       4
       3
       3
       6
       8
       3
       5
       3
       3
       6
       1
       7
       3
       1
       1
       0
       1
       1
       1
       1
       4
       3
       2
       1
       3
       2
       1
       4
       5
       3
       3
       4
       3
       2
       4
       2
       3
       3
       5
       2
       1
       3
       3
       2
       1
       6
       2
       3
       1
       1
       0
       3
       0
       1
       0
       2
       6
       2
       7
       2
       5
       3
       1
       4
       7
       1
       3
       3
       4
       3
       1
       5
       5
       5
       4
       2
       4
       1
       3
       2
       1
       3
       2
       5
       2
       2
       4
       2
       3
       3
       3
       7
       3
       5
       2
       1
       2
       5
       5
       1
       2
       1
       1
       3
       1
       3
       4
       6
       6
       1
       1
       4
       1
       4
       4
       6
       5
       1
       5
       3
       4
       4
       3
       3
       1
       3
       5
       6
       2
       1
       4
       2
       3
       3
       4
       5
       0
       3
       5
       2
       5
       2
       3
       1
       3
       4
       2
       1
       3
       0
       4
       3
       3
       3
       1
       5
       6
       4
       6
       4
       2
       1
       2
       8
       0
       1
       3
       2
       2
       1
       2
       2
       3
       2
       3
       3
       2
       3
       1
       1
       4
       2
       4
       5
       2
       4
       3
       3
       3
       1
       6
       0
       0
       0
       0
       0
       0
       0
       0
       0
       0
       0
       0
       0
       0
       0
       0
       0
       0
       0
       0
       0
       0
       0
       0
       0
       0
       0
       0
       0
       0
       0
       0
$ROI:
1
542 582
$PRESETS:
None
0
0
$ENER_FIT:
0.013317 0.044626
$MCA_CAL:
3
1.331726E-002 4.462617E-002 0.000000E+000 keV
$SHAPE_CAL:
3
0.000000E+000 0.000000E+000 0.000000E+000
