$SPEC_ID:
No sample description was entered.
$SPEC_REM:
DET# 4
DETDESC# JLAB-20 MCB 131
AP# Maestro Version 7.01
$DATE_MEA:
09/29/2025 11:03:32
$MEAS_TIM:
337 349
$DATA:
0 2047
       0
       0
       0
       0
       0
       0
       0
       0
       0
       0
       0
       0
       0
       0
       0
       0
       0
       0
       0
       0
       0
       0
       0
       0
       0
       0
       0
       0
       0
       0
       0
       0
       0
       0
       0
       0
       0
       0
       0
       0
       0
       0
       0
       0
       0
       0
       0
       0
       0
       0
       0
       0
       0
       0
       0
       0
       0
       0
       0
       0
       0
       0
       0
       0
       0
       0
       0
       0
       0
       4
     134
     166
     184
     170
     175
     147
     145
     148
     147
     175
     151
     139
     168
     134
     138
     156
     157
     144
     143
     121
     140
     127
     119
     136
     131
     150
     117
     132
     124
     117
     127
     128
     149
     114
     167
     128
     146
     125
     124
     127
     123
     119
     123
     109
     122
     115
     117
     107
     107
     121
     100
     115
     124
     112
     108
     120
     114
     102
     110
     122
      99
     117
     110
     141
     116
     114
      96
      95
      91
     111
     105
     108
     105
      97
     105
     108
      95
      95
     111
      92
     100
      86
      93
     106
      96
      84
      77
      81
      98
      82
      91
      91
      99
      98
      86
      98
      90
      80
      82
     101
      89
      90
      99
      91
      84
      90
      75
      84
     107
      92
      82
      90
      70
      83
      70
      89
      82
      90
      92
      92
      88
      83
      83
     100
      75
      84
      89
      79
      80
      90
      82
      74
      69
     107
      81
      89
      95
      89
      95
      88
      66
      69
      71
      84
      85
      80
      70
      85
      75
      73
      82
      89
      77
      85
      69
      88
      78
      72
      98
      72
      77
      95
      70
      71
      78
      74
      85
      68
      76
      79
      85
      79
      76
      90
      75
      83
      82
      76
      79
      78
      56
      71
      73
      71
      74
      72
      63
      60
      89
      86
      67
      90
      69
      73
      75
      64
      75
      80
      72
      87
      67
      79
      69
      78
      68
      61
      69
      84
      72
      61
      85
      71
      81
      75
      74
      84
      72
      61
      80
      67
      91
      65
      80
      69
      70
      66
      73
      72
      73
      91
      73
      62
      76
      67
      61
      75
      65
      69
      88
      69
      75
      92
      72
      66
      61
      68
      75
      74
      70
      79
      60
      73
      80
      75
      77
      69
      63
      87
      84
      61
      71
      75
      64
      73
      82
      66
      78
      75
      65
      85
      71
      76
      87
      74
      76
      78
      65
      72
      69
      57
      72
      77
      77
      72
      92
      67
      70
      68
      66
      63
      69
      90
      80
      73
      77
      81
      82
      64
      82
      65
      81
      68
      66
      83
      74
      84
      71
      71
      68
      75
      72
      82
      82
      77
      72
      67
      75
      85
      76
      95
      84
      70
      90
      92
      89
      77
      73
      87
      93
      83
      81
      69
      84
      85
      95
      88
      88
      84
      95
      86
      99
      84
      87
      83
      81
      88
      86
      92
      92
      95
      95
      91
      81
      89
      94
      88
      97
      92
      96
      89
      80
     108
      85
      91
      92
      85
     115
     104
     107
     103
      98
     113
     126
     138
     140
     119
     112
     151
     159
     130
     163
     161
     169
     147
     170
     134
     159
     158
     167
     175
     173
     202
     188
     197
     219
     241
     246
     235
     289
     315
     343
     313
     348
     341
     359
     354
     387
     326
     356
     360
     331
     354
     324
     296
     302
     260
     273
     216
     236
     191
     196
     158
     140
     156
     146
     128
     136
      99
      83
      73
      94
      83
      83
      77
      70
      78
      65
      64
      70
      64
      65
      57
      59
      74
      60
      61
      66
      71
      50
      80
      75
      68
      68
      64
      69
      62
      83
      69
      67
      61
      60
      73
      53
      62
      67
      79
      72
      66
      71
      56
      62
      83
      79
      88
      86
      72
      66
      79
      80
      96
      81
      73
      81
      80
     101
      88
      95
      85
      92
      94
      90
     123
     135
     114
     121
     125
     128
     130
     139
     132
     161
     135
     131
     147
     115
     132
     116
     148
     121
     133
     133
     117
     132
     135
     156
     135
     135
     118
     147
     149
     133
     130
     125
     143
     138
     105
     136
     121
     134
     154
     121
     157
     132
     145
     147
     159
     174
     177
     173
     151
     167
     199
     227
     201
     197
     223
     233
     236
     240
     271
     251
     280
     266
     303
     341
     378
     367
     404
     360
     417
     418
     414
     452
     469
     471
     484
     461
     427
     513
     525
     531
     524
     521
     511
     592
     512
     557
     557
     537
     572
     562
     540
     613
     559
     575
     592
     575
     601
     624
     621
     620
     664
     621
     644
     644
     660
     728
     742
     682
     744
     702
     763
     727
     787
     813
     898
     963
     993
    1064
    1206
    1346
    1534
    1670
    1986
    2228
    2631
    2922
    3510
    4006
    4623
    5211
    5544
    6383
    7008
    7526
    8084
    8651
    9145
    9499
    9926
   10091
   10160
   10021
    9860
    9788
    9394
    8850
    8607
    7963
    7323
    6811
    6128
    5604
    5011
    4586
    3902
    3363
    2986
    2544
    2158
    1843
    1480
    1230
    1012
     770
     585
     531
     423
     301
     278
     256
     214
     207
     188
     175
     195
     172
     176
     165
     168
     198
     187
     153
     162
     164
     179
     208
     161
     157
     192
     179
     167
     167
     150
     199
     172
     170
     193
     181
     200
     158
     188
     170
     176
     195
     199
     222
     238
     208
     199
     242
     240
     240
     267
     288
     304
     362
     396
     462
     529
     642
     688
     816
    1012
    1086
    1316
    1504
    1596
    1749
    1885
    2055
    2118
    2151
    2168
    2178
    2208
    2158
    2132
    2117
    1958
    2022
    1776
    1717
    1568
    1611
    1374
    1370
    1288
    1231
    1171
    1115
    1010
     888
     919
     847
     733
     754
     631
     616
     513
     523
     438
     449
     396
     332
     306
     295
     255
     255
     198
     183
     147
     147
      95
     100
      84
      57
      70
      54
      56
      50
      48
      47
      45
      53
      51
      41
      59
      43
      43
      34
      41
      47
      36
      33
      39
      40
      45
      46
      40
      46
      50
      42
      42
      44
      46
      36
      44
      45
      32
      44
      49
      31
      40
      37
      41
      45
      44
      43
      38
      52
      38
      41
      48
      42
      36
      48
      38
      36
      36
      46
      52
      42
      51
      34
      49
      46
      43
      44
      55
      41
      44
      39
      34
      38
      28
      40
      40
      35
      45
      36
      43
      40
      41
      35
      45
      46
      30
      44
      31
      33
      50
      51
      38
      45
      39
      37
      41
      45
      41
      40
      46
      41
      44
      46
      37
      43
      41
      38
      31
      41
      53
      34
      51
      38
      42
      43
      39
      45
      48
      45
      31
      38
      34
      44
      38
      35
      31
      48
      45
      36
      42
      29
      47
      53
      50
      47
      28
      48
      54
      36
      40
      41
      38
      43
      47
      48
      53
      40
      46
      45
      46
      55
      40
      31
      47
      40
      41
      38
      45
      40
      47
      49
      51
      43
      33
      47
      48
      44
      53
      41
      47
      46
      34
      55
      59
      42
      52
      48
      41
      41
      44
      35
      57
      47
      43
      48
      49
      44
      57
      42
      47
      47
      43
      48
      53
      45
      51
      47
      38
      52
      55
      59
      55
      55
      48
      49
      39
      42
      42
      47
      35
      50
      56
      54
      39
      53
      46
      46
      43
      63
      43
      48
      57
      43
      45
      42
      52
      46
      44
      51
      56
      41
      51
      52
      50
      59
      56
      58
      51
      54
      60
      64
      44
      52
      43
      47
      40
      63
      45
      45
      35
      58
      54
      39
      45
      45
      57
      63
      62
      58
      47
      58
      49
      48
      56
      55
      49
      47
      46
      47
      51
      46
      52
      55
      61
      59
      49
      54
      49
      47
      51
      40
      53
      53
      56
      55
      58
      51
      48
      49
      46
      55
      48
      66
      74
      51
      62
      55
      59
      63
      56
      52
      66
      68
      61
      64
      65
      61
      66
      59
      60
      53
      49
      47
      64
      66
      51
      57
      65
      65
      66
      62
      54
      50
      62
      60
      69
      55
      57
      63
      69
      58
      40
      75
      52
      68
      62
      52
      49
      74
      68
      49
      49
      72
      54
      56
      65
      72
      61
      60
      67
      59
      66
      60
      76
      68
      68
      69
      68
      79
      91
     106
     110
     127
     141
     168
     185
     197
     214
     226
     243
     275
     280
     308
     309
     292
     337
     310
     295
     310
     273
     283
     293
     275
     258
     237
     184
     189
     187
     143
     141
     131
     107
      89
     111
      93
      78
      72
      80
      63
      61
      52
      53
      55
      57
      50
      46
      42
      52
      46
      61
      52
      61
      39
      45
      46
      53
      53
      55
      52
      58
      50
      76
      47
      65
      47
      72
      58
      53
      58
      55
      65
      65
      65
      59
      59
      55
      46
      58
      64
      53
      57
      56
      52
      57
      59
      61
      65
      53
      57
      64
      48
      49
      60
      70
      63
      60
      53
      59
      62
      76
      65
      65
      63
      65
      60
      64
      75
      61
      82
      76
      60
      51
      61
      76
      74
      75
      70
      63
      79
      70
      73
      63
      75
      77
      73
      70
      85
      86
      72
      71
      75
      74
      85
      84
      86
      82
     101
      98
      94
     107
     104
     122
     127
     151
     185
     193
     214
     266
     272
     329
     365
     391
     431
     473
     561
     577
     632
     652
     708
     699
     657
     688
     626
     654
     613
     578
     507
     532
     473
     445
     376
     374
     340
     325
     226
     223
     187
     169
     149
     119
     120
     112
      85
      76
      83
      67
      69
      73
      79
      83
      62
      92
      86
      88
     105
     102
      91
     109
     125
     125
     119
     125
     131
     152
     121
     155
     119
     124
     128
     134
     150
     140
     134
     125
     120
     148
     126
     109
     126
     116
     120
     110
     109
     109
      87
     100
      80
      88
      97
      83
      89
      90
      90
      74
      71
      88
      64
      93
      99
      75
      77
     110
      80
      88
      71
      86
      70
      85
      89
      88
      77
      81
      74
      90
      79
      79
      92
      94
     104
      89
      85
      74
      85
      80
      86
      95
      87
      75
      74
      76
      86
      84
      79
      74
      79
      81
      82
      74
      73
      86
      82
      83
     104
      91
      73
      69
      89
      85
      81
      89
      79
      98
      79
      96
      93
     113
      94
      80
      92
     100
      95
     102
     115
     103
     101
      94
      98
      83
      87
      83
      91
      98
      91
      86
      95
      77
      87
      84
      88
      88
      78
      92
      83
      94
      94
      71
      80
      97
      74
      83
      70
      75
      86
      64
      65
      87
      75
      77
      64
      83
      58
      74
      74
      70
      73
      73
      85
      71
      58
      75
      72
      82
      68
      72
      52
      84
      67
      78
      51
      78
      72
      74
      78
      87
      77
      85
      65
      86
      74
     100
      76
      58
      79
      76
      59
      78
      77
      61
      91
      67
      71
      68
      71
      76
      67
      72
      70
      77
      75
      74
      61
      70
      75
      96
      85
      69
      76
      79
      75
      85
      65
      83
      68
      67
      73
      87
      72
      77
      80
      72
      64
      76
      67
      73
      74
      80
      65
      70
      77
      76
      85
      75
      85
      79
      77
      80
      88
     101
      81
      64
      60
      66
      95
      66
      80
      62
      84
      66
      83
      74
      67
      62
      80
      58
      70
      59
      66
      64
      79
      68
      74
      74
      74
      65
      71
      77
      54
      70
      74
      75
      92
      79
      85
      62
      73
      78
      70
      75
      74
      72
      62
      65
      58
      49
      76
      61
      70
      60
      76
      72
      73
      78
      59
      67
      68
      64
      88
      48
      70
      72
      63
      82
      70
      85
      81
      70
      74
      72
      61
      74
      62
      82
      90
      72
      65
      87
      82
      70
      80
      73
      88
      64
      78
      60
      73
      69
      84
      88
      79
      73
      81
      75
      79
      77
      80
      84
      77
      66
      65
      73
      84
      80
      71
      63
      76
      78
      91
      75
      68
      68
      82
      83
      62
      69
      78
      70
      70
      66
      70
      68
      82
      66
      79
      81
      99
      75
      80
      71
      77
      75
      69
      79
      95
      74
      73
      75
      88
      88
      90
      98
     100
      78
      88
      82
      71
      85
      91
      89
      95
      88
      99
     100
     103
     100
      95
      83
      99
     121
      94
     121
     113
     105
     132
     135
     118
     108
     112
     149
     140
     156
     161
     163
     184
     203
     264
     236
     296
     310
     349
     342
     354
     397
     406
     432
     452
     485
     420
     468
     469
     442
     441
     415
     436
     394
     460
     471
     488
     515
     550
     666
     780
     854
    1017
    1211
    1473
    1640
    1918
    2309
    2513
    2857
    3218
    3389
    3619
    3906
    4062
    4169
    4106
    4121
    4160
    4018
    3851
    3694
    3531
    3364
    3039
    2769
    2475
    2266
    2054
    1753
    1511
    1312
    1142
     935
     782
     647
     537
     401
     343
     268
     217
     163
     119
      95
      57
      67
      46
      34
      42
      31
      31
      31
      41
      26
      40
      36
      36
      39
      34
      34
      30
      27
      32
      30
      41
      38
      27
      36
      28
      32
      36
      27
      32
      44
      36
      46
      36
      32
      59
      40
      37
      38
      39
      30
      48
      33
      32
      34
      46
      47
      38
      34
      27
      26
      41
      33
      34
      25
      46
      31
      36
      40
      35
      36
      37
      25
      33
      34
      36
      33
      38
      37
      26
      34
      22
      45
      28
      32
      40
      25
      31
      21
      31
      45
      25
      21
      29
      37
      42
      42
      29
      42
      25
      22
      29
      30
      34
      37
      25
      21
      32
      41
      47
      33
      28
      25
      36
      44
      42
      40
      38
      33
      32
      26
      39
      25
      42
      27
      39
      23
      25
      28
      36
      32
      34
      31
      24
      43
      29
      24
      29
      34
      36
      39
      27
      22
      30
      47
      31
      35
      41
      23
      31
      30
      28
      30
      23
      31
      26
      31
      32
      35
      21
      31
       0
       0
       0
       0
       0
       0
       0
       0
       0
       0
       0
       0
       0
       0
       0
       0
       0
       0
       0
       0
       0
       0
       0
       0
       0
       0
       0
       0
       0
       0
       0
       0
$ROI:
0
$PRESETS:
None
0
0
$ENER_FIT:
0.056142 0.043991
$MCA_CAL:
3
5.614228E-002 4.399123E-002 0.000000E+000 keV
$SHAPE_CAL:
3
0.000000E+000 0.000000E+000 0.000000E+000
