$SPEC_ID:
No sample description was entered.
$SPEC_REM:
DET# 4
DETDESC# JLAB-20 MCB 131
AP# Maestro Version 7.01
$DATE_MEA:
09/29/2025 09:59:40
$MEAS_TIM:
145 153
$DATA:
0 2047
       0
       0
       0
       0
       0
       0
       0
       0
       0
       0
       0
       0
       0
       0
       0
       0
       0
       0
       0
       0
       0
       0
       0
       0
       0
       0
       0
       0
       0
       0
       0
       0
       0
       0
      20
     227
     191
     167
     167
     141
     144
     132
     144
     114
     118
     144
     114
      92
     100
     115
     105
     122
      71
      93
      86
      80
      87
      84
      89
      80
      87
      83
      70
      84
      64
      75
      77
      67
      84
      71
      72
      72
      61
      74
      83
      65
      58
      60
      62
      67
      59
      57
      57
      51
      77
      47
      62
      55
      63
      63
      49
      34
      49
      49
      41
      48
      48
      43
      55
      41
      47
      42
      51
      50
      46
      47
      37
      37
      40
      47
      42
      42
      49
      52
      51
      48
      45
      47
      49
      58
      49
      43
      56
      41
      52
      49
      62
      37
      57
      73
      76
      76
      86
     123
     123
     119
     147
     150
     174
     218
     233
     235
     251
     244
     236
     270
     239
     219
     249
     230
     207
     221
     223
     258
     256
     332
     394
     386
     466
     551
     605
     708
     754
     913
    1013
    1060
    1085
    1140
    1194
    1191
    1170
    1096
    1039
    1044
    1006
     906
     889
     796
     802
     716
     621
     560
     489
     450
     404
     357
     276
     258
     224
     195
     134
     155
     120
     120
      94
      76
      99
      81
      97
      92
      85
      85
      88
      98
      97
     123
     118
     132
     153
     179
     184
     209
     231
     265
     275
     271
     285
     310
     290
     331
     288
     277
     261
     259
     265
     228
     231
     231
     201
     183
     183
     159
     127
     124
     105
     109
      96
      84
      68
      78
      63
      54
      48
      37
      37
      50
      43
      33
      35
      34
      39
      41
      39
      31
      39
      40
      34
      36
      30
      21
      31
      28
      42
      32
      29
      29
      33
      21
      34
      36
      40
      27
      39
      30
      41
      43
      30
      32
      25
      38
      19
      29
      31
      39
      32
      40
      23
      39
      30
      29
      35
      28
      40
      32
      26
      38
      40
      41
      32
      44
      30
      33
      35
      41
      33
      27
      50
      43
      33
      30
      42
      34
      33
      40
      34
      38
      38
      35
      33
      43
      31
      39
      36
      49
      42
      44
      35
      32
      43
      46
      51
      39
      55
      54
      36
      50
      56
      45
      47
      66
      47
      58
      49
      62
      63
      75
      70
      81
      67
      76
      67
      83
      79
      82
      79
     110
     115
      95
     106
     123
     123
     129
     149
     164
     165
     173
     218
     222
     258
     327
     346
     484
     644
     806
     995
    1319
    1737
    2238
    2881
    3612
    4541
    5367
    6363
    7565
    8523
    9276
   10199
   10834
   11409
   11641
   11799
   11715
   11619
   11316
   11088
   10419
    9689
    9080
    8341
    7637
    7000
    6195
    5659
    5020
    4292
    3703
    3214
    2526
    2206
    1640
    1341
     987
     758
     560
     421
     326
     270
     216
     205
     201
     194
     228
     295
     361
     442
     552
     730
     880
    1036
    1247
    1489
    1722
    2023
    2128
    2436
    2757
    2733
    2903
    2984
    3082
    3009
    2969
    2954
    2900
    2717
    2563
    2396
    2277
    2143
    1877
    1738
    1625
    1354
    1175
    1078
     909
     756
     646
     454
     415
     341
     276
     184
     157
     136
      96
      71
      52
      49
      37
      24
      24
      14
      11
      21
      10
       7
      15
      16
      19
      12
      12
      10
      17
       9
       9
       9
      12
      13
      13
      15
       8
      12
      15
       8
       9
      13
      14
       9
      12
      16
      10
       8
      13
      14
      18
       9
      17
       5
      12
      11
      15
      16
      13
      15
      11
       9
       8
      13
      10
      14
       9
      10
      15
       6
      10
       8
       5
      10
      19
      13
      10
      20
      15
      13
      15
      14
      12
       7
       9
      15
      17
      13
      18
      18
      20
      21
      18
      26
      17
      17
      20
      22
      18
      22
      14
      20
      24
      18
      16
      23
      23
      18
      20
      17
      19
      17
      19
      20
      20
      21
      21
      13
      15
      14
      16
      22
      17
      17
      20
      19
      24
      13
      19
      23
      17
      21
      17
      21
      14
      25
      23
      19
      28
      14
      23
      18
      15
      23
      18
      16
      14
      15
      14
      16
      17
      15
      14
      14
      16
      25
      14
      16
      16
      13
      13
      20
      21
      19
      18
      12
      17
      15
      18
      18
      12
      19
       9
      17
      16
      19
      12
      16
      17
      10
      14
      22
      22
      10
      14
       7
      21
      22
      18
       6
      17
      16
      13
      15
      11
      15
      18
      22
      17
      18
      14
      14
      20
      16
      22
      16
      16
      25
      11
      16
       9
      14
      22
      15
      11
      21
      20
      16
      16
      10
      12
      18
      18
      17
      13
      20
      17
      18
      20
      13
      15
      17
      19
      19
      17
      17
      18
      10
      16
      22
      15
      18
      10
      17
      22
      16
      19
      18
      17
      15
      14
      12
      18
      21
      21
      16
      11
      24
      23
      25
      12
      18
      17
      21
      14
      12
      19
      12
      20
      22
      14
      18
      24
      22
      17
      19
      20
      20
      17
      14
      17
      16
      23
      18
      27
      20
      18
      24
      22
      16
      29
      18
      21
      23
      13
      15
      22
      15
      19
      23
      18
      21
      21
      27
      27
      21
      18
      27
      18
      16
      21
      26
      27
      33
      36
      30
      37
      29
      30
      32
      34
      33
      28
      22
      32
      36
      32
      27
      21
      16
      31
      24
      21
      23
      20
      18
      12
      18
      17
      16
      19
      20
      23
      17
      13
      19
      15
      16
      17
      12
      20
      20
      12
      17
      14
      15
      17
      22
      16
      14
      16
      18
      17
      19
      16
      24
      26
      23
      21
      21
      17
      18
      20
      30
      17
      26
      25
      20
      17
      13
      17
      15
      16
      19
      12
      10
      22
      16
      13
      11
      17
      14
      20
      17
      19
      18
      14
      13
      19
      13
      22
      21
      19
      20
      16
      13
      16
       8
      20
      16
      16
      19
      16
      19
      22
      27
      25
      17
      20
      19
      17
      29
      22
      22
      17
      12
      18
      14
      13
      14
      15
      29
      16
      21
      22
      21
      22
      13
      18
      14
      10
      21
      20
      13
      20
      25
      15
      21
      19
      20
      21
      14
      15
      11
      14
      21
      12
      17
      14
      23
      24
      17
      21
      19
      23
      17
      22
      14
      23
      15
      27
      31
      21
      28
      27
      22
      16
      19
      23
      15
      24
      20
      22
      15
      21
      20
      34
      20
      25
      26
      22
      17
      28
      24
      21
      27
      23
      27
      31
      34
      29
      28
      28
      34
      40
      25
      27
      27
      35
      28
      37
      30
      41
      32
      31
      29
      27
      45
      29
      32
      38
      39
      30
      36
      36
      34
      35
      37
      38
      49
      46
      49
      46
      46
      47
      42
      46
      43
      57
      50
      51
      41
      42
      68
      61
      61
      56
      70
      53
      54
      65
      47
      51
      58
      66
      77
      68
      72
      64
      76
      68
      72
      69
      73
      74
      93
      90
      87
      95
      96
      82
      73
      87
      82
      94
      83
     102
      89
      83
     112
      91
      98
     107
     122
     125
     120
     105
     114
     110
     109
     116
     141
     125
     156
     123
     127
     153
     167
     134
     141
     161
     149
     167
     163
     176
     171
     171
     175
     185
     199
     187
     188
     225
     214
     224
     223
     232
     270
     264
     261
     248
     256
     271
     302
     281
     315
     355
     338
     392
     378
     380
     373
     420
     451
     474
     478
     465
     511
     468
     527
     516
     532
     493
     530
     540
     564
     545
     587
     540
     563
     552
     573
     557
     526
     589
     596
     513
     551
     515
     494
     513
     457
     520
     460
     472
     490
     451
     445
     434
     420
     389
     376
     382
     370
     334
     305
     332
     319
     296
     297
     309
     283
     288
     233
     269
     252
     238
     221
     236
     220
     239
     240
     206
     224
     188
     204
     198
     184
     197
     185
     198
     179
     187
     168
     165
     170
     170
     144
     150
     149
     177
     150
     155
     148
     150
     151
     139
     140
     146
     154
     155
     131
     159
     138
     164
     141
     145
     117
     116
     136
     127
     124
     123
     130
     151
     120
     108
     124
     123
     111
     126
     100
     107
     122
      96
     119
     116
      96
     110
     107
     114
     128
     120
     103
     116
     111
     128
      92
      83
      99
     113
     107
      76
     105
     111
     106
      98
      90
      88
     103
      86
      92
     108
      86
      95
      87
      94
      82
      99
      69
      98
     107
      88
     101
     109
      80
      96
     109
     107
      87
     101
      78
      87
      89
      72
      89
      95
      97
      81
      97
      85
      75
      80
      92
     101
      97
      80
      82
      80
      99
      83
      60
      80
      76
      63
      78
      71
      84
      76
      75
      70
      89
      73
      64
      62
      68
      58
      71
      71
      61
      65
      70
      69
      64
      71
      68
      60
      56
      69
      46
      55
      61
      66
      50
      51
      54
      60
      54
      53
      53
      49
      74
      47
      54
      53
      73
      68
      76
      76
     101
     130
     135
     159
     201
     252
     308
     355
     443
     491
     598
     710
     738
     824
     854
     953
     997
     940
     969
    1015
    1029
     967
     958
     854
     771
     799
     761
     652
     567
     543
     473
     398
     359
     322
     253
     188
     186
     124
     115
      84
      65
      48
      40
      41
      20
      10
      10
       7
      12
       7
      10
      17
       6
       8
       8
       2
       9
       3
      10
      11
      12
       9
       7
       5
       4
       7
       8
       5
       5
       4
       5
       7
       4
       9
       5
       5
       9
       9
       4
       7
       6
       5
       4
       5
       6
       9
       5
       6
      11
       4
       4
       7
       8
      10
       6
       8
       9
      15
       6
       8
       5
      10
       7
       8
       6
       8
      10
      10
       4
       1
       3
       7
       9
       4
       7
      10
       3
       8
       6
       6
       5
       9
       8
       6
      14
       6
       7
       9
       4
       4
       4
       6
       9
       9
      11
      10
      10
       8
      10
       7
       7
       5
       8
       9
      10
       9
       5
       5
       7
       5
      12
       9
       9
       6
      10
      13
       7
       8
       4
       6
       5
      11
       8
      12
      11
      21
      10
       8
       9
       5
      15
       5
       5
       8
      12
       7
      11
       9
      13
       9
      10
       8
       9
       7
      13
      18
      11
       7
      14
       7
      17
      16
      14
      14
      14
      10
      10
       8
      11
      10
       5
       7
      13
      10
       7
       7
       9
       7
       3
       8
      10
       7
       8
       5
       8
      11
       5
       9
      10
       4
      13
      10
       3
      11
       8
      12
      11
      11
       4
      12
       7
       6
       2
       6
       3
       9
      16
       7
       4
       9
       5
       4
       9
       6
      11
       5
       4
      12
       9
       6
      13
       7
      10
       9
       8
       8
       8
       4
      15
      11
       6
       6
       4
       7
       8
       7
       8
       4
      11
       4
       7
       7
      11
      11
       8
      11
       9
       8
       7
      10
       8
       3
      14
       5
       6
      10
       7
       5
       5
       7
       6
      11
      11
       7
       7
       4
       3
       5
      11
      13
      14
      11
       5
       7
      12
      10
       7
       6
       6
      10
       6
       4
       7
       8
      10
       9
       8
      11
      10
       9
      12
      12
      12
       9
      11
       9
      13
       3
       9
       7
      10
      10
       7
       7
      12
      13
      11
       9
       8
       7
      12
       8
      14
       9
      11
       9
      15
       9
       7
       6
      11
      12
      13
      12
      10
       6
      11
       4
      14
      14
       8
      16
      11
      11
      16
      13
      11
      10
       8
      17
      14
      12
       3
       4
      13
       4
       8
      15
       8
       8
      11
      10
       8
      19
      15
       7
       8
       4
       7
      15
       4
       7
      12
      11
       7
       9
      16
       6
      12
      10
       5
      10
      11
      15
      13
       8
      11
       6
       6
       9
      12
      13
      10
      12
       8
       7
       9
      10
       9
       8
       9
       8
       4
       4
       5
      12
       8
       8
       5
       3
       4
      11
       7
      11
       5
       8
       6
       6
       7
       5
       5
       6
       8
       8
       8
       7
      10
       3
      11
       5
       6
       0
      10
       7
       5
      11
       8
       8
       4
       4
       5
       8
      13
       8
       5
      10
       4
       7
      10
      10
      10
       7
       6
       5
       4
       3
       7
       2
       5
       7
       6
       7
       5
       4
       8
       5
       6
       5
      10
       5
       5
      11
      13
       7
       6
       9
       5
       3
       9
       7
      10
       8
      10
       7
       6
       4
       3
       8
      12
       6
       4
       6
       5
       4
       6
       5
       2
       4
       3
       6
       9
       5
       5
       5
       6
       4
       8
       3
       4
       5
       5
       5
       5
       5
      13
       3
       7
       7
       3
       8
      13
       5
       8
       3
      10
       5
       5
       3
       7
       5
       5
       6
       4
       4
       9
       4
       9
       7
       2
       6
       7
       9
       6
       6
       2
       7
       2
       6
       2
       6
       7
      11
       6
       3
       8
       5
       5
       4
       8
       8
       3
       6
       5
      13
       8
       6
      12
       6
       5
       3
       8
       7
       4
       6
       4
       7
       5
       7
       6
       6
       9
       8
       9
       6
       6
       5
       6
       8
       4
       4
       9
       8
       6
       7
       6
       6
       9
       4
       9
       6
       7
       5
       7
       3
       7
       6
       5
       6
       5
      11
       7
      12
       9
       5
       6
       4
       5
      10
       7
       4
       5
       4
       8
      13
       3
       2
       7
       6
       9
       9
       5
       7
       2
       9
      12
       7
       5
       1
       6
       7
       2
       6
       5
       7
       4
       5
       4
       2
       7
       8
       5
       9
       8
       7
       8
       4
       6
       3
       4
       6
       7
       4
       3
       6
       7
       7
       6
       5
       4
      13
       3
       3
       6
       4
       7
       5
       2
       5
       7
       5
       5
       3
       0
       0
       0
       0
       0
       0
       0
       0
       0
       0
       0
       0
       0
       0
       0
       0
       0
       0
       0
       0
       0
       0
       0
       0
       0
       0
       0
       0
       0
       0
       0
       0
$ROI:
2
368 415
420 464
$PRESETS:
None
0
0
$ENER_FIT:
0.013317 0.044626
$MCA_CAL:
3
1.331726E-002 4.462617E-002 0.000000E+000 keV
$SHAPE_CAL:
3
0.000000E+000 0.000000E+000 0.000000E+000
